{
  "game_number": 256,
  "words": [
    "BASH",
    "BLAST",
    "PAN",
    "SLAM",
    "BAG",
    "LAND",
    "SCORE",
    "SNAG",
    "ATTEMPT",
    "RECEPTION",
    "SACK",
    "YARD",
    "HINT",
    "TOUCH",
    "TRACE",
    "SHRED"
  ],
  "adjacency_matrix": [
    [
      0.9999999403953552,
      0.5147750973701477,
      0.36969175934791565,
      0.5127185583114624,
      0.368095338344574,
      0.2761240005493164,
      0.32005858421325684,
      0.385655015707016,
      0.4554020166397095,
      0.4003838002681732,
      0.4029501676559448,
      0.23268207907676697,
      0.40115588903427124,
      0.43801045417785645,
      0.26829490065574646,
      0.3744509518146515
    ],
    [
      0.5147750973701477,
      1.0,
      0.39201995730400085,
      0.42230603098869324,
      0.3837719261646271,
      0.33018767833709717,
      0.41221538186073303,
      0.40139731764793396,
      0.3999952971935272,
      0.3912424147129059,
      0.3588361144065857,
      0.2932319641113281,
      0.32439786195755005,
      0.46366599202156067,
      0.3528127670288086,
      0.3582909107208252
    ],
    [
      0.36969175934791565,
      0.39201995730400085,
      1.0,
      0.36385005712509155,
      0.5079204440116882,
      0.34187614917755127,
      0.31562280654907227,
      0.29085224866867065,
      0.2592293918132782,
      0.2970435619354248,
      0.3806837499141693,
      0.2120249718427658,
      0.3112294673919678,
      0.43135589361190796,
      0.33415958285331726,
      0.30883949995040894
    ],
    [
      0.5127185583114624,
      0.42230603098869324,
      0.36385005712509155,
      1.0,
      0.3671344816684723,
      0.2600609064102173,
      0.30129274725914,
      0.2621803283691406,
      0.34829258918762207,
      0.31586936116218567,
      0.31360387802124023,
      0.1971929371356964,
      0.25517216324806213,
      0.35184144973754883,
      0.2781452536582947,
      0.34497445821762085
    ],
    [
      0.368095338344574,
      0.3837719261646271,
      0.5079204440116882,
      0.3671344816684723,
      0.9999999403953552,
      0.4093872904777527,
      0.35035693645477295,
      0.38147568702697754,
      0.2937578856945038,
      0.348652720451355,
      0.5856741070747375,
      0.352344810962677,
      0.3221396207809448,
      0.3946642279624939,
      0.37553709745407104,
      0.4093140661716461
    ],
    [
      0.2761240005493164,
      0.33018767833709717,
      0.34187614917755127,
      0.2600609064102173,
      0.4093872904777527,
      1.0,
      0.34413787722587585,
      0.34886839985847473,
      0.34287479519844055,
      0.3315809965133667,
      0.3421279489994049,
      0.444841206073761,
      0.2827690541744232,
      0.4161064028739929,
      0.39360833168029785,
      0.2811644673347473
    ],
    [
      0.32005858421325684,
      0.41221538186073303,
      0.31562280654907227,
      0.30129274725914,
      0.35035693645477295,
      0.34413787722587585,
      1.0,
      0.3657798171043396,
      0.423847496509552,
      0.38344836235046387,
      0.3268719017505646,
      0.32757171988487244,
      0.39991089701652527,
      0.4683586061000824,
      0.3693084418773651,
      0.32965368032455444
    ],
    [
      0.385655015707016,
      0.40139731764793396,
      0.29085224866867065,
      0.2621803283691406,
      0.38147568702697754,
      0.34886839985847473,
      0.3657798171043396,
      1.0,
      0.42430204153060913,
      0.2674623131752014,
      0.34613215923309326,
      0.26178184151649475,
      0.4263886511325836,
      0.4286437928676605,
      0.33229976892471313,
      0.3234698176383972
    ],
    [
      0.4554020166397095,
      0.3999952971935272,
      0.2592293918132782,
      0.34829258918762207,
      0.2937578856945038,
      0.34287479519844055,
      0.423847496509552,
      0.42430204153060913,
      1.0,
      0.3641129732131958,
      0.3686481714248657,
      0.23624488711357117,
      0.4524558484554291,
      0.44601139426231384,
      0.44201743602752686,
      0.30027416348457336
    ],
    [
      0.4003838002681732,
      0.3912424147129059,
      0.2970435619354248,
      0.31586936116218567,
      0.348652720451355,
      0.3315809965133667,
      0.38344836235046387,
      0.2674623131752014,
      0.3641129732131958,
      1.0,
      0.3290025591850281,
      0.3269287645816803,
      0.3497812747955322,
      0.4337674379348755,
      0.30181407928466797,
      0.19329498708248138
    ],
    [
      0.4029501676559448,
      0.3588361144065857,
      0.3806837499141693,
      0.31360387802124023,
      0.5856741070747375,
      0.3421279489994049,
      0.3268719017505646,
      0.34613215923309326,
      0.3686481714248657,
      0.3290025591850281,
      1.0000001192092896,
      0.38978657126426697,
      0.27933597564697266,
      0.37032756209373474,
      0.2834359407424927,
      0.40345603227615356
    ],
    [
      0.23268207907676697,
      0.2932319641113281,
      0.2120249718427658,
      0.1971929371356964,
      0.352344810962677,
      0.444841206073761,
      0.32757171988487244,
      0.26178184151649475,
      0.23624488711357117,
      0.3269287645816803,
      0.38978657126426697,
      1.0,
      0.1723487377166748,
      0.2852155566215515,
      0.22217999398708344,
      0.2439529448747635
    ],
    [
      0.40115588903427124,
      0.32439786195755005,
      0.3112294673919678,
      0.25517216324806213,
      0.3221396207809448,
      0.2827690541744232,
      0.39991089701652527,
      0.4263886511325836,
      0.4524558484554291,
      0.3497812747955322,
      0.27933597564697266,
      0.1723487377166748,
      1.0,
      0.529457151889801,
      0.5411966443061829,
      0.41478151082992554
    ],
    [
      0.43801045417785645,
      0.46366599202156067,
      0.43135589361190796,
      0.35184144973754883,
      0.3946642279624939,
      0.4161064028739929,
      0.4683586061000824,
      0.4286437928676605,
      0.44601139426231384,
      0.4337674379348755,
      0.37032756209373474,
      0.2852155566215515,
      0.529457151889801,
      1.0,
      0.489152729511261,
      0.41181206703186035
    ],
    [
      0.26829490065574646,
      0.3528127670288086,
      0.33415958285331726,
      0.2781452536582947,
      0.37553709745407104,
      0.39360833168029785,
      0.3693084418773651,
      0.33229976892471313,
      0.44201743602752686,
      0.30181407928466797,
      0.2834359407424927,
      0.22217999398708344,
      0.5411966443061829,
      0.489152729511261,
      1.0,
      0.4494032561779022
    ],
    [
      0.3744509518146515,
      0.3582909107208252,
      0.30883949995040894,
      0.34497445821762085,
      0.4093140661716461,
      0.2811644673347473,
      0.32965368032455444,
      0.3234698176383972,
      0.30027416348457336,
      0.19329498708248138,
      0.40345603227615356,
      0.2439529448747635,
      0.41478151082992554,
      0.41181206703186035,
      0.4494032561779022,
      1.0
    ]
  ]
}