{
  "game_number": 403,
  "words": [
    "ANISE",
    "FENNEL",
    "LICORICE",
    "TARRAGON",
    "BEAN",
    "MELON",
    "NOODLE",
    "NUT",
    "BAGUETTE",
    "EMERALD",
    "PRINCESS",
    "RADIANT",
    "CLASS",
    "DIVISION",
    "RANK",
    "TIER"
  ],
  "adjacency_matrix": [
    [
      0.9999999403953552,
      0.5578131079673767,
      0.4937417209148407,
      0.48327943682670593,
      0.4561779797077179,
      0.41737282276153564,
      0.3645850718021393,
      0.3583458662033081,
      0.4082258939743042,
      0.4047074317932129,
      0.38862714171409607,
      0.29342153668403625,
      0.19365185499191284,
      0.2341378927230835,
      0.28651824593544006,
      0.26380789279937744
    ],
    [
      0.5578131079673767,
      1.0,
      0.4880274832248688,
      0.6852139830589294,
      0.4443938136100769,
      0.4207133948802948,
      0.3503577709197998,
      0.40399086475372314,
      0.46750763058662415,
      0.3488198220729828,
      0.322864830493927,
      0.337395042181015,
      0.19222402572631836,
      0.3035135269165039,
      0.2974339425563812,
      0.2802857756614685
    ],
    [
      0.4937417209148407,
      0.4880274832248688,
      1.0,
      0.4232907295227051,
      0.4293484687805176,
      0.3871372640132904,
      0.4065293073654175,
      0.41053205728530884,
      0.34435799717903137,
      0.313908189535141,
      0.2868960201740265,
      0.23839130997657776,
      0.19058068096637726,
      0.19450245797634125,
      0.17531125247478485,
      0.1490914225578308
    ],
    [
      0.48327943682670593,
      0.6852139830589294,
      0.4232907295227051,
      1.0,
      0.35462135076522827,
      0.35272181034088135,
      0.37062278389930725,
      0.3127431273460388,
      0.4297962486743927,
      0.2816332280635834,
      0.2931804955005646,
      0.27253612875938416,
      0.16136759519577026,
      0.187577486038208,
      0.22419540584087372,
      0.19678419828414917
    ],
    [
      0.4561779797077179,
      0.4443938136100769,
      0.4293484687805176,
      0.35462135076522827,
      1.0,
      0.5407758355140686,
      0.5389211177825928,
      0.4799080193042755,
      0.474894642829895,
      0.4054175913333893,
      0.3297263979911804,
      0.25280633568763733,
      0.39354580640792847,
      0.2564685046672821,
      0.2474491000175476,
      0.3687491714954376
    ],
    [
      0.41737282276153564,
      0.4207133948802948,
      0.3871372640132904,
      0.35272181034088135,
      0.5407758355140686,
      1.0,
      0.4896814823150635,
      0.46199336647987366,
      0.4319167733192444,
      0.27457597851753235,
      0.338765412569046,
      0.2635139524936676,
      0.2611544728279114,
      0.1791786402463913,
      0.19790969789028168,
      0.2331712543964386
    ],
    [
      0.3645850718021393,
      0.3503577709197998,
      0.4065293073654175,
      0.37062278389930725,
      0.5389211177825928,
      0.4896814823150635,
      1.0,
      0.40765658020973206,
      0.5296559929847717,
      0.24639911949634552,
      0.28159579634666443,
      0.2502261698246002,
      0.30094364285469055,
      0.24608072638511658,
      0.20514997839927673,
      0.27383866906166077
    ],
    [
      0.3583458662033081,
      0.40399086475372314,
      0.41053205728530884,
      0.3127431273460388,
      0.4799080193042755,
      0.46199336647987366,
      0.40765658020973206,
      1.0,
      0.43965134024620056,
      0.26573446393013,
      0.34156131744384766,
      0.23736783862113953,
      0.2573128640651703,
      0.233067125082016,
      0.27368900179862976,
      0.26271408796310425
    ],
    [
      0.4082258939743042,
      0.46750763058662415,
      0.34435799717903137,
      0.4297962486743927,
      0.474894642829895,
      0.4319167733192444,
      0.5296559929847717,
      0.43965134024620056,
      1.0,
      0.3526236414909363,
      0.33251336216926575,
      0.2890431582927704,
      0.2654784321784973,
      0.2656429409980774,
      0.23346984386444092,
      0.2751871943473816
    ],
    [
      0.4047074317932129,
      0.3488198220729828,
      0.313908189535141,
      0.2816332280635834,
      0.4054175913333893,
      0.27457597851753235,
      0.24639911949634552,
      0.26573446393013,
      0.3526236414909363,
      1.0,
      0.4444923400878906,
      0.4392893612384796,
      0.26203829050064087,
      0.1850317269563675,
      0.26712074875831604,
      0.31876930594444275
    ],
    [
      0.38862714171409607,
      0.322864830493927,
      0.2868960201740265,
      0.2931804955005646,
      0.3297263979911804,
      0.338765412569046,
      0.28159579634666443,
      0.34156131744384766,
      0.33251336216926575,
      0.4444923400878906,
      0.9999999403953552,
      0.40696024894714355,
      0.34199124574661255,
      0.3062157928943634,
      0.32654130458831787,
      0.3311099410057068
    ],
    [
      0.29342153668403625,
      0.337395042181015,
      0.23839130997657776,
      0.27253612875938416,
      0.25280633568763733,
      0.2635139524936676,
      0.2502261698246002,
      0.23736783862113953,
      0.2890431582927704,
      0.4392893612384796,
      0.40696024894714355,
      0.9999999403953552,
      0.24194233119487762,
      0.2430758774280548,
      0.21740180253982544,
      0.17801442742347717
    ],
    [
      0.19365185499191284,
      0.19222402572631836,
      0.19058068096637726,
      0.16136759519577026,
      0.39354580640792847,
      0.2611544728279114,
      0.30094364285469055,
      0.2573128640651703,
      0.2654784321784973,
      0.26203829050064087,
      0.34199124574661255,
      0.24194233119487762,
      1.0,
      0.47855064272880554,
      0.43581053614616394,
      0.44056054949760437
    ],
    [
      0.2341378927230835,
      0.3035135269165039,
      0.19450245797634125,
      0.187577486038208,
      0.2564685046672821,
      0.1791786402463913,
      0.24608072638511658,
      0.233067125082016,
      0.2656429409980774,
      0.1850317269563675,
      0.3062157928943634,
      0.2430758774280548,
      0.47855064272880554,
      1.0,
      0.43825963139533997,
      0.48724204301834106
    ],
    [
      0.28651824593544006,
      0.2974339425563812,
      0.17531125247478485,
      0.22419540584087372,
      0.2474491000175476,
      0.19790969789028168,
      0.20514997839927673,
      0.27368900179862976,
      0.23346984386444092,
      0.26712074875831604,
      0.32654130458831787,
      0.21740180253982544,
      0.43581053614616394,
      0.43825963139533997,
      1.0,
      0.4781075417995453
    ],
    [
      0.26380789279937744,
      0.2802857756614685,
      0.1490914225578308,
      0.19678419828414917,
      0.3687491714954376,
      0.2331712543964386,
      0.27383866906166077,
      0.26271408796310425,
      0.2751871943473816,
      0.31876930594444275,
      0.3311099410057068,
      0.17801442742347717,
      0.44056054949760437,
      0.48724204301834106,
      0.4781075417995453,
      0.9999999403953552
    ]
  ]
}