{
  "game_number": 288,
  "words": [
    "FIDDLE",
    "HORN",
    "RECORDER",
    "TRIANGLE",
    "BARRIER",
    "CONE",
    "FLAG",
    "FLARE",
    "CHAIN",
    "FIGHT",
    "PROCESSOR",
    "PYRAMID",
    "CAMPAIGN",
    "CANVASS",
    "ORGANIZE",
    "STUMP"
  ],
  "adjacency_matrix": [
    [
      1.0,
      0.4553126394748688,
      0.45928558707237244,
      0.38851723074913025,
      0.19204607605934143,
      0.34401246905326843,
      0.3545413017272949,
      0.3812994360923767,
      0.2708921730518341,
      0.3336852788925171,
      0.22232036292552948,
      0.24892733991146088,
      0.26078712940216064,
      0.3237307667732239,
      0.34911099076271057,
      0.3875575065612793
    ],
    [
      0.4553126394748688,
      1.0,
      0.4107809364795685,
      0.38956061005592346,
      0.2993334233760834,
      0.5067501068115234,
      0.3443697690963745,
      0.4235643744468689,
      0.28743723034858704,
      0.26215317845344543,
      0.24864940345287323,
      0.3099249303340912,
      0.2756178081035614,
      0.2088112086057663,
      0.19293202459812164,
      0.4296480417251587
    ],
    [
      0.45928558707237244,
      0.4107809364795685,
      1.0,
      0.2790142595767975,
      0.2473234385251999,
      0.3114866316318512,
      0.3386141061782837,
      0.3158020079135895,
      0.2899150252342224,
      0.24400340020656586,
      0.36393874883651733,
      0.2485361397266388,
      0.3111403286457062,
      0.27885836362838745,
      0.35565629601478577,
      0.32348692417144775
    ],
    [
      0.38851723074913025,
      0.38956061005592346,
      0.2790142595767975,
      1.0,
      0.3535393476486206,
      0.5272992849349976,
      0.43023252487182617,
      0.3841797709465027,
      0.45263946056365967,
      0.37659379839897156,
      0.29157498478889465,
      0.5103821158409119,
      0.3419871926307678,
      0.34778058528900146,
      0.27050483226776123,
      0.3801034986972809
    ],
    [
      0.19204607605934143,
      0.2993334233760834,
      0.2473234385251999,
      0.3535393476486206,
      1.0,
      0.40312090516090393,
      0.3628983497619629,
      0.28019532561302185,
      0.3821389973163605,
      0.3588466942310333,
      0.25064605474472046,
      0.30788323283195496,
      0.32415732741355896,
      0.2766464352607727,
      0.22337624430656433,
      0.34341853857040405
    ],
    [
      0.34401246905326843,
      0.5067501068115234,
      0.3114866316318512,
      0.5272992849349976,
      0.40312090516090393,
      1.0,
      0.3293691873550415,
      0.41758301854133606,
      0.4245031177997589,
      0.2569957971572876,
      0.2407941371202469,
      0.4633939862251282,
      0.2602902948856354,
      0.2722455561161041,
      0.2321285605430603,
      0.4109015464782715
    ],
    [
      0.3545413017272949,
      0.3443697690963745,
      0.3386141061782837,
      0.43023252487182617,
      0.3628983497619629,
      0.3293691873550415,
      1.0,
      0.4167986810207367,
      0.3230475187301636,
      0.36335137486457825,
      0.30077239871025085,
      0.299731969833374,
      0.38355574011802673,
      0.38153716921806335,
      0.3250463902950287,
      0.3704911172389984
    ],
    [
      0.3812994360923767,
      0.4235643744468689,
      0.3158020079135895,
      0.3841797709465027,
      0.28019532561302185,
      0.41758301854133606,
      0.4167986810207367,
      1.0,
      0.3561388850212097,
      0.44858506321907043,
      0.23850515484809875,
      0.25866928696632385,
      0.3538653254508972,
      0.3041001260280609,
      0.30258506536483765,
      0.3645488917827606
    ],
    [
      0.2708921730518341,
      0.28743723034858704,
      0.2899150252342224,
      0.45263946056365967,
      0.3821389973163605,
      0.4245031177997589,
      0.3230475187301636,
      0.3561388850212097,
      1.0,
      0.3536378741264343,
      0.3728709816932678,
      0.4196658432483673,
      0.3702051043510437,
      0.255827397108078,
      0.31966403126716614,
      0.3285001218318939
    ],
    [
      0.3336852788925171,
      0.26215317845344543,
      0.24400340020656586,
      0.37659379839897156,
      0.3588466942310333,
      0.2569957971572876,
      0.36335137486457825,
      0.44858506321907043,
      0.3536378741264343,
      1.0,
      0.21286314725875854,
      0.24361227452754974,
      0.5609248280525208,
      0.3791649639606476,
      0.5110837817192078,
      0.3881866931915283
    ],
    [
      0.22232036292552948,
      0.24864940345287323,
      0.36393874883651733,
      0.29157498478889465,
      0.25064605474472046,
      0.2407941371202469,
      0.30077239871025085,
      0.23850515484809875,
      0.3728709816932678,
      0.21286314725875854,
      1.0,
      0.24407942593097687,
      0.2592070400714874,
      0.22971102595329285,
      0.2534739375114441,
      0.18242420256137848
    ],
    [
      0.24892733991146088,
      0.3099249303340912,
      0.2485361397266388,
      0.5103821158409119,
      0.30788323283195496,
      0.4633939862251282,
      0.299731969833374,
      0.25866928696632385,
      0.4196658432483673,
      0.24361227452754974,
      0.24407942593097687,
      1.0,
      0.33076250553131104,
      0.24107372760772705,
      0.2501651644706726,
      0.31017446517944336
    ],
    [
      0.26078712940216064,
      0.2756178081035614,
      0.3111403286457062,
      0.3419871926307678,
      0.32415732741355896,
      0.2602902948856354,
      0.38355574011802673,
      0.3538653254508972,
      0.3702051043510437,
      0.5609248280525208,
      0.2592070400714874,
      0.33076250553131104,
      0.9999999403953552,
      0.5386740565299988,
      0.4537116587162018,
      0.4156574606895447
    ],
    [
      0.3237307667732239,
      0.2088112086057663,
      0.27885836362838745,
      0.34778058528900146,
      0.2766464352607727,
      0.2722455561161041,
      0.38153716921806335,
      0.3041001260280609,
      0.255827397108078,
      0.3791649639606476,
      0.22971102595329285,
      0.24107372760772705,
      0.5386740565299988,
      1.0,
      0.45580050349235535,
      0.36906319856643677
    ],
    [
      0.34911099076271057,
      0.19293202459812164,
      0.35565629601478577,
      0.27050483226776123,
      0.22337624430656433,
      0.2321285605430603,
      0.3250463902950287,
      0.30258506536483765,
      0.31966403126716614,
      0.5110837817192078,
      0.2534739375114441,
      0.2501651644706726,
      0.4537116587162018,
      0.45580050349235535,
      0.9999999403953552,
      0.3042603135108948
    ],
    [
      0.3875575065612793,
      0.4296480417251587,
      0.32348692417144775,
      0.3801034986972809,
      0.34341853857040405,
      0.4109015464782715,
      0.3704911172389984,
      0.3645488917827606,
      0.3285001218318939,
      0.3881866931915283,
      0.18242420256137848,
      0.31017446517944336,
      0.4156574606895447,
      0.36906319856643677,
      0.3042603135108948,
      1.0
    ]
  ]
}