{
  "game_number": 255,
  "words": [
    "AFFAIR",
    "EPISODE",
    "EVENT",
    "MATTER",
    "BILL",
    "CARD",
    "CATALOG",
    "LETTER",
    "BOUNCE",
    "COIL",
    "GEYSER",
    "SEASON",
    "BLOWOUT",
    "COLOR",
    "CUT",
    "TRIM"
  ],
  "adjacency_matrix": [
    [
      1.0,
      0.34762945771217346,
      0.5439741015434265,
      0.5388806462287903,
      0.3106381595134735,
      0.34348055720329285,
      0.2406463921070099,
      0.34353768825531006,
      0.30586984753608704,
      0.32965460419654846,
      0.25919967889785767,
      0.37148022651672363,
      0.4229561686515808,
      0.21584631502628326,
      0.31408771872520447,
      0.2841965854167938
    ],
    [
      0.34762945771217346,
      1.0,
      0.43884870409965515,
      0.29690492153167725,
      0.3393012583255768,
      0.3395823538303375,
      0.2886907160282135,
      0.3118464946746826,
      0.19045397639274597,
      0.21878403425216675,
      0.1918283849954605,
      0.5933434367179871,
      0.32487255334854126,
      0.24066874384880066,
      0.28007972240448,
      0.21680033206939697
    ],
    [
      0.5439741015434265,
      0.43884870409965515,
      0.9999999403953552,
      0.4540422260761261,
      0.38127708435058594,
      0.4030718207359314,
      0.35468584299087524,
      0.3361192047595978,
      0.35915514826774597,
      0.284859836101532,
      0.2590474486351013,
      0.4663831889629364,
      0.46064186096191406,
      0.28742715716362,
      0.32318994402885437,
      0.2545817494392395
    ],
    [
      0.5388806462287903,
      0.29690492153167725,
      0.4540422260761261,
      1.0,
      0.37957316637039185,
      0.3322526216506958,
      0.24023300409317017,
      0.36348772048950195,
      0.37068691849708557,
      0.29938772320747375,
      0.16428819298744202,
      0.2949269413948059,
      0.30707627534866333,
      0.3723754584789276,
      0.32497936487197876,
      0.2937028706073761
    ],
    [
      0.3106381595134735,
      0.3393012583255768,
      0.38127708435058594,
      0.37957316637039185,
      1.0,
      0.457479864358902,
      0.3861219584941864,
      0.3976356089115143,
      0.3239442706108093,
      0.24059969186782837,
      0.18765170872211456,
      0.31961724162101746,
      0.3004852533340454,
      0.26337164640426636,
      0.4113183915615082,
      0.32122766971588135
    ],
    [
      0.34348055720329285,
      0.3395823538303375,
      0.4030718207359314,
      0.3322526216506958,
      0.457479864358902,
      0.9999999403953552,
      0.4414479732513428,
      0.439815878868103,
      0.3974486291408539,
      0.36737188696861267,
      0.19530664384365082,
      0.30849918723106384,
      0.23821420967578888,
      0.41031941771507263,
      0.36078837513923645,
      0.32432395219802856
    ],
    [
      0.2406463921070099,
      0.2886907160282135,
      0.35468584299087524,
      0.24023300409317017,
      0.3861219584941864,
      0.4414479732513428,
      1.0,
      0.350557804107666,
      0.22700874507427216,
      0.3501410484313965,
      0.15291869640350342,
      0.31561970710754395,
      0.2808168828487396,
      0.3536379635334015,
      0.34424084424972534,
      0.3749755918979645
    ],
    [
      0.34353768825531006,
      0.3118464946746826,
      0.3361192047595978,
      0.36348772048950195,
      0.3976356089115143,
      0.439815878868103,
      0.350557804107666,
      1.0,
      0.33444902300834656,
      0.2658730447292328,
      0.1191445142030716,
      0.25097405910491943,
      0.18187959492206573,
      0.2989874482154846,
      0.33585068583488464,
      0.2598550021648407
    ],
    [
      0.30586984753608704,
      0.19045397639274597,
      0.35915514826774597,
      0.37068691849708557,
      0.3239442706108093,
      0.3974486291408539,
      0.22700874507427216,
      0.33444902300834656,
      1.0000001192092896,
      0.3484085202217102,
      0.25622814893722534,
      0.26553258299827576,
      0.3836040496826172,
      0.29859399795532227,
      0.44471707940101624,
      0.3550688922405243
    ],
    [
      0.32965460419654846,
      0.21878403425216675,
      0.284859836101532,
      0.29938772320747375,
      0.24059969186782837,
      0.36737188696861267,
      0.3501410484313965,
      0.2658730447292328,
      0.3484085202217102,
      1.0,
      0.2852945029735565,
      0.2634318172931671,
      0.2899949550628662,
      0.27612802386283875,
      0.38142451643943787,
      0.3583620488643646
    ],
    [
      0.25919967889785767,
      0.1918283849954605,
      0.2590474486351013,
      0.16428819298744202,
      0.18765170872211456,
      0.19530664384365082,
      0.15291869640350342,
      0.1191445142030716,
      0.25622814893722534,
      0.2852945029735565,
      1.0000001192092896,
      0.1594916731119156,
      0.3660258948802948,
      0.1518162488937378,
      0.11680459976196289,
      0.06430122256278992
    ],
    [
      0.37148022651672363,
      0.5933434367179871,
      0.4663831889629364,
      0.2949269413948059,
      0.31961724162101746,
      0.30849918723106384,
      0.31561970710754395,
      0.25097405910491943,
      0.26553258299827576,
      0.2634318172931671,
      0.1594916731119156,
      1.0,
      0.4005250632762909,
      0.31958243250846863,
      0.32412976026535034,
      0.29937517642974854
    ],
    [
      0.4229561686515808,
      0.32487255334854126,
      0.46064186096191406,
      0.30707627534866333,
      0.3004852533340454,
      0.23821420967578888,
      0.2808168828487396,
      0.18187959492206573,
      0.3836040496826172,
      0.2899949550628662,
      0.3660258948802948,
      0.4005250632762909,
      1.0,
      0.22673428058624268,
      0.36382347345352173,
      0.3364418148994446
    ],
    [
      0.21584631502628326,
      0.24066874384880066,
      0.28742715716362,
      0.3723754584789276,
      0.26337164640426636,
      0.41031941771507263,
      0.3536379635334015,
      0.2989874482154846,
      0.29859399795532227,
      0.27612802386283875,
      0.1518162488937378,
      0.31958243250846863,
      0.22673428058624268,
      1.0,
      0.31615811586380005,
      0.4140514135360718
    ],
    [
      0.31408771872520447,
      0.28007972240448,
      0.32318994402885437,
      0.32497936487197876,
      0.4113183915615082,
      0.36078837513923645,
      0.34424084424972534,
      0.33585068583488464,
      0.44471707940101624,
      0.38142451643943787,
      0.11680459976196289,
      0.32412976026535034,
      0.36382347345352173,
      0.31615811586380005,
      1.0,
      0.6519965529441833
    ],
    [
      0.2841965854167938,
      0.21680033206939697,
      0.2545817494392395,
      0.2937028706073761,
      0.32122766971588135,
      0.32432395219802856,
      0.3749755918979645,
      0.2598550021648407,
      0.3550688922405243,
      0.3583620488643646,
      0.06430122256278992,
      0.29937517642974854,
      0.3364418148994446,
      0.4140514135360718,
      0.6519965529441833,
      1.0
    ]
  ]
}