{
  "game_number": 343,
  "words": [
    "DOGLEG",
    "HAIRPIN",
    "SWITCHBACK",
    "ZAG",
    "CATEGORIES",
    "CHARADES",
    "FISHBOWL",
    "WEREWOLF",
    "CLOCK",
    "MATTRESS",
    "MOUSETRAP",
    "TRAMPOLINE",
    "BASE",
    "DIRTY",
    "LOW",
    "VILE"
  ],
  "adjacency_matrix": [
    [
      1.0000001192092896,
      0.512117326259613,
      0.5603828430175781,
      0.2382897585630417,
      0.22143645584583282,
      0.2986006438732147,
      0.36432185769081116,
      0.29130786657333374,
      0.3369177281856537,
      0.25410568714141846,
      0.33980846405029297,
      0.36505427956581116,
      0.37444010376930237,
      0.3145720362663269,
      0.3251718580722809,
      0.23509849607944489
    ],
    [
      0.512117326259613,
      1.0,
      0.4999305009841919,
      0.27686765789985657,
      0.1622798889875412,
      0.253944456577301,
      0.20093920826911926,
      0.2531313896179199,
      0.3142668306827545,
      0.22933654487133026,
      0.3047952353954315,
      0.2843358516693115,
      0.30938318371772766,
      0.29157185554504395,
      0.23615245521068573,
      0.22183726727962494
    ],
    [
      0.5603828430175781,
      0.4999305009841919,
      1.0,
      0.2333129197359085,
      0.25038838386535645,
      0.31396523118019104,
      0.27131393551826477,
      0.30959829688072205,
      0.33698999881744385,
      0.21525558829307556,
      0.30939820408821106,
      0.3776577115058899,
      0.4076715111732483,
      0.27494293451309204,
      0.352906733751297,
      0.19405093789100647
    ],
    [
      0.2382897585630417,
      0.27686765789985657,
      0.2333129197359085,
      1.0,
      0.03725563734769821,
      0.0654812827706337,
      0.07332982867956161,
      0.014989740215241909,
      0.044104836881160736,
      0.09357511252164841,
      0.18571870028972626,
      0.19275639951229095,
      0.05640053376555443,
      0.13388092815876007,
      0.04437776282429695,
      0.06503700464963913
    ],
    [
      0.22143645584583282,
      0.1622798889875412,
      0.25038838386535645,
      0.03725563734769821,
      0.9999999403953552,
      0.33249664306640625,
      0.2663385570049286,
      0.25049373507499695,
      0.1787608563899994,
      0.31263500452041626,
      0.23807111382484436,
      0.30632126331329346,
      0.37547236680984497,
      0.25499358773231506,
      0.3284066617488861,
      0.2357867807149887
    ],
    [
      0.2986006438732147,
      0.253944456577301,
      0.31396523118019104,
      0.0654812827706337,
      0.33249664306640625,
      1.0000001192092896,
      0.4021853506565094,
      0.2594781219959259,
      0.34547752141952515,
      0.24526718258857727,
      0.31302040815353394,
      0.3340621888637543,
      0.28746411204338074,
      0.38854679465293884,
      0.20841942727565765,
      0.3748924732208252
    ],
    [
      0.36432185769081116,
      0.20093920826911926,
      0.27131393551826477,
      0.07332982867956161,
      0.2663385570049286,
      0.4021853506565094,
      1.0,
      0.20718181133270264,
      0.31786930561065674,
      0.31661033630371094,
      0.4015922248363495,
      0.31367477774620056,
      0.3188426196575165,
      0.3065564036369324,
      0.21983011066913605,
      0.2538577616214752
    ],
    [
      0.29130786657333374,
      0.2531313896179199,
      0.30959829688072205,
      0.014989740215241909,
      0.25049373507499695,
      0.2594781219959259,
      0.20718181133270264,
      1.0,
      0.24262557923793793,
      0.2600243389606476,
      0.26091787219047546,
      0.2675040364265442,
      0.27248820662498474,
      0.29036590456962585,
      0.21005545556545258,
      0.33451375365257263
    ],
    [
      0.3369177281856537,
      0.3142668306827545,
      0.33698999881744385,
      0.044104836881160736,
      0.1787608563899994,
      0.34547752141952515,
      0.31786930561065674,
      0.24262557923793793,
      1.0,
      0.3353336453437805,
      0.3386916518211365,
      0.29651784896850586,
      0.36459237337112427,
      0.28180837631225586,
      0.28593266010284424,
      0.22068622708320618
    ],
    [
      0.25410568714141846,
      0.22933654487133026,
      0.21525558829307556,
      0.09357511252164841,
      0.31263500452041626,
      0.24526718258857727,
      0.31661033630371094,
      0.2600243389606476,
      0.3353336453437805,
      1.0,
      0.42333894968032837,
      0.48048123717308044,
      0.36678987741470337,
      0.3713325560092926,
      0.3519905209541321,
      0.29474973678588867
    ],
    [
      0.33980846405029297,
      0.3047952353954315,
      0.30939820408821106,
      0.18571870028972626,
      0.23807111382484436,
      0.31302040815353394,
      0.4015922248363495,
      0.26091787219047546,
      0.3386916518211365,
      0.42333894968032837,
      1.0,
      0.42870238423347473,
      0.29530835151672363,
      0.26818278431892395,
      0.20027823746204376,
      0.2545371651649475
    ],
    [
      0.36505427956581116,
      0.2843358516693115,
      0.3776577115058899,
      0.19275639951229095,
      0.30632126331329346,
      0.3340621888637543,
      0.31367477774620056,
      0.2675040364265442,
      0.29651784896850586,
      0.48048123717308044,
      0.42870238423347473,
      1.0,
      0.3511306643486023,
      0.27372992038726807,
      0.2593260407447815,
      0.2060890793800354
    ],
    [
      0.37444010376930237,
      0.30938318371772766,
      0.4076715111732483,
      0.05640053376555443,
      0.37547236680984497,
      0.28746411204338074,
      0.3188426196575165,
      0.27248820662498474,
      0.36459237337112427,
      0.36678987741470337,
      0.29530835151672363,
      0.3511306643486023,
      1.0,
      0.32674914598464966,
      0.46280187368392944,
      0.2780143916606903
    ],
    [
      0.3145720362663269,
      0.29157185554504395,
      0.27494293451309204,
      0.13388092815876007,
      0.25499358773231506,
      0.38854679465293884,
      0.3065564036369324,
      0.29036590456962585,
      0.28180837631225586,
      0.3713325560092926,
      0.26818278431892395,
      0.27372992038726807,
      0.32674914598464966,
      0.9999999403953552,
      0.44520995020866394,
      0.6154842376708984
    ],
    [
      0.3251718580722809,
      0.23615245521068573,
      0.352906733751297,
      0.04437776282429695,
      0.3284066617488861,
      0.20841942727565765,
      0.21983011066913605,
      0.21005545556545258,
      0.28593266010284424,
      0.3519905209541321,
      0.20027823746204376,
      0.2593260407447815,
      0.46280187368392944,
      0.44520995020866394,
      1.0,
      0.37301233410835266
    ],
    [
      0.23509849607944489,
      0.22183726727962494,
      0.19405093789100647,
      0.06503700464963913,
      0.2357867807149887,
      0.3748924732208252,
      0.2538577616214752,
      0.33451375365257263,
      0.22068622708320618,
      0.29474973678588867,
      0.2545371651649475,
      0.2060890793800354,
      0.2780143916606903,
      0.6154842376708984,
      0.37301233410835266,
      1.0000001192092896
    ]
  ]
}