{
  "game_number": 458,
  "words": [
    "CHAIR",
    "DIRECT",
    "LEAD",
    "RUN",
    "CENTER",
    "END",
    "SAFETY",
    "TACKLE",
    "HOLD",
    "PUNT",
    "STALL",
    "TABLE",
    "ISSUE",
    "MATTER",
    "POINT",
    "SUBJECT"
  ],
  "adjacency_matrix": [
    [
      1.0,
      0.35197097063064575,
      0.42945024371147156,
      0.322020947933197,
      0.45644599199295044,
      0.32122281193733215,
      0.3119995892047882,
      0.307442307472229,
      0.42129746079444885,
      0.26735708117485046,
      0.4039653539657593,
      0.5071249008178711,
      0.268338143825531,
      0.27478331327438354,
      0.28306588530540466,
      0.37835168838500977
    ],
    [
      0.35197097063064575,
      1.0,
      0.5771968364715576,
      0.5058919787406921,
      0.46409937739372253,
      0.5155723690986633,
      0.3691904544830322,
      0.4264887571334839,
      0.4758705794811249,
      0.31165629625320435,
      0.39350950717926025,
      0.3497609496116638,
      0.42651596665382385,
      0.4672834575176239,
      0.4954095482826233,
      0.5449695587158203
    ],
    [
      0.42945024371147156,
      0.5771968364715576,
      1.0,
      0.5662394762039185,
      0.4853519797325134,
      0.5343682169914246,
      0.38255318999290466,
      0.4831492006778717,
      0.57222980260849,
      0.3492540419101715,
      0.48710519075393677,
      0.4173913896083832,
      0.4011346697807312,
      0.4433007538318634,
      0.4987500309944153,
      0.4676157832145691
    ],
    [
      0.322020947933197,
      0.5058919787406921,
      0.5662394762039185,
      1.0,
      0.40750062465667725,
      0.5759428143501282,
      0.3502322733402252,
      0.4945472776889801,
      0.5671235918998718,
      0.47095948457717896,
      0.593102753162384,
      0.390714168548584,
      0.4008581042289734,
      0.3592604398727417,
      0.41390031576156616,
      0.39165112376213074
    ],
    [
      0.45644599199295044,
      0.46409937739372253,
      0.4853519797325134,
      0.40750062465667725,
      1.0,
      0.48955896496772766,
      0.4200393259525299,
      0.37249088287353516,
      0.43992143869400024,
      0.2669033706188202,
      0.4660850167274475,
      0.45437848567962646,
      0.4072188436985016,
      0.41420817375183105,
      0.4808494746685028,
      0.4216342270374298
    ],
    [
      0.32122281193733215,
      0.5155723690986633,
      0.5343682169914246,
      0.5759428143501282,
      0.48955896496772766,
      1.0,
      0.3507806062698364,
      0.515529990196228,
      0.48813578486442566,
      0.3719192147254944,
      0.5501601099967957,
      0.444366991519928,
      0.4545629024505615,
      0.44944697618484497,
      0.5775225758552551,
      0.46272754669189453
    ],
    [
      0.3119995892047882,
      0.3691904544830322,
      0.38255318999290466,
      0.3502322733402252,
      0.4200393259525299,
      0.3507806062698364,
      1.0,
      0.38134345412254333,
      0.36199790239334106,
      0.3267798125743866,
      0.3728884756565094,
      0.3016442060470581,
      0.43251749873161316,
      0.3822174370288849,
      0.3771190941333771,
      0.42245998978614807
    ],
    [
      0.307442307472229,
      0.4264887571334839,
      0.4831492006778717,
      0.4945472776889801,
      0.37249088287353516,
      0.515529990196228,
      0.38134345412254333,
      1.0,
      0.4232567250728607,
      0.5538543462753296,
      0.4787398874759674,
      0.3498150408267975,
      0.5144709944725037,
      0.42247313261032104,
      0.4249226152896881,
      0.44598501920700073
    ],
    [
      0.42129746079444885,
      0.4758705794811249,
      0.57222980260849,
      0.5671235918998718,
      0.43992143869400024,
      0.48813578486442566,
      0.36199790239334106,
      0.4232567250728607,
      1.0,
      0.39602771401405334,
      0.529433012008667,
      0.4236227869987488,
      0.43221816420555115,
      0.4196111261844635,
      0.4679804742336273,
      0.45500919222831726
    ],
    [
      0.26735708117485046,
      0.31165629625320435,
      0.3492540419101715,
      0.47095948457717896,
      0.2669033706188202,
      0.3719192147254944,
      0.3267798125743866,
      0.5538543462753296,
      0.39602771401405334,
      0.9999999403953552,
      0.42539048194885254,
      0.2613854706287384,
      0.34477120637893677,
      0.33576786518096924,
      0.34935882687568665,
      0.3255542814731598
    ],
    [
      0.4039653539657593,
      0.39350950717926025,
      0.48710519075393677,
      0.593102753162384,
      0.4660850167274475,
      0.5501601099967957,
      0.3728884756565094,
      0.4787398874759674,
      0.529433012008667,
      0.42539048194885254,
      1.0,
      0.4738050401210785,
      0.41855597496032715,
      0.36921313405036926,
      0.43141090869903564,
      0.403130441904068
    ],
    [
      0.5071249008178711,
      0.3497609496116638,
      0.4173913896083832,
      0.390714168548584,
      0.45437848567962646,
      0.444366991519928,
      0.3016442060470581,
      0.3498150408267975,
      0.4236227869987488,
      0.2613854706287384,
      0.4738050401210785,
      1.0,
      0.4265727698802948,
      0.40153342485427856,
      0.44841429591178894,
      0.4012735188007355
    ],
    [
      0.268338143825531,
      0.42651596665382385,
      0.4011346697807312,
      0.4008581042289734,
      0.4072188436985016,
      0.4545629024505615,
      0.43251749873161316,
      0.5144709944725037,
      0.43221816420555115,
      0.34477120637893677,
      0.41855597496032715,
      0.4265727698802948,
      1.0,
      0.7196565270423889,
      0.5653744339942932,
      0.5807874798774719
    ],
    [
      0.27478331327438354,
      0.4672834575176239,
      0.4433007538318634,
      0.3592604398727417,
      0.41420817375183105,
      0.44944697618484497,
      0.3822174370288849,
      0.42247313261032104,
      0.4196111261844635,
      0.33576786518096924,
      0.36921313405036926,
      0.40153342485427856,
      0.7196565270423889,
      1.0,
      0.5657662749290466,
      0.6730009913444519
    ],
    [
      0.28306588530540466,
      0.4954095482826233,
      0.4987500309944153,
      0.41390031576156616,
      0.4808494746685028,
      0.5775225758552551,
      0.3771190941333771,
      0.4249226152896881,
      0.4679804742336273,
      0.34935882687568665,
      0.43141090869903564,
      0.44841429591178894,
      0.5653744339942932,
      0.5657662749290466,
      1.0000001192092896,
      0.5065577626228333
    ],
    [
      0.37835168838500977,
      0.5449695587158203,
      0.4676157832145691,
      0.39165112376213074,
      0.4216342270374298,
      0.46272754669189453,
      0.42245998978614807,
      0.44598501920700073,
      0.45500919222831726,
      0.3255542814731598,
      0.403130441904068,
      0.4012735188007355,
      0.5807874798774719,
      0.6730009913444519,
      0.5065577626228333,
      1.0
    ]
  ]
}