{
  "game_number": 25,
  "words": [
    "AID",
    "LADY",
    "NATIONS",
    "RESPONDER",
    "COMING",
    "FIDDLE",
    "GUESS",
    "NATURE",
    "EYE",
    "PARTY",
    "RAIL",
    "ROCK",
    "LAUGH",
    "RESORT",
    "STRAW",
    "SUPPER"
  ],
  "adjacency_matrix": [
    [
      1.0,
      0.32231956720352173,
      0.37524092197418213,
      0.3432794213294983,
      0.4684751331806183,
      0.31939783692359924,
      0.2956162989139557,
      0.3952315151691437,
      0.42268434166908264,
      0.4094676375389099,
      0.40552252531051636,
      0.34880316257476807,
      0.2452056109905243,
      0.3773898780345917,
      0.30274975299835205,
      0.32659900188446045
    ],
    [
      0.32231956720352173,
      1.0,
      0.29007285833358765,
      0.3670204281806946,
      0.3750353753566742,
      0.3605925142765045,
      0.40366166830062866,
      0.3672451972961426,
      0.38782280683517456,
      0.4833916127681732,
      0.38795918226242065,
      0.3612976372241974,
      0.348234087228775,
      0.3428633213043213,
      0.37967827916145325,
      0.47030141949653625
    ],
    [
      0.37524092197418213,
      0.29007285833358765,
      1.0,
      0.24769479036331177,
      0.3637184798717499,
      0.2661532759666443,
      0.23065361380577087,
      0.4201969504356384,
      0.2926757335662842,
      0.39127615094184875,
      0.26218557357788086,
      0.273552268743515,
      0.20445910096168518,
      0.3138326108455658,
      0.19039516150951385,
      0.23899206519126892
    ],
    [
      0.3432794213294983,
      0.3670204281806946,
      0.24769479036331177,
      0.9999999403953552,
      0.31645825505256653,
      0.21262997388839722,
      0.3877969980239868,
      0.31160539388656616,
      0.2989659905433655,
      0.3218485116958618,
      0.2927272915840149,
      0.20004047453403473,
      0.23544029891490936,
      0.30574190616607666,
      0.27330249547958374,
      0.25528353452682495
    ],
    [
      0.4684751331806183,
      0.3750353753566742,
      0.3637184798717499,
      0.31645825505256653,
      1.0,
      0.3339884579181671,
      0.39618605375289917,
      0.3704988658428192,
      0.39478346705436707,
      0.45906737446784973,
      0.40399283170700073,
      0.30840617418289185,
      0.37138330936431885,
      0.3842647075653076,
      0.35548558831214905,
      0.4573071300983429
    ],
    [
      0.31939783692359924,
      0.3605925142765045,
      0.2661532759666443,
      0.21262997388839722,
      0.3339884579181671,
      1.0,
      0.37882378697395325,
      0.3764025568962097,
      0.35541224479675293,
      0.336999773979187,
      0.34786054491996765,
      0.37348484992980957,
      0.3568372130393982,
      0.31702056527137756,
      0.39146754145622253,
      0.3917463421821594
    ],
    [
      0.2956162989139557,
      0.40366166830062866,
      0.23065361380577087,
      0.3877969980239868,
      0.39618605375289917,
      0.37882378697395325,
      1.0,
      0.37773147225379944,
      0.3665962517261505,
      0.34874409437179565,
      0.20566914975643158,
      0.2649042010307312,
      0.5221394300460815,
      0.30336347222328186,
      0.3082895278930664,
      0.2525772154331207
    ],
    [
      0.3952315151691437,
      0.3672451972961426,
      0.4201969504356384,
      0.31160539388656616,
      0.3704988658428192,
      0.3764025568962097,
      0.37773147225379944,
      1.0,
      0.43793708086013794,
      0.41658300161361694,
      0.3584620952606201,
      0.4306468069553375,
      0.2503662109375,
      0.4258675277233124,
      0.3469776213169098,
      0.28716379404067993
    ],
    [
      0.42268434166908264,
      0.38782280683517456,
      0.2926757335662842,
      0.2989659905433655,
      0.39478346705436707,
      0.35541224479675293,
      0.3665962517261505,
      0.43793708086013794,
      1.0,
      0.299999862909317,
      0.30724167823791504,
      0.283049076795578,
      0.3613792955875397,
      0.26265257596969604,
      0.2731032073497772,
      0.2883320748806
    ],
    [
      0.4094676375389099,
      0.4833916127681732,
      0.39127615094184875,
      0.3218485116958618,
      0.45906737446784973,
      0.336999773979187,
      0.34874409437179565,
      0.41658300161361694,
      0.299999862909317,
      1.0,
      0.4270167350769043,
      0.42864856123924255,
      0.2818661034107208,
      0.43802744150161743,
      0.3511037826538086,
      0.49432727694511414
    ],
    [
      0.40552252531051636,
      0.38795918226242065,
      0.26218557357788086,
      0.2927272915840149,
      0.40399283170700073,
      0.34786054491996765,
      0.20566914975643158,
      0.3584620952606201,
      0.30724167823791504,
      0.4270167350769043,
      1.0,
      0.45276010036468506,
      0.18644511699676514,
      0.32580164074897766,
      0.3460157513618469,
      0.33822351694107056
    ],
    [
      0.34880316257476807,
      0.3612976372241974,
      0.273552268743515,
      0.20004047453403473,
      0.30840617418289185,
      0.37348484992980957,
      0.2649042010307312,
      0.4306468069553375,
      0.283049076795578,
      0.42864856123924255,
      0.45276010036468506,
      1.0,
      0.27056217193603516,
      0.3207014501094818,
      0.37554118037223816,
      0.3472353518009186
    ],
    [
      0.2452056109905243,
      0.348234087228775,
      0.20445910096168518,
      0.23544029891490936,
      0.37138330936431885,
      0.3568372130393982,
      0.5221394300460815,
      0.2503662109375,
      0.3613792955875397,
      0.2818661034107208,
      0.18644511699676514,
      0.27056217193603516,
      1.0,
      0.2650333046913147,
      0.3485024869441986,
      0.3730299174785614
    ],
    [
      0.3773898780345917,
      0.3428633213043213,
      0.3138326108455658,
      0.30574190616607666,
      0.3842647075653076,
      0.31702056527137756,
      0.30336347222328186,
      0.4258675277233124,
      0.26265257596969604,
      0.43802744150161743,
      0.32580164074897766,
      0.3207014501094818,
      0.2650333046913147,
      1.0,
      0.3440536558628082,
      0.3427594304084778
    ],
    [
      0.30274975299835205,
      0.37967827916145325,
      0.19039516150951385,
      0.27330249547958374,
      0.35548558831214905,
      0.39146754145622253,
      0.3082895278930664,
      0.3469776213169098,
      0.2731032073497772,
      0.3511037826538086,
      0.3460157513618469,
      0.37554118037223816,
      0.3485024869441986,
      0.3440536558628082,
      1.0000001192092896,
      0.39574235677719116
    ],
    [
      0.32659900188446045,
      0.47030141949653625,
      0.23899206519126892,
      0.25528353452682495,
      0.4573071300983429,
      0.3917463421821594,
      0.2525772154331207,
      0.28716379404067993,
      0.2883320748806,
      0.49432727694511414,
      0.33822351694107056,
      0.3472353518009186,
      0.3730299174785614,
      0.3427594304084778,
      0.39574235677719116,
      1.0000001192092896
    ]
  ]
}