{
  "game_number": 254,
  "words": [
    "KERNEL",
    "NUGGET",
    "PEARL",
    "TIDBIT",
    "AMBER",
    "DINOSAUR",
    "PALEONTOLOGIST",
    "MOSQUITO",
    "AMETHYST",
    "EGGPLANT",
    "GRIMACE",
    "LAVENDER",
    "KINDS",
    "SORTS",
    "STRIPES",
    "TYPES"
  ],
  "adjacency_matrix": [
    [
      1.0,
      0.3035440742969513,
      0.2961879372596741,
      0.24847006797790527,
      0.2410699427127838,
      0.20717072486877441,
      0.13984522223472595,
      0.23098038136959076,
      0.22495687007904053,
      0.37774044275283813,
      0.17828808724880219,
      0.26170119643211365,
      0.24633699655532837,
      0.28301864862442017,
      0.2416374236345291,
      0.3075139820575714
    ],
    [
      0.3035440742969513,
      1.0,
      0.4248970150947571,
      0.7108995318412781,
      0.3107657730579376,
      0.3674890100955963,
      0.2321666032075882,
      0.22650951147079468,
      0.38236337900161743,
      0.2749103307723999,
      0.2772059440612793,
      0.22205273807048798,
      0.2590961754322052,
      0.3490586280822754,
      0.2265062928199768,
      0.2582877576351166
    ],
    [
      0.2961879372596741,
      0.4248970150947571,
      1.0,
      0.29132279753685,
      0.4564172923564911,
      0.2576892673969269,
      0.14189513027668,
      0.3689107298851013,
      0.5230224132537842,
      0.3733271360397339,
      0.23340553045272827,
      0.40754368901252747,
      0.25683337450027466,
      0.28666794300079346,
      0.3368208110332489,
      0.2892375588417053
    ],
    [
      0.24847006797790527,
      0.7108995318412781,
      0.29132279753685,
      1.0,
      0.2653126120567322,
      0.2956618666648865,
      0.20372214913368225,
      0.2996036112308502,
      0.28940168023109436,
      0.3133835196495056,
      0.32195988297462463,
      0.22672724723815918,
      0.29167723655700684,
      0.41897037625312805,
      0.2350860834121704,
      0.26916807889938354
    ],
    [
      0.2410699427127838,
      0.3107657730579376,
      0.4564172923564911,
      0.2653126120567322,
      1.0,
      0.3495713472366333,
      0.22496658563613892,
      0.31192126870155334,
      0.4962320625782013,
      0.2505088448524475,
      0.24410967528820038,
      0.3736642003059387,
      0.2910604178905487,
      0.2392830103635788,
      0.3564843237400055,
      0.33161935210227966
    ],
    [
      0.20717072486877441,
      0.3674890100955963,
      0.2576892673969269,
      0.2956618666648865,
      0.3495713472366333,
      1.0,
      0.6302288174629211,
      0.33618104457855225,
      0.2800220251083374,
      0.29701730608940125,
      0.3135383725166321,
      0.28137022256851196,
      0.35365480184555054,
      0.349510133266449,
      0.26243484020233154,
      0.41640496253967285
    ],
    [
      0.13984522223472595,
      0.2321666032075882,
      0.14189513027668,
      0.20372214913368225,
      0.22496658563613892,
      0.6302288174629211,
      1.0,
      0.18858584761619568,
      0.21473978459835052,
      0.1317475587129593,
      0.24553745985031128,
      0.10877999663352966,
      0.1508323699235916,
      0.1831665188074112,
      0.1433468908071518,
      0.1946040689945221
    ],
    [
      0.23098038136959076,
      0.22650951147079468,
      0.3689107298851013,
      0.2996036112308502,
      0.31192126870155334,
      0.33618104457855225,
      0.18858584761619568,
      1.0,
      0.22858533263206482,
      0.3393471837043762,
      0.27591413259506226,
      0.30374079942703247,
      0.2591794431209564,
      0.2551131248474121,
      0.26015380024909973,
      0.30793455243110657
    ],
    [
      0.22495687007904053,
      0.38236337900161743,
      0.5230224132537842,
      0.28940168023109436,
      0.4962320625782013,
      0.2800220251083374,
      0.21473978459835052,
      0.22858533263206482,
      1.0,
      0.3562224209308624,
      0.25955334305763245,
      0.4307207465171814,
      0.25011810660362244,
      0.2578331232070923,
      0.2719683349132538,
      0.2820802330970764
    ],
    [
      0.37774044275283813,
      0.2749103307723999,
      0.3733271360397339,
      0.3133835196495056,
      0.2505088448524475,
      0.29701730608940125,
      0.1317475587129593,
      0.3393471837043762,
      0.3562224209308624,
      1.0000001192092896,
      0.24311654269695282,
      0.42855995893478394,
      0.2939353883266449,
      0.2484033703804016,
      0.31706157326698303,
      0.29878073930740356
    ],
    [
      0.17828808724880219,
      0.2772059440612793,
      0.23340553045272827,
      0.32195988297462463,
      0.24410967528820038,
      0.3135383725166321,
      0.24553745985031128,
      0.27591413259506226,
      0.25955334305763245,
      0.24311654269695282,
      1.0,
      0.1869691163301468,
      0.26528462767601013,
      0.34569862484931946,
      0.34237176179885864,
      0.2816968858242035
    ],
    [
      0.26170119643211365,
      0.22205273807048798,
      0.40754368901252747,
      0.22672724723815918,
      0.3736642003059387,
      0.28137022256851196,
      0.10877999663352966,
      0.30374079942703247,
      0.4307207465171814,
      0.42855995893478394,
      0.1869691163301468,
      0.9999999403953552,
      0.20127911865711212,
      0.21135596930980682,
      0.33229148387908936,
      0.2771131992340088
    ],
    [
      0.24633699655532837,
      0.2590961754322052,
      0.25683337450027466,
      0.29167723655700684,
      0.2910604178905487,
      0.35365480184555054,
      0.1508323699235916,
      0.2591794431209564,
      0.25011810660362244,
      0.2939353883266449,
      0.26528462767601013,
      0.20127911865711212,
      1.0,
      0.7669753432273865,
      0.4459773004055023,
      0.7840025424957275
    ],
    [
      0.28301864862442017,
      0.3490586280822754,
      0.28666794300079346,
      0.41897037625312805,
      0.2392830103635788,
      0.349510133266449,
      0.1831665188074112,
      0.2551131248474121,
      0.2578331232070923,
      0.2484033703804016,
      0.34569862484931946,
      0.21135596930980682,
      0.7669753432273865,
      1.0,
      0.4260385036468506,
      0.6807384490966797
    ],
    [
      0.2416374236345291,
      0.2265062928199768,
      0.3368208110332489,
      0.2350860834121704,
      0.3564843237400055,
      0.26243484020233154,
      0.1433468908071518,
      0.26015380024909973,
      0.2719683349132538,
      0.31706157326698303,
      0.34237176179885864,
      0.33229148387908936,
      0.4459773004055023,
      0.4260385036468506,
      0.9999999403953552,
      0.43649929761886597
    ],
    [
      0.3075139820575714,
      0.2582877576351166,
      0.2892375588417053,
      0.26916807889938354,
      0.33161935210227966,
      0.41640496253967285,
      0.1946040689945221,
      0.30793455243110657,
      0.2820802330970764,
      0.29878073930740356,
      0.2816968858242035,
      0.2771131992340088,
      0.7840025424957275,
      0.6807384490966797,
      0.43649929761886597,
      1.0
    ]
  ]
}