{
  "game_number": 323,
  "words": [
    "PEPPER",
    "SCATTER",
    "SPRINKLE",
    "STREW",
    "CAKE",
    "EARTH",
    "ONION",
    "PLYWOOD",
    "BAKED",
    "COUCH",
    "HOT",
    "SWEET",
    "ABSORB",
    "ENGROSS",
    "HOLD",
    "RIVET"
  ],
  "adjacency_matrix": [
    [
      1.0,
      0.43154722452163696,
      0.5301690697669983,
      0.39242681860923767,
      0.3640722334384918,
      0.2933192849159241,
      0.5681459903717041,
      0.2787494361400604,
      0.3037468194961548,
      0.27841559052467346,
      0.4703533947467804,
      0.4104807376861572,
      0.30726081132888794,
      0.3414168357849121,
      0.28613075613975525,
      0.33041906356811523
    ],
    [
      0.43154722452163696,
      1.0,
      0.591325581073761,
      0.6455605030059814,
      0.3526924252510071,
      0.3612746000289917,
      0.3301692605018616,
      0.24891692399978638,
      0.2686363756656647,
      0.2956404685974121,
      0.3098846673965454,
      0.3029395043849945,
      0.46169549226760864,
      0.408579021692276,
      0.3208425045013428,
      0.28607726097106934
    ],
    [
      0.5301690697669983,
      0.591325581073761,
      1.0,
      0.5541539788246155,
      0.4322282671928406,
      0.36591437458992004,
      0.404802143573761,
      0.20847439765930176,
      0.31984296441078186,
      0.3368033170700073,
      0.4051104485988617,
      0.40380021929740906,
      0.4159829318523407,
      0.35168328881263733,
      0.32256269454956055,
      0.3061411380767822
    ],
    [
      0.39242681860923767,
      0.6455605030059814,
      0.5541539788246155,
      1.0,
      0.3809090256690979,
      0.4350724220275879,
      0.3073239028453827,
      0.24932263791561127,
      0.38131675124168396,
      0.4354594647884369,
      0.39072874188423157,
      0.391860693693161,
      0.3559517562389374,
      0.39756953716278076,
      0.42393508553504944,
      0.3505699634552002
    ],
    [
      0.3640722334384918,
      0.3526924252510071,
      0.4322282671928406,
      0.3809090256690979,
      0.9999999403953552,
      0.32119807600975037,
      0.4021698236465454,
      0.3172137439250946,
      0.586200475692749,
      0.34961166977882385,
      0.35819098353385925,
      0.4906402826309204,
      0.2623497545719147,
      0.2782183587551117,
      0.3535430133342743,
      0.36909329891204834
    ],
    [
      0.2933192849159241,
      0.3612746000289917,
      0.36591437458992004,
      0.4350724220275879,
      0.32119807600975037,
      1.0,
      0.320337176322937,
      0.27251961827278137,
      0.3308296501636505,
      0.33248278498649597,
      0.40689754486083984,
      0.3885123133659363,
      0.2677765488624573,
      0.35310691595077515,
      0.35132086277008057,
      0.3047059178352356
    ],
    [
      0.5681459903717041,
      0.3301692605018616,
      0.404802143573761,
      0.3073239028453827,
      0.4021698236465454,
      0.320337176322937,
      1.0,
      0.27727562189102173,
      0.40043970942497253,
      0.29742562770843506,
      0.3543590009212494,
      0.413478821516037,
      0.2574094235897064,
      0.22087182104587555,
      0.2167738974094391,
      0.26356834173202515
    ],
    [
      0.2787494361400604,
      0.24891692399978638,
      0.20847439765930176,
      0.24932263791561127,
      0.3172137439250946,
      0.27251961827278137,
      0.27727562189102173,
      1.0,
      0.3161529302597046,
      0.35395967960357666,
      0.20713752508163452,
      0.22447927296161652,
      0.1577848643064499,
      0.19735409319400787,
      0.18508687615394592,
      0.3357186019420624
    ],
    [
      0.3037468194961548,
      0.2686363756656647,
      0.31984296441078186,
      0.38131675124168396,
      0.586200475692749,
      0.3308296501636505,
      0.40043970942497253,
      0.3161529302597046,
      1.0,
      0.3298925459384918,
      0.4999588131904602,
      0.43189573287963867,
      0.2773541510105133,
      0.23369407653808594,
      0.3653431832790375,
      0.26434779167175293
    ],
    [
      0.27841559052467346,
      0.2956404685974121,
      0.3368033170700073,
      0.4354594647884369,
      0.34961166977882385,
      0.33248278498649597,
      0.29742562770843506,
      0.35395967960357666,
      0.3298925459384918,
      1.0,
      0.3854275643825531,
      0.3558785319328308,
      0.23194563388824463,
      0.3346143662929535,
      0.38557711243629456,
      0.32752862572669983
    ],
    [
      0.4703533947467804,
      0.3098846673965454,
      0.4051104485988617,
      0.39072874188423157,
      0.35819098353385925,
      0.40689754486083984,
      0.3543590009212494,
      0.20713752508163452,
      0.4999588131904602,
      0.3854275643825531,
      1.0,
      0.5749610662460327,
      0.24672681093215942,
      0.33670172095298767,
      0.4030504822731018,
      0.363627552986145
    ],
    [
      0.4104807376861572,
      0.3029395043849945,
      0.40380021929740906,
      0.391860693693161,
      0.4906402826309204,
      0.3885123133659363,
      0.413478821516037,
      0.22447927296161652,
      0.43189573287963867,
      0.3558785319328308,
      0.5749610662460327,
      1.0,
      0.25223711133003235,
      0.3972637355327606,
      0.38534876704216003,
      0.3005654811859131
    ],
    [
      0.30726081132888794,
      0.46169549226760864,
      0.4159829318523407,
      0.3559517562389374,
      0.2623497545719147,
      0.2677765488624573,
      0.2574094235897064,
      0.1577848643064499,
      0.2773541510105133,
      0.23194563388824463,
      0.24672681093215942,
      0.25223711133003235,
      1.0,
      0.5129876136779785,
      0.43837153911590576,
      0.23937565088272095
    ],
    [
      0.3414168357849121,
      0.408579021692276,
      0.35168328881263733,
      0.39756953716278076,
      0.2782183587551117,
      0.35310691595077515,
      0.22087182104587555,
      0.19735409319400787,
      0.23369407653808594,
      0.3346143662929535,
      0.33670172095298767,
      0.3972637355327606,
      0.5129876136779785,
      1.0,
      0.46317535638809204,
      0.4418051540851593
    ],
    [
      0.28613075613975525,
      0.3208425045013428,
      0.32256269454956055,
      0.42393508553504944,
      0.3535430133342743,
      0.35132086277008057,
      0.2167738974094391,
      0.18508687615394592,
      0.3653431832790375,
      0.38557711243629456,
      0.4030504822731018,
      0.38534876704216003,
      0.43837153911590576,
      0.46317535638809204,
      1.0,
      0.43180686235427856
    ],
    [
      0.33041906356811523,
      0.28607726097106934,
      0.3061411380767822,
      0.3505699634552002,
      0.36909329891204834,
      0.3047059178352356,
      0.26356834173202515,
      0.3357186019420624,
      0.26434779167175293,
      0.32752862572669983,
      0.363627552986145,
      0.3005654811859131,
      0.23937565088272095,
      0.4418051540851593,
      0.43180686235427856,
      1.0
    ]
  ]
}