{
  "game_number": 614,
  "words": [
    "BLUES",
    "COUNTRY",
    "FUNK",
    "SOUL",
    "PAPER",
    "ROCK",
    "SCISSORS",
    "SHOOT",
    "BOAR",
    "BUCK",
    "BULL",
    "JACK",
    "FERRY",
    "JUNK",
    "TUG",
    "YACHT"
  ],
  "adjacency_matrix": [
    [
      1.0,
      0.3529026210308075,
      0.6071069836616516,
      0.4930686354637146,
      0.2685755789279938,
      0.48694324493408203,
      0.30485352873802185,
      0.18659628927707672,
      0.1538568139076233,
      0.19464696943759918,
      0.22276858985424042,
      0.3912946879863739,
      0.280269593000412,
      0.2829400897026062,
      0.24402862787246704,
      0.2548621594905853
    ],
    [
      0.3529026210308075,
      1.0,
      0.3734821081161499,
      0.45093464851379395,
      0.3045314848423004,
      0.41253453493118286,
      0.1470869928598404,
      0.2870539724826813,
      0.2476961612701416,
      0.19568121433258057,
      0.30544567108154297,
      0.3008642792701721,
      0.2883911430835724,
      0.2792980968952179,
      0.15700124204158783,
      0.3475148677825928
    ],
    [
      0.6071069836616516,
      0.3734821081161499,
      1.0,
      0.5808809399604797,
      0.25096791982650757,
      0.5849829912185669,
      0.24951542913913727,
      0.252376526594162,
      0.25495645403862,
      0.25230005383491516,
      0.3231922388076782,
      0.37376976013183594,
      0.2705497145652771,
      0.44276249408721924,
      0.31251415610313416,
      0.26454392075538635
    ],
    [
      0.4930686354637146,
      0.45093464851379395,
      0.5808809399604797,
      1.0,
      0.20957182347774506,
      0.4853355586528778,
      0.2418813705444336,
      0.25436103343963623,
      0.333706796169281,
      0.2692744731903076,
      0.36059847474098206,
      0.34736233949661255,
      0.2738717496395111,
      0.3463117182254791,
      0.2646108865737915,
      0.28684666752815247
    ],
    [
      0.2685755789279938,
      0.3045314848423004,
      0.25096791982650757,
      0.20957182347774506,
      1.0,
      0.32850781083106995,
      0.42254748940467834,
      0.27907177805900574,
      0.20725461840629578,
      0.2606140971183777,
      0.314897745847702,
      0.24674677848815918,
      0.23756751418113708,
      0.412032812833786,
      0.17430531978607178,
      0.2730195224285126
    ],
    [
      0.48694324493408203,
      0.41253453493118286,
      0.5849829912185669,
      0.4853355586528778,
      0.32850781083106995,
      1.0,
      0.4431333541870117,
      0.33365604281425476,
      0.2811605930328369,
      0.29466474056243896,
      0.4037792682647705,
      0.4405133128166199,
      0.35108962655067444,
      0.40852367877960205,
      0.3171519935131073,
      0.3729456663131714
    ],
    [
      0.30485352873802185,
      0.1470869928598404,
      0.24951542913913727,
      0.2418813705444336,
      0.42254748940467834,
      0.4431333541870117,
      0.9999999403953552,
      0.33077868819236755,
      0.22775167226791382,
      0.21175266802310944,
      0.2615044414997101,
      0.30981016159057617,
      0.32063931226730347,
      0.33929213881492615,
      0.22971804440021515,
      0.2541901469230652
    ],
    [
      0.18659628927707672,
      0.2870539724826813,
      0.252376526594162,
      0.25436103343963623,
      0.27907177805900574,
      0.33365604281425476,
      0.33077868819236755,
      0.9999999403953552,
      0.3171227276325226,
      0.4018919765949249,
      0.3933584690093994,
      0.35648104548454285,
      0.30708983540534973,
      0.27755168080329895,
      0.17989683151245117,
      0.27288585901260376
    ],
    [
      0.1538568139076233,
      0.2476961612701416,
      0.25495645403862,
      0.333706796169281,
      0.20725461840629578,
      0.2811605930328369,
      0.22775167226791382,
      0.3171227276325226,
      1.0,
      0.35390907526016235,
      0.589179277420044,
      0.3083890378475189,
      0.2642321288585663,
      0.20139698684215546,
      0.16642363369464874,
      0.2408297210931778
    ],
    [
      0.19464696943759918,
      0.19568121433258057,
      0.25230005383491516,
      0.2692744731903076,
      0.2606140971183777,
      0.29466474056243896,
      0.21175266802310944,
      0.4018919765949249,
      0.35390907526016235,
      0.9999999403953552,
      0.4969918131828308,
      0.39934441447257996,
      0.24843384325504303,
      0.30353859066963196,
      0.2436968833208084,
      0.1800716519355774
    ],
    [
      0.22276858985424042,
      0.30544567108154297,
      0.3231922388076782,
      0.36059847474098206,
      0.314897745847702,
      0.4037792682647705,
      0.2615044414997101,
      0.3933584690093994,
      0.589179277420044,
      0.4969918131828308,
      1.0,
      0.40694716572761536,
      0.2643795907497406,
      0.394779235124588,
      0.227719247341156,
      0.21337047219276428
    ],
    [
      0.3912946879863739,
      0.3008642792701721,
      0.37376976013183594,
      0.34736233949661255,
      0.24674677848815918,
      0.4405133128166199,
      0.30981016159057617,
      0.35648104548454285,
      0.3083890378475189,
      0.39934441447257996,
      0.40694716572761536,
      1.0,
      0.3402518630027771,
      0.3494308292865753,
      0.31455740332603455,
      0.32296061515808105
    ],
    [
      0.280269593000412,
      0.2883911430835724,
      0.2705497145652771,
      0.2738717496395111,
      0.23756751418113708,
      0.35108962655067444,
      0.32063931226730347,
      0.30708983540534973,
      0.2642321288585663,
      0.24843384325504303,
      0.2643795907497406,
      0.3402518630027771,
      1.0,
      0.3072727918624878,
      0.4286702275276184,
      0.5269681811332703
    ],
    [
      0.2829400897026062,
      0.2792980968952179,
      0.44276249408721924,
      0.3463117182254791,
      0.412032812833786,
      0.40852367877960205,
      0.33929213881492615,
      0.27755168080329895,
      0.20139698684215546,
      0.30353859066963196,
      0.394779235124588,
      0.3494308292865753,
      0.3072727918624878,
      1.0,
      0.2863088846206665,
      0.35387131571769714
    ],
    [
      0.24402862787246704,
      0.15700124204158783,
      0.31251415610313416,
      0.2646108865737915,
      0.17430531978607178,
      0.3171519935131073,
      0.22971804440021515,
      0.17989683151245117,
      0.16642363369464874,
      0.2436968833208084,
      0.227719247341156,
      0.31455740332603455,
      0.4286702275276184,
      0.2863088846206665,
      1.0,
      0.4314238131046295
    ],
    [
      0.2548621594905853,
      0.3475148677825928,
      0.26454392075538635,
      0.28684666752815247,
      0.2730195224285126,
      0.3729456663131714,
      0.2541901469230652,
      0.27288585901260376,
      0.2408297210931778,
      0.1800716519355774,
      0.21337047219276428,
      0.32296061515808105,
      0.5269681811332703,
      0.35387131571769714,
      0.4314238131046295,
      1.0
    ]
  ]
}