{
  "game_number": 440,
  "words": [
    "BUCKLE",
    "HOLE",
    "LOOP",
    "STRAP",
    "HOLEY",
    "HOLI",
    "HOLY",
    "WHOLLY",
    "DOG",
    "DRIFT",
    "HOLLY",
    "SANDAL",
    "CLIP",
    "CUT",
    "PARE",
    "TRIM"
  ],
  "adjacency_matrix": [
    [
      1.0,
      0.3869011104106903,
      0.36817029118537903,
      0.6762573719024658,
      0.50429368019104,
      0.21861222386360168,
      0.27131423354148865,
      0.24310153722763062,
      0.32490596175193787,
      0.3992151618003845,
      0.3396349251270294,
      0.45409104228019714,
      0.4152984917163849,
      0.38301998376846313,
      0.3381732106208801,
      0.4079371690750122
    ],
    [
      0.3869011104106903,
      0.9999999403953552,
      0.48608484864234924,
      0.4270913898944855,
      0.6109068393707275,
      0.3356994390487671,
      0.3166598677635193,
      0.17178769409656525,
      0.375191330909729,
      0.41927778720855713,
      0.43163803219795227,
      0.3057868182659149,
      0.38290154933929443,
      0.4743720591068268,
      0.30812156200408936,
      0.3540523648262024
    ],
    [
      0.36817029118537903,
      0.48608484864234924,
      1.0,
      0.4679560959339142,
      0.4420226216316223,
      0.24539825320243835,
      0.29879873991012573,
      0.2325768917798996,
      0.3118175268173218,
      0.4268663227558136,
      0.26257815957069397,
      0.24875664710998535,
      0.4726084768772125,
      0.4436139762401581,
      0.3154376745223999,
      0.35961228609085083
    ],
    [
      0.6762573719024658,
      0.4270913898944855,
      0.4679560959339142,
      1.0,
      0.5269450545310974,
      0.2640156149864197,
      0.3100433647632599,
      0.24620522558689117,
      0.35929182171821594,
      0.38466915488243103,
      0.36964523792266846,
      0.5315961837768555,
      0.5095952153205872,
      0.46239933371543884,
      0.3665495812892914,
      0.4608316421508789
    ],
    [
      0.50429368019104,
      0.6109068393707275,
      0.4420226216316223,
      0.5269450545310974,
      1.0,
      0.46715933084487915,
      0.5039231181144714,
      0.33264145255088806,
      0.4208521842956543,
      0.40516993403434753,
      0.5478829741477966,
      0.4974958300590515,
      0.39718297123908997,
      0.4407253861427307,
      0.350085586309433,
      0.38907352089881897
    ],
    [
      0.21861222386360168,
      0.3356994390487671,
      0.24539825320243835,
      0.2640156149864197,
      0.46715933084487915,
      0.9999999403953552,
      0.5214869379997253,
      0.2525590658187866,
      0.31644946336746216,
      0.2795065939426422,
      0.46299245953559875,
      0.35373565554618835,
      0.28360697627067566,
      0.34617698192596436,
      0.3090408444404602,
      0.279710054397583
    ],
    [
      0.27131423354148865,
      0.3166598677635193,
      0.29879873991012573,
      0.3100433647632599,
      0.5039231181144714,
      0.5214869379997253,
      1.0,
      0.3783661127090454,
      0.32665348052978516,
      0.27002382278442383,
      0.49223971366882324,
      0.4166739284992218,
      0.24479593336582184,
      0.26900163292884827,
      0.1976994425058365,
      0.24850261211395264
    ],
    [
      0.24310153722763062,
      0.17178769409656525,
      0.2325768917798996,
      0.24620522558689117,
      0.33264145255088806,
      0.2525590658187866,
      0.3783661127090454,
      1.0,
      0.2063991129398346,
      0.3177909255027771,
      0.38954663276672363,
      0.23299463093280792,
      0.21126894652843475,
      0.38637298345565796,
      0.27197331190109253,
      0.2720164358615875
    ],
    [
      0.32490596175193787,
      0.375191330909729,
      0.3118175268173218,
      0.35929182171821594,
      0.4208521842956543,
      0.31644946336746216,
      0.32665348052978516,
      0.2063991129398346,
      1.0,
      0.34453946352005005,
      0.342940092086792,
      0.3304954767227173,
      0.37765082716941833,
      0.2877460718154907,
      0.32193201780319214,
      0.3294603228569031
    ],
    [
      0.3992151618003845,
      0.41927778720855713,
      0.4268663227558136,
      0.38466915488243103,
      0.40516993403434753,
      0.2795065939426422,
      0.27002382278442383,
      0.3177909255027771,
      0.34453946352005005,
      1.0,
      0.28257614374160767,
      0.301457017660141,
      0.35033413767814636,
      0.4265560507774353,
      0.3291182219982147,
      0.39377814531326294
    ],
    [
      0.3396349251270294,
      0.43163803219795227,
      0.26257815957069397,
      0.36964523792266846,
      0.5478829741477966,
      0.46299245953559875,
      0.49223971366882324,
      0.38954663276672363,
      0.342940092086792,
      0.28257614374160767,
      1.0,
      0.3903515934944153,
      0.289711058139801,
      0.4359411597251892,
      0.29989293217658997,
      0.384066104888916
    ],
    [
      0.45409104228019714,
      0.3057868182659149,
      0.24875664710998535,
      0.5315961837768555,
      0.4974958300590515,
      0.35373565554618835,
      0.4166739284992218,
      0.23299463093280792,
      0.3304954767227173,
      0.301457017660141,
      0.3903515934944153,
      1.0,
      0.3148523271083832,
      0.37334731221199036,
      0.28937438130378723,
      0.3673800826072693
    ],
    [
      0.4152984917163849,
      0.38290154933929443,
      0.4726084768772125,
      0.5095952153205872,
      0.39718297123908997,
      0.28360697627067566,
      0.24479593336582184,
      0.21126894652843475,
      0.37765082716941833,
      0.35033413767814636,
      0.289711058139801,
      0.3148523271083832,
      1.0,
      0.5150496959686279,
      0.3341662883758545,
      0.4132953882217407
    ],
    [
      0.38301998376846313,
      0.4743720591068268,
      0.4436139762401581,
      0.46239933371543884,
      0.4407253861427307,
      0.34617698192596436,
      0.26900163292884827,
      0.38637298345565796,
      0.2877460718154907,
      0.4265560507774353,
      0.4359411597251892,
      0.37334731221199036,
      0.5150496959686279,
      1.0,
      0.583430290222168,
      0.6519965529441833
    ],
    [
      0.3381732106208801,
      0.30812156200408936,
      0.3154376745223999,
      0.3665495812892914,
      0.350085586309433,
      0.3090408444404602,
      0.1976994425058365,
      0.27197331190109253,
      0.32193201780319214,
      0.3291182219982147,
      0.29989293217658997,
      0.28937438130378723,
      0.3341662883758545,
      0.583430290222168,
      1.0,
      0.6551312804222107
    ],
    [
      0.4079371690750122,
      0.3540523648262024,
      0.35961228609085083,
      0.4608316421508789,
      0.38907352089881897,
      0.279710054397583,
      0.24850261211395264,
      0.2720164358615875,
      0.3294603228569031,
      0.39377814531326294,
      0.384066104888916,
      0.3673800826072693,
      0.4132953882217407,
      0.6519965529441833,
      0.6551312804222107,
      1.0
    ]
  ]
}