{
  "game_number": 274,
  "words": [
    "ADVOCATE",
    "CHAMPION",
    "CHEERLEADER",
    "EXPONENT",
    "GLAM",
    "GOTH",
    "METAL",
    "PUNK",
    "HORROR",
    "JOCK",
    "VALUE",
    "WAVE",
    "BACKFLIP",
    "BELLYFLOP",
    "CANNONBALL",
    "JACKKNIFE"
  ],
  "adjacency_matrix": [
    [
      1.0,
      0.5362914800643921,
      0.4887249171733856,
      0.44716641306877136,
      0.15531109273433685,
      0.25191476941108704,
      0.23288878798484802,
      0.3027779161930084,
      0.2853493392467499,
      0.24872136116027832,
      0.33723750710487366,
      0.28356391191482544,
      0.28199121356010437,
      0.28666871786117554,
      0.21580226719379425,
      0.27162325382232666
    ],
    [
      0.5362914800643921,
      1.0,
      0.5252888202667236,
      0.4105299413204193,
      0.25355589389801025,
      0.22098954021930695,
      0.2642328143119812,
      0.31916987895965576,
      0.30047762393951416,
      0.3823561668395996,
      0.3445887863636017,
      0.34006795287132263,
      0.32586172223091125,
      0.37267693877220154,
      0.3054461181163788,
      0.24693749845027924
    ],
    [
      0.4887249171733856,
      0.5252888202667236,
      1.0,
      0.3882972300052643,
      0.3631627857685089,
      0.3653339147567749,
      0.22759674489498138,
      0.42376062273979187,
      0.28526997566223145,
      0.5198512077331543,
      0.2372092306613922,
      0.3078427016735077,
      0.3400782644748688,
      0.3602655529975891,
      0.3005470633506775,
      0.24175305664539337
    ],
    [
      0.44716641306877136,
      0.4105299413204193,
      0.3882972300052643,
      0.9999999403953552,
      0.26964041590690613,
      0.2915267050266266,
      0.315656840801239,
      0.3761672079563141,
      0.25995659828186035,
      0.3018258512020111,
      0.4643794298171997,
      0.39541056752204895,
      0.25253188610076904,
      0.2749870717525482,
      0.27294111251831055,
      0.2682039737701416
    ],
    [
      0.15531109273433685,
      0.25355589389801025,
      0.3631627857685089,
      0.26964041590690613,
      1.0,
      0.5980131030082703,
      0.4863179624080658,
      0.6406208872795105,
      0.3747062087059021,
      0.3554237186908722,
      0.3036922812461853,
      0.3051565885543823,
      0.1870342344045639,
      0.3396133780479431,
      0.2399430125951767,
      0.2812487483024597
    ],
    [
      0.25191476941108704,
      0.22098954021930695,
      0.3653339147567749,
      0.2915267050266266,
      0.5980131030082703,
      1.0,
      0.4770811200141907,
      0.6993001103401184,
      0.43403807282447815,
      0.3929048180580139,
      0.19788113236427307,
      0.29763007164001465,
      0.1395663022994995,
      0.2589161694049835,
      0.1709054857492447,
      0.22530750930309296
    ],
    [
      0.23288878798484802,
      0.2642328143119812,
      0.22759674489498138,
      0.315656840801239,
      0.4863179624080658,
      0.4770811200141907,
      0.9999999403953552,
      0.534725546836853,
      0.4216330945491791,
      0.32169362902641296,
      0.3955998718738556,
      0.4095606207847595,
      0.24089966714382172,
      0.3405509293079376,
      0.42125311493873596,
      0.3992953896522522
    ],
    [
      0.3027779161930084,
      0.31916987895965576,
      0.42376062273979187,
      0.3761672079563141,
      0.6406208872795105,
      0.6993001103401184,
      0.534725546836853,
      1.0,
      0.48368775844573975,
      0.45482712984085083,
      0.27745240926742554,
      0.4593261182308197,
      0.2097255289554596,
      0.3653174042701721,
      0.31184646487236023,
      0.3805229365825653
    ],
    [
      0.2853493392467499,
      0.30047762393951416,
      0.28526997566223145,
      0.25995659828186035,
      0.3747062087059021,
      0.43403807282447815,
      0.4216330945491791,
      0.48368775844573975,
      1.0,
      0.27943986654281616,
      0.3586946129798889,
      0.4676966071128845,
      0.31363704800605774,
      0.4646308720111847,
      0.31192612648010254,
      0.3335356116294861
    ],
    [
      0.24872136116027832,
      0.3823561668395996,
      0.5198512077331543,
      0.3018258512020111,
      0.3554237186908722,
      0.3929048180580139,
      0.32169362902641296,
      0.45482712984085083,
      0.27943986654281616,
      1.0,
      0.19592580199241638,
      0.35883715748786926,
      0.30715036392211914,
      0.34714651107788086,
      0.2991209328174591,
      0.29717132449150085
    ],
    [
      0.33723750710487366,
      0.3445887863636017,
      0.2372092306613922,
      0.4643794298171997,
      0.3036922812461853,
      0.19788113236427307,
      0.3955998718738556,
      0.27745240926742554,
      0.3586946129798889,
      0.19592580199241638,
      1.0,
      0.3566792905330658,
      0.24137398600578308,
      0.38664960861206055,
      0.24350029230117798,
      0.2443569302558899
    ],
    [
      0.28356391191482544,
      0.34006795287132263,
      0.3078427016735077,
      0.39541056752204895,
      0.3051565885543823,
      0.29763007164001465,
      0.4095606207847595,
      0.4593261182308197,
      0.4676966071128845,
      0.35883715748786926,
      0.3566792905330658,
      0.9999998807907104,
      0.3542959988117218,
      0.47223490476608276,
      0.41612404584884644,
      0.4233095347881317
    ],
    [
      0.28199121356010437,
      0.32586172223091125,
      0.3400782644748688,
      0.25253188610076904,
      0.1870342344045639,
      0.1395663022994995,
      0.24089966714382172,
      0.2097255289554596,
      0.31363704800605774,
      0.30715036392211914,
      0.24137398600578308,
      0.3542959988117218,
      0.9999999403953552,
      0.5059313774108887,
      0.36974987387657166,
      0.43067702651023865
    ],
    [
      0.28666871786117554,
      0.37267693877220154,
      0.3602655529975891,
      0.2749870717525482,
      0.3396133780479431,
      0.2589161694049835,
      0.3405509293079376,
      0.3653174042701721,
      0.4646308720111847,
      0.34714651107788086,
      0.38664960861206055,
      0.47223490476608276,
      0.5059313774108887,
      1.0,
      0.47496750950813293,
      0.4884350597858429
    ],
    [
      0.21580226719379425,
      0.3054461181163788,
      0.3005470633506775,
      0.27294111251831055,
      0.2399430125951767,
      0.1709054857492447,
      0.42125311493873596,
      0.31184646487236023,
      0.31192612648010254,
      0.2991209328174591,
      0.24350029230117798,
      0.41612404584884644,
      0.36974987387657166,
      0.47496750950813293,
      0.9999998807907104,
      0.4301064610481262
    ],
    [
      0.27162325382232666,
      0.24693749845027924,
      0.24175305664539337,
      0.2682039737701416,
      0.2812487483024597,
      0.22530750930309296,
      0.3992953896522522,
      0.3805229365825653,
      0.3335356116294861,
      0.29717132449150085,
      0.2443569302558899,
      0.4233095347881317,
      0.43067702651023865,
      0.4884350597858429,
      0.4301064610481262,
      0.9999999403953552
    ]
  ]
}