{
  "game_number": 100,
  "words": [
    "NICK",
    "PINCH",
    "POCKET",
    "SWIPE",
    "ABSENT",
    "EXCUSED",
    "LATE",
    "PRESENT",
    "GOTHIC",
    "ROMAN",
    "SANS",
    "TYPEWRITER",
    "CAPER",
    "ELDER",
    "GOOSE",
    "LOGAN"
  ],
  "adjacency_matrix": [
    [
      1.0,
      0.4471138119697571,
      0.4596608877182007,
      0.4516534209251404,
      0.34292080998420715,
      0.31852295994758606,
      0.4532657265663147,
      0.43454480171203613,
      0.32226991653442383,
      0.3263132870197296,
      0.3716965913772583,
      0.26031550765037537,
      0.4384503662586212,
      0.2846856117248535,
      0.4228367805480957,
      0.48898744583129883
    ],
    [
      0.4471138119697571,
      0.9999999403953552,
      0.5056241154670715,
      0.5091657042503357,
      0.3083283007144928,
      0.26235806941986084,
      0.2794926166534424,
      0.32509779930114746,
      0.22268612682819366,
      0.22190599143505096,
      0.2571570575237274,
      0.27796652913093567,
      0.3436412513256073,
      0.2026619166135788,
      0.3730114996433258,
      0.2475096583366394
    ],
    [
      0.4596608877182007,
      0.5056241154670715,
      1.0,
      0.4341648817062378,
      0.3413514196872711,
      0.2919118404388428,
      0.3228442668914795,
      0.37740999460220337,
      0.24262481927871704,
      0.23662544786930084,
      0.34395426511764526,
      0.3322182595729828,
      0.3639332354068756,
      0.20235572755336761,
      0.34110206365585327,
      0.2714657783508301
    ],
    [
      0.4516534209251404,
      0.5091657042503357,
      0.4341648817062378,
      1.0,
      0.31887298822402954,
      0.3100168704986572,
      0.28461435437202454,
      0.3638909161090851,
      0.21972328424453735,
      0.18249885737895966,
      0.3346785306930542,
      0.33514204621315,
      0.3775521516799927,
      0.21674387156963348,
      0.29960593581199646,
      0.2858363687992096
    ],
    [
      0.34292080998420715,
      0.3083283007144928,
      0.3413514196872711,
      0.31887298822402954,
      0.9999999403953552,
      0.6151610612869263,
      0.483940064907074,
      0.6367309093475342,
      0.2749769389629364,
      0.1680564433336258,
      0.35190680623054504,
      0.252775639295578,
      0.30543363094329834,
      0.3037748634815216,
      0.29576656222343445,
      0.20679612457752228
    ],
    [
      0.31852295994758606,
      0.26235806941986084,
      0.2919118404388428,
      0.3100168704986572,
      0.6151610612869263,
      1.0,
      0.3387490510940552,
      0.4255112409591675,
      0.2196088433265686,
      0.13568849861621857,
      0.3331596851348877,
      0.21074138581752777,
      0.2663784325122833,
      0.2610473930835724,
      0.26772040128707886,
      0.2551940977573395
    ],
    [
      0.4532657265663147,
      0.2794926166534424,
      0.3228442668914795,
      0.28461435437202454,
      0.483940064907074,
      0.3387490510940552,
      1.0,
      0.48067936301231384,
      0.31227877736091614,
      0.2706505358219147,
      0.1722506880760193,
      0.24211525917053223,
      0.3219284117221832,
      0.2981022596359253,
      0.20904602110385895,
      0.2608235478401184
    ],
    [
      0.43454480171203613,
      0.32509779930114746,
      0.37740999460220337,
      0.3638909161090851,
      0.6367309093475342,
      0.4255112409591675,
      0.48067936301231384,
      0.9999999403953552,
      0.2938910722732544,
      0.25878363847732544,
      0.2948578894138336,
      0.28275951743125916,
      0.3180225193500519,
      0.2673758268356323,
      0.2753625512123108,
      0.3108663558959961
    ],
    [
      0.32226991653442383,
      0.22268612682819366,
      0.24262481927871704,
      0.21972328424453735,
      0.2749769389629364,
      0.2196088433265686,
      0.31227877736091614,
      0.2938910722732544,
      1.0,
      0.5152216553688049,
      0.3102465271949768,
      0.3173910975456238,
      0.3625248968601227,
      0.22533239424228668,
      0.169099822640419,
      0.3181679844856262
    ],
    [
      0.3263132870197296,
      0.22190599143505096,
      0.23662544786930084,
      0.18249885737895966,
      0.1680564433336258,
      0.13568849861621857,
      0.2706505358219147,
      0.25878363847732544,
      0.5152216553688049,
      0.9999999403953552,
      0.42253321409225464,
      0.4088325798511505,
      0.36362186074256897,
      0.23873518407344818,
      0.24376459419727325,
      0.41039785742759705
    ],
    [
      0.3716965913772583,
      0.2571570575237274,
      0.34395426511764526,
      0.3346785306930542,
      0.35190680623054504,
      0.3331596851348877,
      0.1722506880760193,
      0.2948578894138336,
      0.3102465271949768,
      0.42253321409225464,
      1.0,
      0.3411334455013275,
      0.3356180787086487,
      0.2677837312221527,
      0.30922454595565796,
      0.3438740074634552
    ],
    [
      0.26031550765037537,
      0.27796652913093567,
      0.3322182595729828,
      0.33514204621315,
      0.252775639295578,
      0.21074138581752777,
      0.24211525917053223,
      0.28275951743125916,
      0.3173910975456238,
      0.4088325798511505,
      0.3411334455013275,
      1.0,
      0.27718135714530945,
      0.23747196793556213,
      0.24716851115226746,
      0.23718808591365814
    ],
    [
      0.4384503662586212,
      0.3436412513256073,
      0.3639332354068756,
      0.3775521516799927,
      0.30543363094329834,
      0.2663784325122833,
      0.3219284117221832,
      0.3180225193500519,
      0.3625248968601227,
      0.36362186074256897,
      0.3356180787086487,
      0.27718135714530945,
      0.9999999403953552,
      0.2844632565975189,
      0.41072797775268555,
      0.35235556960105896
    ],
    [
      0.2846856117248535,
      0.2026619166135788,
      0.20235572755336761,
      0.21674387156963348,
      0.3037748634815216,
      0.2610473930835724,
      0.2981022596359253,
      0.2673758268356323,
      0.22533239424228668,
      0.23873518407344818,
      0.2677837312221527,
      0.23747196793556213,
      0.2844632565975189,
      1.0,
      0.25510939955711365,
      0.3333794176578522
    ],
    [
      0.4228367805480957,
      0.3730114996433258,
      0.34110206365585327,
      0.29960593581199646,
      0.29576656222343445,
      0.26772040128707886,
      0.20904602110385895,
      0.2753625512123108,
      0.169099822640419,
      0.24376459419727325,
      0.30922454595565796,
      0.24716851115226746,
      0.41072797775268555,
      0.25510939955711365,
      1.0,
      0.3386032283306122
    ],
    [
      0.48898744583129883,
      0.2475096583366394,
      0.2714657783508301,
      0.2858363687992096,
      0.20679612457752228,
      0.2551940977573395,
      0.2608235478401184,
      0.3108663558959961,
      0.3181679844856262,
      0.41039785742759705,
      0.3438740074634552,
      0.23718808591365814,
      0.35235556960105896,
      0.3333794176578522,
      0.3386032283306122,
      0.9999999403953552
    ]
  ]
}