{
  "game_number": 39,
  "words": [
    "BABY",
    "ICE",
    "POWDER",
    "SKY",
    "COMPACT",
    "FAST",
    "SLEEK",
    "SPORTY",
    "GINGER",
    "JOLLY",
    "MISTER",
    "ROY",
    "ABUT",
    "BELLED",
    "FLOUNDERS",
    "SCARY"
  ],
  "adjacency_matrix": [
    [
      1.0,
      0.3153444528579712,
      0.36274832487106323,
      0.3214361071586609,
      0.26431435346603394,
      0.2994294762611389,
      0.3072849214076996,
      0.3142503499984741,
      0.44219550490379333,
      0.26162782311439514,
      0.37510788440704346,
      0.3191521167755127,
      0.2539879381656647,
      0.3892614543437958,
      0.31111422181129456,
      0.36643198132514954
    ],
    [
      0.3153444528579712,
      1.0,
      0.5001059174537659,
      0.4078942835330963,
      0.2980249524116516,
      0.3260924816131592,
      0.2759843170642853,
      0.2443099170923233,
      0.3664589524269104,
      0.27255839109420776,
      0.28137391805648804,
      0.18706488609313965,
      0.22748038172721863,
      0.28819552063941956,
      0.24870771169662476,
      0.25915423035621643
    ],
    [
      0.36274832487106323,
      0.5001059174537659,
      1.0,
      0.34920552372932434,
      0.35520416498184204,
      0.3091889023780823,
      0.3098348081111908,
      0.19677940011024475,
      0.464057981967926,
      0.30731135606765747,
      0.3174768090248108,
      0.22223278880119324,
      0.16266421973705292,
      0.3338944911956787,
      0.20018523931503296,
      0.25075629353523254
    ],
    [
      0.3214361071586609,
      0.4078942835330963,
      0.34920552372932434,
      1.0,
      0.27189433574676514,
      0.27623915672302246,
      0.2819148004055023,
      0.21363958716392517,
      0.3382764458656311,
      0.28716325759887695,
      0.34327366948127747,
      0.2840447425842285,
      0.24102766811847687,
      0.3215125501155853,
      0.28845521807670593,
      0.289890855550766
    ],
    [
      0.26431435346603394,
      0.2980249524116516,
      0.35520416498184204,
      0.27189433574676514,
      1.0,
      0.5292091965675354,
      0.5238955020904541,
      0.4146384298801422,
      0.21335993707180023,
      0.34478476643562317,
      0.2464645355939865,
      0.1722341924905777,
      0.2976433038711548,
      0.3158554136753082,
      0.2589052617549896,
      0.32481759786605835
    ],
    [
      0.2994294762611389,
      0.3260924816131592,
      0.3091889023780823,
      0.27623915672302246,
      0.5292091965675354,
      1.0,
      0.5066483020782471,
      0.3697119951248169,
      0.2318585366010666,
      0.43843987584114075,
      0.2995641529560089,
      0.19221609830856323,
      0.28571754693984985,
      0.2970162034034729,
      0.29262447357177734,
      0.4518091082572937
    ],
    [
      0.3072849214076996,
      0.2759843170642853,
      0.3098348081111908,
      0.2819148004055023,
      0.5238955020904541,
      0.5066483020782471,
      1.0,
      0.5702614784240723,
      0.3099651336669922,
      0.4015713930130005,
      0.2743377685546875,
      0.1360682100057602,
      0.1891908347606659,
      0.3791947662830353,
      0.2565268278121948,
      0.3733144998550415
    ],
    [
      0.3142503499984741,
      0.2443099170923233,
      0.19677940011024475,
      0.21363958716392517,
      0.4146384298801422,
      0.3697119951248169,
      0.5702614784240723,
      1.0,
      0.3366527855396271,
      0.4290977716445923,
      0.28991106152534485,
      0.17575789988040924,
      0.1947675347328186,
      0.28828251361846924,
      0.20841822028160095,
      0.3893265128135681
    ],
    [
      0.44219550490379333,
      0.3664589524269104,
      0.464057981967926,
      0.3382764458656311,
      0.21335993707180023,
      0.2318585366010666,
      0.3099651336669922,
      0.3366527855396271,
      1.0,
      0.3879040777683258,
      0.38526153564453125,
      0.3465474247932434,
      0.19192394614219666,
      0.37938326597213745,
      0.25453799962997437,
      0.3452635705471039
    ],
    [
      0.26162782311439514,
      0.27255839109420776,
      0.30731135606765747,
      0.28716325759887695,
      0.34478476643562317,
      0.43843987584114075,
      0.4015713930130005,
      0.4290977716445923,
      0.3879040777683258,
      1.0,
      0.44837117195129395,
      0.35414403676986694,
      0.2331153154373169,
      0.40215039253234863,
      0.22784046828746796,
      0.4975312352180481
    ],
    [
      0.37510788440704346,
      0.28137391805648804,
      0.3174768090248108,
      0.34327366948127747,
      0.2464645355939865,
      0.2995641529560089,
      0.2743377685546875,
      0.28991106152534485,
      0.38526153564453125,
      0.44837117195129395,
      1.0,
      0.4893212914466858,
      0.3186669945716858,
      0.3682093024253845,
      0.33003973960876465,
      0.33780452609062195
    ],
    [
      0.3191521167755127,
      0.18706488609313965,
      0.22223278880119324,
      0.2840447425842285,
      0.1722341924905777,
      0.19221609830856323,
      0.1360682100057602,
      0.17575789988040924,
      0.3465474247932434,
      0.35414403676986694,
      0.4893212914466858,
      1.0,
      0.25751161575317383,
      0.32638922333717346,
      0.20681793987751007,
      0.23316417634487152
    ],
    [
      0.2539879381656647,
      0.22748038172721863,
      0.16266421973705292,
      0.24102766811847687,
      0.2976433038711548,
      0.28571754693984985,
      0.1891908347606659,
      0.1947675347328186,
      0.19192394614219666,
      0.2331153154373169,
      0.3186669945716858,
      0.25751161575317383,
      1.0,
      0.34195634722709656,
      0.28943994641304016,
      0.35258033871650696
    ],
    [
      0.3892614543437958,
      0.28819552063941956,
      0.3338944911956787,
      0.3215125501155853,
      0.3158554136753082,
      0.2970162034034729,
      0.3791947662830353,
      0.28828251361846924,
      0.37938326597213745,
      0.40215039253234863,
      0.3682093024253845,
      0.32638922333717346,
      0.34195634722709656,
      0.9999999403953552,
      0.35479432344436646,
      0.3587836027145386
    ],
    [
      0.31111422181129456,
      0.24870771169662476,
      0.20018523931503296,
      0.28845521807670593,
      0.2589052617549896,
      0.29262447357177734,
      0.2565268278121948,
      0.20841822028160095,
      0.25453799962997437,
      0.22784046828746796,
      0.33003973960876465,
      0.20681793987751007,
      0.28943994641304016,
      0.35479432344436646,
      1.0,
      0.24952948093414307
    ],
    [
      0.36643198132514954,
      0.25915423035621643,
      0.25075629353523254,
      0.289890855550766,
      0.32481759786605835,
      0.4518091082572937,
      0.3733144998550415,
      0.3893265128135681,
      0.3452635705471039,
      0.4975312352180481,
      0.33780452609062195,
      0.23316417634487152,
      0.35258033871650696,
      0.3587836027145386,
      0.24952948093414307,
      1.0
    ]
  ]
}