{
  "game_number": 497,
  "words": [
    "ACOUSTIC",
    "AUDITORY",
    "HEARD",
    "SONIC",
    "COUPLE",
    "HITCH",
    "LINK",
    "TIE",
    "AMP",
    "FIRE",
    "HYPE",
    "PUMP",
    "BASKET",
    "BIN",
    "CHEST",
    "HAMPER"
  ],
  "adjacency_matrix": [
    [
      1.0,
      0.6097672581672668,
      0.27071571350097656,
      0.640295147895813,
      0.23245322704315186,
      0.2012648582458496,
      0.2640949785709381,
      0.24337147176265717,
      0.4296608865261078,
      0.326433390378952,
      0.31207528710365295,
      0.2782052755355835,
      0.24837854504585266,
      0.2057652473449707,
      0.35762161016464233,
      0.2579694092273712
    ],
    [
      0.6097672581672668,
      0.9999999403953552,
      0.29422029852867126,
      0.5127586126327515,
      0.1801837533712387,
      0.13931582868099213,
      0.26232367753982544,
      0.15641726553440094,
      0.3103238642215729,
      0.26214364171028137,
      0.24149946868419647,
      0.223115935921669,
      0.21666651964187622,
      0.18044523894786835,
      0.27748993039131165,
      0.2166670560836792
    ],
    [
      0.27071571350097656,
      0.29422029852867126,
      1.0000001192092896,
      0.2158953845500946,
      0.36974596977233887,
      0.24937883019447327,
      0.3284640908241272,
      0.21142171323299408,
      0.19372572004795074,
      0.3032676875591278,
      0.3052661418914795,
      0.22799557447433472,
      0.24081559479236603,
      0.25545668601989746,
      0.32467982172966003,
      0.14081302285194397
    ],
    [
      0.640295147895813,
      0.5127586126327515,
      0.2158953845500946,
      1.0,
      0.1593267321586609,
      0.20460858941078186,
      0.23222218453884125,
      0.19414560496807098,
      0.3371730446815491,
      0.2907625138759613,
      0.31533533334732056,
      0.2876296937465668,
      0.21377483010292053,
      0.22775495052337646,
      0.2850358486175537,
      0.20120474696159363
    ],
    [
      0.23245322704315186,
      0.1801837533712387,
      0.36974596977233887,
      0.1593267321586609,
      1.0,
      0.3794706463813782,
      0.3103708028793335,
      0.3092364966869354,
      0.21863451600074768,
      0.2590242624282837,
      0.19653192162513733,
      0.3085917830467224,
      0.2700729966163635,
      0.1613851636648178,
      0.2752656936645508,
      0.14758768677711487
    ],
    [
      0.2012648582458496,
      0.13931582868099213,
      0.24937883019447327,
      0.20460858941078186,
      0.3794706463813782,
      1.0,
      0.3896249234676361,
      0.4419904947280884,
      0.2783809006214142,
      0.2797236144542694,
      0.30355772376060486,
      0.3607787787914276,
      0.3827750086784363,
      0.23531974852085114,
      0.24525146186351776,
      0.3294762969017029
    ],
    [
      0.2640949785709381,
      0.26232367753982544,
      0.3284640908241272,
      0.23222218453884125,
      0.3103708028793335,
      0.3896249234676361,
      1.0,
      0.5305373668670654,
      0.24698302149772644,
      0.29941055178642273,
      0.28141817450523376,
      0.3874697983264923,
      0.2770300805568695,
      0.24811245501041412,
      0.32392066717147827,
      0.3077508211135864
    ],
    [
      0.24337147176265717,
      0.15641726553440094,
      0.21142171323299408,
      0.19414560496807098,
      0.3092364966869354,
      0.4419904947280884,
      0.5305373668670654,
      1.0,
      0.22409096360206604,
      0.35509929060935974,
      0.24376100301742554,
      0.3375505208969116,
      0.39766639471054077,
      0.27213019132614136,
      0.3834741413593292,
      0.3919006884098053
    ],
    [
      0.4296608865261078,
      0.3103238642215729,
      0.19372572004795074,
      0.3371730446815491,
      0.21863451600074768,
      0.2783809006214142,
      0.24698302149772644,
      0.22409096360206604,
      1.0,
      0.23586001992225647,
      0.28155532479286194,
      0.39598947763442993,
      0.18771730363368988,
      0.20511415600776672,
      0.274137407541275,
      0.2381753921508789
    ],
    [
      0.326433390378952,
      0.26214364171028137,
      0.3032676875591278,
      0.2907625138759613,
      0.2590242624282837,
      0.2797236144542694,
      0.29941055178642273,
      0.35509929060935974,
      0.23586001992225647,
      1.0,
      0.3136429488658905,
      0.3920581042766571,
      0.3572762608528137,
      0.26735880970954895,
      0.4265284836292267,
      0.38845136761665344
    ],
    [
      0.31207528710365295,
      0.24149946868419647,
      0.3052661418914795,
      0.31533533334732056,
      0.19653192162513733,
      0.30355772376060486,
      0.28141817450523376,
      0.24376100301742554,
      0.28155532479286194,
      0.3136429488658905,
      1.0,
      0.2720332443714142,
      0.2398095577955246,
      0.21214298903942108,
      0.2325727492570877,
      0.29485368728637695
    ],
    [
      0.2782052755355835,
      0.223115935921669,
      0.22799557447433472,
      0.2876296937465668,
      0.3085917830467224,
      0.3607787787914276,
      0.3874697983264923,
      0.3375505208969116,
      0.39598947763442993,
      0.3920581042766571,
      0.2720332443714142,
      1.0,
      0.3684055209159851,
      0.28686022758483887,
      0.4106411635875702,
      0.33539626002311707
    ],
    [
      0.24837854504585266,
      0.21666651964187622,
      0.24081559479236603,
      0.21377483010292053,
      0.2700729966163635,
      0.3827750086784363,
      0.2770300805568695,
      0.39766639471054077,
      0.18771730363368988,
      0.3572762608528137,
      0.2398095577955246,
      0.3684055209159851,
      0.9999999403953552,
      0.388119101524353,
      0.45528537034988403,
      0.3833101689815521
    ],
    [
      0.2057652473449707,
      0.18044523894786835,
      0.25545668601989746,
      0.22775495052337646,
      0.1613851636648178,
      0.23531974852085114,
      0.24811245501041412,
      0.27213019132614136,
      0.20511415600776672,
      0.26735880970954895,
      0.21214298903942108,
      0.28686022758483887,
      0.388119101524353,
      1.0,
      0.3355602025985718,
      0.2677469551563263
    ],
    [
      0.35762161016464233,
      0.27748993039131165,
      0.32467982172966003,
      0.2850358486175537,
      0.2752656936645508,
      0.24525146186351776,
      0.32392066717147827,
      0.3834741413593292,
      0.274137407541275,
      0.4265284836292267,
      0.2325727492570877,
      0.4106411635875702,
      0.45528537034988403,
      0.3355602025985718,
      1.0,
      0.3317333161830902
    ],
    [
      0.2579694092273712,
      0.2166670560836792,
      0.14081302285194397,
      0.20120474696159363,
      0.14758768677711487,
      0.3294762969017029,
      0.3077508211135864,
      0.3919006884098053,
      0.2381753921508789,
      0.38845136761665344,
      0.29485368728637695,
      0.33539626002311707,
      0.3833101689815521,
      0.2677469551563263,
      0.3317333161830902,
      1.0
    ]
  ]
}