{
  "game_number": 213,
  "words": [
    "BEING",
    "CHARACTER",
    "EGO",
    "SELF",
    "CHEST",
    "CONSOLE",
    "VANITY",
    "WARDROBE",
    "CANT",
    "ID",
    "SHELL",
    "WERE",
    "MOVING",
    "SWEET",
    "TENDER",
    "TOUCHING"
  ],
  "adjacency_matrix": [
    [
      0.9999999403953552,
      0.42567864060401917,
      0.2833910584449768,
      0.5135069489479065,
      0.3689880073070526,
      0.36833852529525757,
      0.4193156957626343,
      0.2662666141986847,
      0.3726132810115814,
      0.08898851275444031,
      0.3304520547389984,
      0.5809615254402161,
      0.5674722790718079,
      0.423134446144104,
      0.40509241819381714,
      0.5188681483268738
    ],
    [
      0.42567864060401917,
      1.0,
      0.39731869101524353,
      0.43213239312171936,
      0.3471713662147522,
      0.4049033522605896,
      0.3587980568408966,
      0.40151485800743103,
      0.31198960542678833,
      0.2278294712305069,
      0.4246784448623657,
      0.29330673813819885,
      0.33002904057502747,
      0.3981505334377289,
      0.32504287362098694,
      0.4074592888355255
    ],
    [
      0.2833910584449768,
      0.39731869101524353,
      1.0,
      0.6278902292251587,
      0.312081515789032,
      0.2491583377122879,
      0.5390772223472595,
      0.304162859916687,
      0.2851591408252716,
      0.32556137442588806,
      0.3658406734466553,
      0.16718776524066925,
      0.16581842303276062,
      0.27846115827560425,
      0.28181275725364685,
      0.2369052767753601
    ],
    [
      0.5135069489479065,
      0.43213239312171936,
      0.6278902292251587,
      1.0,
      0.3652016222476959,
      0.37578344345092773,
      0.5365797877311707,
      0.31345081329345703,
      0.4175894260406494,
      0.31731343269348145,
      0.4573589563369751,
      0.30521059036254883,
      0.3501591086387634,
      0.42246121168136597,
      0.3762945234775543,
      0.4068547785282135
    ],
    [
      0.3689880073070526,
      0.3471713662147522,
      0.312081515789032,
      0.3652016222476959,
      1.0,
      0.43563130497932434,
      0.28551483154296875,
      0.4239356815814972,
      0.2918865978717804,
      0.1081693023443222,
      0.4382018744945526,
      0.32275673747062683,
      0.3583366572856903,
      0.30961430072784424,
      0.350588858127594,
      0.43238183856010437
    ],
    [
      0.36833852529525757,
      0.4049033522605896,
      0.2491583377122879,
      0.37578344345092773,
      0.43563130497932434,
      1.0,
      0.347521036863327,
      0.3283845782279968,
      0.34569835662841797,
      0.18128710985183716,
      0.43454745411872864,
      0.32717734575271606,
      0.3729328513145447,
      0.36633116006851196,
      0.3395198583602905,
      0.3801254332065582
    ],
    [
      0.4193156957626343,
      0.3587980568408966,
      0.5390772223472595,
      0.5365797877311707,
      0.28551483154296875,
      0.347521036863327,
      1.0,
      0.32738956809043884,
      0.317062646150589,
      0.17864005267620087,
      0.33689218759536743,
      0.2731799781322479,
      0.2691223621368408,
      0.373747855424881,
      0.3157004714012146,
      0.34509357810020447
    ],
    [
      0.2662666141986847,
      0.40151485800743103,
      0.304162859916687,
      0.31345081329345703,
      0.4239356815814972,
      0.3283845782279968,
      0.32738956809043884,
      0.9999999403953552,
      0.1590186059474945,
      0.12696200609207153,
      0.2872953414916992,
      0.21444571018218994,
      0.24079880118370056,
      0.2450050413608551,
      0.21128340065479279,
      0.2198246568441391
    ],
    [
      0.3726132810115814,
      0.31198960542678833,
      0.2851591408252716,
      0.4175894260406494,
      0.2918865978717804,
      0.34569835662841797,
      0.317062646150589,
      0.1590186059474945,
      1.0,
      0.24788250029087067,
      0.3100321888923645,
      0.3869692385196686,
      0.3303682506084442,
      0.3569396138191223,
      0.2944554388523102,
      0.32109642028808594
    ],
    [
      0.08898851275444031,
      0.2278294712305069,
      0.32556137442588806,
      0.31731343269348145,
      0.1081693023443222,
      0.18128710985183716,
      0.17864005267620087,
      0.12696200609207153,
      0.24788250029087067,
      1.0,
      0.219263955950737,
      0.10880628228187561,
      0.01287376694381237,
      0.13417813181877136,
      0.06604808568954468,
      0.048507511615753174
    ],
    [
      0.3304520547389984,
      0.4246784448623657,
      0.3658406734466553,
      0.4573589563369751,
      0.4382018744945526,
      0.43454745411872864,
      0.33689218759536743,
      0.2872953414916992,
      0.3100321888923645,
      0.219263955950737,
      1.0,
      0.27977022528648376,
      0.3511565327644348,
      0.371741384267807,
      0.374702125787735,
      0.3668341338634491
    ],
    [
      0.5809615254402161,
      0.29330673813819885,
      0.16718776524066925,
      0.30521059036254883,
      0.32275673747062683,
      0.32717734575271606,
      0.2731799781322479,
      0.21444571018218994,
      0.3869692385196686,
      0.10880628228187561,
      0.27977022528648376,
      1.0,
      0.3890126347541809,
      0.3199957609176636,
      0.40907883644104004,
      0.3388444185256958
    ],
    [
      0.5674722790718079,
      0.33002904057502747,
      0.16581842303276062,
      0.3501591086387634,
      0.3583366572856903,
      0.3729328513145447,
      0.2691223621368408,
      0.24079880118370056,
      0.3303682506084442,
      0.01287376694381237,
      0.3511565327644348,
      0.3890126347541809,
      1.0,
      0.3340214192867279,
      0.3592754602432251,
      0.6204127669334412
    ],
    [
      0.423134446144104,
      0.3981505334377289,
      0.27846115827560425,
      0.42246121168136597,
      0.30961430072784424,
      0.36633116006851196,
      0.373747855424881,
      0.2450050413608551,
      0.3569396138191223,
      0.13417813181877136,
      0.371741384267807,
      0.3199957609176636,
      0.3340214192867279,
      1.0,
      0.5488008856773376,
      0.4775887131690979
    ],
    [
      0.40509241819381714,
      0.32504287362098694,
      0.28181275725364685,
      0.3762945234775543,
      0.350588858127594,
      0.3395198583602905,
      0.3157004714012146,
      0.21128340065479279,
      0.2944554388523102,
      0.06604808568954468,
      0.374702125787735,
      0.40907883644104004,
      0.3592754602432251,
      0.5488008856773376,
      1.0,
      0.4515000283718109
    ],
    [
      0.5188681483268738,
      0.4074592888355255,
      0.2369052767753601,
      0.4068547785282135,
      0.43238183856010437,
      0.3801254332065582,
      0.34509357810020447,
      0.2198246568441391,
      0.32109642028808594,
      0.048507511615753174,
      0.3668341338634491,
      0.3388444185256958,
      0.6204127669334412,
      0.4775887131690979,
      0.4515000283718109,
      1.0
    ]
  ]
}