{
  "game_number": 299,
  "words": [
    "ATTITUDE",
    "CHEEK",
    "LIP",
    "SASS",
    "BASS",
    "FLUKE",
    "PERCH",
    "PIKE",
    "BRIDGE",
    "LENS",
    "RIM",
    "TEMPLE",
    "JOURNAL",
    "LOG",
    "RECORD",
    "REGISTER"
  ],
  "adjacency_matrix": [
    [
      0.9999999403953552,
      0.3823075294494629,
      0.3534003496170044,
      0.41209834814071655,
      0.2526792883872986,
      0.3213341236114502,
      0.2699953317642212,
      0.23565445840358734,
      0.2905310392379761,
      0.2934533953666687,
      0.23045411705970764,
      0.3086768090724945,
      0.28013837337493896,
      0.25302767753601074,
      0.4278102517127991,
      0.28617867827415466
    ],
    [
      0.3823075294494629,
      0.9999999403953552,
      0.6602069735527039,
      0.38766077160835266,
      0.26507970690727234,
      0.30393490195274353,
      0.3407593369483948,
      0.3187350034713745,
      0.2721911370754242,
      0.3006226420402527,
      0.3723986744880676,
      0.2881271541118622,
      0.12812092900276184,
      0.21881669759750366,
      0.215921550989151,
      0.31052282452583313
    ],
    [
      0.3534003496170044,
      0.6602069735527039,
      1.0,
      0.36903443932533264,
      0.35302895307540894,
      0.27945297956466675,
      0.2759895324707031,
      0.28803715109825134,
      0.3656668961048126,
      0.34570786356925964,
      0.5469043850898743,
      0.2400457262992859,
      0.10308905690908432,
      0.18540294468402863,
      0.2535199522972107,
      0.3372228741645813
    ],
    [
      0.41209834814071655,
      0.38766077160835266,
      0.36903443932533264,
      1.0000001192092896,
      0.32063180208206177,
      0.2090805172920227,
      0.25394880771636963,
      0.2210419625043869,
      0.2064657360315323,
      0.13071036338806152,
      0.21800270676612854,
      0.15704011917114258,
      0.12932835519313812,
      0.1489119827747345,
      0.23052920401096344,
      0.2926902770996094
    ],
    [
      0.2526792883872986,
      0.26507970690727234,
      0.35302895307540894,
      0.32063180208206177,
      1.0,
      0.30178573727607727,
      0.4693613350391388,
      0.4211622476577759,
      0.33957335352897644,
      0.24888940155506134,
      0.32847753167152405,
      0.1998555213212967,
      0.18975931406021118,
      0.23539826273918152,
      0.34748655557632446,
      0.30912917852401733
    ],
    [
      0.3213341236114502,
      0.30393490195274353,
      0.27945297956466675,
      0.2090805172920227,
      0.30178573727607727,
      1.0,
      0.36207568645477295,
      0.2910267114639282,
      0.26980060338974,
      0.2852575182914734,
      0.22859786450862885,
      0.20836758613586426,
      0.22507479786872864,
      0.2828226685523987,
      0.39647629857063293,
      0.2327965646982193
    ],
    [
      0.2699953317642212,
      0.3407593369483948,
      0.2759895324707031,
      0.25394880771636963,
      0.4693613350391388,
      0.36207568645477295,
      1.0,
      0.44932791590690613,
      0.36192911863327026,
      0.2961876094341278,
      0.36072060465812683,
      0.31621626019477844,
      0.22480255365371704,
      0.2873893678188324,
      0.3147982358932495,
      0.25123897194862366
    ],
    [
      0.23565445840358734,
      0.3187350034713745,
      0.28803715109825134,
      0.2210419625043869,
      0.4211622476577759,
      0.2910267114639282,
      0.44932791590690613,
      1.0,
      0.32188230752944946,
      0.25806596875190735,
      0.2943193316459656,
      0.18701733648777008,
      0.07501599192619324,
      0.14624947309494019,
      0.15067774057388306,
      0.09850277751684189
    ],
    [
      0.2905310392379761,
      0.2721911370754242,
      0.3656668961048126,
      0.2064657360315323,
      0.33957335352897644,
      0.26980060338974,
      0.36192911863327026,
      0.32188230752944946,
      1.0,
      0.36935365200042725,
      0.34050819277763367,
      0.43407928943634033,
      0.3139584958553314,
      0.3183039426803589,
      0.40534713864326477,
      0.39862021803855896
    ],
    [
      0.2934533953666687,
      0.3006226420402527,
      0.34570786356925964,
      0.13071036338806152,
      0.24888940155506134,
      0.2852575182914734,
      0.2961876094341278,
      0.25806596875190735,
      0.36935365200042725,
      0.9999999403953552,
      0.33156540989875793,
      0.2940683662891388,
      0.2583729922771454,
      0.2579870820045471,
      0.29929620027542114,
      0.23123815655708313
    ],
    [
      0.23045411705970764,
      0.3723986744880676,
      0.5469043850898743,
      0.21800270676612854,
      0.32847753167152405,
      0.22859786450862885,
      0.36072060465812683,
      0.2943193316459656,
      0.34050819277763367,
      0.33156540989875793,
      0.9999999403953552,
      0.3352818191051483,
      0.16677160561084747,
      0.1957346796989441,
      0.25469866394996643,
      0.18573544919490814
    ],
    [
      0.3086768090724945,
      0.2881271541118622,
      0.2400457262992859,
      0.15704011917114258,
      0.1998555213212967,
      0.20836758613586426,
      0.31621626019477844,
      0.18701733648777008,
      0.43407928943634033,
      0.2940683662891388,
      0.3352818191051483,
      1.0,
      0.29883307218551636,
      0.2578244209289551,
      0.33510252833366394,
      0.3140014410018921
    ],
    [
      0.28013837337493896,
      0.12812092900276184,
      0.10308905690908432,
      0.12932835519313812,
      0.18975931406021118,
      0.22507479786872864,
      0.22480255365371704,
      0.07501599192619324,
      0.3139584958553314,
      0.2583729922771454,
      0.16677160561084747,
      0.29883307218551636,
      1.0,
      0.3777146339416504,
      0.42912012338638306,
      0.34928271174430847
    ],
    [
      0.25302767753601074,
      0.21881669759750366,
      0.18540294468402863,
      0.1489119827747345,
      0.23539826273918152,
      0.2828226685523987,
      0.2873893678188324,
      0.14624947309494019,
      0.3183039426803589,
      0.2579870820045471,
      0.1957346796989441,
      0.2578244209289551,
      0.3777146339416504,
      1.0,
      0.48940595984458923,
      0.50588059425354
    ],
    [
      0.4278102517127991,
      0.215921550989151,
      0.2535199522972107,
      0.23052920401096344,
      0.34748655557632446,
      0.39647629857063293,
      0.3147982358932495,
      0.15067774057388306,
      0.40534713864326477,
      0.29929620027542114,
      0.25469866394996643,
      0.33510252833366394,
      0.42912012338638306,
      0.48940595984458923,
      1.0,
      0.47631213068962097
    ],
    [
      0.28617867827415466,
      0.31052282452583313,
      0.3372228741645813,
      0.2926902770996094,
      0.30912917852401733,
      0.2327965646982193,
      0.25123897194862366,
      0.09850277751684189,
      0.39862021803855896,
      0.23123815655708313,
      0.18573544919490814,
      0.3140014410018921,
      0.34928271174430847,
      0.50588059425354,
      0.47631213068962097,
      1.0
    ]
  ]
}