{
  "game_number": 68,
  "words": [
    "CAVITY",
    "HOLLOW",
    "NOOK",
    "RECESS",
    "CERTIFICATE",
    "MEDAL",
    "PLAQUE",
    "TROPHY",
    "FERMENT",
    "PROOF",
    "REST",
    "RISE",
    "BUBBLE",
    "FUSE",
    "KISS",
    "RASPBERRY"
  ],
  "adjacency_matrix": [
    [
      0.9999999403953552,
      0.5274674892425537,
      0.39369532465934753,
      0.3558709919452667,
      0.2590481638908386,
      0.20631413161754608,
      0.3959142863750458,
      0.3088083565235138,
      0.30088484287261963,
      0.26137301325798035,
      0.3911033570766449,
      0.27866265177726746,
      0.4558587372303009,
      0.41295960545539856,
      0.27666303515434265,
      0.39101895689964294
    ],
    [
      0.5274674892425537,
      1.0,
      0.4003010392189026,
      0.3891477882862091,
      0.29280704259872437,
      0.26432570815086365,
      0.31982123851776123,
      0.3432391583919525,
      0.27690720558166504,
      0.36511731147766113,
      0.47707003355026245,
      0.4143645465373993,
      0.457055002450943,
      0.36878451704978943,
      0.31455230712890625,
      0.3903244733810425
    ],
    [
      0.39369532465934753,
      0.4003010392189026,
      0.9999999403953552,
      0.3546102046966553,
      0.13518139719963074,
      0.1741211712360382,
      0.2573382258415222,
      0.2727518081665039,
      0.25452595949172974,
      0.17316268384456635,
      0.38579028844833374,
      0.20541030168533325,
      0.3230534791946411,
      0.18640558421611786,
      0.1949681043624878,
      0.2862272560596466
    ],
    [
      0.3558709919452667,
      0.3891477882862091,
      0.3546102046966553,
      1.0000001192092896,
      0.2060815840959549,
      0.27125468850135803,
      0.25221988558769226,
      0.2761651575565338,
      0.2723544239997864,
      0.19756314158439636,
      0.44134485721588135,
      0.35565316677093506,
      0.35297879576683044,
      0.27924680709838867,
      0.21858946979045868,
      0.1769903153181076
    ],
    [
      0.2590481638908386,
      0.29280704259872437,
      0.13518139719963074,
      0.2060815840959549,
      1.0,
      0.48184922337532043,
      0.4255481958389282,
      0.45031020045280457,
      0.14547528326511383,
      0.5048754215240479,
      0.3847181797027588,
      0.31078505516052246,
      0.2604210674762726,
      0.290737122297287,
      0.34326133131980896,
      0.27608779072761536
    ],
    [
      0.20631413161754608,
      0.26432570815086365,
      0.1741211712360382,
      0.27125468850135803,
      0.48184922337532043,
      1.0,
      0.5264862179756165,
      0.6316308975219727,
      0.1196068599820137,
      0.31980833411216736,
      0.34725865721702576,
      0.2635055482387543,
      0.2888682186603546,
      0.276896208524704,
      0.3258688151836395,
      0.27265846729278564
    ],
    [
      0.3959142863750458,
      0.31982123851776123,
      0.2573382258415222,
      0.25221988558769226,
      0.4255481958389282,
      0.5264862179756165,
      1.0,
      0.5355653166770935,
      0.15762990713119507,
      0.3651152551174164,
      0.3263952434062958,
      0.28290680050849915,
      0.3426649570465088,
      0.21549107134342194,
      0.3271978199481964,
      0.3615433871746063
    ],
    [
      0.3088083565235138,
      0.3432391583919525,
      0.2727518081665039,
      0.2761651575565338,
      0.45031020045280457,
      0.6316308975219727,
      0.5355653166770935,
      1.0,
      0.1361154019832611,
      0.3993736803531647,
      0.39750611782073975,
      0.2701093852519989,
      0.31267815828323364,
      0.233900785446167,
      0.43680745363235474,
      0.2921198010444641
    ],
    [
      0.30088484287261963,
      0.27690720558166504,
      0.25452595949172974,
      0.2723544239997864,
      0.14547528326511383,
      0.1196068599820137,
      0.15762990713119507,
      0.1361154019832611,
      1.0,
      0.2265053391456604,
      0.373008131980896,
      0.4213235676288605,
      0.3853446841239929,
      0.32461604475975037,
      0.20041674375534058,
      0.2868918180465698
    ],
    [
      0.26137301325798035,
      0.36511731147766113,
      0.17316268384456635,
      0.19756314158439636,
      0.5048754215240479,
      0.31980833411216736,
      0.3651152551174164,
      0.3993736803531647,
      0.2265053391456604,
      1.0,
      0.4523705244064331,
      0.3673045337200165,
      0.28364259004592896,
      0.2405795454978943,
      0.32723701000213623,
      0.24345971643924713
    ],
    [
      0.3911033570766449,
      0.47707003355026245,
      0.38579028844833374,
      0.44134485721588135,
      0.3847181797027588,
      0.34725865721702576,
      0.3263952434062958,
      0.39750611782073975,
      0.373008131980896,
      0.4523705244064331,
      1.0,
      0.5301958322525024,
      0.39136040210723877,
      0.33632296323776245,
      0.4101659059524536,
      0.27395132184028625
    ],
    [
      0.27866265177726746,
      0.4143645465373993,
      0.20541030168533325,
      0.35565316677093506,
      0.31078505516052246,
      0.2635055482387543,
      0.28290680050849915,
      0.2701093852519989,
      0.4213235676288605,
      0.3673045337200165,
      0.5301958322525024,
      0.9999999403953552,
      0.47733014822006226,
      0.31315404176712036,
      0.40884092450141907,
      0.2683287262916565
    ],
    [
      0.4558587372303009,
      0.457055002450943,
      0.3230534791946411,
      0.35297879576683044,
      0.2604210674762726,
      0.2888682186603546,
      0.3426649570465088,
      0.31267815828323364,
      0.3853446841239929,
      0.28364259004592896,
      0.39136040210723877,
      0.47733014822006226,
      1.0,
      0.34011948108673096,
      0.344364196062088,
      0.41480380296707153
    ],
    [
      0.41295960545539856,
      0.36878451704978943,
      0.18640558421611786,
      0.27924680709838867,
      0.290737122297287,
      0.276896208524704,
      0.21549107134342194,
      0.233900785446167,
      0.32461604475975037,
      0.2405795454978943,
      0.33632296323776245,
      0.31315404176712036,
      0.34011948108673096,
      1.0000001192092896,
      0.39552855491638184,
      0.33797627687454224
    ],
    [
      0.27666303515434265,
      0.31455230712890625,
      0.1949681043624878,
      0.21858946979045868,
      0.34326133131980896,
      0.3258688151836395,
      0.3271978199481964,
      0.43680745363235474,
      0.20041674375534058,
      0.32723701000213623,
      0.4101659059524536,
      0.40884092450141907,
      0.344364196062088,
      0.39552855491638184,
      1.0,
      0.4105685353279114
    ],
    [
      0.39101895689964294,
      0.3903244733810425,
      0.2862272560596466,
      0.1769903153181076,
      0.27608779072761536,
      0.27265846729278564,
      0.3615433871746063,
      0.2921198010444641,
      0.2868918180465698,
      0.24345971643924713,
      0.27395132184028625,
      0.2683287262916565,
      0.41480380296707153,
      0.33797627687454224,
      0.4105685353279114,
      1.0000001192092896
    ]
  ]
}