{
  "game_number": 525,
  "words": [
    "BARN",
    "CHICKEN",
    "FARMER",
    "TRACTOR",
    "ASTER",
    "CARPENTER",
    "CRAVEN",
    "WAN",
    "DUST",
    "LIFE",
    "SPORTS",
    "YELLOW",
    "BEAK",
    "FEATHER",
    "TALON",
    "WING"
  ],
  "adjacency_matrix": [
    [
      1.0,
      0.469391793012619,
      0.44574326276779175,
      0.5088332891464233,
      0.3318793475627899,
      0.4425278902053833,
      0.19934841990470886,
      0.2335454523563385,
      0.36397743225097656,
      0.31947746872901917,
      0.2872917056083679,
      0.34266769886016846,
      0.3199945092201233,
      0.322065144777298,
      0.3056056499481201,
      0.41383978724479675
    ],
    [
      0.469391793012619,
      1.0,
      0.44939759373664856,
      0.37243780493736267,
      0.29950830340385437,
      0.3362634778022766,
      0.3102450370788574,
      0.31762591004371643,
      0.3485845923423767,
      0.34005028009414673,
      0.3341825306415558,
      0.45082005858421326,
      0.49466657638549805,
      0.43853721022605896,
      0.3925885260105133,
      0.4231603443622589
    ],
    [
      0.44574326276779175,
      0.44939759373664856,
      1.0,
      0.5269188284873962,
      0.28581181168556213,
      0.573278546333313,
      0.23948553204536438,
      0.2474510371685028,
      0.26590821146965027,
      0.3895297646522522,
      0.3013491630554199,
      0.27413973212242126,
      0.21075066924095154,
      0.1482611745595932,
      0.24777273833751678,
      0.2658829987049103
    ],
    [
      0.5088332891464233,
      0.37243780493736267,
      0.5269188284873962,
      0.9999999403953552,
      0.32988569140434265,
      0.40730270743370056,
      0.14771594107151031,
      0.2034105360507965,
      0.33988308906555176,
      0.2820426821708679,
      0.339212566614151,
      0.3537366986274719,
      0.2105662226676941,
      0.28446975350379944,
      0.30623817443847656,
      0.2982693314552307
    ],
    [
      0.3318793475627899,
      0.29950830340385437,
      0.28581181168556213,
      0.32988569140434265,
      1.0,
      0.2760155498981476,
      0.27445143461227417,
      0.35747799277305603,
      0.32615217566490173,
      0.26154825091362,
      0.22813419997692108,
      0.4623048007488251,
      0.2632991075515747,
      0.29893729090690613,
      0.34914395213127136,
      0.2774420976638794
    ],
    [
      0.4425278902053833,
      0.3362634778022766,
      0.573278546333313,
      0.40730270743370056,
      0.2760155498981476,
      1.0,
      0.18877334892749786,
      0.27267587184906006,
      0.23262548446655273,
      0.3733695447444916,
      0.28474828600883484,
      0.2833675742149353,
      0.3025255501270294,
      0.262869656085968,
      0.3082231879234314,
      0.3584807217121124
    ],
    [
      0.19934841990470886,
      0.3102450370788574,
      0.23948553204536438,
      0.14771594107151031,
      0.27445143461227417,
      0.18877334892749786,
      1.0,
      0.4815421998500824,
      0.21397490799427032,
      0.29031452536582947,
      0.26430222392082214,
      0.29123443365097046,
      0.2746894657611847,
      0.20387205481529236,
      0.29748183488845825,
      0.3081408739089966
    ],
    [
      0.2335454523563385,
      0.31762591004371643,
      0.2474510371685028,
      0.2034105360507965,
      0.35747799277305603,
      0.27267587184906006,
      0.4815421998500824,
      1.0,
      0.2473921924829483,
      0.27959004044532776,
      0.17760324478149414,
      0.35863810777664185,
      0.2534274160861969,
      0.2585916817188263,
      0.2838048040866852,
      0.23306047916412354
    ],
    [
      0.36397743225097656,
      0.3485845923423767,
      0.26590821146965027,
      0.33988308906555176,
      0.32615217566490173,
      0.23262548446655273,
      0.21397490799427032,
      0.2473921924829483,
      1.0,
      0.34133094549179077,
      0.26969560980796814,
      0.4380124807357788,
      0.29652151465415955,
      0.4006398618221283,
      0.3155651390552521,
      0.2561635375022888
    ],
    [
      0.31947746872901917,
      0.34005028009414673,
      0.3895297646522522,
      0.2820426821708679,
      0.26154825091362,
      0.3733695447444916,
      0.29031452536582947,
      0.27959004044532776,
      0.34133094549179077,
      1.0,
      0.5043209195137024,
      0.27771976590156555,
      0.30427590012550354,
      0.24215544760227203,
      0.28855547308921814,
      0.3584452271461487
    ],
    [
      0.2872917056083679,
      0.3341825306415558,
      0.3013491630554199,
      0.339212566614151,
      0.22813419997692108,
      0.28474828600883484,
      0.26430222392082214,
      0.17760324478149414,
      0.26969560980796814,
      0.5043209195137024,
      1.0,
      0.3540182411670685,
      0.21757470071315765,
      0.2082533985376358,
      0.33554863929748535,
      0.3939618170261383
    ],
    [
      0.34266769886016846,
      0.45082005858421326,
      0.27413973212242126,
      0.3537366986274719,
      0.4623048007488251,
      0.2833675742149353,
      0.29123443365097046,
      0.35863810777664185,
      0.4380124807357788,
      0.27771976590156555,
      0.3540182411670685,
      1.0,
      0.39962777495384216,
      0.40494483709335327,
      0.4156638979911804,
      0.38267579674720764
    ],
    [
      0.3199945092201233,
      0.49466657638549805,
      0.21075066924095154,
      0.2105662226676941,
      0.2632991075515747,
      0.3025255501270294,
      0.2746894657611847,
      0.2534274160861969,
      0.29652151465415955,
      0.30427590012550354,
      0.21757470071315765,
      0.39962777495384216,
      0.9999999403953552,
      0.532782793045044,
      0.5160150527954102,
      0.5092037320137024
    ],
    [
      0.322065144777298,
      0.43853721022605896,
      0.1482611745595932,
      0.28446975350379944,
      0.29893729090690613,
      0.262869656085968,
      0.20387205481529236,
      0.2585916817188263,
      0.4006398618221283,
      0.24215544760227203,
      0.2082533985376358,
      0.40494483709335327,
      0.532782793045044,
      0.9999999403953552,
      0.44551578164100647,
      0.48093530535697937
    ],
    [
      0.3056056499481201,
      0.3925885260105133,
      0.24777273833751678,
      0.30623817443847656,
      0.34914395213127136,
      0.3082231879234314,
      0.29748183488845825,
      0.2838048040866852,
      0.3155651390552521,
      0.28855547308921814,
      0.33554863929748535,
      0.4156638979911804,
      0.5160150527954102,
      0.44551578164100647,
      1.0,
      0.42518511414527893
    ],
    [
      0.41383978724479675,
      0.4231603443622589,
      0.2658829987049103,
      0.2982693314552307,
      0.2774420976638794,
      0.3584807217121124,
      0.3081408739089966,
      0.23306047916412354,
      0.2561635375022888,
      0.3584452271461487,
      0.3939618170261383,
      0.38267579674720764,
      0.5092037320137024,
      0.48093530535697937,
      0.42518511414527893,
      1.0
    ]
  ]
}