{
  "game_number": 350,
  "words": [
    "CROSS",
    "GARLIC",
    "SILVER",
    "SUN",
    "CRACKED",
    "LAMPOON",
    "MAD",
    "ONION",
    "MED",
    "MUSIC",
    "SANDWICH",
    "SODA",
    "BRASS",
    "CHEEK",
    "GALL",
    "NERVE"
  ],
  "adjacency_matrix": [
    [
      1.0,
      0.3637503981590271,
      0.4164031147956848,
      0.3218941390514374,
      0.3957388699054718,
      0.3350079655647278,
      0.3414316475391388,
      0.29073086380958557,
      0.35551756620407104,
      0.3457280397415161,
      0.3850499391555786,
      0.18398579955101013,
      0.3913341164588928,
      0.409481942653656,
      0.29752007126808167,
      0.4068659842014313
    ],
    [
      0.3637503981590271,
      1.0,
      0.4007441997528076,
      0.3348695933818817,
      0.27166956663131714,
      0.2912450134754181,
      0.2535478174686432,
      0.6907728314399719,
      0.26322662830352783,
      0.29736992716789246,
      0.37269729375839233,
      0.3176954686641693,
      0.36961668729782104,
      0.33558306097984314,
      0.2847064137458801,
      0.3210483491420746
    ],
    [
      0.4164031147956848,
      0.4007441997528076,
      1.0,
      0.3442932367324829,
      0.3108474910259247,
      0.23710499703884125,
      0.23592354357242584,
      0.3140954077243805,
      0.2854609489440918,
      0.32296067476272583,
      0.3293007016181946,
      0.3554917573928833,
      0.5709488391876221,
      0.2918652892112732,
      0.25352203845977783,
      0.28213781118392944
    ],
    [
      0.3218941390514374,
      0.3348695933818817,
      0.3442932367324829,
      1.0,
      0.24506771564483643,
      0.30542251467704773,
      0.24137981235980988,
      0.35881489515304565,
      0.26100414991378784,
      0.3530491888523102,
      0.279933363199234,
      0.3274209499359131,
      0.2765929698944092,
      0.2936883568763733,
      0.22260430455207825,
      0.19831836223602295
    ],
    [
      0.3957388699054718,
      0.27166956663131714,
      0.3108474910259247,
      0.24506771564483643,
      0.9999999403953552,
      0.30847832560539246,
      0.4141440987586975,
      0.3421240448951721,
      0.3426506817340851,
      0.2757297456264496,
      0.33234888315200806,
      0.30110180377960205,
      0.425600528717041,
      0.4101381003856659,
      0.27297601103782654,
      0.36347493529319763
    ],
    [
      0.3350079655647278,
      0.2912450134754181,
      0.23710499703884125,
      0.30542251467704773,
      0.30847832560539246,
      1.0,
      0.34146949648857117,
      0.2654206156730652,
      0.19455057382583618,
      0.3465273976325989,
      0.34608957171440125,
      0.32356852293014526,
      0.34491685032844543,
      0.3647342920303345,
      0.2803376615047455,
      0.2596367597579956
    ],
    [
      0.3414316475391388,
      0.2535478174686432,
      0.23592354357242584,
      0.24137981235980988,
      0.4141440987586975,
      0.34146949648857117,
      1.0,
      0.2526511549949646,
      0.3875758647918701,
      0.34816333651542664,
      0.23111794888973236,
      0.20923089981079102,
      0.2868557870388031,
      0.3057943880558014,
      0.2740148603916168,
      0.36040008068084717
    ],
    [
      0.29073086380958557,
      0.6907728314399719,
      0.3140954077243805,
      0.35881489515304565,
      0.3421240448951721,
      0.2654206156730652,
      0.2526511549949646,
      1.0,
      0.21686187386512756,
      0.203277587890625,
      0.45643410086631775,
      0.33169853687286377,
      0.3270055055618286,
      0.36543890833854675,
      0.3178851306438446,
      0.35465413331985474
    ],
    [
      0.35551756620407104,
      0.26322662830352783,
      0.2854609489440918,
      0.26100414991378784,
      0.3426506817340851,
      0.19455057382583618,
      0.3875758647918701,
      0.21686187386512756,
      1.0,
      0.34311366081237793,
      0.294377863407135,
      0.21893882751464844,
      0.25021860003471375,
      0.22908924520015717,
      0.19114920496940613,
      0.23730072379112244
    ],
    [
      0.3457280397415161,
      0.29736992716789246,
      0.32296067476272583,
      0.3530491888523102,
      0.2757297456264496,
      0.3465273976325989,
      0.34816333651542664,
      0.203277587890625,
      0.34311366081237793,
      1.0,
      0.3000912070274353,
      0.36064252257347107,
      0.41328462958335876,
      0.20583118498325348,
      0.14059293270111084,
      0.3120702803134918
    ],
    [
      0.3850499391555786,
      0.37269729375839233,
      0.3293007016181946,
      0.279933363199234,
      0.33234888315200806,
      0.34608957171440125,
      0.23111794888973236,
      0.45643410086631775,
      0.294377863407135,
      0.3000912070274353,
      1.0,
      0.4898955523967743,
      0.39016464352607727,
      0.35196903347969055,
      0.2646297812461853,
      0.33624935150146484
    ],
    [
      0.18398579955101013,
      0.3176954686641693,
      0.3554917573928833,
      0.3274209499359131,
      0.30110180377960205,
      0.32356852293014526,
      0.20923089981079102,
      0.33169853687286377,
      0.21893882751464844,
      0.36064252257347107,
      0.4898955523967743,
      1.0000001192092896,
      0.376672625541687,
      0.2645462155342102,
      0.2459888458251953,
      0.27449700236320496
    ],
    [
      0.3913341164588928,
      0.36961668729782104,
      0.5709488391876221,
      0.2765929698944092,
      0.425600528717041,
      0.34491685032844543,
      0.2868557870388031,
      0.3270055055618286,
      0.25021860003471375,
      0.41328462958335876,
      0.39016464352607727,
      0.376672625541687,
      1.0,
      0.361735075712204,
      0.36363527178764343,
      0.3730453848838806
    ],
    [
      0.409481942653656,
      0.33558306097984314,
      0.2918652892112732,
      0.2936883568763733,
      0.4101381003856659,
      0.3647342920303345,
      0.3057943880558014,
      0.36543890833854675,
      0.22908924520015717,
      0.20583118498325348,
      0.35196903347969055,
      0.2645462155342102,
      0.361735075712204,
      0.9999999403953552,
      0.486937552690506,
      0.4688730835914612
    ],
    [
      0.29752007126808167,
      0.2847064137458801,
      0.25352203845977783,
      0.22260430455207825,
      0.27297601103782654,
      0.2803376615047455,
      0.2740148603916168,
      0.3178851306438446,
      0.19114920496940613,
      0.14059293270111084,
      0.2646297812461853,
      0.2459888458251953,
      0.36363527178764343,
      0.486937552690506,
      1.0000001192092896,
      0.4751482605934143
    ],
    [
      0.4068659842014313,
      0.3210483491420746,
      0.28213781118392944,
      0.19831836223602295,
      0.36347493529319763,
      0.2596367597579956,
      0.36040008068084717,
      0.35465413331985474,
      0.23730072379112244,
      0.3120702803134918,
      0.33624935150146484,
      0.27449700236320496,
      0.3730453848838806,
      0.4688730835914612,
      0.4751482605934143,
      1.0
    ]
  ]
}