{
  "game_number": 485,
  "words": [
    "PLOT",
    "PLOY",
    "RUSE",
    "TRICK",
    "AMUSE",
    "DELIGHT",
    "PLEASE",
    "TICKLE",
    "BANG",
    "PLOP",
    "SPLASH",
    "THUD",
    "CRAB",
    "CRANK",
    "GROUCH",
    "GRUMP"
  ],
  "adjacency_matrix": [
    [
      1.0,
      0.40858763456344604,
      0.4267132580280304,
      0.39591506123542786,
      0.2554357647895813,
      0.28064337372779846,
      0.29597562551498413,
      0.26996463537216187,
      0.21570773422718048,
      0.3184894323348999,
      0.26845821738243103,
      0.16843774914741516,
      0.2898715138435364,
      0.28381624817848206,
      0.3203296959400177,
      0.23954427242279053
    ],
    [
      0.40858763456344604,
      1.0,
      0.7621626853942871,
      0.6979705691337585,
      0.31038057804107666,
      0.32468220591545105,
      0.2871856391429901,
      0.2569354772567749,
      0.26869678497314453,
      0.286977618932724,
      0.34419482946395874,
      0.1876402497291565,
      0.2723448872566223,
      0.36146509647369385,
      0.3034600019454956,
      0.3262823522090912
    ],
    [
      0.4267132580280304,
      0.7621626853942871,
      0.9999999403953552,
      0.6778775453567505,
      0.3409949243068695,
      0.37432509660720825,
      0.2499305009841919,
      0.2499546855688095,
      0.26790717244148254,
      0.29097795486450195,
      0.3189601004123688,
      0.18221040070056915,
      0.29899927973747253,
      0.31317412853240967,
      0.29505473375320435,
      0.31638583540916443
    ],
    [
      0.39591506123542786,
      0.6979705691337585,
      0.6778775453567505,
      1.0,
      0.45108041167259216,
      0.4393084645271301,
      0.3798981010913849,
      0.3863116502761841,
      0.36018475890159607,
      0.3581832945346832,
      0.4070902168750763,
      0.18561802804470062,
      0.3778160512447357,
      0.440356582403183,
      0.3858339488506317,
      0.41704580187797546
    ],
    [
      0.2554357647895813,
      0.31038057804107666,
      0.3409949243068695,
      0.45108041167259216,
      0.9999999403953552,
      0.640394389629364,
      0.4292827248573303,
      0.5755280256271362,
      0.31017690896987915,
      0.3539966344833374,
      0.33385008573532104,
      0.21735796332359314,
      0.2348911166191101,
      0.34647268056869507,
      0.44132113456726074,
      0.4891062378883362
    ],
    [
      0.28064337372779846,
      0.32468220591545105,
      0.37432509660720825,
      0.4393084645271301,
      0.640394389629364,
      1.0,
      0.41668492555618286,
      0.5231170654296875,
      0.3265419602394104,
      0.33511778712272644,
      0.3689214587211609,
      0.34971627593040466,
      0.29437822103500366,
      0.3330592215061188,
      0.4956815242767334,
      0.5067816972732544
    ],
    [
      0.29597562551498413,
      0.2871856391429901,
      0.2499305009841919,
      0.3798981010913849,
      0.4292827248573303,
      0.41668492555618286,
      1.0,
      0.3317531943321228,
      0.325910747051239,
      0.3762294054031372,
      0.2686072885990143,
      0.17051754891872406,
      0.18100662529468536,
      0.26383835077285767,
      0.3468484580516815,
      0.3559659421443939
    ],
    [
      0.26996463537216187,
      0.2569354772567749,
      0.2499546855688095,
      0.3863116502761841,
      0.5755280256271362,
      0.5231170654296875,
      0.3317531943321228,
      1.0,
      0.4493093490600586,
      0.47936466336250305,
      0.43348830938339233,
      0.3495650887489319,
      0.38379043340682983,
      0.43270543217658997,
      0.4772822856903076,
      0.466793417930603
    ],
    [
      0.21570773422718048,
      0.26869678497314453,
      0.26790717244148254,
      0.36018475890159607,
      0.31017690896987915,
      0.3265419602394104,
      0.325910747051239,
      0.4493093490600586,
      0.9999999403953552,
      0.47306299209594727,
      0.514742910861969,
      0.5431895852088928,
      0.26871031522750854,
      0.38163378834724426,
      0.35914328694343567,
      0.42583218216896057
    ],
    [
      0.3184894323348999,
      0.286977618932724,
      0.29097795486450195,
      0.3581832945346832,
      0.3539966344833374,
      0.33511778712272644,
      0.3762294054031372,
      0.47936466336250305,
      0.47306299209594727,
      1.0,
      0.5309088230133057,
      0.45306065678596497,
      0.34473639726638794,
      0.3669050931930542,
      0.4000740349292755,
      0.4117719829082489
    ],
    [
      0.26845821738243103,
      0.34419482946395874,
      0.3189601004123688,
      0.4070902168750763,
      0.33385008573532104,
      0.3689214587211609,
      0.2686072885990143,
      0.43348830938339233,
      0.514742910861969,
      0.5309088230133057,
      0.9999999403953552,
      0.4165022373199463,
      0.3675204813480377,
      0.3250061571598053,
      0.3215455412864685,
      0.34715762734413147
    ],
    [
      0.16843774914741516,
      0.1876402497291565,
      0.18221040070056915,
      0.18561802804470062,
      0.21735796332359314,
      0.34971627593040466,
      0.17051754891872406,
      0.3495650887489319,
      0.5431895852088928,
      0.45306065678596497,
      0.4165022373199463,
      1.0,
      0.16770394146442413,
      0.22471722960472107,
      0.35260266065597534,
      0.3387710154056549
    ],
    [
      0.2898715138435364,
      0.2723448872566223,
      0.29899927973747253,
      0.3778160512447357,
      0.2348911166191101,
      0.29437822103500366,
      0.18100662529468536,
      0.38379043340682983,
      0.26871031522750854,
      0.34473639726638794,
      0.3675204813480377,
      0.16770394146442413,
      1.0,
      0.4022224247455597,
      0.31145232915878296,
      0.34326839447021484
    ],
    [
      0.28381624817848206,
      0.36146509647369385,
      0.31317412853240967,
      0.440356582403183,
      0.34647268056869507,
      0.3330592215061188,
      0.26383835077285767,
      0.43270543217658997,
      0.38163378834724426,
      0.3669050931930542,
      0.3250061571598053,
      0.22471722960472107,
      0.4022224247455597,
      1.0,
      0.4572490155696869,
      0.4602592885494232
    ],
    [
      0.3203296959400177,
      0.3034600019454956,
      0.29505473375320435,
      0.3858339488506317,
      0.44132113456726074,
      0.4956815242767334,
      0.3468484580516815,
      0.4772822856903076,
      0.35914328694343567,
      0.4000740349292755,
      0.3215455412864685,
      0.35260266065597534,
      0.31145232915878296,
      0.4572490155696869,
      1.0,
      0.6932696104049683
    ],
    [
      0.23954427242279053,
      0.3262823522090912,
      0.31638583540916443,
      0.41704580187797546,
      0.4891062378883362,
      0.5067816972732544,
      0.3559659421443939,
      0.466793417930603,
      0.42583218216896057,
      0.4117719829082489,
      0.34715762734413147,
      0.3387710154056549,
      0.34326839447021484,
      0.4602592885494232,
      0.6932696104049683,
      1.0
    ]
  ]
}