{
  "game_number": 372,
  "words": [
    "COPY",
    "TEXT",
    "WORDS",
    "WRITING",
    "CARAT",
    "CLARITY",
    "COLOR",
    "CUT",
    "LIST",
    "OK",
    "PLUS",
    "ROD",
    "CURB",
    "GRATE",
    "GUTTER",
    "MANHOLE"
  ],
  "adjacency_matrix": [
    [
      1.0,
      0.5536267757415771,
      0.43441396951675415,
      0.503221333026886,
      0.30276623368263245,
      0.3750540614128113,
      0.36426421999931335,
      0.5063238739967346,
      0.4438106417655945,
      0.3095218539237976,
      0.3380473554134369,
      0.28263506293296814,
      0.3396948277950287,
      0.3118486702442169,
      0.28328415751457214,
      0.20443600416183472
    ],
    [
      0.5536267757415771,
      0.9999999403953552,
      0.5826186537742615,
      0.45856931805610657,
      0.33208996057510376,
      0.45279648900032043,
      0.49030521512031555,
      0.40196970105171204,
      0.4767477214336395,
      0.2943512499332428,
      0.3698236644268036,
      0.26317542791366577,
      0.20820482075214386,
      0.30929654836654663,
      0.26251161098480225,
      0.24304090440273285
    ],
    [
      0.43441396951675415,
      0.5826186537742615,
      1.0,
      0.4597036838531494,
      0.3330792486667633,
      0.45093294978141785,
      0.3396657407283783,
      0.34247899055480957,
      0.4119391143321991,
      0.34600746631622314,
      0.37600773572921753,
      0.27236390113830566,
      0.2935313582420349,
      0.3491375744342804,
      0.323147177696228,
      0.23204897344112396
    ],
    [
      0.503221333026886,
      0.45856931805610657,
      0.4597036838531494,
      1.0,
      0.15269990265369415,
      0.46681252121925354,
      0.28667694330215454,
      0.36654898524284363,
      0.41246497631073,
      0.32213351130485535,
      0.27021172642707825,
      0.1990629881620407,
      0.3172384798526764,
      0.3986857831478119,
      0.37349647283554077,
      0.18912950158119202
    ],
    [
      0.30276623368263245,
      0.33208996057510376,
      0.3330792486667633,
      0.15269990265369415,
      1.0,
      0.32591143250465393,
      0.35116496682167053,
      0.2653067111968994,
      0.21558089554309845,
      0.19986388087272644,
      0.29981547594070435,
      0.22451479732990265,
      0.18541452288627625,
      0.18877319991588593,
      0.19139492511749268,
      0.1563883274793625
    ],
    [
      0.3750540614128113,
      0.45279648900032043,
      0.45093294978141785,
      0.46681252121925354,
      0.32591143250465393,
      1.0,
      0.42889028787612915,
      0.3481665253639221,
      0.313515305519104,
      0.29385024309158325,
      0.2889587879180908,
      0.21833190321922302,
      0.3243054747581482,
      0.32406720519065857,
      0.32767367362976074,
      0.1301090121269226
    ],
    [
      0.36426421999931335,
      0.49030521512031555,
      0.3396657407283783,
      0.28667694330215454,
      0.35116496682167053,
      0.42889028787612915,
      1.0,
      0.31615811586380005,
      0.2947089374065399,
      0.17494437098503113,
      0.2639197111129761,
      0.29526486992836,
      0.234091654419899,
      0.22022011876106262,
      0.31036078929901123,
      0.170852929353714
    ],
    [
      0.5063238739967346,
      0.40196970105171204,
      0.34247899055480957,
      0.36654898524284363,
      0.2653067111968994,
      0.3481665253639221,
      0.31615811586380005,
      1.0,
      0.40245944261550903,
      0.3242551386356354,
      0.3744871914386749,
      0.37537065148353577,
      0.529356837272644,
      0.48099955916404724,
      0.407819002866745,
      0.30996444821357727
    ],
    [
      0.4438106417655945,
      0.4767477214336395,
      0.4119391143321991,
      0.41246497631073,
      0.21558089554309845,
      0.313515305519104,
      0.2947089374065399,
      0.40245944261550903,
      1.0,
      0.3302063047885895,
      0.408705472946167,
      0.24312567710876465,
      0.3351854681968689,
      0.3186286687850952,
      0.2553149461746216,
      0.2331111580133438
    ],
    [
      0.3095218539237976,
      0.2943512499332428,
      0.34600746631622314,
      0.32213351130485535,
      0.19986388087272644,
      0.29385024309158325,
      0.17494437098503113,
      0.3242551386356354,
      0.3302063047885895,
      0.9999999403953552,
      0.4011959731578827,
      0.1978587657213211,
      0.2253502607345581,
      0.3007413148880005,
      0.26593294739723206,
      0.16414900124073029
    ],
    [
      0.3380473554134369,
      0.3698236644268036,
      0.37600773572921753,
      0.27021172642707825,
      0.29981547594070435,
      0.2889587879180908,
      0.2639197111129761,
      0.3744871914386749,
      0.408705472946167,
      0.4011959731578827,
      1.0,
      0.23786751925945282,
      0.2518555819988251,
      0.31939175724983215,
      0.23226967453956604,
      0.18493814766407013
    ],
    [
      0.28263506293296814,
      0.26317542791366577,
      0.27236390113830566,
      0.1990629881620407,
      0.22451479732990265,
      0.21833190321922302,
      0.29526486992836,
      0.37537065148353577,
      0.24312567710876465,
      0.1978587657213211,
      0.23786751925945282,
      1.0,
      0.30386877059936523,
      0.4085448086261749,
      0.33050841093063354,
      0.33202388882637024
    ],
    [
      0.3396948277950287,
      0.20820482075214386,
      0.2935313582420349,
      0.3172384798526764,
      0.18541452288627625,
      0.3243054747581482,
      0.234091654419899,
      0.529356837272644,
      0.3351854681968689,
      0.2253502607345581,
      0.2518555819988251,
      0.30386877059936523,
      1.0,
      0.49643248319625854,
      0.5413459539413452,
      0.294636070728302
    ],
    [
      0.3118486702442169,
      0.30929654836654663,
      0.3491375744342804,
      0.3986857831478119,
      0.18877319991588593,
      0.32406720519065857,
      0.22022011876106262,
      0.48099955916404724,
      0.3186286687850952,
      0.3007413148880005,
      0.31939175724983215,
      0.4085448086261749,
      0.49643248319625854,
      1.0,
      0.4827243387699127,
      0.4617479145526886
    ],
    [
      0.28328415751457214,
      0.26251161098480225,
      0.323147177696228,
      0.37349647283554077,
      0.19139492511749268,
      0.32767367362976074,
      0.31036078929901123,
      0.407819002866745,
      0.2553149461746216,
      0.26593294739723206,
      0.23226967453956604,
      0.33050841093063354,
      0.5413459539413452,
      0.4827243387699127,
      1.0,
      0.5187404751777649
    ],
    [
      0.20443600416183472,
      0.24304090440273285,
      0.23204897344112396,
      0.18912950158119202,
      0.1563883274793625,
      0.1301090121269226,
      0.170852929353714,
      0.30996444821357727,
      0.2331111580133438,
      0.16414900124073029,
      0.18493814766407013,
      0.33202388882637024,
      0.294636070728302,
      0.4617479145526886,
      0.5187404751777649,
      1.0
    ]
  ]
}