{
  "game_number": 621,
  "words": [
    "HEART",
    "KIDNEY",
    "LIVER",
    "LUNG",
    "COVER",
    "JACKET",
    "PAGE",
    "SPINE",
    "ASS",
    "KNIFE",
    "POT",
    "RABBIT",
    "DENMARK",
    "GREECE",
    "POLAND",
    "PORTUGAL"
  ],
  "adjacency_matrix": [
    [
      1.0,
      0.5496205687522888,
      0.5912265181541443,
      0.5771936774253845,
      0.3482661843299866,
      0.32611754536628723,
      0.35254356265068054,
      0.5243644118309021,
      0.3829823434352875,
      0.42064425349235535,
      0.35720452666282654,
      0.41333791613578796,
      0.3255865275859833,
      0.27246028184890747,
      0.2603397071361542,
      0.30290499329566956
    ],
    [
      0.5496205687522888,
      1.0,
      0.7472424507141113,
      0.6273486614227295,
      0.2619295120239258,
      0.25661608576774597,
      0.27486369013786316,
      0.4548407793045044,
      0.29281142354011536,
      0.36142125725746155,
      0.3791251480579376,
      0.45614105463027954,
      0.20956198871135712,
      0.21487310528755188,
      0.21775127947330475,
      0.20499393343925476
    ],
    [
      0.5912265181541443,
      0.7472424507141113,
      1.0,
      0.6033890843391418,
      0.2812110483646393,
      0.23556633293628693,
      0.31518635153770447,
      0.4560210406780243,
      0.3843485713005066,
      0.34064751863479614,
      0.38321349024772644,
      0.4417385756969452,
      0.2520550489425659,
      0.2066701203584671,
      0.20554877817630768,
      0.2441348433494568
    ],
    [
      0.5771936774253845,
      0.6273486614227295,
      0.6033890843391418,
      1.0,
      0.28663191199302673,
      0.3367760181427002,
      0.23798030614852905,
      0.4640747010707855,
      0.3211526572704315,
      0.32885777950286865,
      0.3172428011894226,
      0.44102999567985535,
      0.19035199284553528,
      0.17642812430858612,
      0.2114511877298355,
      0.19591565430164337
    ],
    [
      0.3482661843299866,
      0.2619295120239258,
      0.2812110483646393,
      0.28663191199302673,
      1.0,
      0.463873028755188,
      0.4654214680194855,
      0.45665067434310913,
      0.36445873975753784,
      0.3456863760948181,
      0.3368823528289795,
      0.3033980131149292,
      0.35227712988853455,
      0.2597818970680237,
      0.27487513422966003,
      0.28730639815330505
    ],
    [
      0.32611754536628723,
      0.25661608576774597,
      0.23556633293628693,
      0.3367760181427002,
      0.463873028755188,
      1.0,
      0.32036980986595154,
      0.4290519952774048,
      0.31028831005096436,
      0.45261627435684204,
      0.32847389578819275,
      0.3683490753173828,
      0.25581684708595276,
      0.1973879486322403,
      0.23438683152198792,
      0.21405240893363953
    ],
    [
      0.35254356265068054,
      0.27486369013786316,
      0.31518635153770447,
      0.23798030614852905,
      0.4654214680194855,
      0.32036980986595154,
      1.0,
      0.3832818865776062,
      0.2937137186527252,
      0.28016406297683716,
      0.3007291853427887,
      0.31125614047050476,
      0.382876455783844,
      0.34575286507606506,
      0.35646429657936096,
      0.37562984228134155
    ],
    [
      0.5243644118309021,
      0.4548407793045044,
      0.4560210406780243,
      0.4640747010707855,
      0.45665067434310913,
      0.4290519952774048,
      0.3832818865776062,
      1.0,
      0.3842410743236542,
      0.42688488960266113,
      0.2820267677307129,
      0.3866864740848541,
      0.29065656661987305,
      0.2648686468601227,
      0.28272032737731934,
      0.2507188022136688
    ],
    [
      0.3829823434352875,
      0.29281142354011536,
      0.3843485713005066,
      0.3211526572704315,
      0.36445873975753784,
      0.31028831005096436,
      0.2937137186527252,
      0.3842410743236542,
      1.0000001192092896,
      0.3224926292896271,
      0.35365256667137146,
      0.4351901412010193,
      0.32077789306640625,
      0.23869450390338898,
      0.2882232964038849,
      0.2439822554588318
    ],
    [
      0.42064425349235535,
      0.36142125725746155,
      0.34064751863479614,
      0.32885777950286865,
      0.3456863760948181,
      0.45261627435684204,
      0.28016406297683716,
      0.42688488960266113,
      0.3224926292896271,
      1.0,
      0.43610718846321106,
      0.3482986390590668,
      0.24967850744724274,
      0.2298930138349533,
      0.26853740215301514,
      0.15581797063350677
    ],
    [
      0.35720452666282654,
      0.3791251480579376,
      0.38321349024772644,
      0.3172428011894226,
      0.3368823528289795,
      0.32847389578819275,
      0.3007291853427887,
      0.2820267677307129,
      0.35365256667137146,
      0.43610718846321106,
      1.0,
      0.3955060541629791,
      0.26726797223091125,
      0.29243898391723633,
      0.28059279918670654,
      0.32872700691223145
    ],
    [
      0.41333791613578796,
      0.45614105463027954,
      0.4417385756969452,
      0.44102999567985535,
      0.3033980131149292,
      0.3683490753173828,
      0.31125614047050476,
      0.3866864740848541,
      0.4351901412010193,
      0.3482986390590668,
      0.3955060541629791,
      1.0,
      0.30598580837249756,
      0.2257416844367981,
      0.2939179539680481,
      0.2790798842906952
    ],
    [
      0.3255865275859833,
      0.20956198871135712,
      0.2520550489425659,
      0.19035199284553528,
      0.35227712988853455,
      0.25581684708595276,
      0.382876455783844,
      0.29065656661987305,
      0.32077789306640625,
      0.24967850744724274,
      0.26726797223091125,
      0.30598580837249756,
      1.0000001192092896,
      0.6177752614021301,
      0.6957957148551941,
      0.6843999028205872
    ],
    [
      0.27246028184890747,
      0.21487310528755188,
      0.2066701203584671,
      0.17642812430858612,
      0.2597818970680237,
      0.1973879486322403,
      0.34575286507606506,
      0.2648686468601227,
      0.23869450390338898,
      0.2298930138349533,
      0.29243898391723633,
      0.2257416844367981,
      0.6177752614021301,
      1.0,
      0.6188768148422241,
      0.6850895881652832
    ],
    [
      0.2603397071361542,
      0.21775127947330475,
      0.20554877817630768,
      0.2114511877298355,
      0.27487513422966003,
      0.23438683152198792,
      0.35646429657936096,
      0.28272032737731934,
      0.2882232964038849,
      0.26853740215301514,
      0.28059279918670654,
      0.2939179539680481,
      0.6957957148551941,
      0.6188768148422241,
      1.0000001192092896,
      0.6351317167282104
    ],
    [
      0.30290499329566956,
      0.20499393343925476,
      0.2441348433494568,
      0.19591565430164337,
      0.28730639815330505,
      0.21405240893363953,
      0.37562984228134155,
      0.2507188022136688,
      0.2439822554588318,
      0.15581797063350677,
      0.32872700691223145,
      0.2790798842906952,
      0.6843999028205872,
      0.6850895881652832,
      0.6351317167282104,
      1.0
    ]
  ]
}