{
  "game_number": 550,
  "words": [
    "BUSHEL",
    "PECK",
    "STONE",
    "TON",
    "ANGEL",
    "CUB",
    "MET",
    "RED",
    "AUNT",
    "BEATLE",
    "FLEE",
    "NAT",
    "MISTLETOE",
    "REINDEER",
    "SNOWMAN",
    "STOCKING"
  ],
  "adjacency_matrix": [
    [
      1.0,
      0.4018349349498749,
      0.32983019948005676,
      0.47829845547676086,
      0.20700500905513763,
      0.15638944506645203,
      0.15471471846103668,
      0.2867250144481659,
      0.21918563544750214,
      0.29768553376197815,
      0.17449042201042175,
      0.20533373951911926,
      0.20606239140033722,
      0.1671578735113144,
      0.2710862159729004,
      0.2515839636325836
    ],
    [
      0.4018349349498749,
      0.9999999403953552,
      0.3881717920303345,
      0.3154270350933075,
      0.27371102571487427,
      0.2433641403913498,
      0.2007848173379898,
      0.37137478590011597,
      0.25368204712867737,
      0.4059523046016693,
      0.2823164463043213,
      0.24203070998191833,
      0.3225323259830475,
      0.3582846522331238,
      0.32483893632888794,
      0.2791282832622528
    ],
    [
      0.32983019948005676,
      0.3881717920303345,
      1.0,
      0.37208589911460876,
      0.3975839614868164,
      0.22010041773319244,
      0.281992644071579,
      0.45376282930374146,
      0.21679820120334625,
      0.35179880261421204,
      0.2854698896408081,
      0.22854365408420563,
      0.341289222240448,
      0.28753039240837097,
      0.3667528033256531,
      0.30201539397239685
    ],
    [
      0.47829845547676086,
      0.3154270350933075,
      0.37208589911460876,
      1.0,
      0.2757023572921753,
      0.20770908892154694,
      0.259665310382843,
      0.33270254731178284,
      0.24792687594890594,
      0.29871347546577454,
      0.13713164627552032,
      0.28060615062713623,
      0.17887641489505768,
      0.20822738111019135,
      0.24432234466075897,
      0.23794174194335938
    ],
    [
      0.20700500905513763,
      0.27371102571487427,
      0.3975839614868164,
      0.2757023572921753,
      1.0,
      0.2618572413921356,
      0.23383112251758575,
      0.3831847608089447,
      0.4041672646999359,
      0.30580541491508484,
      0.28440961241722107,
      0.1993371993303299,
      0.3255250155925751,
      0.2650737464427948,
      0.34045931696891785,
      0.26402634382247925
    ],
    [
      0.15638944506645203,
      0.2433641403913498,
      0.22010041773319244,
      0.20770908892154694,
      0.2618572413921356,
      1.0,
      0.17180569469928741,
      0.19075839221477509,
      0.2415352761745453,
      0.223075270652771,
      0.2126973569393158,
      0.2502497434616089,
      0.1231674924492836,
      0.2653583586215973,
      0.342904269695282,
      0.1503700613975525
    ],
    [
      0.15471471846103668,
      0.2007848173379898,
      0.281992644071579,
      0.259665310382843,
      0.23383112251758575,
      0.17180569469928741,
      0.9999999403953552,
      0.27189862728118896,
      0.32975396513938904,
      0.39235907793045044,
      0.2406192421913147,
      0.15650291740894318,
      0.21886569261550903,
      0.208975687623024,
      0.21397604048252106,
      0.21701043844223022
    ],
    [
      0.2867250144481659,
      0.37137478590011597,
      0.45376282930374146,
      0.33270254731178284,
      0.3831847608089447,
      0.19075839221477509,
      0.27189862728118896,
      1.0,
      0.24608467519283295,
      0.3790689706802368,
      0.31702935695648193,
      0.17967753112316132,
      0.36097395420074463,
      0.36048755049705505,
      0.38139405846595764,
      0.3861496150493622
    ],
    [
      0.21918563544750214,
      0.25368204712867737,
      0.21679820120334625,
      0.24792687594890594,
      0.4041672646999359,
      0.2415352761745453,
      0.32975396513938904,
      0.24608467519283295,
      1.0,
      0.37160950899124146,
      0.2654733657836914,
      0.23526662588119507,
      0.2785537838935852,
      0.23752324283123016,
      0.29388391971588135,
      0.24055878818035126
    ],
    [
      0.29768553376197815,
      0.4059523046016693,
      0.35179880261421204,
      0.29871347546577454,
      0.30580541491508484,
      0.223075270652771,
      0.39235907793045044,
      0.3790689706802368,
      0.37160950899124146,
      0.9999999403953552,
      0.30869945883750916,
      0.22716134786605835,
      0.3359068036079407,
      0.2653142809867859,
      0.41103115677833557,
      0.2853905260562897
    ],
    [
      0.17449042201042175,
      0.2823164463043213,
      0.2854698896408081,
      0.13713164627552032,
      0.28440961241722107,
      0.2126973569393158,
      0.2406192421913147,
      0.31702935695648193,
      0.2654733657836914,
      0.30869945883750916,
      0.9999999403953552,
      0.22271651029586792,
      0.1817495971918106,
      0.23672986030578613,
      0.22401976585388184,
      0.19047152996063232
    ],
    [
      0.20533373951911926,
      0.24203070998191833,
      0.22854365408420563,
      0.28060615062713623,
      0.1993371993303299,
      0.2502497434616089,
      0.15650291740894318,
      0.17967753112316132,
      0.23526662588119507,
      0.22716134786605835,
      0.22271651029586792,
      0.9999999403953552,
      0.19241318106651306,
      0.1556047946214676,
      0.15156343579292297,
      0.08063536137342453
    ],
    [
      0.20606239140033722,
      0.3225323259830475,
      0.341289222240448,
      0.17887641489505768,
      0.3255250155925751,
      0.1231674924492836,
      0.21886569261550903,
      0.36097395420074463,
      0.2785537838935852,
      0.3359068036079407,
      0.1817495971918106,
      0.19241318106651306,
      0.9999999403953552,
      0.4790709316730499,
      0.40490472316741943,
      0.3582066595554352
    ],
    [
      0.1671578735113144,
      0.3582846522331238,
      0.28753039240837097,
      0.20822738111019135,
      0.2650737464427948,
      0.2653583586215973,
      0.208975687623024,
      0.36048755049705505,
      0.23752324283123016,
      0.2653142809867859,
      0.23672986030578613,
      0.1556047946214676,
      0.4790709316730499,
      1.0,
      0.5474894046783447,
      0.4266485273838043
    ],
    [
      0.2710862159729004,
      0.32483893632888794,
      0.3667528033256531,
      0.24432234466075897,
      0.34045931696891785,
      0.342904269695282,
      0.21397604048252106,
      0.38139405846595764,
      0.29388391971588135,
      0.41103115677833557,
      0.22401976585388184,
      0.15156343579292297,
      0.40490472316741943,
      0.5474894046783447,
      1.0,
      0.35722872614860535
    ],
    [
      0.2515839636325836,
      0.2791282832622528,
      0.30201539397239685,
      0.23794174194335938,
      0.26402634382247925,
      0.1503700613975525,
      0.21701043844223022,
      0.3861496150493622,
      0.24055878818035126,
      0.2853905260562897,
      0.19047152996063232,
      0.08063536137342453,
      0.3582066595554352,
      0.4266485273838043,
      0.35722872614860535,
      1.0
    ]
  ]
}