{
  "game_number": 455,
  "words": [
    "DOPE",
    "SCOOP",
    "SKINNY",
    "WORD",
    "CANT",
    "LEAN",
    "LIST",
    "SLOPE",
    "BOOB",
    "EGGSHELL",
    "GIGGLE",
    "HELLO",
    "BALLOT",
    "ROSTER",
    "SLATE",
    "TICKET"
  ],
  "adjacency_matrix": [
    [
      1.0,
      0.29736608266830444,
      0.3996846675872803,
      0.34938710927963257,
      0.3855828642845154,
      0.31950318813323975,
      0.21508203446865082,
      0.22805869579315186,
      0.3896431028842926,
      0.26032111048698425,
      0.3445708453655243,
      0.28447291254997253,
      0.23559941351413727,
      0.2102496325969696,
      0.23512041568756104,
      0.3335554301738739
    ],
    [
      0.29736608266830444,
      1.0,
      0.3459688425064087,
      0.3972497284412384,
      0.29633864760398865,
      0.3539254367351532,
      0.3305864632129669,
      0.32970499992370605,
      0.4169297516345978,
      0.29268038272857666,
      0.3280739188194275,
      0.2265268713235855,
      0.3047758638858795,
      0.264626145362854,
      0.38245320320129395,
      0.3421819806098938
    ],
    [
      0.3996846675872803,
      0.3459688425064087,
      1.0,
      0.3317033350467682,
      0.29971060156822205,
      0.5554694533348083,
      0.30084046721458435,
      0.3200428783893585,
      0.44801241159439087,
      0.3197181522846222,
      0.3827555477619171,
      0.36527568101882935,
      0.1722925305366516,
      0.32456937432289124,
      0.2816354036331177,
      0.1889665722846985
    ],
    [
      0.34938710927963257,
      0.3972497284412384,
      0.3317033350467682,
      1.0,
      0.3831809163093567,
      0.3747842311859131,
      0.4451465308666229,
      0.3482690155506134,
      0.37538379430770874,
      0.2805943787097931,
      0.3793758749961853,
      0.42207667231559753,
      0.36040037870407104,
      0.24935086071491241,
      0.36812034249305725,
      0.3046305477619171
    ],
    [
      0.3855828642845154,
      0.29633864760398865,
      0.29971060156822205,
      0.3831809163093567,
      1.0,
      0.3650338351726532,
      0.35927098989486694,
      0.2221846878528595,
      0.2606795132160187,
      0.21672198176383972,
      0.34816476702690125,
      0.25884076952934265,
      0.1523057371377945,
      0.2602870762348175,
      0.3168357014656067,
      0.29835519194602966
    ],
    [
      0.31950318813323975,
      0.3539254367351532,
      0.5554694533348083,
      0.3747842311859131,
      0.3650338351726532,
      1.0,
      0.34128329157829285,
      0.4007263779640198,
      0.24280786514282227,
      0.2850867211818695,
      0.34280237555503845,
      0.2363521158695221,
      0.20677848160266876,
      0.27361589670181274,
      0.4157092869281769,
      0.21827298402786255
    ],
    [
      0.21508203446865082,
      0.3305864632129669,
      0.30084046721458435,
      0.4451465308666229,
      0.35927098989486694,
      0.34128329157829285,
      1.0,
      0.3061752915382385,
      0.22728170454502106,
      0.17637136578559875,
      0.254699170589447,
      0.268807590007782,
      0.442844033241272,
      0.5944130420684814,
      0.4341604709625244,
      0.371272474527359
    ],
    [
      0.22805869579315186,
      0.32970499992370605,
      0.3200428783893585,
      0.3482690155506134,
      0.2221846878528595,
      0.4007263779640198,
      0.3061752915382385,
      0.9999999403953552,
      0.2265891283750534,
      0.25941187143325806,
      0.2697880268096924,
      0.2327905297279358,
      0.21265579760074615,
      0.21822425723075867,
      0.31019070744514465,
      0.2301330268383026
    ],
    [
      0.3896431028842926,
      0.4169297516345978,
      0.44801241159439087,
      0.37538379430770874,
      0.2606795132160187,
      0.24280786514282227,
      0.22728170454502106,
      0.2265891283750534,
      1.0,
      0.27805623412132263,
      0.4478863477706909,
      0.25109797716140747,
      0.2232537865638733,
      0.1590929627418518,
      0.22666247189044952,
      0.32246583700180054
    ],
    [
      0.26032111048698425,
      0.29268038272857666,
      0.3197181522846222,
      0.2805943787097931,
      0.21672198176383972,
      0.2850867211818695,
      0.17637136578559875,
      0.25941187143325806,
      0.27805623412132263,
      1.0,
      0.2551448345184326,
      0.1569528579711914,
      0.2626575827598572,
      0.20496584475040436,
      0.33801910281181335,
      0.2563350200653076
    ],
    [
      0.3445708453655243,
      0.3280739188194275,
      0.3827555477619171,
      0.3793758749961853,
      0.34816476702690125,
      0.34280237555503845,
      0.254699170589447,
      0.2697880268096924,
      0.4478863477706909,
      0.2551448345184326,
      1.0,
      0.3645215928554535,
      0.10767914354801178,
      0.14717844128608704,
      0.19114181399345398,
      0.17814774811267853
    ],
    [
      0.28447291254997253,
      0.2265268713235855,
      0.36527568101882935,
      0.42207667231559753,
      0.25884076952934265,
      0.2363521158695221,
      0.268807590007782,
      0.2327905297279358,
      0.25109797716140747,
      0.1569528579711914,
      0.3645215928554535,
      0.9999999403953552,
      0.17170074582099915,
      0.1787363737821579,
      0.24593177437782288,
      0.1949034035205841
    ],
    [
      0.23559941351413727,
      0.3047758638858795,
      0.1722925305366516,
      0.36040037870407104,
      0.1523057371377945,
      0.20677848160266876,
      0.442844033241272,
      0.21265579760074615,
      0.2232537865638733,
      0.2626575827598572,
      0.10767914354801178,
      0.17170074582099915,
      1.0,
      0.3306804895401001,
      0.4856347143650055,
      0.48135533928871155
    ],
    [
      0.2102496325969696,
      0.264626145362854,
      0.32456937432289124,
      0.24935086071491241,
      0.2602870762348175,
      0.27361589670181274,
      0.5944130420684814,
      0.21822425723075867,
      0.1590929627418518,
      0.20496584475040436,
      0.14717844128608704,
      0.1787363737821579,
      0.3306804895401001,
      1.0,
      0.4494588077068329,
      0.37236398458480835
    ],
    [
      0.23512041568756104,
      0.38245320320129395,
      0.2816354036331177,
      0.36812034249305725,
      0.3168357014656067,
      0.4157092869281769,
      0.4341604709625244,
      0.31019070744514465,
      0.22666247189044952,
      0.33801910281181335,
      0.19114181399345398,
      0.24593177437782288,
      0.4856347143650055,
      0.4494588077068329,
      1.0,
      0.41778814792633057
    ],
    [
      0.3335554301738739,
      0.3421819806098938,
      0.1889665722846985,
      0.3046305477619171,
      0.29835519194602966,
      0.21827298402786255,
      0.371272474527359,
      0.2301330268383026,
      0.32246583700180054,
      0.2563350200653076,
      0.17814774811267853,
      0.1949034035205841,
      0.48135533928871155,
      0.37236398458480835,
      0.41778814792633057,
      0.9999999403953552
    ]
  ]
}