{
  "game_number": 466,
  "words": [
    "HEIGHT",
    "MAX",
    "PEAK",
    "TOP",
    "DOZEN",
    "GROSS",
    "PAIR",
    "SCORE",
    "ADULT",
    "KISS",
    "TEN",
    "TIMES",
    "BOW",
    "BOX",
    "CARD",
    "WRAPPING"
  ],
  "adjacency_matrix": [
    [
      1.0,
      0.4439500570297241,
      0.5780986547470093,
      0.4856274127960205,
      0.1792769730091095,
      0.3950444459915161,
      0.2904236614704132,
      0.3604815900325775,
      0.31544676423072815,
      0.2686319053173065,
      0.30545735359191895,
      0.41958287358283997,
      0.3343275487422943,
      0.31830501556396484,
      0.25411301851272583,
      0.29102635383605957
    ],
    [
      0.4439500570297241,
      1.0000001192092896,
      0.4572312831878662,
      0.393917441368103,
      0.24587884545326233,
      0.3728955090045929,
      0.27925094962120056,
      0.34698566794395447,
      0.26934000849723816,
      0.2747436463832855,
      0.3625757694244385,
      0.3669739365577698,
      0.2810516953468323,
      0.339011549949646,
      0.27642691135406494,
      0.2702948749065399
    ],
    [
      0.5780986547470093,
      0.4572312831878662,
      1.0,
      0.5427053570747375,
      0.22475898265838623,
      0.3661884367465973,
      0.35154518485069275,
      0.3405519425868988,
      0.3205980062484741,
      0.29435622692108154,
      0.35064607858657837,
      0.41906407475471497,
      0.32047170400619507,
      0.3095870018005371,
      0.2610064446926117,
      0.3047066330909729
    ],
    [
      0.4856274127960205,
      0.393917441368103,
      0.5427053570747375,
      1.0,
      0.4423418343067169,
      0.36069416999816895,
      0.4052787125110626,
      0.46764522790908813,
      0.3456117808818817,
      0.32646292448043823,
      0.512109100818634,
      0.4040156900882721,
      0.3774822950363159,
      0.5195266008377075,
      0.3541114330291748,
      0.3926163911819458
    ],
    [
      0.1792769730091095,
      0.24587884545326233,
      0.22475898265838623,
      0.4423418343067169,
      1.0,
      0.241523876786232,
      0.40333545207977295,
      0.29584547877311707,
      0.3053782880306244,
      0.17941604554653168,
      0.7392491698265076,
      0.4951823651790619,
      0.21306240558624268,
      0.27702540159225464,
      0.19755086302757263,
      0.21750837564468384
    ],
    [
      0.3950444459915161,
      0.3728955090045929,
      0.3661884367465973,
      0.36069416999816895,
      0.241523876786232,
      0.9999999403953552,
      0.2738099992275238,
      0.38772886991500854,
      0.38201600313186646,
      0.2885816991329193,
      0.30565112829208374,
      0.31361427903175354,
      0.2851327061653137,
      0.350301593542099,
      0.2198587954044342,
      0.2964191734790802
    ],
    [
      0.2904236614704132,
      0.27925094962120056,
      0.35154518485069275,
      0.4052787125110626,
      0.40333545207977295,
      0.2738099992275238,
      1.0,
      0.42010655999183655,
      0.3884131610393524,
      0.43484631180763245,
      0.40692535042762756,
      0.35353803634643555,
      0.3640170395374298,
      0.33849823474884033,
      0.3852536380290985,
      0.3568751811981201
    ],
    [
      0.3604815900325775,
      0.34698566794395447,
      0.3405519425868988,
      0.46764522790908813,
      0.29584547877311707,
      0.38772886991500854,
      0.42010655999183655,
      1.0,
      0.25157883763313293,
      0.34512859582901,
      0.42304709553718567,
      0.3321731686592102,
      0.39661896228790283,
      0.4271617531776428,
      0.43335410952568054,
      0.30877983570098877
    ],
    [
      0.31544676423072815,
      0.26934000849723816,
      0.3205980062484741,
      0.3456117808818817,
      0.3053782880306244,
      0.38201600313186646,
      0.3884131610393524,
      0.25157883763313293,
      1.0,
      0.2509762644767761,
      0.3763238191604614,
      0.34979012608528137,
      0.16656619310379028,
      0.27588599920272827,
      0.28154584765434265,
      0.253647118806839
    ],
    [
      0.2686319053173065,
      0.2747436463832855,
      0.29435622692108154,
      0.32646292448043823,
      0.17941604554653168,
      0.2885816991329193,
      0.43484631180763245,
      0.34512859582901,
      0.2509762644767761,
      1.0,
      0.23891645669937134,
      0.28892382979393005,
      0.39350104331970215,
      0.28968626260757446,
      0.30997639894485474,
      0.30963292717933655
    ],
    [
      0.30545735359191895,
      0.3625757694244385,
      0.35064607858657837,
      0.512109100818634,
      0.7392491698265076,
      0.30565112829208374,
      0.40692535042762756,
      0.42304709553718567,
      0.3763238191604614,
      0.23891645669937134,
      1.0,
      0.5587500333786011,
      0.29294881224632263,
      0.31506508588790894,
      0.2637977600097656,
      0.2391490787267685
    ],
    [
      0.41958287358283997,
      0.3669739365577698,
      0.41906407475471497,
      0.4040156900882721,
      0.4951823651790619,
      0.31361427903175354,
      0.35353803634643555,
      0.3321731686592102,
      0.34979012608528137,
      0.28892382979393005,
      0.5587500333786011,
      1.0,
      0.23991718888282776,
      0.313605934381485,
      0.26620766520500183,
      0.2440386414527893
    ],
    [
      0.3343275487422943,
      0.2810516953468323,
      0.32047170400619507,
      0.3774822950363159,
      0.21306240558624268,
      0.2851327061653137,
      0.3640170395374298,
      0.39661896228790283,
      0.16656619310379028,
      0.39350104331970215,
      0.29294881224632263,
      0.23991718888282776,
      1.0,
      0.3663049638271332,
      0.3128345012664795,
      0.35818684101104736
    ],
    [
      0.31830501556396484,
      0.339011549949646,
      0.3095870018005371,
      0.5195266008377075,
      0.27702540159225464,
      0.350301593542099,
      0.33849823474884033,
      0.4271617531776428,
      0.27588599920272827,
      0.28968626260757446,
      0.31506508588790894,
      0.313605934381485,
      0.3663049638271332,
      1.0,
      0.472199946641922,
      0.4494227468967438
    ],
    [
      0.25411301851272583,
      0.27642691135406494,
      0.2610064446926117,
      0.3541114330291748,
      0.19755086302757263,
      0.2198587954044342,
      0.3852536380290985,
      0.43335410952568054,
      0.28154584765434265,
      0.30997639894485474,
      0.2637977600097656,
      0.26620766520500183,
      0.3128345012664795,
      0.472199946641922,
      0.9999999403953552,
      0.34144046902656555
    ],
    [
      0.29102635383605957,
      0.2702948749065399,
      0.3047066330909729,
      0.3926163911819458,
      0.21750837564468384,
      0.2964191734790802,
      0.3568751811981201,
      0.30877983570098877,
      0.253647118806839,
      0.30963292717933655,
      0.2391490787267685,
      0.2440386414527893,
      0.35818684101104736,
      0.4494227468967438,
      0.34144046902656555,
      0.9999999403953552
    ]
  ]
}