{
  "game_number": 70,
  "words": [
    "BRIDGE",
    "JOIN",
    "LINK",
    "UNITE",
    "CHAIN",
    "PEDAL",
    "SADDLE",
    "WHEEL",
    "CHICAGO",
    "CRASH",
    "GLADIATOR",
    "MOONLIGHT",
    "BLUEST",
    "POPE",
    "ROCKY",
    "SKAT"
  ],
  "adjacency_matrix": [
    [
      1.0,
      0.4050634801387787,
      0.47000405192375183,
      0.42500194907188416,
      0.4004378914833069,
      0.33687013387680054,
      0.463910847902298,
      0.4263804256916046,
      0.2727603614330292,
      0.3936082124710083,
      0.24684785306453705,
      0.34784168004989624,
      0.371099054813385,
      0.21979354321956635,
      0.3130206763744354,
      0.30793875455856323
    ],
    [
      0.4050634801387787,
      1.0,
      0.3918861150741577,
      0.5332517623901367,
      0.30481764674186707,
      0.25588008761405945,
      0.33969414234161377,
      0.2941495478153229,
      0.22719542682170868,
      0.29638922214508057,
      0.28720328211784363,
      0.26665931940078735,
      0.27431657910346985,
      0.22405916452407837,
      0.19309058785438538,
      0.2537078857421875
    ],
    [
      0.47000405192375183,
      0.3918861150741577,
      1.0,
      0.2826448678970337,
      0.4448278248310089,
      0.34920236468315125,
      0.3692038655281067,
      0.3517363667488098,
      0.25468581914901733,
      0.3558364510536194,
      0.2628651261329651,
      0.2439056634902954,
      0.3330010175704956,
      0.24658413231372833,
      0.21228639781475067,
      0.23870423436164856
    ],
    [
      0.42500194907188416,
      0.5332517623901367,
      0.2826448678970337,
      1.0,
      0.271582692861557,
      0.22352327406406403,
      0.34775352478027344,
      0.2557663917541504,
      0.24924877285957336,
      0.2397555708885193,
      0.2482602298259735,
      0.24399250745773315,
      0.3827754259109497,
      0.2782714366912842,
      0.2878364026546478,
      0.18640026450157166
    ],
    [
      0.4004378914833069,
      0.30481764674186707,
      0.4448278248310089,
      0.271582692861557,
      1.0,
      0.40934276580810547,
      0.4387361705303192,
      0.4184780716896057,
      0.23791314661502838,
      0.30580511689186096,
      0.2852667570114136,
      0.19840764999389648,
      0.3541024625301361,
      0.241470605134964,
      0.3077036440372467,
      0.2968137264251709
    ],
    [
      0.33687013387680054,
      0.25588008761405945,
      0.34920236468315125,
      0.22352327406406403,
      0.40934276580810547,
      1.0,
      0.44939592480659485,
      0.535473108291626,
      0.2101522535085678,
      0.3595348596572876,
      0.2618091404438019,
      0.24573852121829987,
      0.30550622940063477,
      0.2339172214269638,
      0.2497195303440094,
      0.38701748847961426
    ],
    [
      0.463910847902298,
      0.33969414234161377,
      0.3692038655281067,
      0.34775352478027344,
      0.4387361705303192,
      0.44939592480659485,
      1.0000001192092896,
      0.5104593634605408,
      0.17984914779663086,
      0.34408649802207947,
      0.3163483440876007,
      0.3111569583415985,
      0.4244827926158905,
      0.2179313749074936,
      0.42545804381370544,
      0.26376646757125854
    ],
    [
      0.4263804256916046,
      0.2941495478153229,
      0.3517363667488098,
      0.2557663917541504,
      0.4184780716896057,
      0.535473108291626,
      0.5104593634605408,
      1.0,
      0.2673160433769226,
      0.4235718250274658,
      0.3237411081790924,
      0.3270622789859772,
      0.34548577666282654,
      0.22910474240779877,
      0.311111181974411,
      0.32607853412628174
    ],
    [
      0.2727603614330292,
      0.22719542682170868,
      0.25468581914901733,
      0.24924877285957336,
      0.23791314661502838,
      0.2101522535085678,
      0.17984914779663086,
      0.2673160433769226,
      1.0,
      0.2727274000644684,
      0.3016808032989502,
      0.21897415816783905,
      0.38858091831207275,
      0.2631886303424835,
      0.2633656859397888,
      0.2664443552494049
    ],
    [
      0.3936082124710083,
      0.29638922214508057,
      0.3558364510536194,
      0.2397555708885193,
      0.30580511689186096,
      0.3595348596572876,
      0.34408649802207947,
      0.4235718250274658,
      0.2727274000644684,
      1.0,
      0.21684668958187103,
      0.20570313930511475,
      0.2922516465187073,
      0.1803072690963745,
      0.3173353672027588,
      0.23636367917060852
    ],
    [
      0.24684785306453705,
      0.28720328211784363,
      0.2628651261329651,
      0.2482602298259735,
      0.2852667570114136,
      0.2618091404438019,
      0.3163483440876007,
      0.3237411081790924,
      0.3016808032989502,
      0.21684668958187103,
      1.0,
      0.22963984310626984,
      0.26589712500572205,
      0.3945711851119995,
      0.2715115547180176,
      0.2523612976074219
    ],
    [
      0.34784168004989624,
      0.26665931940078735,
      0.2439056634902954,
      0.24399250745773315,
      0.19840764999389648,
      0.24573852121829987,
      0.3111569583415985,
      0.3270622789859772,
      0.21897415816783905,
      0.20570313930511475,
      0.22963984310626984,
      0.9999999403953552,
      0.4582737982273102,
      0.13091430068016052,
      0.3740260899066925,
      0.29823991656303406
    ],
    [
      0.371099054813385,
      0.27431657910346985,
      0.3330010175704956,
      0.3827754259109497,
      0.3541024625301361,
      0.30550622940063477,
      0.4244827926158905,
      0.34548577666282654,
      0.38858091831207275,
      0.2922516465187073,
      0.26589712500572205,
      0.4582737982273102,
      1.0,
      0.25838524103164673,
      0.4050213396549225,
      0.2564963400363922
    ],
    [
      0.21979354321956635,
      0.22405916452407837,
      0.24658413231372833,
      0.2782714366912842,
      0.241470605134964,
      0.2339172214269638,
      0.2179313749074936,
      0.22910474240779877,
      0.2631886303424835,
      0.1803072690963745,
      0.3945711851119995,
      0.13091430068016052,
      0.25838524103164673,
      0.9999999403953552,
      0.22134533524513245,
      0.17949651181697845
    ],
    [
      0.3130206763744354,
      0.19309058785438538,
      0.21228639781475067,
      0.2878364026546478,
      0.3077036440372467,
      0.2497195303440094,
      0.42545804381370544,
      0.311111181974411,
      0.2633656859397888,
      0.3173353672027588,
      0.2715115547180176,
      0.3740260899066925,
      0.4050213396549225,
      0.22134533524513245,
      1.0,
      0.22175763547420502
    ],
    [
      0.30793875455856323,
      0.2537078857421875,
      0.23870423436164856,
      0.18640026450157166,
      0.2968137264251709,
      0.38701748847961426,
      0.26376646757125854,
      0.32607853412628174,
      0.2664443552494049,
      0.23636367917060852,
      0.2523612976074219,
      0.29823991656303406,
      0.2564963400363922,
      0.17949651181697845,
      0.22175763547420502,
      0.9999999403953552
    ]
  ]
}