{
  "game_number": 575,
  "words": [
    "BUD",
    "LEAF",
    "PETAL",
    "STALK",
    "AGENT",
    "MOLE",
    "PLANT",
    "SPY",
    "DRAGON",
    "HORSE",
    "RABBIT",
    "TIGER",
    "CHART",
    "DIAGRAM",
    "GRAPH",
    "MAP"
  ],
  "adjacency_matrix": [
    [
      0.9999999403953552,
      0.538587749004364,
      0.5384733080863953,
      0.4144746661186218,
      0.21355676651000977,
      0.26324227452278137,
      0.3848862051963806,
      0.22342409193515778,
      0.252444326877594,
      0.20979446172714233,
      0.26060283184051514,
      0.27484482526779175,
      0.21379463374614716,
      0.192031130194664,
      0.21938903629779816,
      0.17957159876823425
    ],
    [
      0.538587749004364,
      1.0,
      0.6059194803237915,
      0.4539709687232971,
      0.3421109914779663,
      0.3461683690547943,
      0.5771807432174683,
      0.349277138710022,
      0.46394336223602295,
      0.30791357159614563,
      0.3747686743736267,
      0.4126604199409485,
      0.2938782870769501,
      0.3404259979724884,
      0.3957943618297577,
      0.35527098178863525
    ],
    [
      0.5384733080863953,
      0.6059194803237915,
      1.0,
      0.3772043287754059,
      0.22552169859409332,
      0.30710741877555847,
      0.4505992829799652,
      0.23036353290081024,
      0.40903061628341675,
      0.29332107305526733,
      0.3204718232154846,
      0.3321772515773773,
      0.2969192564487457,
      0.33594080805778503,
      0.3131835460662842,
      0.26720112562179565
    ],
    [
      0.4144746661186218,
      0.4539709687232971,
      0.3772043287754059,
      1.0,
      0.2534859776496887,
      0.32298773527145386,
      0.4286690354347229,
      0.3038623332977295,
      0.2806020975112915,
      0.298755407333374,
      0.36825984716415405,
      0.31238868832588196,
      0.2120986133813858,
      0.22104580700397491,
      0.2623403072357178,
      0.20558178424835205
    ],
    [
      0.21355676651000977,
      0.3421109914779663,
      0.22552169859409332,
      0.2534859776496887,
      1.0,
      0.3618760108947754,
      0.4385594129562378,
      0.5609427094459534,
      0.3337109386920929,
      0.38897037506103516,
      0.3549139201641083,
      0.2848861515522003,
      0.25074267387390137,
      0.2662616968154907,
      0.2716461420059204,
      0.30273857712745667
    ],
    [
      0.26324227452278137,
      0.3461683690547943,
      0.30710741877555847,
      0.32298773527145386,
      0.3618760108947754,
      0.9999999403953552,
      0.3836991786956787,
      0.5102407932281494,
      0.3752363622188568,
      0.37405848503112793,
      0.5245411992073059,
      0.365407794713974,
      0.2452007681131363,
      0.23847483098506927,
      0.25312697887420654,
      0.2997286915779114
    ],
    [
      0.3848862051963806,
      0.5771807432174683,
      0.4505992829799652,
      0.4286690354347229,
      0.4385594129562378,
      0.3836991786956787,
      1.0,
      0.344967782497406,
      0.36357975006103516,
      0.3743242025375366,
      0.3753609359264374,
      0.376653790473938,
      0.2999682128429413,
      0.39235422015190125,
      0.32481202483177185,
      0.36674508452415466
    ],
    [
      0.22342409193515778,
      0.349277138710022,
      0.23036353290081024,
      0.3038623332977295,
      0.5609427094459534,
      0.5102407932281494,
      0.344967782497406,
      0.9999999403953552,
      0.375586599111557,
      0.299885630607605,
      0.369839072227478,
      0.3004398047924042,
      0.21612617373466492,
      0.20703046023845673,
      0.2717558443546295,
      0.30093786120414734
    ],
    [
      0.252444326877594,
      0.46394336223602295,
      0.40903061628341675,
      0.2806020975112915,
      0.3337109386920929,
      0.3752363622188568,
      0.36357975006103516,
      0.375586599111557,
      1.0,
      0.48369452357292175,
      0.4898544251918793,
      0.6261647939682007,
      0.2851654589176178,
      0.3151834011077881,
      0.2907654941082001,
      0.3617906868457794
    ],
    [
      0.20979446172714233,
      0.30791357159614563,
      0.29332107305526733,
      0.298755407333374,
      0.38897037506103516,
      0.37405848503112793,
      0.3743242025375366,
      0.299885630607605,
      0.48369452357292175,
      1.0,
      0.539728581905365,
      0.4885479211807251,
      0.24335640668869019,
      0.25400543212890625,
      0.20287419855594635,
      0.27324458956718445
    ],
    [
      0.26060283184051514,
      0.3747686743736267,
      0.3204718232154846,
      0.36825984716415405,
      0.3549139201641083,
      0.5245411992073059,
      0.3753609359264374,
      0.369839072227478,
      0.4898544251918793,
      0.539728581905365,
      1.0,
      0.5351507663726807,
      0.2436463087797165,
      0.270597368478775,
      0.24291802942752838,
      0.2843473553657532
    ],
    [
      0.27484482526779175,
      0.4126604199409485,
      0.3321772515773773,
      0.31238868832588196,
      0.2848861515522003,
      0.365407794713974,
      0.376653790473938,
      0.3004398047924042,
      0.6261647939682007,
      0.4885479211807251,
      0.5351507663726807,
      1.0,
      0.21994411945343018,
      0.26196596026420593,
      0.29323917627334595,
      0.31208494305610657
    ],
    [
      0.21379463374614716,
      0.2938782870769501,
      0.2969192564487457,
      0.2120986133813858,
      0.25074267387390137,
      0.2452007681131363,
      0.2999682128429413,
      0.21612617373466492,
      0.2851654589176178,
      0.24335640668869019,
      0.2436463087797165,
      0.21994411945343018,
      0.9999999403953552,
      0.6345959901809692,
      0.6641523241996765,
      0.6122437715530396
    ],
    [
      0.192031130194664,
      0.3404259979724884,
      0.33594080805778503,
      0.22104580700397491,
      0.2662616968154907,
      0.23847483098506927,
      0.39235422015190125,
      0.20703046023845673,
      0.3151834011077881,
      0.25400543212890625,
      0.270597368478775,
      0.26196596026420593,
      0.6345959901809692,
      1.0,
      0.7049354910850525,
      0.661777138710022
    ],
    [
      0.21938903629779816,
      0.3957943618297577,
      0.3131835460662842,
      0.2623403072357178,
      0.2716461420059204,
      0.25312697887420654,
      0.32481202483177185,
      0.2717558443546295,
      0.2907654941082001,
      0.20287419855594635,
      0.24291802942752838,
      0.29323917627334595,
      0.6641523241996765,
      0.7049354910850525,
      1.0,
      0.6030505299568176
    ],
    [
      0.17957159876823425,
      0.35527098178863525,
      0.26720112562179565,
      0.20558178424835205,
      0.30273857712745667,
      0.2997286915779114,
      0.36674508452415466,
      0.30093786120414734,
      0.3617906868457794,
      0.27324458956718445,
      0.2843473553657532,
      0.31208494305610657,
      0.6122437715530396,
      0.661777138710022,
      0.6030505299568176,
      1.0
    ]
  ]
}