{
  "game_number": 122,
  "words": [
    "BITE",
    "CLIP",
    "FILE",
    "PAINT",
    "ALLERGY",
    "MELODRAMA",
    "ONION",
    "RELIEF",
    "DODGE",
    "KICK",
    "PICKLE",
    "SOFT",
    "DEWY",
    "FRESH",
    "GLOWING",
    "SMOOTH"
  ],
  "adjacency_matrix": [
    [
      1.0,
      0.40617799758911133,
      0.327183336019516,
      0.32460084557533264,
      0.33354559540748596,
      0.2238510400056839,
      0.3091336190700531,
      0.3164258599281311,
      0.481879860162735,
      0.5604269504547119,
      0.38533174991607666,
      0.40553104877471924,
      0.24220357835292816,
      0.4396269917488098,
      0.2910154163837433,
      0.372778981924057
    ],
    [
      0.40617799758911133,
      1.0,
      0.5149703025817871,
      0.37343281507492065,
      0.21627585589885712,
      0.2861769199371338,
      0.2962121069431305,
      0.26203253865242004,
      0.31915318965911865,
      0.38280051946640015,
      0.32064804434776306,
      0.3060095012187958,
      0.18282106518745422,
      0.3277207612991333,
      0.3604457676410675,
      0.35329297184944153
    ],
    [
      0.327183336019516,
      0.5149703025817871,
      1.0,
      0.3494884967803955,
      0.2561693787574768,
      0.22640949487686157,
      0.23539650440216064,
      0.33235862851142883,
      0.3045176565647125,
      0.3606717884540558,
      0.34926837682724,
      0.28788337111473083,
      0.1292399913072586,
      0.36368265748023987,
      0.2492723912000656,
      0.3151170313358307
    ],
    [
      0.32460084557533264,
      0.37343281507492065,
      0.3494884967803955,
      0.9999999403953552,
      0.29093533754348755,
      0.2982717454433441,
      0.26839423179626465,
      0.3511013090610504,
      0.3730521500110626,
      0.36284127831459045,
      0.2615773379802704,
      0.4122350513935089,
      0.255328893661499,
      0.39846479892730713,
      0.3923932611942291,
      0.3681103587150574
    ],
    [
      0.33354559540748596,
      0.21627585589885712,
      0.2561693787574768,
      0.29093533754348755,
      0.9999999403953552,
      0.21816277503967285,
      0.332407146692276,
      0.3756306767463684,
      0.21048575639724731,
      0.26185765862464905,
      0.29515403509140015,
      0.2954252362251282,
      0.17053568363189697,
      0.33944210410118103,
      0.26210513710975647,
      0.19568206369876862
    ],
    [
      0.2238510400056839,
      0.2861769199371338,
      0.22640949487686157,
      0.2982717454433441,
      0.21816277503967285,
      1.0,
      0.2781740725040436,
      0.3582213819026947,
      0.2960302233695984,
      0.2364916354417801,
      0.21446621417999268,
      0.32965344190597534,
      0.3161602020263672,
      0.3064063787460327,
      0.2802918255329132,
      0.2943236827850342
    ],
    [
      0.3091336190700531,
      0.2962121069431305,
      0.23539650440216064,
      0.26839423179626465,
      0.332407146692276,
      0.2781740725040436,
      1.0,
      0.20042957365512848,
      0.18392004072666168,
      0.2419767528772354,
      0.48642122745513916,
      0.3548615574836731,
      0.3272870182991028,
      0.3335927426815033,
      0.25825801491737366,
      0.27387937903404236
    ],
    [
      0.3164258599281311,
      0.26203253865242004,
      0.33235862851142883,
      0.3511013090610504,
      0.3756306767463684,
      0.3582213819026947,
      0.20042957365512848,
      1.0,
      0.29511311650276184,
      0.37277859449386597,
      0.31143227219581604,
      0.34787121415138245,
      0.20058420300483704,
      0.4090139865875244,
      0.30286526679992676,
      0.3887500464916229
    ],
    [
      0.481879860162735,
      0.31915318965911865,
      0.3045176565647125,
      0.3730521500110626,
      0.21048575639724731,
      0.2960302233695984,
      0.18392004072666168,
      0.29511311650276184,
      1.0,
      0.4971969723701477,
      0.39677220582962036,
      0.3295169174671173,
      0.20322880148887634,
      0.2937953472137451,
      0.2836468815803528,
      0.35847008228302
    ],
    [
      0.5604269504547119,
      0.38280051946640015,
      0.3606717884540558,
      0.36284127831459045,
      0.26185765862464905,
      0.2364916354417801,
      0.2419767528772354,
      0.37277859449386597,
      0.4971969723701477,
      1.0,
      0.4643663465976715,
      0.3473430275917053,
      0.14976011216640472,
      0.3672053813934326,
      0.2876834273338318,
      0.37499719858169556
    ],
    [
      0.38533174991607666,
      0.32064804434776306,
      0.34926837682724,
      0.2615773379802704,
      0.29515403509140015,
      0.21446621417999268,
      0.48642122745513916,
      0.31143227219581604,
      0.39677220582962036,
      0.4643663465976715,
      0.9999999403953552,
      0.3688299059867859,
      0.23649927973747253,
      0.4075223505496979,
      0.26944655179977417,
      0.28174319863319397
    ],
    [
      0.40553104877471924,
      0.3060095012187958,
      0.28788337111473083,
      0.4122350513935089,
      0.2954252362251282,
      0.32965344190597534,
      0.3548615574836731,
      0.34787121415138245,
      0.3295169174671173,
      0.3473430275917053,
      0.3688299059867859,
      1.0,
      0.4817056953907013,
      0.5159368515014648,
      0.43692198395729065,
      0.6244897246360779
    ],
    [
      0.24220357835292816,
      0.18282106518745422,
      0.1292399913072586,
      0.255328893661499,
      0.17053568363189697,
      0.3161602020263672,
      0.3272870182991028,
      0.20058420300483704,
      0.20322880148887634,
      0.14976011216640472,
      0.23649927973747253,
      0.4817056953907013,
      1.0,
      0.4900089204311371,
      0.4361957311630249,
      0.43466639518737793
    ],
    [
      0.4396269917488098,
      0.3277207612991333,
      0.36368265748023987,
      0.39846479892730713,
      0.33944210410118103,
      0.3064063787460327,
      0.3335927426815033,
      0.4090139865875244,
      0.2937953472137451,
      0.3672053813934326,
      0.4075223505496979,
      0.5159368515014648,
      0.4900089204311371,
      1.0,
      0.4939347505569458,
      0.5157462954521179
    ],
    [
      0.2910154163837433,
      0.3604457676410675,
      0.2492723912000656,
      0.3923932611942291,
      0.26210513710975647,
      0.2802918255329132,
      0.25825801491737366,
      0.30286526679992676,
      0.2836468815803528,
      0.2876834273338318,
      0.26944655179977417,
      0.43692198395729065,
      0.4361957311630249,
      0.4939347505569458,
      1.0,
      0.41293829679489136
    ],
    [
      0.372778981924057,
      0.35329297184944153,
      0.3151170313358307,
      0.3681103587150574,
      0.19568206369876862,
      0.2943236827850342,
      0.27387937903404236,
      0.3887500464916229,
      0.35847008228302,
      0.37499719858169556,
      0.28174319863319397,
      0.6244897246360779,
      0.43466639518737793,
      0.5157462954521179,
      0.41293829679489136,
      0.9999999403953552
    ]
  ]
}