{
  "game_number": 562,
  "words": [
    "CONCRETE",
    "FIRM",
    "SOLID",
    "TANGIBLE",
    "GLASS",
    "OLD",
    "SIGNS",
    "SPLIT",
    "DASH",
    "HOVER",
    "KEY",
    "STAR",
    "BARTENDER",
    "CHEF",
    "HOST",
    "SERVER"
  ],
  "adjacency_matrix": [
    [
      1.0,
      0.3843752443790436,
      0.6204596757888794,
      0.650982141494751,
      0.4880509078502655,
      0.385305792093277,
      0.42235246300697327,
      0.29837238788604736,
      0.31914111971855164,
      0.20190861821174622,
      0.4094620943069458,
      0.23643501102924347,
      0.19503656029701233,
      0.1070030927658081,
      0.31489574909210205,
      0.24743624031543732
    ],
    [
      0.3843752443790436,
      0.9999999403953552,
      0.4780651926994324,
      0.3186754882335663,
      0.3429420590400696,
      0.30893152952194214,
      0.32718712091445923,
      0.3009148836135864,
      0.21146930754184723,
      0.20873253047466278,
      0.34806570410728455,
      0.3013152480125427,
      0.3629632294178009,
      0.38343697786331177,
      0.3549181818962097,
      0.4137316048145294
    ],
    [
      0.6204596757888794,
      0.4780651926994324,
      1.0,
      0.5878442525863647,
      0.44147706031799316,
      0.45564883947372437,
      0.3477083146572113,
      0.38228675723075867,
      0.3724152445793152,
      0.2725204527378082,
      0.5010117888450623,
      0.37694475054740906,
      0.2239757776260376,
      0.16311240196228027,
      0.29816514253616333,
      0.24708350002765656
    ],
    [
      0.650982141494751,
      0.3186754882335663,
      0.5878442525863647,
      1.0,
      0.3236992061138153,
      0.33959299325942993,
      0.4603451192378998,
      0.22536712884902954,
      0.2797032594680786,
      0.21057617664337158,
      0.5036268830299377,
      0.2326517403125763,
      0.17709864675998688,
      0.11905483156442642,
      0.2690935730934143,
      0.2438977062702179
    ],
    [
      0.4880509078502655,
      0.3429420590400696,
      0.44147706031799316,
      0.3236992061138153,
      1.0,
      0.3438138961791992,
      0.3092038631439209,
      0.3182865381240845,
      0.3979523479938507,
      0.25003963708877563,
      0.3076527416706085,
      0.32385995984077454,
      0.3449825942516327,
      0.2561242878437042,
      0.2628493010997772,
      0.3062174916267395
    ],
    [
      0.385305792093277,
      0.30893152952194214,
      0.45564883947372437,
      0.33959299325942993,
      0.3438138961791992,
      1.0,
      0.3345351219177246,
      0.40053677558898926,
      0.3121134042739868,
      0.20894618332386017,
      0.4103032946586609,
      0.37054070830345154,
      0.3018574118614197,
      0.24089275300502777,
      0.36838605999946594,
      0.28737005591392517
    ],
    [
      0.42235246300697327,
      0.32718712091445923,
      0.3477083146572113,
      0.4603451192378998,
      0.3092038631439209,
      0.3345351219177246,
      1.0,
      0.2757406234741211,
      0.3233799338340759,
      0.25754889845848083,
      0.4274403154850006,
      0.3801075518131256,
      0.20280948281288147,
      0.18434016406536102,
      0.31380268931388855,
      0.22574901580810547
    ],
    [
      0.29837238788604736,
      0.3009148836135864,
      0.38228675723075867,
      0.22536712884902954,
      0.3182865381240845,
      0.40053677558898926,
      0.2757406234741211,
      1.0,
      0.3955371081829071,
      0.25399407744407654,
      0.3434890806674957,
      0.3413647711277008,
      0.22723034024238586,
      0.20453408360481262,
      0.3449438214302063,
      0.29144763946533203
    ],
    [
      0.31914111971855164,
      0.21146930754184723,
      0.3724152445793152,
      0.2797032594680786,
      0.3979523479938507,
      0.3121134042739868,
      0.3233799338340759,
      0.3955371081829071,
      1.0,
      0.39478063583374023,
      0.3402506709098816,
      0.33153510093688965,
      0.2184792160987854,
      0.22323660552501678,
      0.2135772854089737,
      0.21917188167572021
    ],
    [
      0.20190861821174622,
      0.20873253047466278,
      0.2725204527378082,
      0.21057617664337158,
      0.25003963708877563,
      0.20894618332386017,
      0.25754889845848083,
      0.25399407744407654,
      0.39478063583374023,
      1.0,
      0.2810633182525635,
      0.27844077348709106,
      0.2343856692314148,
      0.16335640847682953,
      0.2831098437309265,
      0.20420823991298676
    ],
    [
      0.4094620943069458,
      0.34806570410728455,
      0.5010117888450623,
      0.5036268830299377,
      0.3076527416706085,
      0.4103032946586609,
      0.4274403154850006,
      0.3434890806674957,
      0.3402506709098816,
      0.2810633182525635,
      1.0,
      0.36585891246795654,
      0.2702457308769226,
      0.2702631950378418,
      0.4445328712463379,
      0.3943990468978882
    ],
    [
      0.23643501102924347,
      0.3013152480125427,
      0.37694475054740906,
      0.2326517403125763,
      0.32385995984077454,
      0.37054070830345154,
      0.3801075518131256,
      0.3413647711277008,
      0.33153510093688965,
      0.27844077348709106,
      0.36585891246795654,
      1.0,
      0.3664308488368988,
      0.4712940454483032,
      0.5057430863380432,
      0.3560768663883209
    ],
    [
      0.19503656029701233,
      0.3629632294178009,
      0.2239757776260376,
      0.17709864675998688,
      0.3449825942516327,
      0.3018574118614197,
      0.20280948281288147,
      0.22723034024238586,
      0.2184792160987854,
      0.2343856692314148,
      0.2702457308769226,
      0.3664308488368988,
      1.0,
      0.5206652283668518,
      0.37959378957748413,
      0.37605464458465576
    ],
    [
      0.1070030927658081,
      0.38343697786331177,
      0.16311240196228027,
      0.11905483156442642,
      0.2561242878437042,
      0.24089275300502777,
      0.18434016406536102,
      0.20453408360481262,
      0.22323660552501678,
      0.16335640847682953,
      0.2702631950378418,
      0.4712940454483032,
      0.5206652283668518,
      1.0,
      0.4203628599643707,
      0.3520772457122803
    ],
    [
      0.31489574909210205,
      0.3549181818962097,
      0.29816514253616333,
      0.2690935730934143,
      0.2628493010997772,
      0.36838605999946594,
      0.31380268931388855,
      0.3449438214302063,
      0.2135772854089737,
      0.2831098437309265,
      0.4445328712463379,
      0.5057430863380432,
      0.37959378957748413,
      0.4203628599643707,
      1.0,
      0.5632626414299011
    ],
    [
      0.24743624031543732,
      0.4137316048145294,
      0.24708350002765656,
      0.2438977062702179,
      0.3062174916267395,
      0.28737005591392517,
      0.22574901580810547,
      0.29144763946533203,
      0.21917188167572021,
      0.20420823991298676,
      0.3943990468978882,
      0.3560768663883209,
      0.37605464458465576,
      0.3520772457122803,
      0.5632626414299011,
      0.9999999403953552
    ]
  ]
}