{
  "game_number": 160,
  "words": [
    "BOP",
    "HIT",
    "KNOCK",
    "TAP",
    "CHROME",
    "EDGE",
    "OPERA",
    "SAFARI",
    "AUTOHARP",
    "CONTRABASS",
    "PEPPERONI",
    "ROSEBUD",
    "BUSINESS",
    "COMMERCE",
    "MARKET",
    "TRADE"
  ],
  "adjacency_matrix": [
    [
      1.0,
      0.2611658275127411,
      0.2620481848716736,
      0.26579925417900085,
      0.2684400975704193,
      0.26269760727882385,
      0.15843446552753448,
      0.19764624536037445,
      0.2824304699897766,
      0.26115262508392334,
      0.22940312325954437,
      0.17412696778774261,
      0.08915895968675613,
      0.10669609904289246,
      0.13770349323749542,
      0.10559741407632828
    ],
    [
      0.2611658275127411,
      1.0,
      0.6085537075996399,
      0.44978398084640503,
      0.2996881902217865,
      0.3999892771244049,
      0.3307032585144043,
      0.2839246690273285,
      0.3107151687145233,
      0.20304638147354126,
      0.2922193109989166,
      0.30404239892959595,
      0.3461602032184601,
      0.2250225841999054,
      0.4190620481967926,
      0.3648141920566559
    ],
    [
      0.2620481848716736,
      0.6085537075996399,
      1.0,
      0.5209962129592896,
      0.25728562474250793,
      0.4002258777618408,
      0.18383559584617615,
      0.18299706280231476,
      0.29899361729621887,
      0.20800001919269562,
      0.3056392967700958,
      0.3159497380256653,
      0.32557937502861023,
      0.25163716077804565,
      0.4000421464443207,
      0.3618102967739105
    ],
    [
      0.26579925417900085,
      0.44978398084640503,
      0.5209962129592896,
      1.0,
      0.3387592136859894,
      0.39344513416290283,
      0.2718096077442169,
      0.2357160896062851,
      0.3209485411643982,
      0.2705581784248352,
      0.28575536608695984,
      0.32232174277305603,
      0.3234274983406067,
      0.2773856222629547,
      0.37649333477020264,
      0.3265436291694641
    ],
    [
      0.2684400975704193,
      0.2996881902217865,
      0.25728562474250793,
      0.3387592136859894,
      1.0,
      0.29975879192352295,
      0.3173057436943054,
      0.42278555035591125,
      0.35763221979141235,
      0.31243160367012024,
      0.2988891303539276,
      0.32250094413757324,
      0.26252105832099915,
      0.24543410539627075,
      0.2666364312171936,
      0.3093299865722656
    ],
    [
      0.26269760727882385,
      0.3999892771244049,
      0.4002258777618408,
      0.39344513416290283,
      0.29975879192352295,
      0.9999999403953552,
      0.25198614597320557,
      0.27203288674354553,
      0.3319186568260193,
      0.22246356308460236,
      0.19559845328330994,
      0.3236616551876068,
      0.41304585337638855,
      0.30272167921066284,
      0.4653593897819519,
      0.3864622414112091
    ],
    [
      0.15843446552753448,
      0.3307032585144043,
      0.18383559584617615,
      0.2718096077442169,
      0.3173057436943054,
      0.25198614597320557,
      1.0,
      0.3853693902492523,
      0.28181272745132446,
      0.33172664046287537,
      0.3137112855911255,
      0.28343936800956726,
      0.4316858649253845,
      0.3165661692619324,
      0.36845776438713074,
      0.29013729095458984
    ],
    [
      0.19764624536037445,
      0.2839246690273285,
      0.18299706280231476,
      0.2357160896062851,
      0.42278555035591125,
      0.27203288674354553,
      0.3853693902492523,
      1.0,
      0.26959389448165894,
      0.20874278247356415,
      0.19261333346366882,
      0.22150108218193054,
      0.3620675504207611,
      0.21333201229572296,
      0.3112059235572815,
      0.30723267793655396
    ],
    [
      0.2824304699897766,
      0.3107151687145233,
      0.29899361729621887,
      0.3209485411643982,
      0.35763221979141235,
      0.3319186568260193,
      0.28181272745132446,
      0.26959389448165894,
      1.0,
      0.5589258670806885,
      0.1271282583475113,
      0.33296725153923035,
      0.2904236316680908,
      0.24376718699932098,
      0.3088896572589874,
      0.27199140191078186
    ],
    [
      0.26115262508392334,
      0.20304638147354126,
      0.20800001919269562,
      0.2705581784248352,
      0.31243160367012024,
      0.22246356308460236,
      0.33172664046287537,
      0.20874278247356415,
      0.5589258670806885,
      1.0,
      0.2696797251701355,
      0.22674231231212616,
      0.23977476358413696,
      0.2852210998535156,
      0.27965790033340454,
      0.3068164587020874
    ],
    [
      0.22940312325954437,
      0.2922193109989166,
      0.3056392967700958,
      0.28575536608695984,
      0.2988891303539276,
      0.19559845328330994,
      0.3137112855911255,
      0.19261333346366882,
      0.1271282583475113,
      0.2696797251701355,
      1.0,
      0.29671409726142883,
      0.18528182804584503,
      0.16340193152427673,
      0.22573991119861603,
      0.16121502220630646
    ],
    [
      0.17412696778774261,
      0.30404239892959595,
      0.3159497380256653,
      0.32232174277305603,
      0.32250094413757324,
      0.3236616551876068,
      0.28343936800956726,
      0.22150108218193054,
      0.33296725153923035,
      0.22674231231212616,
      0.29671409726142883,
      1.0,
      0.2123178243637085,
      0.17934583127498627,
      0.2660950720310211,
      0.19506138563156128
    ],
    [
      0.08915895968675613,
      0.3461602032184601,
      0.32557937502861023,
      0.3234274983406067,
      0.26252105832099915,
      0.41304585337638855,
      0.4316858649253845,
      0.3620675504207611,
      0.2904236316680908,
      0.23977476358413696,
      0.18528182804584503,
      0.2123178243637085,
      1.0,
      0.6750304698944092,
      0.6699623465538025,
      0.6616775393486023
    ],
    [
      0.10669609904289246,
      0.2250225841999054,
      0.25163716077804565,
      0.2773856222629547,
      0.24543410539627075,
      0.30272167921066284,
      0.3165661692619324,
      0.21333201229572296,
      0.24376718699932098,
      0.2852210998535156,
      0.16340193152427673,
      0.17934583127498627,
      0.6750304698944092,
      1.0,
      0.5150766372680664,
      0.6956422924995422
    ],
    [
      0.13770349323749542,
      0.4190620481967926,
      0.4000421464443207,
      0.37649333477020264,
      0.2666364312171936,
      0.4653593897819519,
      0.36845776438713074,
      0.3112059235572815,
      0.3088896572589874,
      0.27965790033340454,
      0.22573991119861603,
      0.2660950720310211,
      0.6699623465538025,
      0.5150766372680664,
      1.0,
      0.6643725633621216
    ],
    [
      0.10559741407632828,
      0.3648141920566559,
      0.3618102967739105,
      0.3265436291694641,
      0.3093299865722656,
      0.3864622414112091,
      0.29013729095458984,
      0.30723267793655396,
      0.27199140191078186,
      0.3068164587020874,
      0.16121502220630646,
      0.19506138563156128,
      0.6616775393486023,
      0.6956422924995422,
      0.6643725633621216,
      1.0
    ]
  ]
}