{
  "game_number": 521,
  "words": [
    "LP",
    "PLATTER",
    "VINYL",
    "WAX",
    "BOUILLON",
    "DIE",
    "ICE",
    "SUGAR",
    "FUNNY",
    "HERRING",
    "SOUP",
    "WISH",
    "EVEN",
    "LEVEL",
    "STABLE",
    "STEADY"
  ],
  "adjacency_matrix": [
    [
      1.0,
      0.1851361095905304,
      0.3234386146068573,
      0.13109080493450165,
      0.02816154435276985,
      0.026760010048747063,
      0.01708412356674671,
      -0.014197384007275105,
      -0.01089452300220728,
      0.0465785376727581,
      -0.017927344888448715,
      -0.03419063985347748,
      -0.07197879999876022,
      -0.005921502131968737,
      -0.0009652107255533338,
      -0.0495314784348011
    ],
    [
      0.1851361095905304,
      1.0,
      0.3739110231399536,
      0.35891008377075195,
      0.43325236439704895,
      0.21705682575702667,
      0.3375353515148163,
      0.3070583641529083,
      0.1842219978570938,
      0.414386510848999,
      0.5067307353019714,
      0.20713256299495697,
      0.17211249470710754,
      0.30139967799186707,
      0.24368752539157867,
      0.22299474477767944
    ],
    [
      0.3234386146068573,
      0.3739110231399536,
      1.0,
      0.4313434362411499,
      0.20814475417137146,
      0.226285919547081,
      0.33759066462516785,
      0.28080469369888306,
      0.16948483884334564,
      0.1843506544828415,
      0.26079061627388,
      0.14983706176280975,
      0.1866919845342636,
      0.23356464505195618,
      0.24237558245658875,
      0.16808271408081055
    ],
    [
      0.13109080493450165,
      0.35891008377075195,
      0.4313434362411499,
      1.0,
      0.3147622346878052,
      0.2732568681240082,
      0.4178146719932556,
      0.4091217517852783,
      0.2136141061782837,
      0.21394304931163788,
      0.2858313322067261,
      0.21398353576660156,
      0.16497056186199188,
      0.15710732340812683,
      0.192973792552948,
      0.23543620109558105
    ],
    [
      0.02816154435276985,
      0.43325236439704895,
      0.20814475417137146,
      0.3147622346878052,
      1.0,
      0.2674754559993744,
      0.37990978360176086,
      0.4517214894294739,
      0.23286110162734985,
      0.3555249273777008,
      0.5933749079704285,
      0.17602606117725372,
      0.22347337007522583,
      0.23939728736877441,
      0.2199202924966812,
      0.1684236079454422
    ],
    [
      0.026760010048747063,
      0.21705682575702667,
      0.226285919547081,
      0.2732568681240082,
      0.2674754559993744,
      0.9999999403953552,
      0.2776587903499603,
      0.19170702993869781,
      0.24740830063819885,
      0.21500709652900696,
      0.29077860713005066,
      0.3980525732040405,
      0.377377450466156,
      0.23768560588359833,
      0.2717383801937103,
      0.273898720741272
    ],
    [
      0.01708412356674671,
      0.3375353515148163,
      0.33759066462516785,
      0.4178146719932556,
      0.37990978360176086,
      0.2776587903499603,
      1.0,
      0.429306298494339,
      0.21616043150424957,
      0.3270949423313141,
      0.3977695405483246,
      0.20099619030952454,
      0.25352683663368225,
      0.3301704525947571,
      0.32320985198020935,
      0.3166201710700989
    ],
    [
      -0.014197384007275105,
      0.3070583641529083,
      0.28080469369888306,
      0.4091217517852783,
      0.4517214894294739,
      0.19170702993869781,
      0.429306298494339,
      1.0,
      0.22111856937408447,
      0.3390313684940338,
      0.3902602195739746,
      0.19963636994361877,
      0.20825327932834625,
      0.3535497784614563,
      0.29384884238243103,
      0.3020836114883423
    ],
    [
      -0.01089452300220728,
      0.1842219978570938,
      0.16948483884334564,
      0.2136141061782837,
      0.23286110162734985,
      0.24740830063819885,
      0.21616043150424957,
      0.22111856937408447,
      1.0,
      0.314142644405365,
      0.34704598784446716,
      0.3687514066696167,
      0.46421611309051514,
      0.2806495726108551,
      0.3798401355743408,
      0.3754745125770569
    ],
    [
      0.0465785376727581,
      0.414386510848999,
      0.1843506544828415,
      0.21394304931163788,
      0.3555249273777008,
      0.21500709652900696,
      0.3270949423313141,
      0.3390313684940338,
      0.314142644405365,
      1.0,
      0.4609629511833191,
      0.2287055253982544,
      0.2320348471403122,
      0.23628896474838257,
      0.15267711877822876,
      0.21184614300727844
    ],
    [
      -0.017927344888448715,
      0.5067307353019714,
      0.26079061627388,
      0.2858313322067261,
      0.5933749079704285,
      0.29077860713005066,
      0.3977695405483246,
      0.3902602195739746,
      0.34704598784446716,
      0.4609629511833191,
      1.0,
      0.23626361787319183,
      0.3015650808811188,
      0.30665087699890137,
      0.2761644721031189,
      0.24466824531555176
    ],
    [
      -0.03419063985347748,
      0.20713256299495697,
      0.14983706176280975,
      0.21398353576660156,
      0.17602606117725372,
      0.3980525732040405,
      0.20099619030952454,
      0.19963636994361877,
      0.3687514066696167,
      0.2287055253982544,
      0.23626361787319183,
      1.0,
      0.5582517981529236,
      0.2960786521434784,
      0.2881377339363098,
      0.3290611803531647
    ],
    [
      -0.07197879999876022,
      0.17211249470710754,
      0.1866919845342636,
      0.16497056186199188,
      0.22347337007522583,
      0.377377450466156,
      0.25352683663368225,
      0.20825327932834625,
      0.46421611309051514,
      0.2320348471403122,
      0.3015650808811188,
      0.5582517981529236,
      0.9999999403953552,
      0.436658650636673,
      0.4381977915763855,
      0.3963509202003479
    ],
    [
      -0.005921502131968737,
      0.30139967799186707,
      0.23356464505195618,
      0.15710732340812683,
      0.23939728736877441,
      0.23768560588359833,
      0.3301704525947571,
      0.3535497784614563,
      0.2806495726108551,
      0.23628896474838257,
      0.30665087699890137,
      0.2960786521434784,
      0.436658650636673,
      1.0,
      0.4142955541610718,
      0.4141051471233368
    ],
    [
      -0.0009652107255533338,
      0.24368752539157867,
      0.24237558245658875,
      0.192973792552948,
      0.2199202924966812,
      0.2717383801937103,
      0.32320985198020935,
      0.29384884238243103,
      0.3798401355743408,
      0.15267711877822876,
      0.2761644721031189,
      0.2881377339363098,
      0.4381977915763855,
      0.4142955541610718,
      1.0,
      0.6765478849411011
    ],
    [
      -0.0495314784348011,
      0.22299474477767944,
      0.16808271408081055,
      0.23543620109558105,
      0.1684236079454422,
      0.273898720741272,
      0.3166201710700989,
      0.3020836114883423,
      0.3754745125770569,
      0.21184614300727844,
      0.24466824531555176,
      0.3290611803531647,
      0.3963509202003479,
      0.4141051471233368,
      0.6765478849411011,
      1.0
    ]
  ]
}