{
  "game_number": 3,
  "words": [
    "BALONEY",
    "BULL",
    "BUNK",
    "RUBBISH",
    "CRANK",
    "HIKE",
    "JACK",
    "RAISE",
    "ARCHER",
    "HUNT",
    "PEEL",
    "POWERS",
    "FISH",
    "NAP",
    "TAIL",
    "WALK"
  ],
  "adjacency_matrix": [
    [
      1.0,
      0.5001622438430786,
      0.5174748301506042,
      0.6311883330345154,
      0.4635035991668701,
      0.23366937041282654,
      0.4277093708515167,
      0.2958793640136719,
      0.18842755258083344,
      0.32009264826774597,
      0.34328439831733704,
      0.2910020351409912,
      0.3966282308101654,
      0.25759124755859375,
      0.32375568151474,
      0.20814275741577148
    ],
    [
      0.5001622438430786,
      1.0,
      0.31366202235221863,
      0.413658082485199,
      0.3877759873867035,
      0.2623814642429352,
      0.40694716572761536,
      0.3589088022708893,
      0.3517856001853943,
      0.4681924283504486,
      0.2862434685230255,
      0.25795161724090576,
      0.4352000057697296,
      0.19643144309520721,
      0.4916800260543823,
      0.32353243231773376
    ],
    [
      0.5174748301506042,
      0.31366202235221863,
      1.0,
      0.5246356725692749,
      0.4810689091682434,
      0.333116739988327,
      0.41265854239463806,
      0.31784090399742126,
      0.07739923894405365,
      0.3080170750617981,
      0.2734633684158325,
      0.21480384469032288,
      0.31678834557533264,
      0.40001004934310913,
      0.2770620584487915,
      0.2684100270271301
    ],
    [
      0.6311883330345154,
      0.413658082485199,
      0.5246356725692749,
      1.0,
      0.4294602870941162,
      0.24295930564403534,
      0.3588111102581024,
      0.33239901065826416,
      0.17357979714870453,
      0.3179375231266022,
      0.3321606516838074,
      0.34917429089546204,
      0.36381158232688904,
      0.21705512702465057,
      0.29565370082855225,
      0.311382532119751
    ],
    [
      0.4635035991668701,
      0.3877759873867035,
      0.4810689091682434,
      0.4294602870941162,
      1.0,
      0.23699647188186646,
      0.49320608377456665,
      0.37251564860343933,
      0.288809210062027,
      0.34742867946624756,
      0.27000975608825684,
      0.3457668721675873,
      0.37852248549461365,
      0.2530495822429657,
      0.36456406116485596,
      0.2850899398326874
    ],
    [
      0.23366937041282654,
      0.2623814642429352,
      0.333116739988327,
      0.24295930564403534,
      0.23699647188186646,
      1.0,
      0.2887987494468689,
      0.4201916754245758,
      0.1412622630596161,
      0.4546729624271393,
      0.293021559715271,
      0.20801115036010742,
      0.3376847803592682,
      0.41080111265182495,
      0.31324586272239685,
      0.5452391505241394
    ],
    [
      0.4277093708515167,
      0.40694716572761536,
      0.41265854239463806,
      0.3588111102581024,
      0.49320608377456665,
      0.2887987494468689,
      1.0,
      0.40009206533432007,
      0.27413254976272583,
      0.3676782548427582,
      0.35850951075553894,
      0.2701307535171509,
      0.40706899762153625,
      0.3269643485546112,
      0.39341190457344055,
      0.2909013032913208
    ],
    [
      0.2958793640136719,
      0.3589088022708893,
      0.31784090399742126,
      0.33239901065826416,
      0.37251564860343933,
      0.4201916754245758,
      0.40009206533432007,
      0.9999999403953552,
      0.23228847980499268,
      0.38500508666038513,
      0.32679682970046997,
      0.29030942916870117,
      0.38630586862564087,
      0.23597870767116547,
      0.3329923450946808,
      0.3735657036304474
    ],
    [
      0.18842755258083344,
      0.3517856001853943,
      0.07739923894405365,
      0.17357979714870453,
      0.288809210062027,
      0.1412622630596161,
      0.27413254976272583,
      0.23228847980499268,
      1.0,
      0.4080280661582947,
      0.12263324856758118,
      0.23815985023975372,
      0.31438910961151123,
      0.06235261633992195,
      0.2910913825035095,
      0.23220767080783844
    ],
    [
      0.32009264826774597,
      0.4681924283504486,
      0.3080170750617981,
      0.3179375231266022,
      0.34742867946624756,
      0.4546729624271393,
      0.3676782548427582,
      0.38500508666038513,
      0.4080280661582947,
      1.0,
      0.2692407965660095,
      0.30175867676734924,
      0.5398002862930298,
      0.3164060711860657,
      0.42345160245895386,
      0.4506922662258148
    ],
    [
      0.34328439831733704,
      0.2862434685230255,
      0.2734633684158325,
      0.3321606516838074,
      0.27000975608825684,
      0.293021559715271,
      0.35850951075553894,
      0.32679682970046997,
      0.12263324856758118,
      0.2692407965660095,
      1.0,
      0.23414771258831024,
      0.33540886640548706,
      0.35309648513793945,
      0.2855314016342163,
      0.41069498658180237
    ],
    [
      0.2910020351409912,
      0.25795161724090576,
      0.21480384469032288,
      0.34917429089546204,
      0.3457668721675873,
      0.20801115036010742,
      0.2701307535171509,
      0.29030942916870117,
      0.23815985023975372,
      0.30175867676734924,
      0.23414771258831024,
      0.9999999403953552,
      0.32188084721565247,
      0.2017657309770584,
      0.37174907326698303,
      0.24088893830776215
    ],
    [
      0.3966282308101654,
      0.4352000057697296,
      0.31678834557533264,
      0.36381158232688904,
      0.37852248549461365,
      0.3376847803592682,
      0.40706899762153625,
      0.38630586862564087,
      0.31438910961151123,
      0.5398002862930298,
      0.33540886640548706,
      0.32188084721565247,
      1.0,
      0.2500663101673126,
      0.44887223839759827,
      0.36349910497665405
    ],
    [
      0.25759124755859375,
      0.19643144309520721,
      0.40001004934310913,
      0.21705512702465057,
      0.2530495822429657,
      0.41080111265182495,
      0.3269643485546112,
      0.23597870767116547,
      0.06235261633992195,
      0.3164060711860657,
      0.35309648513793945,
      0.2017657309770584,
      0.2500663101673126,
      1.0,
      0.3224651515483856,
      0.42258015275001526
    ],
    [
      0.32375568151474,
      0.4916800260543823,
      0.2770620584487915,
      0.29565370082855225,
      0.36456406116485596,
      0.31324586272239685,
      0.39341190457344055,
      0.3329923450946808,
      0.2910913825035095,
      0.42345160245895386,
      0.2855314016342163,
      0.37174907326698303,
      0.44887223839759827,
      0.3224651515483856,
      0.9999999403953552,
      0.31580668687820435
    ],
    [
      0.20814275741577148,
      0.32353243231773376,
      0.2684100270271301,
      0.311382532119751,
      0.2850899398326874,
      0.5452391505241394,
      0.2909013032913208,
      0.3735657036304474,
      0.23220767080783844,
      0.4506922662258148,
      0.41069498658180237,
      0.24088893830776215,
      0.36349910497665405,
      0.42258015275001526,
      0.31580668687820435,
      1.0
    ]
  ]
}