{
  "game_number": 329,
  "words": [
    "EQUITY",
    "OPTIONS",
    "SHARES",
    "STOCKS",
    "BILLINGS",
    "BUFFALO",
    "MOBILE",
    "PHOENIX",
    "APARTMENT",
    "INSULTS",
    "LIKES",
    "SHOVELS",
    "HURRY",
    "NOW",
    "PRONTO",
    "STAT"
  ],
  "adjacency_matrix": [
    [
      1.0,
      0.3938548266887665,
      0.46412137150764465,
      0.4361731708049774,
      0.31345027685165405,
      0.2864913046360016,
      0.33032071590423584,
      0.18355199694633484,
      0.3090422451496124,
      0.24643956124782562,
      0.18033231794834137,
      0.19432923197746277,
      0.1908358484506607,
      0.23771631717681885,
      0.21598762273788452,
      0.26391932368278503
    ],
    [
      0.3938548266887665,
      1.0,
      0.4454444944858551,
      0.49423542618751526,
      0.3200574517250061,
      0.22078007459640503,
      0.2931831479072571,
      0.20014028251171112,
      0.2608591616153717,
      0.3870278000831604,
      0.4017595052719116,
      0.2981429100036621,
      0.22389011085033417,
      0.39260581135749817,
      0.29984432458877563,
      0.3284101188182831
    ],
    [
      0.46412137150764465,
      0.4454444944858551,
      1.0,
      0.6034919023513794,
      0.28411269187927246,
      0.23158149421215057,
      0.2889936864376068,
      0.22682525217533112,
      0.32471004128456116,
      0.3495696783065796,
      0.5140623450279236,
      0.3261896073818207,
      0.15794827044010162,
      0.37592995166778564,
      0.24487297236919403,
      0.28487491607666016
    ],
    [
      0.4361731708049774,
      0.49423542618751526,
      0.6034919023513794,
      1.0,
      0.29574117064476013,
      0.28369343280792236,
      0.3085786998271942,
      0.24057815968990326,
      0.28665077686309814,
      0.3343288004398346,
      0.383066326379776,
      0.3929513394832611,
      0.21827463805675507,
      0.33741334080696106,
      0.20752666890621185,
      0.3012916147708893
    ],
    [
      0.31345027685165405,
      0.3200574517250061,
      0.28411269187927246,
      0.29574117064476013,
      1.0,
      0.2147108018398285,
      0.2749786972999573,
      0.256519079208374,
      0.265780508518219,
      0.2893248498439789,
      0.28368645906448364,
      0.1806844025850296,
      0.1603991985321045,
      0.22028690576553345,
      0.19189782440662384,
      0.3119174838066101
    ],
    [
      0.2864913046360016,
      0.22078007459640503,
      0.23158149421215057,
      0.28369343280792236,
      0.2147108018398285,
      1.0,
      0.2792816460132599,
      0.3119218051433563,
      0.21697168052196503,
      0.23434804379940033,
      0.21145865321159363,
      0.2808223366737366,
      0.2760402262210846,
      0.22784151136875153,
      0.2063242495059967,
      0.25850024819374084
    ],
    [
      0.33032071590423584,
      0.2931831479072571,
      0.2889936864376068,
      0.3085786998271942,
      0.2749786972999573,
      0.2792816460132599,
      1.0,
      0.26480811834335327,
      0.39350298047065735,
      0.20621010661125183,
      0.2972126603126526,
      0.268398255109787,
      0.294475257396698,
      0.29401570558547974,
      0.2884860634803772,
      0.35456034541130066
    ],
    [
      0.18355199694633484,
      0.20014028251171112,
      0.22682525217533112,
      0.24057815968990326,
      0.256519079208374,
      0.3119218051433563,
      0.26480811834335327,
      1.0,
      0.25477853417396545,
      0.18343523144721985,
      0.2464689165353775,
      0.1280241757631302,
      0.22532299160957336,
      0.22440601885318756,
      0.22450266778469086,
      0.30048668384552
    ],
    [
      0.3090422451496124,
      0.2608591616153717,
      0.32471004128456116,
      0.28665077686309814,
      0.265780508518219,
      0.21697168052196503,
      0.39350298047065735,
      0.25477853417396545,
      1.0,
      0.1863316297531128,
      0.2075885385274887,
      0.18646395206451416,
      0.2716412842273712,
      0.3250782787799835,
      0.2658015489578247,
      0.2466505914926529
    ],
    [
      0.24643956124782562,
      0.3870278000831604,
      0.3495696783065796,
      0.3343288004398346,
      0.2893248498439789,
      0.23434804379940033,
      0.20621010661125183,
      0.18343523144721985,
      0.1863316297531128,
      0.9999999403953552,
      0.42097172141075134,
      0.33235958218574524,
      0.20179952681064606,
      0.26648005843162537,
      0.25481265783309937,
      0.24913285672664642
    ],
    [
      0.18033231794834137,
      0.4017595052719116,
      0.5140623450279236,
      0.383066326379776,
      0.28368645906448364,
      0.21145865321159363,
      0.2972126603126526,
      0.2464689165353775,
      0.2075885385274887,
      0.42097172141075134,
      1.0,
      0.3403708338737488,
      0.32633453607559204,
      0.46589553356170654,
      0.2994711399078369,
      0.3031423091888428
    ],
    [
      0.19432923197746277,
      0.2981429100036621,
      0.3261896073818207,
      0.3929513394832611,
      0.1806844025850296,
      0.2808223366737366,
      0.268398255109787,
      0.1280241757631302,
      0.18646395206451416,
      0.33235958218574524,
      0.3403708338737488,
      1.0000001192092896,
      0.3107970356941223,
      0.21266788244247437,
      0.2735391855239868,
      0.22411273419857025
    ],
    [
      0.1908358484506607,
      0.22389011085033417,
      0.15794827044010162,
      0.21827463805675507,
      0.1603991985321045,
      0.2760402262210846,
      0.294475257396698,
      0.22532299160957336,
      0.2716412842273712,
      0.20179952681064606,
      0.32633453607559204,
      0.3107970356941223,
      1.0,
      0.45557117462158203,
      0.4782697856426239,
      0.2532561123371124
    ],
    [
      0.23771631717681885,
      0.39260581135749817,
      0.37592995166778564,
      0.33741334080696106,
      0.22028690576553345,
      0.22784151136875153,
      0.29401570558547974,
      0.22440601885318756,
      0.3250782787799835,
      0.26648005843162537,
      0.46589553356170654,
      0.21266788244247437,
      0.45557117462158203,
      0.9999999403953552,
      0.4229778051376343,
      0.2911158502101898
    ],
    [
      0.21598762273788452,
      0.29984432458877563,
      0.24487297236919403,
      0.20752666890621185,
      0.19189782440662384,
      0.2063242495059967,
      0.2884860634803772,
      0.22450266778469086,
      0.2658015489578247,
      0.25481265783309937,
      0.2994711399078369,
      0.2735391855239868,
      0.4782697856426239,
      0.4229778051376343,
      1.0,
      0.28029051423072815
    ],
    [
      0.26391932368278503,
      0.3284101188182831,
      0.28487491607666016,
      0.3012916147708893,
      0.3119174838066101,
      0.25850024819374084,
      0.35456034541130066,
      0.30048668384552,
      0.2466505914926529,
      0.24913285672664642,
      0.3031423091888428,
      0.22411273419857025,
      0.2532561123371124,
      0.2911158502101898,
      0.28029051423072815,
      1.0
    ]
  ]
}