{
  "game_number": 532,
  "words": [
    "CRANNY",
    "NICHE",
    "NOOK",
    "RECESS",
    "CLASSIC",
    "DEFINITIVE",
    "MODEL",
    "TEXTBOOK",
    "BACKPACK",
    "BIGWIG",
    "DOWNTOWN",
    "RAGTAG",
    "FOCUS",
    "RING",
    "SILENT",
    "VIBRATE"
  ],
  "adjacency_matrix": [
    [
      1.0000001192092896,
      0.46395421028137207,
      0.744029700756073,
      0.35591816902160645,
      0.3346523642539978,
      0.2584696114063263,
      0.24189141392707825,
      0.23567728698253632,
      0.3873562216758728,
      0.27730873227119446,
      0.3642568588256836,
      0.35323894023895264,
      0.2788971960544586,
      0.36376863718032837,
      0.40071535110473633,
      0.33511075377464294
    ],
    [
      0.46395421028137207,
      0.9999999403953552,
      0.4971323311328888,
      0.261830598115921,
      0.4554651379585266,
      0.39743101596832275,
      0.4285132884979248,
      0.284523606300354,
      0.2934038043022156,
      0.24181726574897766,
      0.3740603029727936,
      0.31971392035484314,
      0.4343988299369812,
      0.29274970293045044,
      0.34695863723754883,
      0.24188192188739777
    ],
    [
      0.744029700756073,
      0.4971323311328888,
      0.9999999403953552,
      0.3546102046966553,
      0.2985725700855255,
      0.2529129385948181,
      0.23953308165073395,
      0.2843778431415558,
      0.36969295144081116,
      0.24132667481899261,
      0.38055118918418884,
      0.27964872121810913,
      0.227400541305542,
      0.31931063532829285,
      0.3629745841026306,
      0.2623390257358551
    ],
    [
      0.35591816902160645,
      0.261830598115921,
      0.3546102046966553,
      1.0000001192092896,
      0.2916826903820038,
      0.25669538974761963,
      0.2317812740802765,
      0.2670348882675171,
      0.2955266237258911,
      0.13991215825080872,
      0.30089110136032104,
      0.1323719024658203,
      0.3407211899757385,
      0.32740163803100586,
      0.41810524463653564,
      0.28516414761543274
    ],
    [
      0.3346523642539978,
      0.4554651379585266,
      0.2985725700855255,
      0.2916826903820038,
      1.0000001192092896,
      0.5961740016937256,
      0.5533055067062378,
      0.5499864220619202,
      0.3345942199230194,
      0.2843194305896759,
      0.40070703625679016,
      0.4133645296096802,
      0.38892000913619995,
      0.3639286756515503,
      0.4514712393283844,
      0.19212615489959717
    ],
    [
      0.2584696114063263,
      0.39743101596832275,
      0.2529129385948181,
      0.25669538974761963,
      0.5961740016937256,
      1.0,
      0.4656878709793091,
      0.4600520431995392,
      0.23889529705047607,
      0.21300864219665527,
      0.2558138370513916,
      0.2973332107067108,
      0.4566267728805542,
      0.32633066177368164,
      0.4771057963371277,
      0.21866975724697113
    ],
    [
      0.24189141392707825,
      0.4285132884979248,
      0.23953308165073395,
      0.2317812740802765,
      0.5533055067062378,
      0.4656878709793091,
      1.0,
      0.49441254138946533,
      0.32710662484169006,
      0.2545262277126312,
      0.32198581099510193,
      0.2734203636646271,
      0.4299064874649048,
      0.3649331331253052,
      0.3261605203151703,
      0.2256302386522293
    ],
    [
      0.23567728698253632,
      0.284523606300354,
      0.2843778431415558,
      0.2670348882675171,
      0.5499864220619202,
      0.4600520431995392,
      0.49441254138946533,
      1.0,
      0.3387095034122467,
      0.19135107100009918,
      0.2498236745595932,
      0.2546277642250061,
      0.3422655761241913,
      0.24939431250095367,
      0.269425630569458,
      0.1600608080625534
    ],
    [
      0.3873562216758728,
      0.2934038043022156,
      0.36969295144081116,
      0.2955266237258911,
      0.3345942199230194,
      0.23889529705047607,
      0.32710662484169006,
      0.3387095034122467,
      1.0,
      0.13955816626548767,
      0.34661298990249634,
      0.3344860076904297,
      0.28547725081443787,
      0.37152934074401855,
      0.22599360346794128,
      0.3032466173171997
    ],
    [
      0.27730873227119446,
      0.24181726574897766,
      0.24132667481899261,
      0.13991215825080872,
      0.2843194305896759,
      0.21300864219665527,
      0.2545262277126312,
      0.19135107100009918,
      0.13955816626548767,
      0.9999999403953552,
      0.27023744583129883,
      0.39935410022735596,
      0.25007927417755127,
      0.26596903800964355,
      0.3154536783695221,
      0.08931627869606018
    ],
    [
      0.3642568588256836,
      0.3740603029727936,
      0.38055118918418884,
      0.30089110136032104,
      0.40070703625679016,
      0.2558138370513916,
      0.32198581099510193,
      0.2498236745595932,
      0.34661298990249634,
      0.27023744583129883,
      1.0,
      0.2799552381038666,
      0.34986355900764465,
      0.3257581293582916,
      0.2886681854724884,
      0.23035873472690582
    ],
    [
      0.35323894023895264,
      0.31971392035484314,
      0.27964872121810913,
      0.1323719024658203,
      0.4133645296096802,
      0.2973332107067108,
      0.2734203636646271,
      0.2546277642250061,
      0.3344860076904297,
      0.39935410022735596,
      0.2799552381038666,
      1.0,
      0.25756165385246277,
      0.29933273792266846,
      0.34938764572143555,
      0.14629967510700226
    ],
    [
      0.2788971960544586,
      0.4343988299369812,
      0.227400541305542,
      0.3407211899757385,
      0.38892000913619995,
      0.4566267728805542,
      0.4299064874649048,
      0.3422655761241913,
      0.28547725081443787,
      0.25007927417755127,
      0.34986355900764465,
      0.25756165385246277,
      1.0,
      0.3907366693019867,
      0.40045371651649475,
      0.35819363594055176
    ],
    [
      0.36376863718032837,
      0.29274970293045044,
      0.31931063532829285,
      0.32740163803100586,
      0.3639286756515503,
      0.32633066177368164,
      0.3649331331253052,
      0.24939431250095367,
      0.37152934074401855,
      0.26596903800964355,
      0.3257581293582916,
      0.29933273792266846,
      0.3907366693019867,
      1.0,
      0.3659777045249939,
      0.43858662247657776
    ],
    [
      0.40071535110473633,
      0.34695863723754883,
      0.3629745841026306,
      0.41810524463653564,
      0.4514712393283844,
      0.4771057963371277,
      0.3261605203151703,
      0.269425630569458,
      0.22599360346794128,
      0.3154536783695221,
      0.2886681854724884,
      0.34938764572143555,
      0.40045371651649475,
      0.3659777045249939,
      1.0,
      0.44145098328590393
    ],
    [
      0.33511075377464294,
      0.24188192188739777,
      0.2623390257358551,
      0.28516414761543274,
      0.19212615489959717,
      0.21866975724697113,
      0.2256302386522293,
      0.1600608080625534,
      0.3032466173171997,
      0.08931627869606018,
      0.23035873472690582,
      0.14629967510700226,
      0.35819363594055176,
      0.43858662247657776,
      0.44145098328590393,
      1.0
    ]
  ]
}