{
  "game_number": 524,
  "words": [
    "DATA",
    "INFO",
    "INTEL",
    "NEWS",
    "DELL",
    "GLEN",
    "HOLLOW",
    "VALLEY",
    "APPLE",
    "COMPUTER",
    "PLANET",
    "REACTOR",
    "FOLLOW",
    "LIKE",
    "SHARE",
    "SUBSCRIBE"
  ],
  "adjacency_matrix": [
    [
      1.0,
      0.6494761109352112,
      0.4029982089996338,
      0.4932892918586731,
      0.13537907600402832,
      0.1549958884716034,
      0.26647600531578064,
      0.2563239336013794,
      0.2879333198070526,
      0.5118962526321411,
      0.3201698362827301,
      0.2949160933494568,
      0.36744239926338196,
      0.2755298912525177,
      0.4350760579109192,
      0.2655984163284302
    ],
    [
      0.6494761109352112,
      1.0000001192092896,
      0.44926413893699646,
      0.523960292339325,
      0.16945599019527435,
      0.23874309659004211,
      0.26998209953308105,
      0.21793170273303986,
      0.2957957088947296,
      0.35434311628341675,
      0.2749720513820648,
      0.2631465792655945,
      0.38174375891685486,
      0.36170363426208496,
      0.39614635705947876,
      0.25843819975852966
    ],
    [
      0.4029982089996338,
      0.44926413893699646,
      1.0,
      0.3908349871635437,
      0.2099897414445877,
      0.1603572964668274,
      0.178636834025383,
      0.17311452329158783,
      0.3513413369655609,
      0.40299662947654724,
      0.28444695472717285,
      0.25410985946655273,
      0.1451577991247177,
      0.21046161651611328,
      0.3148328363895416,
      0.09080537408590317
    ],
    [
      0.4932892918586731,
      0.523960292339325,
      0.3908349871635437,
      0.9999999403953552,
      0.12197761237621307,
      0.19709882140159607,
      0.25327351689338684,
      0.28700706362724304,
      0.2888334393501282,
      0.3895878195762634,
      0.32975253462791443,
      0.2945343554019928,
      0.42365142703056335,
      0.3129788041114807,
      0.36996641755104065,
      0.3853404223918915
    ],
    [
      0.13537907600402832,
      0.16945599019527435,
      0.2099897414445877,
      0.12197761237621307,
      1.0,
      0.4470895528793335,
      0.30586299300193787,
      0.3966428339481354,
      0.3728376626968384,
      0.2812744379043579,
      0.24033425748348236,
      0.17603012919425964,
      0.23319169878959656,
      0.2716097831726074,
      0.22679239511489868,
      0.17871223390102386
    ],
    [
      0.1549958884716034,
      0.23874309659004211,
      0.1603572964668274,
      0.19709882140159607,
      0.4470895528793335,
      1.0,
      0.3985484838485718,
      0.6033235788345337,
      0.2766570746898651,
      0.16612838208675385,
      0.24789486825466156,
      0.21383370459079742,
      0.27865734696388245,
      0.25105607509613037,
      0.2303638458251953,
      0.1912170946598053
    ],
    [
      0.26647600531578064,
      0.26998209953308105,
      0.178636834025383,
      0.25327351689338684,
      0.30586299300193787,
      0.3985484838485718,
      1.0,
      0.42325395345687866,
      0.3807184398174286,
      0.25936222076416016,
      0.3427444100379944,
      0.3294394314289093,
      0.39545562863349915,
      0.43805694580078125,
      0.32603979110717773,
      0.23579789698123932
    ],
    [
      0.2563239336013794,
      0.21793170273303986,
      0.17311452329158783,
      0.28700706362724304,
      0.3966428339481354,
      0.6033235788345337,
      0.42325395345687866,
      0.9999999403953552,
      0.2857949137687683,
      0.31026726961135864,
      0.4384765625,
      0.2971762716770172,
      0.31978845596313477,
      0.30905988812446594,
      0.2670235335826874,
      0.1834017038345337
    ],
    [
      0.2879333198070526,
      0.2957957088947296,
      0.3513413369655609,
      0.2888334393501282,
      0.3728376626968384,
      0.2766570746898651,
      0.3807184398174286,
      0.2857949137687683,
      1.0,
      0.3742632567882538,
      0.32821154594421387,
      0.2349376380443573,
      0.3154001832008362,
      0.3520418107509613,
      0.39267784357070923,
      0.2224549651145935
    ],
    [
      0.5118962526321411,
      0.35434311628341675,
      0.40299662947654724,
      0.3895878195762634,
      0.2812744379043579,
      0.16612838208675385,
      0.25936222076416016,
      0.31026726961135864,
      0.3742632567882538,
      1.0,
      0.4425274133682251,
      0.3749966025352478,
      0.32685181498527527,
      0.3434731662273407,
      0.37398701906204224,
      0.2541927099227905
    ],
    [
      0.3201698362827301,
      0.2749720513820648,
      0.28444695472717285,
      0.32975253462791443,
      0.24033425748348236,
      0.24789486825466156,
      0.3427444100379944,
      0.4384765625,
      0.32821154594421387,
      0.4425274133682251,
      1.0,
      0.3426867127418518,
      0.2736438512802124,
      0.3433818221092224,
      0.3272227942943573,
      0.2216174304485321
    ],
    [
      0.2949160933494568,
      0.2631465792655945,
      0.25410985946655273,
      0.2945343554019928,
      0.17603012919425964,
      0.21383370459079742,
      0.3294394314289093,
      0.2971762716770172,
      0.2349376380443573,
      0.3749966025352478,
      0.3426867127418518,
      1.0,
      0.29363173246383667,
      0.26920199394226074,
      0.21279747784137726,
      0.17865948379039764
    ],
    [
      0.36744239926338196,
      0.38174375891685486,
      0.1451577991247177,
      0.42365142703056335,
      0.23319169878959656,
      0.27865734696388245,
      0.39545562863349915,
      0.31978845596313477,
      0.3154001832008362,
      0.32685181498527527,
      0.2736438512802124,
      0.29363173246383667,
      1.0,
      0.47749894857406616,
      0.46789610385894775,
      0.4682171046733856
    ],
    [
      0.2755298912525177,
      0.36170363426208496,
      0.21046161651611328,
      0.3129788041114807,
      0.2716097831726074,
      0.25105607509613037,
      0.43805694580078125,
      0.30905988812446594,
      0.3520418107509613,
      0.3434731662273407,
      0.3433818221092224,
      0.26920199394226074,
      0.47749894857406616,
      0.9999999403953552,
      0.386989563703537,
      0.386112779378891
    ],
    [
      0.4350760579109192,
      0.39614635705947876,
      0.3148328363895416,
      0.36996641755104065,
      0.22679239511489868,
      0.2303638458251953,
      0.32603979110717773,
      0.2670235335826874,
      0.39267784357070923,
      0.37398701906204224,
      0.3272227942943573,
      0.21279747784137726,
      0.46789610385894775,
      0.386989563703537,
      1.0,
      0.45772361755371094
    ],
    [
      0.2655984163284302,
      0.25843819975852966,
      0.09080537408590317,
      0.3853404223918915,
      0.17871223390102386,
      0.1912170946598053,
      0.23579789698123932,
      0.1834017038345337,
      0.2224549651145935,
      0.2541927099227905,
      0.2216174304485321,
      0.17865948379039764,
      0.4682171046733856,
      0.386112779378891,
      0.45772361755371094,
      1.0
    ]
  ]
}