{
  "game_number": 129,
  "words": [
    "BOW",
    "BUCKLE",
    "CAVE",
    "GIVE",
    "ANCHOR",
    "COMPASS",
    "MERMAID",
    "SWALLOW",
    "BUTTE",
    "CHINA",
    "HEARTH",
    "SHINE",
    "GNASH",
    "GRATE",
    "GRIND",
    "SCRAPE"
  ],
  "adjacency_matrix": [
    [
      1.0,
      0.5306473970413208,
      0.36668553948402405,
      0.3375185430049896,
      0.3932599127292633,
      0.4485495388507843,
      0.37259840965270996,
      0.3727043867111206,
      0.3068777024745941,
      0.3403766453266144,
      0.3912493586540222,
      0.3517729341983795,
      0.3653532862663269,
      0.399101197719574,
      0.31917256116867065,
      0.45791852474212646
    ],
    [
      0.5306473970413208,
      1.0,
      0.31819239258766174,
      0.3506617248058319,
      0.3562074899673462,
      0.369010865688324,
      0.2320241928100586,
      0.4143794775009155,
      0.3068915605545044,
      0.2796665132045746,
      0.30836787819862366,
      0.3746376633644104,
      0.38744083046913147,
      0.4147171378135681,
      0.37981393933296204,
      0.4158639907836914
    ],
    [
      0.36668553948402405,
      0.31819239258766174,
      1.0,
      0.30298295617103577,
      0.2780710458755493,
      0.36636531352996826,
      0.31324365735054016,
      0.3673851788043976,
      0.4692462682723999,
      0.3524547815322876,
      0.42708295583724976,
      0.27308544516563416,
      0.26282110810279846,
      0.3446575701236725,
      0.2743901312351227,
      0.34673500061035156
    ],
    [
      0.3375185430049896,
      0.3506617248058319,
      0.30298295617103577,
      1.0,
      0.31164175271987915,
      0.38422298431396484,
      0.22185088694095612,
      0.4770583212375641,
      0.3092755079269409,
      0.29309096932411194,
      0.2695643901824951,
      0.5165663361549377,
      0.2944200932979584,
      0.44190138578414917,
      0.3540230393409729,
      0.3687305152416229
    ],
    [
      0.3932599127292633,
      0.3562074899673462,
      0.2780710458755493,
      0.31164175271987915,
      1.0,
      0.4129907190799713,
      0.39434975385665894,
      0.28084829449653625,
      0.26431187987327576,
      0.2672324776649475,
      0.3240814208984375,
      0.32239392399787903,
      0.20230400562286377,
      0.2933322787284851,
      0.23982815444469452,
      0.3063514828681946
    ],
    [
      0.4485495388507843,
      0.369010865688324,
      0.36636531352996826,
      0.38422298431396484,
      0.4129907190799713,
      0.9999999403953552,
      0.27666011452674866,
      0.32416820526123047,
      0.2968123257160187,
      0.2928461730480194,
      0.37491872906684875,
      0.37374913692474365,
      0.19394701719284058,
      0.4029689431190491,
      0.28260019421577454,
      0.32842689752578735
    ],
    [
      0.37259840965270996,
      0.2320241928100586,
      0.31324365735054016,
      0.22185088694095612,
      0.39434975385665894,
      0.27666011452674866,
      1.0,
      0.33945295214653015,
      0.26186466217041016,
      0.3140406608581543,
      0.20644444227218628,
      0.29352569580078125,
      0.28720390796661377,
      0.21641767024993896,
      0.0972054973244667,
      0.2759959399700165
    ],
    [
      0.3727043867111206,
      0.4143794775009155,
      0.3673851788043976,
      0.4770583212375641,
      0.28084829449653625,
      0.32416820526123047,
      0.33945295214653015,
      0.9999999403953552,
      0.3058169484138489,
      0.33145231008529663,
      0.29767778515815735,
      0.3806217312812805,
      0.4786931276321411,
      0.38385212421417236,
      0.4029727876186371,
      0.4259038269519806
    ],
    [
      0.3068777024745941,
      0.3068915605545044,
      0.4692462682723999,
      0.3092755079269409,
      0.26431187987327576,
      0.2968123257160187,
      0.26186466217041016,
      0.3058169484138489,
      1.0,
      0.27884262800216675,
      0.36889058351516724,
      0.2734462320804596,
      0.24675001204013824,
      0.3472699820995331,
      0.34002333879470825,
      0.34112420678138733
    ],
    [
      0.3403766453266144,
      0.2796665132045746,
      0.3524547815322876,
      0.29309096932411194,
      0.2672324776649475,
      0.2928461730480194,
      0.3140406608581543,
      0.33145231008529663,
      0.27884262800216675,
      1.0,
      0.41590526700019836,
      0.341661274433136,
      0.20723818242549896,
      0.3039599061012268,
      0.26168668270111084,
      0.33066174387931824
    ],
    [
      0.3912493586540222,
      0.30836787819862366,
      0.42708295583724976,
      0.2695643901824951,
      0.3240814208984375,
      0.37491872906684875,
      0.20644444227218628,
      0.29767778515815735,
      0.36889058351516724,
      0.41590526700019836,
      1.0,
      0.3266875445842743,
      0.26892194151878357,
      0.4949120283126831,
      0.3031522333621979,
      0.309644490480423
    ],
    [
      0.3517729341983795,
      0.3746376633644104,
      0.27308544516563416,
      0.5165663361549377,
      0.32239392399787903,
      0.37374913692474365,
      0.29352569580078125,
      0.3806217312812805,
      0.2734462320804596,
      0.341661274433136,
      0.3266875445842743,
      1.0,
      0.333314448595047,
      0.42744705080986023,
      0.427747905254364,
      0.34678658843040466
    ],
    [
      0.3653532862663269,
      0.38744083046913147,
      0.26282110810279846,
      0.2944200932979584,
      0.20230400562286377,
      0.19394701719284058,
      0.28720390796661377,
      0.4786931276321411,
      0.24675001204013824,
      0.20723818242549896,
      0.26892194151878357,
      0.333314448595047,
      0.9999999403953552,
      0.36639562249183655,
      0.4922111928462982,
      0.4669896960258484
    ],
    [
      0.399101197719574,
      0.4147171378135681,
      0.3446575701236725,
      0.44190138578414917,
      0.2933322787284851,
      0.4029689431190491,
      0.21641767024993896,
      0.38385212421417236,
      0.3472699820995331,
      0.3039599061012268,
      0.4949120283126831,
      0.42744705080986023,
      0.36639562249183655,
      1.0,
      0.3997817933559418,
      0.4108624756336212
    ],
    [
      0.31917256116867065,
      0.37981393933296204,
      0.2743901312351227,
      0.3540230393409729,
      0.23982815444469452,
      0.28260019421577454,
      0.0972054973244667,
      0.4029727876186371,
      0.34002333879470825,
      0.26168668270111084,
      0.3031522333621979,
      0.427747905254364,
      0.4922111928462982,
      0.3997817933559418,
      1.0,
      0.5427935123443604
    ],
    [
      0.45791852474212646,
      0.4158639907836914,
      0.34673500061035156,
      0.3687305152416229,
      0.3063514828681946,
      0.32842689752578735,
      0.2759959399700165,
      0.4259038269519806,
      0.34112420678138733,
      0.33066174387931824,
      0.309644490480423,
      0.34678658843040466,
      0.4669896960258484,
      0.4108624756336212,
      0.5427935123443604,
      1.0
    ]
  ]
}