{
  "game_number": 637,
  "words": [
    "KETCHUP",
    "MAYO",
    "RELISH",
    "TARTAR",
    "BLUE",
    "DOWN",
    "GLUM",
    "LOW",
    "GREEN",
    "MUSTARD",
    "PLUM",
    "SCARLET",
    "ADIDAS",
    "NIKE",
    "PUMA",
    "REEBOK"
  ],
  "adjacency_matrix": [
    [
      1.0000001192092896,
      0.4895106256008148,
      0.3497719168663025,
      0.43012481927871704,
      0.3707906901836395,
      0.23225058615207672,
      0.1252133846282959,
      0.17910178005695343,
      0.34837886691093445,
      0.5355738401412964,
      0.35372909903526306,
      0.30933576822280884,
      0.18983663618564606,
      0.28192460536956787,
      0.2700350880622864,
      0.3631734549999237
    ],
    [
      0.4895106256008148,
      1.0,
      0.2641361355781555,
      0.4161543846130371,
      0.332476943731308,
      0.2354808896780014,
      0.1676037460565567,
      0.2554822862148285,
      0.3096197545528412,
      0.44088640809059143,
      0.3161194324493408,
      0.26696059107780457,
      0.1707482933998108,
      0.26659268140792847,
      0.28387531638145447,
      0.2941663861274719
    ],
    [
      0.3497719168663025,
      0.2641361355781555,
      1.0,
      0.3559742271900177,
      0.26479610800743103,
      0.3001861870288849,
      0.3699494004249573,
      0.38471850752830505,
      0.3155916929244995,
      0.401094526052475,
      0.38908135890960693,
      0.3571375608444214,
      0.012953964062035084,
      0.10125021636486053,
      0.2136307656764984,
      0.30258291959762573
    ],
    [
      0.43012481927871704,
      0.4161543846130371,
      0.3559742271900177,
      1.0,
      0.3382466435432434,
      0.23704315721988678,
      0.17008495330810547,
      0.2332916408777237,
      0.3473990261554718,
      0.435560017824173,
      0.4110063910484314,
      0.3228926956653595,
      0.1108466386795044,
      0.2599615752696991,
      0.3018800914287567,
      0.36766526103019714
    ],
    [
      0.3707906901836395,
      0.332476943731308,
      0.26479610800743103,
      0.3382466435432434,
      1.0,
      0.37334299087524414,
      0.2957409918308258,
      0.41879579424858093,
      0.8072766661643982,
      0.4300583600997925,
      0.45608654618263245,
      0.6498861908912659,
      0.26138660311698914,
      0.34668660163879395,
      0.4104152321815491,
      0.3926103413105011
    ],
    [
      0.23225058615207672,
      0.2354808896780014,
      0.3001861870288849,
      0.23704315721988678,
      0.37334299087524414,
      1.0,
      0.2782682180404663,
      0.5273195505142212,
      0.36662307381629944,
      0.3031446635723114,
      0.25821319222450256,
      0.3220737874507904,
      0.07641550153493881,
      0.22026067972183228,
      0.22202855348587036,
      0.268128365278244
    ],
    [
      0.1252133846282959,
      0.1676037460565567,
      0.3699494004249573,
      0.17008495330810547,
      0.2957409918308258,
      0.2782682180404663,
      1.0,
      0.3485456109046936,
      0.33814334869384766,
      0.1799769103527069,
      0.25814375281333923,
      0.2613971531391144,
      0.07526881247758865,
      0.10593616962432861,
      0.2074872851371765,
      0.25423696637153625
    ],
    [
      0.17910178005695343,
      0.2554822862148285,
      0.38471850752830505,
      0.2332916408777237,
      0.41879579424858093,
      0.5273195505142212,
      0.3485456109046936,
      1.0,
      0.44563332200050354,
      0.28567925095558167,
      0.30404186248779297,
      0.3547467589378357,
      -0.006261908914893866,
      0.16510869562625885,
      0.23521828651428223,
      0.2788868844509125
    ],
    [
      0.34837886691093445,
      0.3096197545528412,
      0.3155916929244995,
      0.3473990261554718,
      0.8072766661643982,
      0.36662307381629944,
      0.33814334869384766,
      0.44563332200050354,
      1.0,
      0.44380810856819153,
      0.47987428307533264,
      0.5987511277198792,
      0.26044774055480957,
      0.3293537497520447,
      0.38188666105270386,
      0.3526759445667267
    ],
    [
      0.5355738401412964,
      0.44088640809059143,
      0.401094526052475,
      0.435560017824173,
      0.4300583600997925,
      0.3031446635723114,
      0.1799769103527069,
      0.28567925095558167,
      0.44380810856819153,
      1.0,
      0.4392319619655609,
      0.4744519889354706,
      0.17773927748203278,
      0.24493952095508575,
      0.26457515358924866,
      0.2886247932910919
    ],
    [
      0.35372909903526306,
      0.3161194324493408,
      0.38908135890960693,
      0.4110063910484314,
      0.45608654618263245,
      0.25821319222450256,
      0.25814375281333923,
      0.30404186248779297,
      0.47987428307533264,
      0.4392319619655609,
      1.0,
      0.47806140780448914,
      0.17836174368858337,
      0.24363236129283905,
      0.29522737860679626,
      0.311801940202713
    ],
    [
      0.30933576822280884,
      0.26696059107780457,
      0.3571375608444214,
      0.3228926956653595,
      0.6498861908912659,
      0.3220737874507904,
      0.2613971531391144,
      0.3547467589378357,
      0.5987511277198792,
      0.4744519889354706,
      0.47806140780448914,
      1.0,
      0.251838743686676,
      0.28637298941612244,
      0.3639003038406372,
      0.406360000371933
    ],
    [
      0.18983663618564606,
      0.1707482933998108,
      0.012953964062035084,
      0.1108466386795044,
      0.26138660311698914,
      0.07641550153493881,
      0.07526881247758865,
      -0.006261908914893866,
      0.26044774055480957,
      0.17773927748203278,
      0.17836174368858337,
      0.251838743686676,
      0.9999999403953552,
      0.5617847442626953,
      0.3746321499347687,
      0.5377644896507263
    ],
    [
      0.28192460536956787,
      0.26659268140792847,
      0.10125021636486053,
      0.2599615752696991,
      0.34668660163879395,
      0.22026067972183228,
      0.10593616962432861,
      0.16510869562625885,
      0.3293537497520447,
      0.24493952095508575,
      0.24363236129283905,
      0.28637298941612244,
      0.5617847442626953,
      1.0,
      0.3914400339126587,
      0.6063900589942932
    ],
    [
      0.2700350880622864,
      0.28387531638145447,
      0.2136307656764984,
      0.3018800914287567,
      0.4104152321815491,
      0.22202855348587036,
      0.2074872851371765,
      0.23521828651428223,
      0.38188666105270386,
      0.26457515358924866,
      0.29522737860679626,
      0.3639003038406372,
      0.3746321499347687,
      0.3914400339126587,
      1.0,
      0.48077061772346497
    ],
    [
      0.3631734549999237,
      0.2941663861274719,
      0.30258291959762573,
      0.36766526103019714,
      0.3926103413105011,
      0.268128365278244,
      0.25423696637153625,
      0.2788868844509125,
      0.3526759445667267,
      0.2886247932910919,
      0.311801940202713,
      0.406360000371933,
      0.5377644896507263,
      0.6063900589942932,
      0.48077061772346497,
      1.0
    ]
  ]
}