{
  "game_number": 114,
  "words": [
    "BACK",
    "EXTENSIONS",
    "FORWARD",
    "REFRESH",
    "DIVIDER",
    "LANE",
    "MEDIAN",
    "SHOULDER",
    "CARTE",
    "KING",
    "MODE",
    "PLANCHA",
    "REMARKABLE",
    "SINGULAR",
    "SPECIAL",
    "UNIQUE"
  ],
  "adjacency_matrix": [
    [
      1.0,
      0.3986527919769287,
      0.7146942615509033,
      0.43781784176826477,
      0.3477441966533661,
      0.39537954330444336,
      0.33387669920921326,
      0.5296843647956848,
      0.22547656297683716,
      0.3574810028076172,
      0.3475874662399292,
      0.43374279141426086,
      0.3235507607460022,
      0.26476237177848816,
      0.3635636866092682,
      0.2968669533729553
    ],
    [
      0.3986527919769287,
      1.0,
      0.37836307287216187,
      0.3294711410999298,
      0.2546550929546356,
      0.3009279668331146,
      0.28437715768814087,
      0.3060321807861328,
      0.2183714359998703,
      0.20042932033538818,
      0.3449072241783142,
      0.35854941606521606,
      0.3474940359592438,
      0.3083011507987976,
      0.4944145083427429,
      0.43898117542266846
    ],
    [
      0.7146942615509033,
      0.37836307287216187,
      0.9999999403953552,
      0.3965279459953308,
      0.29375723004341125,
      0.3608749806880951,
      0.24672333896160126,
      0.45890265703201294,
      0.15812775492668152,
      0.25581133365631104,
      0.35632792115211487,
      0.36895042657852173,
      0.35980209708213806,
      0.29156404733657837,
      0.3050060272216797,
      0.287551611661911
    ],
    [
      0.43781784176826477,
      0.3294711410999298,
      0.3965279459953308,
      1.0,
      0.28504955768585205,
      0.2673809230327606,
      0.27303701639175415,
      0.31268227100372314,
      0.24377547204494476,
      0.25220486521720886,
      0.42401888966560364,
      0.3735216557979584,
      0.33472827076911926,
      0.2583921253681183,
      0.40232813358306885,
      0.33593565225601196
    ],
    [
      0.3477441966533661,
      0.2546550929546356,
      0.29375723004341125,
      0.28504955768585205,
      1.0,
      0.45925262570381165,
      0.5033996105194092,
      0.34325578808784485,
      0.16039997339248657,
      0.39825019240379333,
      0.3421230912208557,
      0.3433517813682556,
      0.2311701625585556,
      0.344709575176239,
      0.349531352519989,
      0.27298399806022644
    ],
    [
      0.39537954330444336,
      0.3009279668331146,
      0.3608749806880951,
      0.2673809230327606,
      0.45925262570381165,
      1.0,
      0.4282436966896057,
      0.3731498122215271,
      0.1475963145494461,
      0.2814953923225403,
      0.39884817600250244,
      0.30853596329689026,
      0.2458643764257431,
      0.3410837948322296,
      0.3337975740432739,
      0.25961530208587646
    ],
    [
      0.33387669920921326,
      0.28437715768814087,
      0.24672333896160126,
      0.27303701639175415,
      0.5033996105194092,
      0.4282436966896057,
      1.0,
      0.38364049792289734,
      0.17164544761180878,
      0.25828275084495544,
      0.3589213192462921,
      0.25666171312332153,
      0.28752031922340393,
      0.3528374433517456,
      0.34544700384140015,
      0.26144078373908997
    ],
    [
      0.5296843647956848,
      0.3060321807861328,
      0.45890265703201294,
      0.31268227100372314,
      0.34325578808784485,
      0.3731498122215271,
      0.38364049792289734,
      1.0,
      0.20571103692054749,
      0.2589096426963806,
      0.2507459223270416,
      0.3754206895828247,
      0.23069842159748077,
      0.2518809139728546,
      0.3005867600440979,
      0.23883333802223206
    ],
    [
      0.22547656297683716,
      0.2183714359998703,
      0.15812775492668152,
      0.24377547204494476,
      0.16039997339248657,
      0.1475963145494461,
      0.17164544761180878,
      0.20571103692054749,
      1.0,
      0.19790776073932648,
      0.29120662808418274,
      0.39118441939353943,
      0.13609200716018677,
      0.2410058230161667,
      0.2648197114467621,
      0.19171001017093658
    ],
    [
      0.3574810028076172,
      0.20042932033538818,
      0.25581133365631104,
      0.25220486521720886,
      0.39825019240379333,
      0.2814953923225403,
      0.25828275084495544,
      0.2589096426963806,
      0.19790776073932648,
      1.0,
      0.3075798451900482,
      0.3290920853614807,
      0.26135334372520447,
      0.3255718946456909,
      0.3210258483886719,
      0.275513619184494
    ],
    [
      0.3475874662399292,
      0.3449072241783142,
      0.35632792115211487,
      0.42401888966560364,
      0.3421230912208557,
      0.39884817600250244,
      0.3589213192462921,
      0.2507459223270416,
      0.29120662808418274,
      0.3075798451900482,
      1.0,
      0.3684219419956207,
      0.36729589104652405,
      0.4590509533882141,
      0.45657047629356384,
      0.40441179275512695
    ],
    [
      0.43374279141426086,
      0.35854941606521606,
      0.36895042657852173,
      0.3735216557979584,
      0.3433517813682556,
      0.30853596329689026,
      0.25666171312332153,
      0.3754206895828247,
      0.39118441939353943,
      0.3290920853614807,
      0.3684219419956207,
      1.0,
      0.2687687575817108,
      0.31635016202926636,
      0.3775723874568939,
      0.3212404251098633
    ],
    [
      0.3235507607460022,
      0.3474940359592438,
      0.35980209708213806,
      0.33472827076911926,
      0.2311701625585556,
      0.2458643764257431,
      0.28752031922340393,
      0.23069842159748077,
      0.13609200716018677,
      0.26135334372520447,
      0.36729589104652405,
      0.2687687575817108,
      1.0,
      0.5717155337333679,
      0.5787034034729004,
      0.7302212715148926
    ],
    [
      0.26476237177848816,
      0.3083011507987976,
      0.29156404733657837,
      0.2583921253681183,
      0.344709575176239,
      0.3410837948322296,
      0.3528374433517456,
      0.2518809139728546,
      0.2410058230161667,
      0.3255718946456909,
      0.4590509533882141,
      0.31635016202926636,
      0.5717155337333679,
      1.0,
      0.5885555744171143,
      0.6272923350334167
    ],
    [
      0.3635636866092682,
      0.4944145083427429,
      0.3050060272216797,
      0.40232813358306885,
      0.349531352519989,
      0.3337975740432739,
      0.34544700384140015,
      0.3005867600440979,
      0.2648197114467621,
      0.3210258483886719,
      0.45657047629356384,
      0.3775723874568939,
      0.5787034034729004,
      0.5885555744171143,
      0.9999999403953552,
      0.7022166848182678
    ],
    [
      0.2968669533729553,
      0.43898117542266846,
      0.287551611661911,
      0.33593565225601196,
      0.27298399806022644,
      0.25961530208587646,
      0.26144078373908997,
      0.23883333802223206,
      0.19171001017093658,
      0.275513619184494,
      0.40441179275512695,
      0.3212404251098633,
      0.7302212715148926,
      0.6272923350334167,
      0.7022166848182678,
      1.0
    ]
  ]
}