{
  "game_number": 633,
  "words": [
    "BOO",
    "HONEY",
    "SUGAR",
    "SWEETIE",
    "AIRPLANE",
    "ANGEL",
    "BIRD",
    "PEGASUS",
    "BABY",
    "GINGER",
    "POSH",
    "SCARY",
    "DATE",
    "KIWI",
    "LEMON",
    "ORANGE"
  ],
  "adjacency_matrix": [
    [
      1.0,
      0.35711315274238586,
      0.21768571436405182,
      0.4505752921104431,
      0.23822267353534698,
      0.28945887088775635,
      0.29771023988723755,
      0.28195223212242126,
      0.40115979313850403,
      0.39805468916893005,
      0.3658982813358307,
      0.3748597204685211,
      0.26848530769348145,
      0.2347412258386612,
      0.2754966616630554,
      0.2809966504573822
    ],
    [
      0.35711315274238586,
      1.0,
      0.5440340638160706,
      0.5103177428245544,
      0.3088637590408325,
      0.3619803786277771,
      0.39766138792037964,
      0.2456294596195221,
      0.40911686420440674,
      0.4860934317111969,
      0.3117313086986542,
      0.2895964980125427,
      0.2588004767894745,
      0.2665625810623169,
      0.4656250774860382,
      0.4120006561279297
    ],
    [
      0.21768571436405182,
      0.5440340638160706,
      1.0,
      0.3772197961807251,
      0.36937955021858215,
      0.30808305740356445,
      0.3043862581253052,
      0.18417592346668243,
      0.4051823914051056,
      0.5232059955596924,
      0.26127368211746216,
      0.254606157541275,
      0.22966130077838898,
      0.3080625534057617,
      0.5041444301605225,
      0.4392268657684326
    ],
    [
      0.4505752921104431,
      0.5103177428245544,
      0.3772197961807251,
      1.0,
      0.24553722143173218,
      0.3987438380718231,
      0.2865394949913025,
      0.3249608278274536,
      0.42461103200912476,
      0.4336918294429779,
      0.43447253108024597,
      0.3917461335659027,
      0.2908625602722168,
      0.29346856474876404,
      0.39925283193588257,
      0.37065038084983826
    ],
    [
      0.23822267353534698,
      0.3088637590408325,
      0.36937955021858215,
      0.24553722143173218,
      1.0,
      0.35197898745536804,
      0.4757087230682373,
      0.3739636540412903,
      0.3968904912471771,
      0.26975107192993164,
      0.25515449047088623,
      0.28986725211143494,
      0.32111018896102905,
      0.18688617646694183,
      0.3097902238368988,
      0.34851062297821045
    ],
    [
      0.28945887088775635,
      0.3619803786277771,
      0.30808305740356445,
      0.3987438380718231,
      0.35197898745536804,
      1.0,
      0.4526521563529968,
      0.4904899597167969,
      0.4472638964653015,
      0.33255213499069214,
      0.22847428917884827,
      0.3658052086830139,
      0.2648742198944092,
      0.27136683464050293,
      0.3565243184566498,
      0.3875653147697449
    ],
    [
      0.29771023988723755,
      0.39766138792037964,
      0.3043862581253052,
      0.2865394949913025,
      0.4757087230682373,
      0.4526521563529968,
      1.0,
      0.4609946608543396,
      0.47530174255371094,
      0.3591866195201874,
      0.2582930028438568,
      0.26314833760261536,
      0.27702847123146057,
      0.46157529950141907,
      0.3541436493396759,
      0.41582345962524414
    ],
    [
      0.28195223212242126,
      0.2456294596195221,
      0.18417592346668243,
      0.3249608278274536,
      0.3739636540412903,
      0.4904899597167969,
      0.4609946608543396,
      1.0,
      0.4077894985675812,
      0.3291487991809845,
      0.2529754042625427,
      0.29084938764572144,
      0.24989701807498932,
      0.3238511383533478,
      0.3176034092903137,
      0.37376371026039124
    ],
    [
      0.40115979313850403,
      0.40911686420440674,
      0.4051823914051056,
      0.42461103200912476,
      0.3968904912471771,
      0.4472638964653015,
      0.47530174255371094,
      0.4077894985675812,
      1.0,
      0.44219550490379333,
      0.3256581425666809,
      0.36643198132514954,
      0.34233978390693665,
      0.3662905693054199,
      0.363982230424881,
      0.351550817489624
    ],
    [
      0.39805468916893005,
      0.4860934317111969,
      0.5232059955596924,
      0.4336918294429779,
      0.26975107192993164,
      0.33255213499069214,
      0.3591866195201874,
      0.3291487991809845,
      0.44219550490379333,
      1.0,
      0.3591451048851013,
      0.3452635705471039,
      0.22890116274356842,
      0.4534662067890167,
      0.5870323777198792,
      0.48125267028808594
    ],
    [
      0.3658982813358307,
      0.3117313086986542,
      0.26127368211746216,
      0.43447253108024597,
      0.25515449047088623,
      0.22847428917884827,
      0.2582930028438568,
      0.2529754042625427,
      0.3256581425666809,
      0.3591451048851013,
      1.0,
      0.407094269990921,
      0.22115370631217957,
      0.2507183849811554,
      0.31498563289642334,
      0.36326321959495544
    ],
    [
      0.3748597204685211,
      0.2895964980125427,
      0.254606157541275,
      0.3917461335659027,
      0.28986725211143494,
      0.3658052086830139,
      0.26314833760261536,
      0.29084938764572144,
      0.36643198132514954,
      0.3452635705471039,
      0.407094269990921,
      1.0,
      0.28370657563209534,
      0.2393530309200287,
      0.28769567608833313,
      0.4051193296909332
    ],
    [
      0.26848530769348145,
      0.2588004767894745,
      0.22966130077838898,
      0.2908625602722168,
      0.32111018896102905,
      0.2648742198944092,
      0.27702847123146057,
      0.24989701807498932,
      0.34233978390693665,
      0.22890116274356842,
      0.22115370631217957,
      0.28370657563209534,
      1.0,
      0.1246238648891449,
      0.18167120218276978,
      0.30585190653800964
    ],
    [
      0.2347412258386612,
      0.2665625810623169,
      0.3080625534057617,
      0.29346856474876404,
      0.18688617646694183,
      0.27136683464050293,
      0.46157529950141907,
      0.3238511383533478,
      0.3662905693054199,
      0.4534662067890167,
      0.2507183849811554,
      0.2393530309200287,
      0.1246238648891449,
      1.0,
      0.42194893956184387,
      0.3850257992744446
    ],
    [
      0.2754966616630554,
      0.4656250774860382,
      0.5041444301605225,
      0.39925283193588257,
      0.3097902238368988,
      0.3565243184566498,
      0.3541436493396759,
      0.3176034092903137,
      0.363982230424881,
      0.5870323777198792,
      0.31498563289642334,
      0.28769567608833313,
      0.18167120218276978,
      0.42194893956184387,
      1.0,
      0.6021594405174255
    ],
    [
      0.2809966504573822,
      0.4120006561279297,
      0.4392268657684326,
      0.37065038084983826,
      0.34851062297821045,
      0.3875653147697449,
      0.41582345962524414,
      0.37376371026039124,
      0.351550817489624,
      0.48125267028808594,
      0.36326321959495544,
      0.4051193296909332,
      0.30585190653800964,
      0.3850257992744446,
      0.6021594405174255,
      0.9999999403953552
    ]
  ]
}