{
  "game_number": 479,
  "words": [
    "COMB",
    "HIVE",
    "HONEY",
    "WAX",
    "PERIOD",
    "SPELL",
    "STRETCH",
    "WHILE",
    "DEAR",
    "HAIR",
    "HOARSE",
    "WAIL",
    "DRYER",
    "HAMPER",
    "IRON",
    "WASHER"
  ],
  "adjacency_matrix": [
    [
      1.0,
      0.4276883006095886,
      0.4800655245780945,
      0.4165341854095459,
      0.31249043345451355,
      0.37006470561027527,
      0.4209328591823578,
      0.2896144390106201,
      0.2343781292438507,
      0.5861240029335022,
      0.24755644798278809,
      0.3600846827030182,
      0.38413500785827637,
      0.2936309278011322,
      0.3476714491844177,
      0.4266291856765747
    ],
    [
      0.4276883006095886,
      1.0,
      0.5173068642616272,
      0.3921580910682678,
      0.2211347371339798,
      0.3083951771259308,
      0.2536194920539856,
      0.20340950787067413,
      0.25162503123283386,
      0.24616599082946777,
      0.1594206988811493,
      0.25769275426864624,
      0.23098859190940857,
      0.27009129524230957,
      0.22035448253154755,
      0.23577748239040375
    ],
    [
      0.4800655245780945,
      0.5173068642616272,
      1.0,
      0.4584830105304718,
      0.21786297857761383,
      0.2866044044494629,
      0.24236325919628143,
      0.29353371262550354,
      0.39423760771751404,
      0.36408230662345886,
      0.28488394618034363,
      0.3156009614467621,
      0.2390536665916443,
      0.29135799407958984,
      0.315125048160553,
      0.3020637035369873
    ],
    [
      0.4165341854095459,
      0.3921580910682678,
      0.4584830105304718,
      1.0,
      0.15500208735466003,
      0.327556312084198,
      0.21215753257274628,
      0.13067226111888885,
      0.17233523726463318,
      0.46947839856147766,
      0.24191488325595856,
      0.2573496103286743,
      0.3495243489742279,
      0.21645379066467285,
      0.38774722814559937,
      0.3526124954223633
    ],
    [
      0.31249043345451355,
      0.2211347371339798,
      0.21786297857761383,
      0.15500208735466003,
      1.0,
      0.3845690190792084,
      0.4440481662750244,
      0.45519503951072693,
      0.24919834733009338,
      0.2717084288597107,
      0.1914573758840561,
      0.2520985007286072,
      0.279283732175827,
      0.1989988535642624,
      0.2509419023990631,
      0.2303471565246582
    ],
    [
      0.37006470561027527,
      0.3083951771259308,
      0.2866044044494629,
      0.327556312084198,
      0.3845690190792084,
      1.0,
      0.4267134368419647,
      0.29428422451019287,
      0.3199332356452942,
      0.3395254611968994,
      0.3168585002422333,
      0.33726558089256287,
      0.2741408944129944,
      0.2971455156803131,
      0.3554583787918091,
      0.3082772493362427
    ],
    [
      0.4209328591823578,
      0.2536194920539856,
      0.24236325919628143,
      0.21215753257274628,
      0.4440481662750244,
      0.4267134368419647,
      0.9999999403953552,
      0.3756370544433594,
      0.32631397247314453,
      0.36685314774513245,
      0.28971463441848755,
      0.33200934529304504,
      0.3060166835784912,
      0.445144921541214,
      0.29756781458854675,
      0.2755432426929474
    ],
    [
      0.2896144390106201,
      0.20340950787067413,
      0.29353371262550354,
      0.13067226111888885,
      0.45519503951072693,
      0.29428422451019287,
      0.3756370544433594,
      1.0,
      0.40654125809669495,
      0.20974963903427124,
      0.2939144968986511,
      0.22928360104560852,
      0.26680558919906616,
      0.2739223837852478,
      0.2166648954153061,
      0.28761303424835205
    ],
    [
      0.2343781292438507,
      0.25162503123283386,
      0.39423760771751404,
      0.17233523726463318,
      0.24919834733009338,
      0.3199332356452942,
      0.32631397247314453,
      0.40654125809669495,
      1.0,
      0.29871606826782227,
      0.3390725553035736,
      0.34624549746513367,
      0.19302986562252045,
      0.3412635326385498,
      0.29040271043777466,
      0.22327567636966705
    ],
    [
      0.5861240029335022,
      0.24616599082946777,
      0.36408230662345886,
      0.46947839856147766,
      0.2717084288597107,
      0.3395254611968994,
      0.36685314774513245,
      0.20974963903427124,
      0.29871606826782227,
      1.0,
      0.30727776885032654,
      0.30791160464286804,
      0.5050334334373474,
      0.2748095393180847,
      0.41244834661483765,
      0.35076507925987244
    ],
    [
      0.24755644798278809,
      0.1594206988811493,
      0.28488394618034363,
      0.24191488325595856,
      0.1914573758840561,
      0.3168585002422333,
      0.28971463441848755,
      0.2939144968986511,
      0.3390725553035736,
      0.30727776885032654,
      1.0,
      0.6218093633651733,
      0.21476274728775024,
      0.20635642111301422,
      0.3011188507080078,
      0.15853534638881683
    ],
    [
      0.3600846827030182,
      0.25769275426864624,
      0.3156009614467621,
      0.2573496103286743,
      0.2520985007286072,
      0.33726558089256287,
      0.33200934529304504,
      0.22928360104560852,
      0.34624549746513367,
      0.30791160464286804,
      0.6218093633651733,
      1.0,
      0.2178715616464615,
      0.24302572011947632,
      0.2603782117366791,
      0.22985324263572693
    ],
    [
      0.38413500785827637,
      0.23098859190940857,
      0.2390536665916443,
      0.3495243489742279,
      0.279283732175827,
      0.2741408944129944,
      0.3060166835784912,
      0.26680558919906616,
      0.19302986562252045,
      0.5050334334373474,
      0.21476274728775024,
      0.2178715616464615,
      1.0,
      0.2861176133155823,
      0.3766286373138428,
      0.6602563261985779
    ],
    [
      0.2936309278011322,
      0.27009129524230957,
      0.29135799407958984,
      0.21645379066467285,
      0.1989988535642624,
      0.2971455156803131,
      0.445144921541214,
      0.2739223837852478,
      0.3412635326385498,
      0.2748095393180847,
      0.20635642111301422,
      0.24302572011947632,
      0.2861176133155823,
      1.0,
      0.350424200296402,
      0.28774309158325195
    ],
    [
      0.3476714491844177,
      0.22035448253154755,
      0.315125048160553,
      0.38774722814559937,
      0.2509419023990631,
      0.3554583787918091,
      0.29756781458854675,
      0.2166648954153061,
      0.29040271043777466,
      0.41244834661483765,
      0.3011188507080078,
      0.2603782117366791,
      0.3766286373138428,
      0.350424200296402,
      1.0000001192092896,
      0.4161873459815979
    ],
    [
      0.4266291856765747,
      0.23577748239040375,
      0.3020637035369873,
      0.3526124954223633,
      0.2303471565246582,
      0.3082772493362427,
      0.2755432426929474,
      0.28761303424835205,
      0.22327567636966705,
      0.35076507925987244,
      0.15853534638881683,
      0.22985324263572693,
      0.6602563261985779,
      0.28774309158325195,
      0.4161873459815979,
      1.0
    ]
  ]
}