{
  "game_number": 402,
  "words": [
    "BUMP",
    "SERVE",
    "SET",
    "SPIKE",
    "MOO",
    "NEW",
    "PIE",
    "ROW",
    "DADDY",
    "DAY",
    "JACKIE",
    "JELL",
    "CANDY",
    "COSTUME",
    "DECORATIONS",
    "PUMPKIN"
  ],
  "adjacency_matrix": [
    [
      1.0,
      0.3471999168395996,
      0.47210314869880676,
      0.6351726055145264,
      0.23097461462020874,
      0.4255490005016327,
      0.3671816885471344,
      0.4077708125114441,
      0.2868225574493408,
      0.38977521657943726,
      0.37275221943855286,
      0.441784530878067,
      0.2928778827190399,
      0.2928696870803833,
      0.2706553339958191,
      0.39805173873901367
    ],
    [
      0.3471999168395996,
      1.0,
      0.5169614553451538,
      0.3337506949901581,
      0.08920367807149887,
      0.37140294909477234,
      0.2969268560409546,
      0.2995215654373169,
      0.23894646763801575,
      0.3785962760448456,
      0.24158473312854767,
      0.42894840240478516,
      0.2584037184715271,
      0.2333722710609436,
      0.2741779685020447,
      0.26542237401008606
    ],
    [
      0.47210314869880676,
      0.5169614553451538,
      1.0,
      0.436337411403656,
      0.11538084596395493,
      0.5359832644462585,
      0.2980118989944458,
      0.47916167974472046,
      0.24651731550693512,
      0.43833237886428833,
      0.3025527894496918,
      0.4090014696121216,
      0.25446274876594543,
      0.38928142189979553,
      0.31370294094085693,
      0.2748013138771057
    ],
    [
      0.6351726055145264,
      0.3337506949901581,
      0.436337411403656,
      1.0,
      0.1519852578639984,
      0.35756880044937134,
      0.37334081530570984,
      0.3761454224586487,
      0.27257245779037476,
      0.34856122732162476,
      0.31870803236961365,
      0.36463797092437744,
      0.3632219135761261,
      0.27652299404144287,
      0.31119146943092346,
      0.39288464188575745
    ],
    [
      0.23097461462020874,
      0.08920367807149887,
      0.11538084596395493,
      0.1519852578639984,
      1.0,
      0.14138615131378174,
      0.26273655891418457,
      0.1774226576089859,
      0.29702845215797424,
      0.16814309358596802,
      0.3578515946865082,
      0.24712714552879333,
      0.22034400701522827,
      0.13529163599014282,
      0.0737936943769455,
      0.2618269622325897
    ],
    [
      0.4255490005016327,
      0.37140294909477234,
      0.5359832644462585,
      0.35756880044937134,
      0.14138615131378174,
      0.9999999403953552,
      0.24389143288135529,
      0.4161463975906372,
      0.3232730031013489,
      0.4423723518848419,
      0.2632431983947754,
      0.3309628963470459,
      0.3046970069408417,
      0.33984944224357605,
      0.35218170285224915,
      0.30922308564186096
    ],
    [
      0.3671816885471344,
      0.2969268560409546,
      0.2980118989944458,
      0.37334081530570984,
      0.26273655891418457,
      0.24389143288135529,
      1.0,
      0.27607813477516174,
      0.31480029225349426,
      0.23622629046440125,
      0.32601651549339294,
      0.38102585077285767,
      0.5009549260139465,
      0.26282012462615967,
      0.24801822006702423,
      0.5573205947875977
    ],
    [
      0.4077708125114441,
      0.2995215654373169,
      0.47916167974472046,
      0.3761454224586487,
      0.1774226576089859,
      0.4161463975906372,
      0.27607813477516174,
      1.0,
      0.1767250895500183,
      0.4009881913661957,
      0.2959473431110382,
      0.28007593750953674,
      0.20759208500385284,
      0.23042719066143036,
      0.3207826614379883,
      0.3110755681991577
    ],
    [
      0.2868225574493408,
      0.23894646763801575,
      0.24651731550693512,
      0.27257245779037476,
      0.29702845215797424,
      0.3232730031013489,
      0.31480029225349426,
      0.1767250895500183,
      1.0,
      0.29024696350097656,
      0.4733874797821045,
      0.2595835328102112,
      0.411105215549469,
      0.24303799867630005,
      0.22603607177734375,
      0.3524952828884125
    ],
    [
      0.38977521657943726,
      0.3785962760448456,
      0.43833237886428833,
      0.34856122732162476,
      0.16814309358596802,
      0.4423723518848419,
      0.23622629046440125,
      0.4009881913661957,
      0.29024696350097656,
      0.9999999403953552,
      0.2666281759738922,
      0.2851773500442505,
      0.2752038836479187,
      0.29731521010398865,
      0.2751010060310364,
      0.2591693699359894
    ],
    [
      0.37275221943855286,
      0.24158473312854767,
      0.3025527894496918,
      0.31870803236961365,
      0.3578515946865082,
      0.2632431983947754,
      0.32601651549339294,
      0.2959473431110382,
      0.4733874797821045,
      0.2666281759738922,
      1.0,
      0.3900042772293091,
      0.30845949053764343,
      0.36611995100975037,
      0.21016086637973785,
      0.38336294889450073
    ],
    [
      0.441784530878067,
      0.42894840240478516,
      0.4090014696121216,
      0.36463797092437744,
      0.24712714552879333,
      0.3309628963470459,
      0.38102585077285767,
      0.28007593750953674,
      0.2595835328102112,
      0.2851773500442505,
      0.3900042772293091,
      1.0000001192092896,
      0.399857759475708,
      0.268044114112854,
      0.2924308180809021,
      0.4522995352745056
    ],
    [
      0.2928778827190399,
      0.2584037184715271,
      0.25446274876594543,
      0.3632219135761261,
      0.22034400701522827,
      0.3046970069408417,
      0.5009549260139465,
      0.20759208500385284,
      0.411105215549469,
      0.2752038836479187,
      0.30845949053764343,
      0.399857759475708,
      1.0,
      0.33011266589164734,
      0.4239111840724945,
      0.4984588027000427
    ],
    [
      0.2928696870803833,
      0.2333722710609436,
      0.38928142189979553,
      0.27652299404144287,
      0.13529163599014282,
      0.33984944224357605,
      0.26282012462615967,
      0.23042719066143036,
      0.24303799867630005,
      0.29731521010398865,
      0.36611995100975037,
      0.268044114112854,
      0.33011266589164734,
      1.0,
      0.5046882629394531,
      0.4604790508747101
    ],
    [
      0.2706553339958191,
      0.2741779685020447,
      0.31370294094085693,
      0.31119146943092346,
      0.0737936943769455,
      0.35218170285224915,
      0.24801822006702423,
      0.3207826614379883,
      0.22603607177734375,
      0.2751010060310364,
      0.21016086637973785,
      0.2924308180809021,
      0.4239111840724945,
      0.5046882629394531,
      1.0000001192092896,
      0.3913204073905945
    ],
    [
      0.39805173873901367,
      0.26542237401008606,
      0.2748013138771057,
      0.39288464188575745,
      0.2618269622325897,
      0.30922308564186096,
      0.5573205947875977,
      0.3110755681991577,
      0.3524952828884125,
      0.2591693699359894,
      0.38336294889450073,
      0.4522995352745056,
      0.4984588027000427,
      0.4604790508747101,
      0.3913204073905945,
      1.0
    ]
  ]
}