{
  "game_number": 473,
  "words": [
    "BAD",
    "FLY",
    "FRESH",
    "RAD",
    "BEE",
    "EX",
    "GEE",
    "JAY",
    "BOY",
    "BY",
    "CURIOUS",
    "SAINT",
    "BUMPER",
    "HOOD",
    "TIRE",
    "TRUNK"
  ],
  "adjacency_matrix": [
    [
      1.0,
      0.3217254877090454,
      0.48648515343666077,
      0.29023730754852295,
      0.2833162844181061,
      0.2336955964565277,
      0.35329243540763855,
      0.12958145141601562,
      0.3627960681915283,
      0.317112535238266,
      0.4427027404308319,
      0.3284192979335785,
      0.31125304102897644,
      0.3169190287590027,
      0.38691622018814087,
      0.2579655647277832
    ],
    [
      0.3217254877090454,
      1.0,
      0.35764971375465393,
      0.2642711102962494,
      0.4779721200466156,
      0.18527576327323914,
      0.2873033881187439,
      0.24271604418754578,
      0.3593601882457733,
      0.27954766154289246,
      0.25311478972435,
      0.2628626525402069,
      0.34155985713005066,
      0.3618042469024658,
      0.37475666403770447,
      0.31985795497894287
    ],
    [
      0.48648515343666077,
      0.35764971375465393,
      1.0,
      0.2742154896259308,
      0.2757578194141388,
      0.15742601454257965,
      0.22413532435894012,
      0.08849622309207916,
      0.308461457490921,
      0.27059802412986755,
      0.46371033787727356,
      0.27543163299560547,
      0.34801730513572693,
      0.3227607011795044,
      0.39599961042404175,
      0.34026554226875305
    ],
    [
      0.29023730754852295,
      0.2642711102962494,
      0.2742154896259308,
      1.0,
      0.20268596708774567,
      0.2739807665348053,
      0.3933541178703308,
      0.2632695734500885,
      0.27140218019485474,
      0.15190492570400238,
      0.21752490103244781,
      0.2059352695941925,
      0.26984599232673645,
      0.33684754371643066,
      0.24861373007297516,
      0.08894579112529755
    ],
    [
      0.2833162844181061,
      0.4779721200466156,
      0.2757578194141388,
      0.20268596708774567,
      1.0,
      0.18191689252853394,
      0.3344261944293976,
      0.347027987241745,
      0.4012647867202759,
      0.1687941700220108,
      0.2743600606918335,
      0.28239697217941284,
      0.30273154377937317,
      0.30194130539894104,
      0.35152241587638855,
      0.3039742410182953
    ],
    [
      0.2336955964565277,
      0.18527576327323914,
      0.15742601454257965,
      0.2739807665348053,
      0.18191689252853394,
      1.0,
      0.24948391318321228,
      0.24155855178833008,
      0.2618902623653412,
      0.20512254536151886,
      0.1596149057149887,
      0.24099424481391907,
      0.1659289300441742,
      0.15092046558856964,
      0.10327672958374023,
      0.11241719871759415
    ],
    [
      0.35329243540763855,
      0.2873033881187439,
      0.22413532435894012,
      0.3933541178703308,
      0.3344261944293976,
      0.24948391318321228,
      0.9999999403953552,
      0.39908042550086975,
      0.4048558473587036,
      0.20467647910118103,
      0.3911232054233551,
      0.26204073429107666,
      0.28176501393318176,
      0.25836557149887085,
      0.29825663566589355,
      0.16009950637817383
    ],
    [
      0.12958145141601562,
      0.24271604418754578,
      0.08849622309207916,
      0.2632695734500885,
      0.347027987241745,
      0.24155855178833008,
      0.39908042550086975,
      0.9999999403953552,
      0.33810335397720337,
      0.1512276977300644,
      0.1501891016960144,
      0.28035420179367065,
      0.1983906477689743,
      0.27361348271369934,
      0.15682049095630646,
      0.17074763774871826
    ],
    [
      0.3627960681915283,
      0.3593601882457733,
      0.308461457490921,
      0.27140218019485474,
      0.4012647867202759,
      0.2618902623653412,
      0.4048558473587036,
      0.33810335397720337,
      1.0,
      0.3092869520187378,
      0.39239606261253357,
      0.4333105981349945,
      0.36297476291656494,
      0.41415637731552124,
      0.3301159143447876,
      0.36602821946144104
    ],
    [
      0.317112535238266,
      0.27954766154289246,
      0.27059802412986755,
      0.15190492570400238,
      0.1687941700220108,
      0.20512254536151886,
      0.20467647910118103,
      0.1512276977300644,
      0.3092869520187378,
      1.0,
      0.3090900778770447,
      0.2567560374736786,
      0.2846197783946991,
      0.23286989331245422,
      0.2977513074874878,
      0.22618886828422546
    ],
    [
      0.4427027404308319,
      0.25311478972435,
      0.46371033787727356,
      0.21752490103244781,
      0.2743600606918335,
      0.1596149057149887,
      0.3911232054233551,
      0.1501891016960144,
      0.39239606261253357,
      0.3090900778770447,
      1.0,
      0.2885584831237793,
      0.24668487906455994,
      0.2902945280075073,
      0.3507489562034607,
      0.19876116514205933
    ],
    [
      0.3284192979335785,
      0.2628626525402069,
      0.27543163299560547,
      0.2059352695941925,
      0.28239697217941284,
      0.24099424481391907,
      0.26204073429107666,
      0.28035420179367065,
      0.4333105981349945,
      0.2567560374736786,
      0.2885584831237793,
      1.0,
      0.25986313819885254,
      0.3711615204811096,
      0.28194519877433777,
      0.24964921176433563
    ],
    [
      0.31125304102897644,
      0.34155985713005066,
      0.34801730513572693,
      0.26984599232673645,
      0.30273154377937317,
      0.1659289300441742,
      0.28176501393318176,
      0.1983906477689743,
      0.36297476291656494,
      0.2846197783946991,
      0.24668487906455994,
      0.25986313819885254,
      1.0,
      0.4695153832435608,
      0.5005552172660828,
      0.40127992630004883
    ],
    [
      0.3169190287590027,
      0.3618042469024658,
      0.3227607011795044,
      0.33684754371643066,
      0.30194130539894104,
      0.15092046558856964,
      0.25836557149887085,
      0.27361348271369934,
      0.41415637731552124,
      0.23286989331245422,
      0.2902945280075073,
      0.3711615204811096,
      0.4695153832435608,
      0.9999999403953552,
      0.42324909567832947,
      0.5163627862930298
    ],
    [
      0.38691622018814087,
      0.37475666403770447,
      0.39599961042404175,
      0.24861373007297516,
      0.35152241587638855,
      0.10327672958374023,
      0.29825663566589355,
      0.15682049095630646,
      0.3301159143447876,
      0.2977513074874878,
      0.3507489562034607,
      0.28194519877433777,
      0.5005552172660828,
      0.42324909567832947,
      1.0,
      0.3937127888202667
    ],
    [
      0.2579655647277832,
      0.31985795497894287,
      0.34026554226875305,
      0.08894579112529755,
      0.3039742410182953,
      0.11241719871759415,
      0.16009950637817383,
      0.17074763774871826,
      0.36602821946144104,
      0.22618886828422546,
      0.19876116514205933,
      0.24964921176433563,
      0.40127992630004883,
      0.5163627862930298,
      0.3937127888202667,
      1.0
    ]
  ]
}