{
  "game_number": 571,
  "words": [
    "BASE",
    "BOTTOM",
    "FOOT",
    "FOUNDATION",
    "COMPANY",
    "GREASE",
    "HAIR",
    "RENT",
    "CHANGE",
    "CUCUMBER",
    "LEGS",
    "LION",
    "BALL",
    "OUT",
    "SAFE",
    "STRIKE"
  ],
  "adjacency_matrix": [
    [
      1.0,
      0.47442376613616943,
      0.43251022696495056,
      0.5372565984725952,
      0.4718072712421417,
      0.3345407545566559,
      0.3177203834056854,
      0.40956732630729675,
      0.5016463398933411,
      0.2000083178281784,
      0.3418812155723572,
      0.32574135065078735,
      0.41248229146003723,
      0.45364877581596375,
      0.37522298097610474,
      0.4449901282787323
    ],
    [
      0.47442376613616943,
      1.0,
      0.48933330178260803,
      0.4220724403858185,
      0.3682103753089905,
      0.3231203854084015,
      0.2871319055557251,
      0.3020443022251129,
      0.38496023416519165,
      0.28490063548088074,
      0.3440522849559784,
      0.27056941390037537,
      0.37727686762809753,
      0.4942205250263214,
      0.30074089765548706,
      0.32574841380119324
    ],
    [
      0.43251022696495056,
      0.48933330178260803,
      1.0,
      0.3292880654335022,
      0.3714737594127655,
      0.35234779119491577,
      0.3792436122894287,
      0.39618316292762756,
      0.3374749720096588,
      0.2822122871875763,
      0.5767549276351929,
      0.3665659725666046,
      0.5071855783462524,
      0.4821372926235199,
      0.25019022822380066,
      0.34957432746887207
    ],
    [
      0.5372565984725952,
      0.4220724403858185,
      0.3292880654335022,
      0.9999999403953552,
      0.5062094330787659,
      0.26324811577796936,
      0.2505165934562683,
      0.26911336183547974,
      0.37007808685302734,
      0.12924285233020782,
      0.33201634883880615,
      0.2565803825855255,
      0.3274422287940979,
      0.34420105814933777,
      0.3499681353569031,
      0.27681204676628113
    ],
    [
      0.4718072712421417,
      0.3682103753089905,
      0.3714737594127655,
      0.5062094330787659,
      1.0,
      0.24829059839248657,
      0.2656322121620178,
      0.37142544984817505,
      0.41179823875427246,
      0.2435036599636078,
      0.28934526443481445,
      0.3258149325847626,
      0.3626680374145508,
      0.4038276970386505,
      0.3182395100593567,
      0.375000536441803
    ],
    [
      0.3345407545566559,
      0.3231203854084015,
      0.35234779119491577,
      0.26324811577796936,
      0.24829059839248657,
      0.9999999403953552,
      0.39113155007362366,
      0.29859888553619385,
      0.3013943135738373,
      0.2609076499938965,
      0.3161773979663849,
      0.29446500539779663,
      0.3540382385253906,
      0.3748670518398285,
      0.29443109035491943,
      0.24573898315429688
    ],
    [
      0.3177203834056854,
      0.2871319055557251,
      0.3792436122894287,
      0.2505165934562683,
      0.2656322121620178,
      0.39113155007362366,
      1.0,
      0.2898750603199005,
      0.3360312879085541,
      0.34905484318733215,
      0.49065691232681274,
      0.3210287392139435,
      0.36632904410362244,
      0.3305891454219818,
      0.2436925768852234,
      0.2385561764240265
    ],
    [
      0.40956732630729675,
      0.3020443022251129,
      0.39618316292762756,
      0.26911336183547974,
      0.37142544984817505,
      0.29859888553619385,
      0.2898750603199005,
      0.9999999403953552,
      0.3963049650192261,
      0.23139774799346924,
      0.2485245317220688,
      0.29192042350769043,
      0.336479514837265,
      0.4591062366962433,
      0.29622358083724976,
      0.39170947670936584
    ],
    [
      0.5016463398933411,
      0.38496023416519165,
      0.3374749720096588,
      0.37007808685302734,
      0.41179823875427246,
      0.3013943135738373,
      0.3360312879085541,
      0.3963049650192261,
      1.0,
      0.23188279569149017,
      0.2842932939529419,
      0.2901853621006012,
      0.36558616161346436,
      0.4788300693035126,
      0.3953172266483307,
      0.493330180644989
    ],
    [
      0.2000083178281784,
      0.28490063548088074,
      0.2822122871875763,
      0.12924285233020782,
      0.2435036599636078,
      0.2609076499938965,
      0.34905484318733215,
      0.23139774799346924,
      0.23188279569149017,
      0.9999999403953552,
      0.29282763600349426,
      0.35193145275115967,
      0.3292137384414673,
      0.2277849018573761,
      0.17330290377140045,
      0.2238645851612091
    ],
    [
      0.3418812155723572,
      0.3440522849559784,
      0.5767549276351929,
      0.33201634883880615,
      0.28934526443481445,
      0.3161773979663849,
      0.49065691232681274,
      0.2485245317220688,
      0.2842932939529419,
      0.29282763600349426,
      1.0,
      0.36979925632476807,
      0.4083569049835205,
      0.34726622700691223,
      0.2435394525527954,
      0.29361921548843384
    ],
    [
      0.32574135065078735,
      0.27056941390037537,
      0.3665659725666046,
      0.2565803825855255,
      0.3258149325847626,
      0.29446500539779663,
      0.3210287392139435,
      0.29192042350769043,
      0.2901853621006012,
      0.35193145275115967,
      0.36979925632476807,
      1.0,
      0.3251512050628662,
      0.2914774417877197,
      0.2409210503101349,
      0.27397820353507996
    ],
    [
      0.41248229146003723,
      0.37727686762809753,
      0.5071855783462524,
      0.3274422287940979,
      0.3626680374145508,
      0.3540382385253906,
      0.36632904410362244,
      0.336479514837265,
      0.36558616161346436,
      0.3292137384414673,
      0.4083569049835205,
      0.3251512050628662,
      1.0,
      0.452460914850235,
      0.2992778718471527,
      0.43552276492118835
    ],
    [
      0.45364877581596375,
      0.4942205250263214,
      0.4821372926235199,
      0.34420105814933777,
      0.4038276970386505,
      0.3748670518398285,
      0.3305891454219818,
      0.4591062366962433,
      0.4788300693035126,
      0.2277849018573761,
      0.34726622700691223,
      0.2914774417877197,
      0.452460914850235,
      0.9999999403953552,
      0.41150981187820435,
      0.5043854713439941
    ],
    [
      0.37522298097610474,
      0.30074089765548706,
      0.25019022822380066,
      0.3499681353569031,
      0.3182395100593567,
      0.29443109035491943,
      0.2436925768852234,
      0.29622358083724976,
      0.3953172266483307,
      0.17330290377140045,
      0.2435394525527954,
      0.2409210503101349,
      0.2992778718471527,
      0.41150981187820435,
      1.0,
      0.35536131262779236
    ],
    [
      0.4449901282787323,
      0.32574841380119324,
      0.34957432746887207,
      0.27681204676628113,
      0.375000536441803,
      0.24573898315429688,
      0.2385561764240265,
      0.39170947670936584,
      0.493330180644989,
      0.2238645851612091,
      0.29361921548843384,
      0.27397820353507996,
      0.43552276492118835,
      0.5043854713439941,
      0.35536131262779236,
      1.0
    ]
  ]
}