{
  "game_number": 170,
  "words": [
    "BUCK",
    "CLAM",
    "SINGLE",
    "SMACKER",
    "BUTTON",
    "MOREL",
    "OYSTER",
    "TRUMPET",
    "BELLY",
    "HOLE",
    "LUCK",
    "STICKER",
    "CATCH",
    "CLOCK",
    "NOTICE",
    "REGISTER"
  ],
  "adjacency_matrix": [
    [
      0.9999999403953552,
      0.2979275584220886,
      0.3196801245212555,
      0.4203246831893921,
      0.3039686381816864,
      0.28948044776916504,
      0.2827744483947754,
      0.36878833174705505,
      0.3796415328979492,
      0.35503262281417847,
      0.37540021538734436,
      0.3266456723213196,
      0.47649872303009033,
      0.34122636914253235,
      0.27080899477005005,
      0.3196982145309448
    ],
    [
      0.2979275584220886,
      1.0,
      0.2747581899166107,
      0.3968347907066345,
      0.29885122179985046,
      0.31650006771087646,
      0.6371663808822632,
      0.3290421962738037,
      0.39952754974365234,
      0.4128040671348572,
      0.2871738076210022,
      0.32485702633857727,
      0.36910733580589294,
      0.29487401247024536,
      0.26461565494537354,
      0.24390259385108948
    ],
    [
      0.3196801245212555,
      0.2747581899166107,
      1.0,
      0.37493035197257996,
      0.3462333381175995,
      0.2587087154388428,
      0.2551608085632324,
      0.3138982653617859,
      0.3545268774032593,
      0.3389016389846802,
      0.24470604956150055,
      0.3237229883670807,
      0.39362674951553345,
      0.3133978843688965,
      0.31033459305763245,
      0.320220947265625
    ],
    [
      0.4203246831893921,
      0.3968347907066345,
      0.37493035197257996,
      1.0,
      0.33731865882873535,
      0.41248831152915955,
      0.35797515511512756,
      0.44164779782295227,
      0.5116514563560486,
      0.4368381202220917,
      0.3499811291694641,
      0.5032562613487244,
      0.5215235352516174,
      0.35079431533813477,
      0.433518648147583,
      0.3329451382160187
    ],
    [
      0.3039686381816864,
      0.29885122179985046,
      0.3462333381175995,
      0.33731865882873535,
      1.0,
      0.1874464601278305,
      0.2590109705924988,
      0.3130169212818146,
      0.4531503915786743,
      0.36308154463768005,
      0.2853884994983673,
      0.39442065358161926,
      0.3007197082042694,
      0.3721054196357727,
      0.32788094878196716,
      0.31131377816200256
    ],
    [
      0.28948044776916504,
      0.31650006771087646,
      0.2587087154388428,
      0.41248831152915955,
      0.1874464601278305,
      1.0,
      0.40138009190559387,
      0.3269745409488678,
      0.3035862445831299,
      0.29909804463386536,
      0.244053915143013,
      0.25664758682250977,
      0.29301756620407104,
      0.19485019147396088,
      0.24664732813835144,
      0.2004075050354004
    ],
    [
      0.2827744483947754,
      0.6371663808822632,
      0.2551608085632324,
      0.35797515511512756,
      0.2590109705924988,
      0.40138009190559387,
      0.9999999403953552,
      0.3278087079524994,
      0.36753350496292114,
      0.30090025067329407,
      0.2439112812280655,
      0.2351588010787964,
      0.3304884135723114,
      0.29946959018707275,
      0.09376922994852066,
      0.21998529136180878
    ],
    [
      0.36878833174705505,
      0.3290421962738037,
      0.3138982653617859,
      0.44164779782295227,
      0.3130169212818146,
      0.3269745409488678,
      0.3278087079524994,
      1.0,
      0.43182212114334106,
      0.37703651189804077,
      0.2766163647174835,
      0.3422589898109436,
      0.32624632120132446,
      0.33417123556137085,
      0.27466273307800293,
      0.32066893577575684
    ],
    [
      0.3796415328979492,
      0.39952754974365234,
      0.3545268774032593,
      0.5116514563560486,
      0.4531503915786743,
      0.3035862445831299,
      0.36753350496292114,
      0.43182212114334106,
      0.9999999403953552,
      0.4862610995769501,
      0.3262672424316406,
      0.33085790276527405,
      0.4154118597507477,
      0.34179985523223877,
      0.31256869435310364,
      0.28541404008865356
    ],
    [
      0.35503262281417847,
      0.4128040671348572,
      0.3389016389846802,
      0.4368381202220917,
      0.36308154463768005,
      0.29909804463386536,
      0.30090025067329407,
      0.37703651189804077,
      0.4862610995769501,
      0.9999999403953552,
      0.32483938336372375,
      0.35076144337654114,
      0.36199885606765747,
      0.32437294721603394,
      0.2966039180755615,
      0.30487239360809326
    ],
    [
      0.37540021538734436,
      0.2871738076210022,
      0.24470604956150055,
      0.3499811291694641,
      0.2853884994983673,
      0.244053915143013,
      0.2439112812280655,
      0.2766163647174835,
      0.3262672424316406,
      0.32483938336372375,
      1.0,
      0.24314074218273163,
      0.45749443769454956,
      0.28185850381851196,
      0.3386305272579193,
      0.21601954102516174
    ],
    [
      0.3266456723213196,
      0.32485702633857727,
      0.3237229883670807,
      0.5032562613487244,
      0.39442065358161926,
      0.25664758682250977,
      0.2351588010787964,
      0.3422589898109436,
      0.33085790276527405,
      0.35076144337654114,
      0.24314074218273163,
      1.0,
      0.3461768627166748,
      0.31493595242500305,
      0.4469131529331207,
      0.37824273109436035
    ],
    [
      0.47649872303009033,
      0.36910733580589294,
      0.39362674951553345,
      0.5215235352516174,
      0.3007197082042694,
      0.29301756620407104,
      0.3304884135723114,
      0.32624632120132446,
      0.4154118597507477,
      0.36199885606765747,
      0.45749443769454956,
      0.3461768627166748,
      1.0000001192092896,
      0.3839259743690491,
      0.5048249959945679,
      0.42264363169670105
    ],
    [
      0.34122636914253235,
      0.29487401247024536,
      0.3133978843688965,
      0.35079431533813477,
      0.3721054196357727,
      0.19485019147396088,
      0.29946959018707275,
      0.33417123556137085,
      0.34179985523223877,
      0.32437294721603394,
      0.28185850381851196,
      0.31493595242500305,
      0.3839259743690491,
      1.0,
      0.32003656029701233,
      0.4007628858089447
    ],
    [
      0.27080899477005005,
      0.26461565494537354,
      0.31033459305763245,
      0.433518648147583,
      0.32788094878196716,
      0.24664732813835144,
      0.09376922994852066,
      0.27466273307800293,
      0.31256869435310364,
      0.2966039180755615,
      0.3386305272579193,
      0.4469131529331207,
      0.5048249959945679,
      0.32003656029701233,
      1.0,
      0.4345458745956421
    ],
    [
      0.3196982145309448,
      0.24390259385108948,
      0.320220947265625,
      0.3329451382160187,
      0.31131377816200256,
      0.2004075050354004,
      0.21998529136180878,
      0.32066893577575684,
      0.28541404008865356,
      0.30487239360809326,
      0.21601954102516174,
      0.37824273109436035,
      0.42264363169670105,
      0.4007628858089447,
      0.4345458745956421,
      1.0
    ]
  ]
}