{
  "game_number": 231,
  "words": [
    "BAD",
    "FLY",
    "ILL",
    "RAD",
    "BIG",
    "ELF",
    "HER",
    "SAW",
    "DOE",
    "FAR",
    "SEW",
    "TEA",
    "BUBBLES",
    "FIZZ",
    "FOAM",
    "FROTH"
  ],
  "adjacency_matrix": [
    [
      1.0,
      0.3217254877090454,
      0.5757433772087097,
      0.29023730754852295,
      0.5922485589981079,
      0.23767444491386414,
      0.40997976064682007,
      0.3634799122810364,
      0.16220204532146454,
      0.44465821981430054,
      0.1480318009853363,
      0.2916822135448456,
      0.3720477521419525,
      0.2690550684928894,
      0.24606887996196747,
      0.32192230224609375
    ],
    [
      0.3217254877090454,
      1.0,
      0.31196871399879456,
      0.2642711102962494,
      0.3703817129135132,
      0.2002018243074417,
      0.3591900169849396,
      0.3053537905216217,
      0.23493756353855133,
      0.3347737193107605,
      0.33387336134910583,
      0.27519816160202026,
      0.3709873557090759,
      0.27505984902381897,
      0.37958693504333496,
      0.3234195411205292
    ],
    [
      0.5757433772087097,
      0.31196871399879456,
      1.0,
      0.22722095251083374,
      0.3470499515533447,
      0.2750524878501892,
      0.3741860091686249,
      0.31795310974121094,
      0.24816957116127014,
      0.4465019106864929,
      0.2146328091621399,
      0.2780982255935669,
      0.27132508158683777,
      0.18115483224391937,
      0.13574543595314026,
      0.2667735815048218
    ],
    [
      0.29023730754852295,
      0.2642711102962494,
      0.22722095251083374,
      1.0,
      0.28793683648109436,
      0.23733942210674286,
      0.1858537644147873,
      0.1621357500553131,
      0.14408457279205322,
      0.2615644335746765,
      0.23671823740005493,
      0.1975327730178833,
      0.21920548379421234,
      0.1989479959011078,
      0.2798689305782318,
      0.26513704657554626
    ],
    [
      0.5922485589981079,
      0.3703817129135132,
      0.3470499515533447,
      0.28793683648109436,
      1.0,
      0.2430114597082138,
      0.419617235660553,
      0.4468126595020294,
      0.14921246469020844,
      0.47668373584747314,
      0.15038731694221497,
      0.27544552087783813,
      0.35699713230133057,
      0.28376656770706177,
      0.2719382345676422,
      0.3956042230129242
    ],
    [
      0.23767444491386414,
      0.2002018243074417,
      0.2750524878501892,
      0.23733942210674286,
      0.2430114597082138,
      0.9999999403953552,
      0.2437010109424591,
      0.12805584073066711,
      0.25128352642059326,
      0.09675362706184387,
      0.17876604199409485,
      0.1921306997537613,
      0.13603007793426514,
      0.16953498125076294,
      0.23449113965034485,
      0.17623822391033173
    ],
    [
      0.40997976064682007,
      0.3591900169849396,
      0.3741860091686249,
      0.1858537644147873,
      0.419617235660553,
      0.2437010109424591,
      1.0,
      0.3384014666080475,
      0.13244982063770294,
      0.3867405652999878,
      0.23844195902347565,
      0.3143841624259949,
      0.2789691388607025,
      0.19152750074863434,
      0.2282792031764984,
      0.24887385964393616
    ],
    [
      0.3634799122810364,
      0.3053537905216217,
      0.31795310974121094,
      0.1621357500553131,
      0.4468126595020294,
      0.12805584073066711,
      0.3384014666080475,
      1.0,
      0.26660481095314026,
      0.33131760358810425,
      0.16747069358825684,
      0.23277363181114197,
      0.2703872621059418,
      0.16643229126930237,
      0.18666568398475647,
      0.19701933860778809
    ],
    [
      0.16220204532146454,
      0.23493756353855133,
      0.24816957116127014,
      0.14408457279205322,
      0.14921246469020844,
      0.25128352642059326,
      0.13244982063770294,
      0.26660481095314026,
      0.9999999403953552,
      0.14612722396850586,
      0.2632480561733246,
      0.08555979281663895,
      0.09587318450212479,
      0.12038832902908325,
      0.08428826183080673,
      0.08373519033193588
    ],
    [
      0.44465821981430054,
      0.3347737193107605,
      0.4465019106864929,
      0.2615644335746765,
      0.47668373584747314,
      0.09675362706184387,
      0.3867405652999878,
      0.33131760358810425,
      0.14612722396850586,
      1.0,
      0.1420721858739853,
      0.20593783259391785,
      0.2313825488090515,
      0.18491898477077484,
      0.1760963499546051,
      0.25459492206573486
    ],
    [
      0.1480318009853363,
      0.33387336134910583,
      0.2146328091621399,
      0.23671823740005493,
      0.15038731694221497,
      0.17876604199409485,
      0.23844195902347565,
      0.16747069358825684,
      0.2632480561733246,
      0.1420721858739853,
      1.0,
      0.22936050593852997,
      0.192628413438797,
      0.06508137285709381,
      0.1999083161354065,
      0.16267803311347961
    ],
    [
      0.2916822135448456,
      0.27519816160202026,
      0.2780982255935669,
      0.1975327730178833,
      0.27544552087783813,
      0.1921306997537613,
      0.3143841624259949,
      0.23277363181114197,
      0.08555979281663895,
      0.20593783259391785,
      0.22936050593852997,
      1.0,
      0.3614647090435028,
      0.3614291250705719,
      0.34987351298332214,
      0.3872929811477661
    ],
    [
      0.3720477521419525,
      0.3709873557090759,
      0.27132508158683777,
      0.21920548379421234,
      0.35699713230133057,
      0.13603007793426514,
      0.2789691388607025,
      0.2703872621059418,
      0.09587318450212479,
      0.2313825488090515,
      0.192628413438797,
      0.3614647090435028,
      1.0,
      0.5181937217712402,
      0.5685932040214539,
      0.5817786455154419
    ],
    [
      0.2690550684928894,
      0.27505984902381897,
      0.18115483224391937,
      0.1989479959011078,
      0.28376656770706177,
      0.16953498125076294,
      0.19152750074863434,
      0.16643229126930237,
      0.12038832902908325,
      0.18491898477077484,
      0.06508137285709381,
      0.3614291250705719,
      0.5181937217712402,
      1.0,
      0.4178925156593323,
      0.5108444094657898
    ],
    [
      0.24606887996196747,
      0.37958693504333496,
      0.13574543595314026,
      0.2798689305782318,
      0.2719382345676422,
      0.23449113965034485,
      0.2282792031764984,
      0.18666568398475647,
      0.08428826183080673,
      0.1760963499546051,
      0.1999083161354065,
      0.34987351298332214,
      0.5685932040214539,
      0.4178925156593323,
      1.0,
      0.5504376292228699
    ],
    [
      0.32192230224609375,
      0.3234195411205292,
      0.2667735815048218,
      0.26513704657554626,
      0.3956042230129242,
      0.17623822391033173,
      0.24887385964393616,
      0.19701933860778809,
      0.08373519033193588,
      0.25459492206573486,
      0.16267803311347961,
      0.3872929811477661,
      0.5817786455154419,
      0.5108444094657898,
      0.5504376292228699,
      1.0
    ]
  ]
}