{
  "game_number": 85,
  "words": [
    "CALM",
    "HUSH",
    "PEACE",
    "STILL",
    "GAME",
    "MATCH",
    "SET",
    "TOURNAMENT",
    "BABY",
    "COMPACT",
    "MINUTE",
    "TOY",
    "KIDNEY",
    "MOCKINGBIRD",
    "RAZZMATAZZ",
    "RIBBON"
  ],
  "adjacency_matrix": [
    [
      0.9999999403953552,
      0.5070230960845947,
      0.5350919961929321,
      0.3660511076450348,
      0.3065890669822693,
      0.2933373749256134,
      0.35877254605293274,
      0.2335820496082306,
      0.3251873254776001,
      0.35159456729888916,
      0.34407755732536316,
      0.24744631350040436,
      0.18014705181121826,
      0.294577956199646,
      0.28260496258735657,
      0.21090580523014069
    ],
    [
      0.5070230960845947,
      1.0,
      0.36134326457977295,
      0.2994731664657593,
      0.28206706047058105,
      0.2787092924118042,
      0.35437652468681335,
      0.175812765955925,
      0.3660970628261566,
      0.2761498987674713,
      0.3305187225341797,
      0.27179333567619324,
      0.2101343870162964,
      0.3430647850036621,
      0.4033071994781494,
      0.22806033492088318
    ],
    [
      0.5350919961929321,
      0.36134326457977295,
      1.0,
      0.3378235399723053,
      0.3691208064556122,
      0.26935145258903503,
      0.29909467697143555,
      0.32893577218055725,
      0.31866538524627686,
      0.34598198533058167,
      0.24646000564098358,
      0.3158303201198578,
      0.22809024155139923,
      0.2428257316350937,
      0.26158031821250916,
      0.23672279715538025
    ],
    [
      0.3660511076450348,
      0.2994731664657593,
      0.3378235399723053,
      1.0,
      0.4002673625946045,
      0.37826481461524963,
      0.5021979212760925,
      0.3100428283214569,
      0.3189852833747864,
      0.33336329460144043,
      0.29706159234046936,
      0.25611820816993713,
      0.190063938498497,
      0.26379770040512085,
      0.23195284605026245,
      0.2595236003398895
    ],
    [
      0.3065890669822693,
      0.28206706047058105,
      0.3691208064556122,
      0.4002673625946045,
      1.0,
      0.5749082565307617,
      0.4995722472667694,
      0.6620607376098633,
      0.33354443311691284,
      0.32502874732017517,
      0.414140909910202,
      0.4781774878501892,
      0.24920913577079773,
      0.2709980010986328,
      0.3424733877182007,
      0.2655099034309387
    ],
    [
      0.2933373749256134,
      0.2787092924118042,
      0.26935145258903503,
      0.37826481461524963,
      0.5749082565307617,
      1.0,
      0.5591966509819031,
      0.6078768968582153,
      0.296305388212204,
      0.3782750070095062,
      0.45650702714920044,
      0.2512742280960083,
      0.296058714389801,
      0.23520439863204956,
      0.23966653645038605,
      0.2821073830127716
    ],
    [
      0.35877254605293274,
      0.35437652468681335,
      0.29909467697143555,
      0.5021979212760925,
      0.4995722472667694,
      0.5591966509819031,
      1.0,
      0.4216884970664978,
      0.3252941370010376,
      0.4649578034877777,
      0.3956763446331024,
      0.37349680066108704,
      0.2679511606693268,
      0.2795795202255249,
      0.24582257866859436,
      0.3164253830909729
    ],
    [
      0.2335820496082306,
      0.175812765955925,
      0.32893577218055725,
      0.3100428283214569,
      0.6620607376098633,
      0.6078768968582153,
      0.4216884970664978,
      1.0,
      0.18566682934761047,
      0.3172997832298279,
      0.3200085163116455,
      0.25690779089927673,
      0.26957762241363525,
      0.18759514391422272,
      0.36577677726745605,
      0.28271588683128357
    ],
    [
      0.3251873254776001,
      0.3660970628261566,
      0.31866538524627686,
      0.3189852833747864,
      0.33354443311691284,
      0.296305388212204,
      0.3252941370010376,
      0.18566682934761047,
      1.0,
      0.26431435346603394,
      0.28102749586105347,
      0.5250173807144165,
      0.4254513084888458,
      0.31424757838249207,
      0.235067218542099,
      0.25610271096229553
    ],
    [
      0.35159456729888916,
      0.2761498987674713,
      0.34598198533058167,
      0.33336329460144043,
      0.32502874732017517,
      0.3782750070095062,
      0.4649578034877777,
      0.3172997832298279,
      0.26431435346603394,
      1.0,
      0.32396334409713745,
      0.3542502522468567,
      0.23452728986740112,
      0.2748842239379883,
      0.2578297555446625,
      0.3264550566673279
    ],
    [
      0.34407755732536316,
      0.3305187225341797,
      0.24646000564098358,
      0.29706159234046936,
      0.414140909910202,
      0.45650702714920044,
      0.3956763446331024,
      0.3200085163116455,
      0.28102749586105347,
      0.32396334409713745,
      1.0,
      0.2582545578479767,
      0.22587692737579346,
      0.228072851896286,
      0.21285149455070496,
      0.28370779752731323
    ],
    [
      0.24744631350040436,
      0.27179333567619324,
      0.3158303201198578,
      0.25611820816993713,
      0.4781774878501892,
      0.2512742280960083,
      0.37349680066108704,
      0.25690779089927673,
      0.5250173807144165,
      0.3542502522468567,
      0.2582545578479767,
      1.0,
      0.26897522807121277,
      0.30631211400032043,
      0.3151545524597168,
      0.3644092082977295
    ],
    [
      0.18014705181121826,
      0.2101343870162964,
      0.22809024155139923,
      0.190063938498497,
      0.24920913577079773,
      0.296058714389801,
      0.2679511606693268,
      0.26957762241363525,
      0.4254513084888458,
      0.23452728986740112,
      0.22587692737579346,
      0.26897522807121277,
      1.0,
      0.2117406576871872,
      0.15900300443172455,
      0.26172712445259094
    ],
    [
      0.294577956199646,
      0.3430647850036621,
      0.2428257316350937,
      0.26379770040512085,
      0.2709980010986328,
      0.23520439863204956,
      0.2795795202255249,
      0.18759514391422272,
      0.31424757838249207,
      0.2748842239379883,
      0.228072851896286,
      0.30631211400032043,
      0.2117406576871872,
      1.0,
      0.20442357659339905,
      0.2510901987552643
    ],
    [
      0.28260496258735657,
      0.4033071994781494,
      0.26158031821250916,
      0.23195284605026245,
      0.3424733877182007,
      0.23966653645038605,
      0.24582257866859436,
      0.36577677726745605,
      0.235067218542099,
      0.2578297555446625,
      0.21285149455070496,
      0.3151545524597168,
      0.15900300443172455,
      0.20442357659339905,
      1.0,
      0.30210795998573303
    ],
    [
      0.21090580523014069,
      0.22806033492088318,
      0.23672279715538025,
      0.2595236003398895,
      0.2655099034309387,
      0.2821073830127716,
      0.3164253830909729,
      0.28271588683128357,
      0.25610271096229553,
      0.3264550566673279,
      0.28370779752731323,
      0.3644092082977295,
      0.26172712445259094,
      0.2510901987552643,
      0.30210795998573303,
      1.0
    ]
  ]
}