{
  "game_number": 533,
  "words": [
    "DRIVE",
    "INSPIRE",
    "MOTIVATE",
    "SPUR",
    "CONNECTION",
    "FEELINGS",
    "SPARK",
    "VIBE",
    "CANDY",
    "COPY",
    "KNOCKS",
    "SELTZER",
    "CHILL",
    "HANG",
    "LOAF",
    "LOUNGE"
  ],
  "adjacency_matrix": [
    [
      1.0,
      0.5212756395339966,
      0.5836644768714905,
      0.5426849722862244,
      0.4335150122642517,
      0.30876779556274414,
      0.5038676261901855,
      0.2945175766944885,
      0.2518606185913086,
      0.5013949275016785,
      0.39414989948272705,
      0.33041873574256897,
      0.3705287277698517,
      0.41349971294403076,
      0.2922644019126892,
      0.3099238872528076
    ],
    [
      0.5212756395339966,
      1.0,
      0.8049784898757935,
      0.5332627892494202,
      0.338632196187973,
      0.46268412470817566,
      0.6412058472633362,
      0.40467649698257446,
      0.25434911251068115,
      0.304857075214386,
      0.3024621307849884,
      0.2724612057209015,
      0.3864879906177521,
      0.4060051441192627,
      0.21149004995822906,
      0.2633269429206848
    ],
    [
      0.5836644768714905,
      0.8049784898757935,
      1.0,
      0.5348687171936035,
      0.39907947182655334,
      0.499213308095932,
      0.5105562210083008,
      0.3239593505859375,
      0.262845903635025,
      0.3447202146053314,
      0.30892789363861084,
      0.25230661034584045,
      0.3436490595340729,
      0.3945978283882141,
      0.19091683626174927,
      0.24662981927394867
    ],
    [
      0.5426849722862244,
      0.5332627892494202,
      0.5348687171936035,
      0.9999999403953552,
      0.44654953479766846,
      0.3113524317741394,
      0.6239210963249207,
      0.288532018661499,
      0.23666565120220184,
      0.31567081809043884,
      0.3158920109272003,
      0.2609458565711975,
      0.4472711682319641,
      0.3619023263454437,
      0.2888023853302002,
      0.2716720700263977
    ],
    [
      0.4335150122642517,
      0.338632196187973,
      0.39907947182655334,
      0.44654953479766846,
      0.9999998807907104,
      0.4058566689491272,
      0.45018094778060913,
      0.3988196551799774,
      0.19323648512363434,
      0.3797996938228607,
      0.23314179480075836,
      0.23515206575393677,
      0.3102585971355438,
      0.347812682390213,
      0.2049710750579834,
      0.35015562176704407
    ],
    [
      0.30876779556274414,
      0.46268412470817566,
      0.499213308095932,
      0.3113524317741394,
      0.4058566689491272,
      0.9999999403953552,
      0.38366684317588806,
      0.46221569180488586,
      0.25657063722610474,
      0.2301359325647354,
      0.3461044728755951,
      0.19745168089866638,
      0.3646712899208069,
      0.2818746566772461,
      0.19288264214992523,
      0.22251245379447937
    ],
    [
      0.5038676261901855,
      0.6412058472633362,
      0.5105562210083008,
      0.6239210963249207,
      0.45018094778060913,
      0.38366684317588806,
      0.9999999403953552,
      0.41053342819213867,
      0.32544389367103577,
      0.29746726155281067,
      0.37042003870010376,
      0.29600486159324646,
      0.45850589871406555,
      0.34674450755119324,
      0.27870458364486694,
      0.3205926716327667
    ],
    [
      0.2945175766944885,
      0.40467649698257446,
      0.3239593505859375,
      0.288532018661499,
      0.3988196551799774,
      0.46221569180488586,
      0.41053342819213867,
      1.0,
      0.2567678391933441,
      0.29351526498794556,
      0.30289915204048157,
      0.2859414517879486,
      0.4636698067188263,
      0.3189927041530609,
      0.24488897621631622,
      0.48559436202049255
    ],
    [
      0.2518606185913086,
      0.25434911251068115,
      0.262845903635025,
      0.23666565120220184,
      0.19323648512363434,
      0.25657063722610474,
      0.32544389367103577,
      0.2567678391933441,
      1.0,
      0.26433265209198,
      0.29442399740219116,
      0.47971731424331665,
      0.2932470440864563,
      0.30102917551994324,
      0.38875430822372437,
      0.30276528000831604
    ],
    [
      0.5013949275016785,
      0.304857075214386,
      0.3447202146053314,
      0.31567081809043884,
      0.3797996938228607,
      0.2301359325647354,
      0.29746726155281067,
      0.29351526498794556,
      0.26433265209198,
      1.0,
      0.32009008526802063,
      0.28180456161499023,
      0.28071215748786926,
      0.3910375237464905,
      0.3375946879386902,
      0.2934572696685791
    ],
    [
      0.39414989948272705,
      0.3024621307849884,
      0.30892789363861084,
      0.3158920109272003,
      0.23314179480075836,
      0.3461044728755951,
      0.37042003870010376,
      0.30289915204048157,
      0.29442399740219116,
      0.32009008526802063,
      0.9999999403953552,
      0.33878055214881897,
      0.3507995903491974,
      0.4371702969074249,
      0.28420621156692505,
      0.2648780941963196
    ],
    [
      0.33041873574256897,
      0.2724612057209015,
      0.25230661034584045,
      0.2609458565711975,
      0.23515206575393677,
      0.19745168089866638,
      0.29600486159324646,
      0.2859414517879486,
      0.47971731424331665,
      0.28180456161499023,
      0.33878055214881897,
      1.0,
      0.4134189784526825,
      0.3226674497127533,
      0.36446139216423035,
      0.32588785886764526
    ],
    [
      0.3705287277698517,
      0.3864879906177521,
      0.3436490595340729,
      0.4472711682319641,
      0.3102585971355438,
      0.3646712899208069,
      0.45850589871406555,
      0.4636698067188263,
      0.2932470440864563,
      0.28071215748786926,
      0.3507995903491974,
      0.4134189784526825,
      1.0,
      0.45101693272590637,
      0.31206199526786804,
      0.38442832231521606
    ],
    [
      0.41349971294403076,
      0.4060051441192627,
      0.3945978283882141,
      0.3619023263454437,
      0.347812682390213,
      0.2818746566772461,
      0.34674450755119324,
      0.3189927041530609,
      0.30102917551994324,
      0.3910375237464905,
      0.4371702969074249,
      0.3226674497127533,
      0.45101693272590637,
      1.0,
      0.27210456132888794,
      0.3637324273586273
    ],
    [
      0.2922644019126892,
      0.21149004995822906,
      0.19091683626174927,
      0.2888023853302002,
      0.2049710750579834,
      0.19288264214992523,
      0.27870458364486694,
      0.24488897621631622,
      0.38875430822372437,
      0.3375946879386902,
      0.28420621156692505,
      0.36446139216423035,
      0.31206199526786804,
      0.27210456132888794,
      1.0,
      0.2386874109506607
    ],
    [
      0.3099238872528076,
      0.2633269429206848,
      0.24662981927394867,
      0.2716720700263977,
      0.35015562176704407,
      0.22251245379447937,
      0.3205926716327667,
      0.48559436202049255,
      0.30276528000831604,
      0.2934572696685791,
      0.2648780941963196,
      0.32588785886764526,
      0.38442832231521606,
      0.3637324273586273,
      0.2386874109506607,
      1.0
    ]
  ]
}