{
  "game_number": 480,
  "words": [
    "DIRECT",
    "GUIDE",
    "LEAD",
    "STEER",
    "IODINE",
    "IOTA",
    "MYSELF",
    "ONE",
    "DEATH",
    "HIDDEN",
    "SILICON",
    "UNCANNY",
    "BUZZ",
    "CALL",
    "DIAL",
    "RING"
  ],
  "adjacency_matrix": [
    [
      1.0,
      0.5568156242370605,
      0.5771968364715576,
      0.5317948460578918,
      0.21375396847724915,
      0.2585190236568451,
      0.31444939970970154,
      0.46789249777793884,
      0.40980064868927,
      0.4442967474460602,
      0.29638659954071045,
      0.34869900345802307,
      0.3782725930213928,
      0.5349426865577698,
      0.3811286389827728,
      0.37049341201782227
    ],
    [
      0.5568156242370605,
      0.9999999403953552,
      0.5504400730133057,
      0.5665808916091919,
      0.18192645907402039,
      0.14387443661689758,
      0.34271103143692017,
      0.42124104499816895,
      0.2921440005302429,
      0.3501147925853729,
      0.2600210905075073,
      0.23742544651031494,
      0.2989160418510437,
      0.46265289187431335,
      0.37340039014816284,
      0.3145415186882019
    ],
    [
      0.5771968364715576,
      0.5504400730133057,
      1.0,
      0.4865237772464752,
      0.21076245605945587,
      0.17792031168937683,
      0.3599139153957367,
      0.49301981925964355,
      0.4207896590232849,
      0.4294695556163788,
      0.3252909183502197,
      0.20649148523807526,
      0.331015408039093,
      0.4948119521141052,
      0.2935645282268524,
      0.3883236050605774
    ],
    [
      0.5317948460578918,
      0.5665808916091919,
      0.4865237772464752,
      0.9999999403953552,
      0.11760976910591125,
      0.15314710140228271,
      0.31788790225982666,
      0.3827635645866394,
      0.2700992822647095,
      0.2831323742866516,
      0.2291320264339447,
      0.18065649271011353,
      0.3211255371570587,
      0.3928999900817871,
      0.3493999242782593,
      0.30136123299598694
    ],
    [
      0.21375396847724915,
      0.18192645907402039,
      0.21076245605945587,
      0.11760976910591125,
      1.0,
      0.17315001785755157,
      0.15188118815422058,
      0.15605810284614563,
      0.1549384742975235,
      0.18341290950775146,
      0.4287155866622925,
      0.1670582890510559,
      0.1663237363100052,
      0.1658177375793457,
      0.2309252768754959,
      0.2886900007724762
    ],
    [
      0.2585190236568451,
      0.14387443661689758,
      0.17792031168937683,
      0.15314710140228271,
      0.17315001785755157,
      1.0,
      0.23861415684223175,
      0.30013760924339294,
      0.1442764699459076,
      0.21395447850227356,
      0.14346261322498322,
      0.18923097848892212,
      0.11657663434743881,
      0.2027675062417984,
      0.2416854351758957,
      0.16996623575687408
    ],
    [
      0.31444939970970154,
      0.34271103143692017,
      0.3599139153957367,
      0.31788790225982666,
      0.15188118815422058,
      0.23861415684223175,
      1.0,
      0.5021268129348755,
      0.28951314091682434,
      0.2915869951248169,
      0.19207584857940674,
      0.24584071338176727,
      0.2563607096672058,
      0.3939579129219055,
      0.22249284386634827,
      0.24939656257629395
    ],
    [
      0.46789249777793884,
      0.42124104499816895,
      0.49301981925964355,
      0.3827635645866394,
      0.15605810284614563,
      0.30013760924339294,
      0.5021268129348755,
      1.0,
      0.34508058428764343,
      0.42829686403274536,
      0.2578590214252472,
      0.25935181975364685,
      0.29115620255470276,
      0.43753230571746826,
      0.3041881024837494,
      0.4030250310897827
    ],
    [
      0.40980064868927,
      0.2921440005302429,
      0.4207896590232849,
      0.2700992822647095,
      0.1549384742975235,
      0.1442764699459076,
      0.28951314091682434,
      0.34508058428764343,
      1.0,
      0.35155579447746277,
      0.2567690312862396,
      0.30088868737220764,
      0.2731074094772339,
      0.3495699167251587,
      0.25137796998023987,
      0.2875285744667053
    ],
    [
      0.4442967474460602,
      0.3501147925853729,
      0.4294695556163788,
      0.2831323742866516,
      0.18341290950775146,
      0.21395447850227356,
      0.2915869951248169,
      0.42829686403274536,
      0.35155579447746277,
      0.9999999403953552,
      0.309980183839798,
      0.3540264666080475,
      0.3306211829185486,
      0.2785756289958954,
      0.3065457344055176,
      0.40189579129219055
    ],
    [
      0.29638659954071045,
      0.2600210905075073,
      0.3252909183502197,
      0.2291320264339447,
      0.4287155866622925,
      0.14346261322498322,
      0.19207584857940674,
      0.2578590214252472,
      0.2567690312862396,
      0.309980183839798,
      1.0,
      0.23642411828041077,
      0.26895058155059814,
      0.19184167683124542,
      0.2568763494491577,
      0.3608458340167999
    ],
    [
      0.34869900345802307,
      0.23742544651031494,
      0.20649148523807526,
      0.18065649271011353,
      0.1670582890510559,
      0.18923097848892212,
      0.24584071338176727,
      0.25935181975364685,
      0.30088868737220764,
      0.3540264666080475,
      0.23642411828041077,
      1.0,
      0.37854161858558655,
      0.230677530169487,
      0.2693411409854889,
      0.19812488555908203
    ],
    [
      0.3782725930213928,
      0.2989160418510437,
      0.331015408039093,
      0.3211255371570587,
      0.1663237363100052,
      0.11657663434743881,
      0.2563607096672058,
      0.29115620255470276,
      0.2731074094772339,
      0.3306211829185486,
      0.26895058155059814,
      0.37854161858558655,
      1.0,
      0.38140204548835754,
      0.2913607954978943,
      0.35960257053375244
    ],
    [
      0.5349426865577698,
      0.46265289187431335,
      0.4948119521141052,
      0.3928999900817871,
      0.1658177375793457,
      0.2027675062417984,
      0.3939579129219055,
      0.43753230571746826,
      0.3495699167251587,
      0.2785756289958954,
      0.19184167683124542,
      0.230677530169487,
      0.38140204548835754,
      1.0,
      0.5592987537384033,
      0.45501381158828735
    ],
    [
      0.3811286389827728,
      0.37340039014816284,
      0.2935645282268524,
      0.3493999242782593,
      0.2309252768754959,
      0.2416854351758957,
      0.22249284386634827,
      0.3041881024837494,
      0.25137796998023987,
      0.3065457344055176,
      0.2568763494491577,
      0.2693411409854889,
      0.2913607954978943,
      0.5592987537384033,
      1.0,
      0.4867103695869446
    ],
    [
      0.37049341201782227,
      0.3145415186882019,
      0.3883236050605774,
      0.30136123299598694,
      0.2886900007724762,
      0.16996623575687408,
      0.24939656257629395,
      0.4030250310897827,
      0.2875285744667053,
      0.40189579129219055,
      0.3608458340167999,
      0.19812488555908203,
      0.35960257053375244,
      0.45501381158828735,
      0.4867103695869446,
      1.0
    ]
  ]
}