{
  "game_number": 379,
  "words": [
    "COMPASS",
    "RULER",
    "SCALE",
    "WATCH",
    "CHANNEL",
    "LINE",
    "MAIN",
    "PIPE",
    "CLOWN",
    "COLONEL",
    "KING",
    "MERMAID",
    "CHAIR",
    "CHIEF",
    "DIRECTOR",
    "HEAD"
  ],
  "adjacency_matrix": [
    [
      0.9999999403953552,
      0.4811239540576935,
      0.44883930683135986,
      0.341027170419693,
      0.2870156764984131,
      0.45633256435394287,
      0.41720065474510193,
      0.3410911560058594,
      0.2814463973045349,
      0.19570942223072052,
      0.3009651005268097,
      0.27666011452674866,
      0.31610092520713806,
      0.3274535834789276,
      0.30300211906433105,
      0.42189493775367737
    ],
    [
      0.4811239540576935,
      1.0,
      0.3705884516239166,
      0.3109048902988434,
      0.3239882290363312,
      0.42614251375198364,
      0.3695566654205322,
      0.2927199602127075,
      0.39742323756217957,
      0.37618187069892883,
      0.7154397964477539,
      0.3106176257133484,
      0.40509024262428284,
      0.48626258969306946,
      0.4118734300136566,
      0.5031059980392456
    ],
    [
      0.44883930683135986,
      0.3705884516239166,
      1.0,
      0.32394513487815857,
      0.34988003969192505,
      0.416878879070282,
      0.4160313308238983,
      0.3335532248020172,
      0.3202880620956421,
      0.22546567022800446,
      0.24089734256267548,
      0.22716005146503448,
      0.23948977887630463,
      0.20679032802581787,
      0.22978557646274567,
      0.34131234884262085
    ],
    [
      0.341027170419693,
      0.3109048902988434,
      0.32394513487815857,
      1.0,
      0.4786122143268585,
      0.4151695966720581,
      0.35735657811164856,
      0.33944013714790344,
      0.377608984708786,
      0.25306934118270874,
      0.35215070843696594,
      0.26156067848205566,
      0.35722634196281433,
      0.2280682772397995,
      0.3317334055900574,
      0.42060327529907227
    ],
    [
      0.2870156764984131,
      0.3239882290363312,
      0.34988003969192505,
      0.4786122143268585,
      1.0,
      0.4730738699436188,
      0.47393250465393066,
      0.42471304535865784,
      0.24294185638427734,
      0.22997601330280304,
      0.33201271295547485,
      0.27048394083976746,
      0.3039134442806244,
      0.33735060691833496,
      0.3745177984237671,
      0.41116422414779663
    ],
    [
      0.45633256435394287,
      0.42614251375198364,
      0.416878879070282,
      0.4151695966720581,
      0.4730738699436188,
      1.0,
      0.5761577486991882,
      0.4795571267604828,
      0.3480152487754822,
      0.3228645920753479,
      0.3551121950149536,
      0.2727449834346771,
      0.3836253881454468,
      0.3357132077217102,
      0.37053123116493225,
      0.5103079080581665
    ],
    [
      0.41720065474510193,
      0.3695566654205322,
      0.4160313308238983,
      0.35735657811164856,
      0.47393250465393066,
      0.5761577486991882,
      1.0000001192092896,
      0.4070116877555847,
      0.38233351707458496,
      0.29816216230392456,
      0.37006139755249023,
      0.2651369273662567,
      0.3601488471031189,
      0.548161506652832,
      0.4154205918312073,
      0.5328379273414612
    ],
    [
      0.3410911560058594,
      0.2927199602127075,
      0.3335532248020172,
      0.33944013714790344,
      0.42471304535865784,
      0.4795571267604828,
      0.4070116877555847,
      1.0,
      0.34175539016723633,
      0.27997899055480957,
      0.23404854536056519,
      0.26782217621803284,
      0.3046959340572357,
      0.262730211019516,
      0.2819153368473053,
      0.43444034457206726
    ],
    [
      0.2814463973045349,
      0.39742323756217957,
      0.3202880620956421,
      0.377608984708786,
      0.24294185638427734,
      0.3480152487754822,
      0.38233351707458496,
      0.34175539016723633,
      1.0,
      0.40717384219169617,
      0.44801560044288635,
      0.4546104073524475,
      0.38123682141304016,
      0.3669731318950653,
      0.4013017416000366,
      0.41424188017845154
    ],
    [
      0.19570942223072052,
      0.37618187069892883,
      0.22546567022800446,
      0.25306934118270874,
      0.22997601330280304,
      0.3228645920753479,
      0.29816216230392456,
      0.27997899055480957,
      0.40717384219169617,
      1.0,
      0.39844566583633423,
      0.2912597060203552,
      0.41708967089653015,
      0.541064441204071,
      0.4755408763885498,
      0.40231990814208984
    ],
    [
      0.3009651005268097,
      0.7154397964477539,
      0.24089734256267548,
      0.35215070843696594,
      0.33201271295547485,
      0.3551121950149536,
      0.37006139755249023,
      0.23404854536056519,
      0.44801560044288635,
      0.39844566583633423,
      1.0,
      0.38674813508987427,
      0.3664509356021881,
      0.4843902587890625,
      0.37479129433631897,
      0.4547017216682434
    ],
    [
      0.27666011452674866,
      0.3106176257133484,
      0.22716005146503448,
      0.26156067848205566,
      0.27048394083976746,
      0.2727449834346771,
      0.2651369273662567,
      0.26782217621803284,
      0.4546104073524475,
      0.2912597060203552,
      0.38674813508987427,
      1.0,
      0.2651192247867584,
      0.26177552342414856,
      0.2654348313808441,
      0.34253132343292236
    ],
    [
      0.31610092520713806,
      0.40509024262428284,
      0.23948977887630463,
      0.35722634196281433,
      0.3039134442806244,
      0.3836253881454468,
      0.3601488471031189,
      0.3046959340572357,
      0.38123682141304016,
      0.41708967089653015,
      0.3664509356021881,
      0.2651192247867584,
      1.0,
      0.4785790741443634,
      0.5707255601882935,
      0.6203071475028992
    ],
    [
      0.3274535834789276,
      0.48626258969306946,
      0.20679032802581787,
      0.2280682772397995,
      0.33735060691833496,
      0.3357132077217102,
      0.548161506652832,
      0.262730211019516,
      0.3669731318950653,
      0.541064441204071,
      0.4843902587890625,
      0.26177552342414856,
      0.4785790741443634,
      1.0,
      0.6657367944717407,
      0.5433837175369263
    ],
    [
      0.30300211906433105,
      0.4118734300136566,
      0.22978557646274567,
      0.3317334055900574,
      0.3745177984237671,
      0.37053123116493225,
      0.4154205918312073,
      0.2819153368473053,
      0.4013017416000366,
      0.4755408763885498,
      0.37479129433631897,
      0.2654348313808441,
      0.5707255601882935,
      0.6657367944717407,
      1.0,
      0.5483308434486389
    ],
    [
      0.42189493775367737,
      0.5031059980392456,
      0.34131234884262085,
      0.42060327529907227,
      0.41116422414779663,
      0.5103079080581665,
      0.5328379273414612,
      0.43444034457206726,
      0.41424188017845154,
      0.40231990814208984,
      0.4547017216682434,
      0.34253132343292236,
      0.6203071475028992,
      0.5433837175369263,
      0.5483308434486389,
      1.0
    ]
  ]
}