{
  "game_number": 268,
  "words": [
    "COMPLEMENT",
    "MATCH",
    "MATE",
    "PARTNER",
    "BUD",
    "NATTY",
    "SIERRA",
    "STELLA",
    "CHECK",
    "DIRT",
    "PAL",
    "PHONE",
    "BOO-BOO",
    "FLUB",
    "GAFFE",
    "GOOF"
  ],
  "adjacency_matrix": [
    [
      1.0,
      0.503739595413208,
      0.39740705490112305,
      0.4311312735080719,
      0.21540257334709167,
      0.34039556980133057,
      0.12452195584774017,
      0.30451640486717224,
      0.3752322793006897,
      0.2426036149263382,
      0.28833523392677307,
      0.2918713688850403,
      0.30052030086517334,
      0.2688809037208557,
      0.17618361115455627,
      0.3308504819869995
    ],
    [
      0.503739595413208,
      1.0,
      0.45549994707107544,
      0.41091588139533997,
      0.1858334094285965,
      0.314929723739624,
      0.12806999683380127,
      0.30649301409721375,
      0.5037713646888733,
      0.26886531710624695,
      0.34113356471061707,
      0.35016149282455444,
      0.2803381681442261,
      0.3709639608860016,
      0.302812784910202,
      0.3079618811607361
    ],
    [
      0.39740705490112305,
      0.45549994707107544,
      1.0,
      0.5067110657691956,
      0.32437625527381897,
      0.3819849193096161,
      0.16352708637714386,
      0.3505997657775879,
      0.4098761975765228,
      0.293926477432251,
      0.533240795135498,
      0.34473365545272827,
      0.33127209544181824,
      0.28524258732795715,
      0.2804427444934845,
      0.36202242970466614
    ],
    [
      0.4311312735080719,
      0.41091588139533997,
      0.5067110657691956,
      1.0,
      0.14946717023849487,
      0.30711135268211365,
      0.16511081159114838,
      0.2531127333641052,
      0.318092942237854,
      0.17967136204242706,
      0.4886986315250397,
      0.34686997532844543,
      0.25234463810920715,
      0.24629391729831696,
      0.20650775730609894,
      0.2887662649154663
    ],
    [
      0.21540257334709167,
      0.1858334094285965,
      0.32437625527381897,
      0.14946717023849487,
      0.9999999403953552,
      0.260871946811676,
      0.16762566566467285,
      0.3076237738132477,
      0.23073183000087738,
      0.19825777411460876,
      0.37373682856559753,
      0.27442073822021484,
      0.3179255425930023,
      0.1751948446035385,
      0.18261320888996124,
      0.290527880191803
    ],
    [
      0.34039556980133057,
      0.314929723739624,
      0.3819849193096161,
      0.30711135268211365,
      0.260871946811676,
      0.9999999403953552,
      0.30053800344467163,
      0.43309080600738525,
      0.26906922459602356,
      0.3647650480270386,
      0.48159030079841614,
      0.3058997392654419,
      0.3346554636955261,
      0.3091695010662079,
      0.2696225047111511,
      0.41222551465034485
    ],
    [
      0.12452195584774017,
      0.12806999683380127,
      0.16352708637714386,
      0.16511081159114838,
      0.16762566566467285,
      0.30053800344467163,
      0.9999999403953552,
      0.4016549587249756,
      0.16285793483257294,
      0.25672608613967896,
      0.2621152102947235,
      0.159952312707901,
      0.21191999316215515,
      0.10514194518327713,
      0.08492056280374527,
      0.16830378770828247
    ],
    [
      0.30451640486717224,
      0.30649301409721375,
      0.3505997657775879,
      0.2531127333641052,
      0.3076237738132477,
      0.43309080600738525,
      0.4016549587249756,
      1.0,
      0.30689388513565063,
      0.28007036447525024,
      0.4123430550098419,
      0.3175451457500458,
      0.3373892605304718,
      0.2408922016620636,
      0.21996285021305084,
      0.3297409117221832
    ],
    [
      0.3752322793006897,
      0.5037713646888733,
      0.4098761975765228,
      0.318092942237854,
      0.23073183000087738,
      0.26906922459602356,
      0.16285793483257294,
      0.30689388513565063,
      1.0,
      0.32781144976615906,
      0.38945576548576355,
      0.3918192386627197,
      0.3424839973449707,
      0.3650085926055908,
      0.20810306072235107,
      0.44120076298713684
    ],
    [
      0.2426036149263382,
      0.26886531710624695,
      0.293926477432251,
      0.17967136204242706,
      0.19825777411460876,
      0.3647650480270386,
      0.25672608613967896,
      0.28007036447525024,
      0.32781144976615906,
      0.9999999403953552,
      0.28641629219055176,
      0.2916823923587799,
      0.36037296056747437,
      0.30733633041381836,
      0.2445601373910904,
      0.37963613867759705
    ],
    [
      0.28833523392677307,
      0.34113356471061707,
      0.533240795135498,
      0.4886986315250397,
      0.37373682856559753,
      0.48159030079841614,
      0.2621152102947235,
      0.4123430550098419,
      0.38945576548576355,
      0.28641629219055176,
      1.0,
      0.43200182914733887,
      0.5148288011550903,
      0.3611825704574585,
      0.3151845335960388,
      0.5037490129470825
    ],
    [
      0.2918713688850403,
      0.35016149282455444,
      0.34473365545272827,
      0.34686997532844543,
      0.27442073822021484,
      0.3058997392654419,
      0.159952312707901,
      0.3175451457500458,
      0.3918192386627197,
      0.2916823923587799,
      0.43200182914733887,
      1.0,
      0.3015391528606415,
      0.3859153091907501,
      0.2931984066963196,
      0.34686821699142456
    ],
    [
      0.30052030086517334,
      0.2803381681442261,
      0.33127209544181824,
      0.25234463810920715,
      0.3179255425930023,
      0.3346554636955261,
      0.21191999316215515,
      0.3373892605304718,
      0.3424839973449707,
      0.36037296056747437,
      0.5148288011550903,
      0.3015391528606415,
      1.0,
      0.6326228380203247,
      0.5621068477630615,
      0.6924952268600464
    ],
    [
      0.2688809037208557,
      0.3709639608860016,
      0.28524258732795715,
      0.24629391729831696,
      0.1751948446035385,
      0.3091695010662079,
      0.10514194518327713,
      0.2408922016620636,
      0.3650085926055908,
      0.30733633041381836,
      0.3611825704574585,
      0.3859153091907501,
      0.6326228380203247,
      0.9999998807907104,
      0.6712529063224792,
      0.6826009154319763
    ],
    [
      0.17618361115455627,
      0.302812784910202,
      0.2804427444934845,
      0.20650775730609894,
      0.18261320888996124,
      0.2696225047111511,
      0.08492056280374527,
      0.21996285021305084,
      0.20810306072235107,
      0.2445601373910904,
      0.3151845335960388,
      0.2931984066963196,
      0.5621068477630615,
      0.6712529063224792,
      1.0,
      0.5619022250175476
    ],
    [
      0.3308504819869995,
      0.3079618811607361,
      0.36202242970466614,
      0.2887662649154663,
      0.290527880191803,
      0.41222551465034485,
      0.16830378770828247,
      0.3297409117221832,
      0.44120076298713684,
      0.37963613867759705,
      0.5037490129470825,
      0.34686821699142456,
      0.6924952268600464,
      0.6826009154319763,
      0.5619022250175476,
      0.9999999403953552
    ]
  ]
}