{
  "game_number": 411,
  "words": [
    "CHANNEL",
    "MEANS",
    "MEDIUM",
    "VEHICLE",
    "OUTSIDE",
    "REMOTE",
    "SLIM",
    "SMALL",
    "LARGE",
    "LEGEND",
    "PROOF",
    "ROOM",
    "HALL",
    "LIBRARY",
    "LOUNGE",
    "STUDY"
  ],
  "adjacency_matrix": [
    [
      1.0,
      0.44202011823654175,
      0.4747547209262848,
      0.400134801864624,
      0.3742952048778534,
      0.3825345039367676,
      0.221910297870636,
      0.322629451751709,
      0.3050331175327301,
      0.3268330693244934,
      0.32847702503204346,
      0.3994903564453125,
      0.3770850598812103,
      0.35053911805152893,
      0.36682575941085815,
      0.39284548163414
    ],
    [
      0.44202011823654175,
      1.0,
      0.500033438205719,
      0.45802852511405945,
      0.3949868083000183,
      0.4481157660484314,
      0.3159642517566681,
      0.4146799147129059,
      0.39786818623542786,
      0.33496272563934326,
      0.49677789211273193,
      0.3577570915222168,
      0.3118261694908142,
      0.2912314236164093,
      0.26188117265701294,
      0.3704492747783661
    ],
    [
      0.4747547209262848,
      0.500033438205719,
      1.0,
      0.46260225772857666,
      0.3750312924385071,
      0.42573282122612,
      0.3135736882686615,
      0.5362789630889893,
      0.5165032148361206,
      0.31210193037986755,
      0.32247471809387207,
      0.3723872900009155,
      0.34760138392448425,
      0.3341933488845825,
      0.2907276749610901,
      0.35351020097732544
    ],
    [
      0.400134801864624,
      0.45802852511405945,
      0.46260225772857666,
      1.0,
      0.4139951467514038,
      0.3972633183002472,
      0.18328449130058289,
      0.3360607922077179,
      0.3146916627883911,
      0.3207581341266632,
      0.3562834858894348,
      0.3958432972431183,
      0.3672230839729309,
      0.3543440103530884,
      0.3153817355632782,
      0.38584357500076294
    ],
    [
      0.3742952048778534,
      0.3949868083000183,
      0.3750312924385071,
      0.4139951467514038,
      1.0,
      0.5383058190345764,
      0.24658118188381195,
      0.5035039186477661,
      0.4930906891822815,
      0.3322230279445648,
      0.3197633624076843,
      0.533649742603302,
      0.5079724192619324,
      0.43241947889328003,
      0.42505306005477905,
      0.3917636573314667
    ],
    [
      0.3825345039367676,
      0.4481157660484314,
      0.42573282122612,
      0.3972633183002472,
      0.5383058190345764,
      1.0,
      0.4153169095516205,
      0.5609985589981079,
      0.5302795767784119,
      0.3190922737121582,
      0.33799511194229126,
      0.4214378595352173,
      0.370150089263916,
      0.3921818137168884,
      0.3969338536262512,
      0.3443734645843506
    ],
    [
      0.221910297870636,
      0.3159642517566681,
      0.3135736882686615,
      0.18328449130058289,
      0.24658118188381195,
      0.4153169095516205,
      1.0,
      0.565098226070404,
      0.5255081653594971,
      0.30024319887161255,
      0.29475870728492737,
      0.262717068195343,
      0.22179414331912994,
      0.2470386028289795,
      0.3062536120414734,
      0.22541452944278717
    ],
    [
      0.322629451751709,
      0.4146799147129059,
      0.5362789630889893,
      0.3360607922077179,
      0.5035039186477661,
      0.5609985589981079,
      0.565098226070404,
      1.0,
      0.9005426168441772,
      0.3114226758480072,
      0.3182452619075775,
      0.4158168435096741,
      0.3914338946342468,
      0.34477266669273376,
      0.32381102442741394,
      0.34185415506362915
    ],
    [
      0.3050331175327301,
      0.39786818623542786,
      0.5165032148361206,
      0.3146916627883911,
      0.4930906891822815,
      0.5302795767784119,
      0.5255081653594971,
      0.9005426168441772,
      1.0,
      0.32098251581192017,
      0.35534077882766724,
      0.39254552125930786,
      0.4255179762840271,
      0.360481858253479,
      0.3307896554470062,
      0.34014832973480225
    ],
    [
      0.3268330693244934,
      0.33496272563934326,
      0.31210193037986755,
      0.3207581341266632,
      0.3322230279445648,
      0.3190922737121582,
      0.30024319887161255,
      0.3114226758480072,
      0.32098251581192017,
      1.0000001192092896,
      0.4544004201889038,
      0.2489250898361206,
      0.35054734349250793,
      0.2973799705505371,
      0.3226485848426819,
      0.35670211911201477
    ],
    [
      0.32847702503204346,
      0.49677789211273193,
      0.32247471809387207,
      0.3562834858894348,
      0.3197633624076843,
      0.33799511194229126,
      0.29475870728492737,
      0.3182452619075775,
      0.35534077882766724,
      0.4544004201889038,
      1.0,
      0.32311075925827026,
      0.317715585231781,
      0.2832571268081665,
      0.26890242099761963,
      0.3895069658756256
    ],
    [
      0.3994903564453125,
      0.3577570915222168,
      0.3723872900009155,
      0.3958432972431183,
      0.533649742603302,
      0.4214378595352173,
      0.262717068195343,
      0.4158168435096741,
      0.39254552125930786,
      0.2489250898361206,
      0.32311075925827026,
      0.9999999403953552,
      0.7156251668930054,
      0.5360140204429626,
      0.6901090145111084,
      0.4138357639312744
    ],
    [
      0.3770850598812103,
      0.3118261694908142,
      0.34760138392448425,
      0.3672230839729309,
      0.5079724192619324,
      0.370150089263916,
      0.22179414331912994,
      0.3914338946342468,
      0.4255179762840271,
      0.35054734349250793,
      0.317715585231781,
      0.7156251668930054,
      1.0,
      0.5441842675209045,
      0.6275579929351807,
      0.38296014070510864
    ],
    [
      0.35053911805152893,
      0.2912314236164093,
      0.3341933488845825,
      0.3543440103530884,
      0.43241947889328003,
      0.3921818137168884,
      0.2470386028289795,
      0.34477266669273376,
      0.360481858253479,
      0.2973799705505371,
      0.2832571268081665,
      0.5360140204429626,
      0.5441842675209045,
      1.0,
      0.4820278584957123,
      0.42454248666763306
    ],
    [
      0.36682575941085815,
      0.26188117265701294,
      0.2907276749610901,
      0.3153817355632782,
      0.42505306005477905,
      0.3969338536262512,
      0.3062536120414734,
      0.32381102442741394,
      0.3307896554470062,
      0.3226485848426819,
      0.26890242099761963,
      0.6901090145111084,
      0.6275579929351807,
      0.4820278584957123,
      1.0,
      0.3643835484981537
    ],
    [
      0.39284548163414,
      0.3704492747783661,
      0.35351020097732544,
      0.38584357500076294,
      0.3917636573314667,
      0.3443734645843506,
      0.22541452944278717,
      0.34185415506362915,
      0.34014832973480225,
      0.35670211911201477,
      0.3895069658756256,
      0.4138357639312744,
      0.38296014070510864,
      0.42454248666763306,
      0.3643835484981537,
      1.0
    ]
  ]
}