{
  "game_number": 225,
  "words": [
    "BRACKET",
    "BYE",
    "ROUND",
    "SEED",
    "CHEERIO",
    "FLAKE",
    "PEBBLE",
    "PUFF",
    "PEACE",
    "SCISSORS",
    "TWO",
    "VICTORY",
    "CENTER",
    "GUARD",
    "QUARTERBACK",
    "SAFETY"
  ],
  "adjacency_matrix": [
    [
      1.0,
      0.27841800451278687,
      0.4993435740470886,
      0.43375059962272644,
      0.2777153551578522,
      0.36213067173957825,
      0.2518942058086395,
      0.2863110303878784,
      0.2221222221851349,
      0.2844846546649933,
      0.3551509380340576,
      0.32683810591697693,
      0.4280770719051361,
      0.4236178696155548,
      0.23893730342388153,
      0.2819589674472809
    ],
    [
      0.27841800451278687,
      1.0,
      0.5047888159751892,
      0.33259856700897217,
      0.48423412442207336,
      0.14150719344615936,
      0.1906953752040863,
      0.19761811196804047,
      0.28726842999458313,
      0.148023322224617,
      0.22640670835971832,
      0.3506898581981659,
      0.1522337794303894,
      0.2068183720111847,
      0.24129922688007355,
      0.22944128513336182
    ],
    [
      0.4993435740470886,
      0.5047888159751892,
      0.9999999403953552,
      0.5002400875091553,
      0.36837637424468994,
      0.33981531858444214,
      0.3668235242366791,
      0.3358618915081024,
      0.33622825145721436,
      0.24563059210777283,
      0.39164820313453674,
      0.4053221642971039,
      0.4302333891391754,
      0.36336570978164673,
      0.21329167485237122,
      0.29655253887176514
    ],
    [
      0.43375059962272644,
      0.33259856700897217,
      0.5002400875091553,
      1.0,
      0.22679010033607483,
      0.37115487456321716,
      0.3746788799762726,
      0.3002952039241791,
      0.284834623336792,
      0.28689467906951904,
      0.3048054277896881,
      0.3260791599750519,
      0.4014629125595093,
      0.3851058781147003,
      0.2853916883468628,
      0.3035944104194641
    ],
    [
      0.2777153551578522,
      0.48423412442207336,
      0.36837637424468994,
      0.22679010033607483,
      0.9999999403953552,
      0.3326466381549835,
      0.3072504997253418,
      0.4067915976047516,
      0.33655279874801636,
      0.2763315439224243,
      0.1586170196533203,
      0.36182525753974915,
      0.21698585152626038,
      0.24500934779644012,
      0.18454629182815552,
      0.2838018238544464
    ],
    [
      0.36213067173957825,
      0.14150719344615936,
      0.33981531858444214,
      0.37115487456321716,
      0.3326466381549835,
      1.0,
      0.49730443954467773,
      0.4649129807949066,
      0.24454981088638306,
      0.3164980411529541,
      0.2746763229370117,
      0.25490084290504456,
      0.33537930250167847,
      0.3146820664405823,
      0.24958102405071259,
      0.261383593082428
    ],
    [
      0.2518942058086395,
      0.1906953752040863,
      0.3668235242366791,
      0.3746788799762726,
      0.3072504997253418,
      0.49730443954467773,
      1.0,
      0.35921499133110046,
      0.2357231229543686,
      0.30567994713783264,
      0.2567213177680969,
      0.25761544704437256,
      0.23382556438446045,
      0.2680874466896057,
      0.20886656641960144,
      0.2085007280111313
    ],
    [
      0.2863110303878784,
      0.19761811196804047,
      0.3358618915081024,
      0.3002952039241791,
      0.4067915976047516,
      0.4649129807949066,
      0.35921499133110046,
      1.0,
      0.20856885612010956,
      0.24711836874485016,
      0.251785010099411,
      0.2608390748500824,
      0.19621501863002777,
      0.24526667594909668,
      0.20670729875564575,
      0.2363409698009491
    ],
    [
      0.2221222221851349,
      0.28726842999458313,
      0.33622825145721436,
      0.284834623336792,
      0.33655279874801636,
      0.24454981088638306,
      0.2357231229543686,
      0.20856885612010956,
      1.0,
      0.13840265572071075,
      0.22548802196979523,
      0.4886912703514099,
      0.3739130198955536,
      0.35511574149131775,
      0.21274156868457794,
      0.5267752408981323
    ],
    [
      0.2844846546649933,
      0.148023322224617,
      0.24563059210777283,
      0.28689467906951904,
      0.2763315439224243,
      0.3164980411529541,
      0.30567994713783264,
      0.24711836874485016,
      0.13840265572071075,
      0.9999999403953552,
      0.35270562767982483,
      0.20605094730854034,
      0.25000491738319397,
      0.32086578011512756,
      0.2855812907218933,
      0.2276402860879898
    ],
    [
      0.3551509380340576,
      0.22640670835971832,
      0.39164820313453674,
      0.3048054277896881,
      0.1586170196533203,
      0.2746763229370117,
      0.2567213177680969,
      0.251785010099411,
      0.22548802196979523,
      0.35270562767982483,
      0.9999999403953552,
      0.2859455347061157,
      0.3399837613105774,
      0.342082679271698,
      0.27415040135383606,
      0.2630237340927124
    ],
    [
      0.32683810591697693,
      0.3506898581981659,
      0.4053221642971039,
      0.3260791599750519,
      0.36182525753974915,
      0.25490084290504456,
      0.25761544704437256,
      0.2608390748500824,
      0.4886912703514099,
      0.20605094730854034,
      0.2859455347061157,
      0.9999999403953552,
      0.335080623626709,
      0.3019402027130127,
      0.3461271822452545,
      0.41520634293556213
    ],
    [
      0.4280770719051361,
      0.1522337794303894,
      0.4302333891391754,
      0.4014629125595093,
      0.21698585152626038,
      0.33537930250167847,
      0.23382556438446045,
      0.19621501863002777,
      0.3739130198955536,
      0.25000491738319397,
      0.3399837613105774,
      0.335080623626709,
      1.0,
      0.5235204100608826,
      0.38071104884147644,
      0.4200393259525299
    ],
    [
      0.4236178696155548,
      0.2068183720111847,
      0.36336570978164673,
      0.3851058781147003,
      0.24500934779644012,
      0.3146820664405823,
      0.2680874466896057,
      0.24526667594909668,
      0.35511574149131775,
      0.32086578011512756,
      0.342082679271698,
      0.3019402027130127,
      0.5235204100608826,
      1.0,
      0.4438090920448303,
      0.5059849619865417
    ],
    [
      0.23893730342388153,
      0.24129922688007355,
      0.21329167485237122,
      0.2853916883468628,
      0.18454629182815552,
      0.24958102405071259,
      0.20886656641960144,
      0.20670729875564575,
      0.21274156868457794,
      0.2855812907218933,
      0.27415040135383606,
      0.3461271822452545,
      0.38071104884147644,
      0.4438090920448303,
      1.0,
      0.38827425241470337
    ],
    [
      0.2819589674472809,
      0.22944128513336182,
      0.29655253887176514,
      0.3035944104194641,
      0.2838018238544464,
      0.261383593082428,
      0.2085007280111313,
      0.2363409698009491,
      0.5267752408981323,
      0.2276402860879898,
      0.2630237340927124,
      0.41520634293556213,
      0.4200393259525299,
      0.5059849619865417,
      0.38827425241470337,
      1.0
    ]
  ]
}