{
  "game_number": 613,
  "words": [
    "IRON",
    "LEAD",
    "TIN",
    "ZINC",
    "CLOVER",
    "HORSESHOE",
    "MOON",
    "RAINBOW",
    "AGAIN",
    "HALF",
    "NECK",
    "SO",
    "AROMA",
    "BOUQUET",
    "FRAGRANCE",
    "SCENT"
  ],
  "adjacency_matrix": [
    [
      1.0000001192092896,
      0.39202380180358887,
      0.5726137757301331,
      0.6584258079528809,
      0.33120471239089966,
      0.46625176072120667,
      0.41548821330070496,
      0.33389514684677124,
      0.23380044102668762,
      0.30924907326698303,
      0.3467734754085541,
      0.2570366859436035,
      0.2578336000442505,
      0.236887127161026,
      0.25404056906700134,
      0.20804522931575775
    ],
    [
      0.39202380180358887,
      1.0,
      0.407941609621048,
      0.3806481957435608,
      0.24940048158168793,
      0.2903623878955841,
      0.3027591109275818,
      0.32369595766067505,
      0.48228514194488525,
      0.47425559163093567,
      0.4050929546356201,
      0.4090561866760254,
      0.24692946672439575,
      0.26573607325553894,
      0.3060535192489624,
      0.3323964476585388
    ],
    [
      0.5726137757301331,
      0.407941609621048,
      1.0,
      0.588879406452179,
      0.33808112144470215,
      0.39659860730171204,
      0.3201625347137451,
      0.34638145565986633,
      0.20538519322872162,
      0.3726961016654968,
      0.310714989900589,
      0.22321438789367676,
      0.3190755844116211,
      0.28018438816070557,
      0.23522238433361053,
      0.20227403938770294
    ],
    [
      0.6584258079528809,
      0.3806481957435608,
      0.588879406452179,
      1.0,
      0.2779836356639862,
      0.35180166363716125,
      0.23860779404640198,
      0.2736824154853821,
      0.1033356562256813,
      0.2171870619058609,
      0.21440036594867706,
      0.1258719265460968,
      0.22917088866233826,
      0.22192120552062988,
      0.18127408623695374,
      0.10447853058576584
    ],
    [
      0.33120471239089966,
      0.24940048158168793,
      0.33808112144470215,
      0.2779836356639862,
      1.0,
      0.4292369484901428,
      0.4112984836101532,
      0.3845224380493164,
      0.2383882850408554,
      0.3304313123226166,
      0.2744130790233612,
      0.23565849661827087,
      0.2865868806838989,
      0.3517429530620575,
      0.27455368638038635,
      0.2925250828266144
    ],
    [
      0.46625176072120667,
      0.2903623878955841,
      0.39659860730171204,
      0.35180166363716125,
      0.4292369484901428,
      1.0000001192092896,
      0.4238804280757904,
      0.49076390266418457,
      0.1429944783449173,
      0.21240101754665375,
      0.38371339440345764,
      0.13579998910427094,
      0.21704792976379395,
      0.3447095453739166,
      0.1853308528661728,
      0.20938968658447266
    ],
    [
      0.41548821330070496,
      0.3027591109275818,
      0.3201625347137451,
      0.23860779404640198,
      0.4112984836101532,
      0.4238804280757904,
      1.0,
      0.4571612477302551,
      0.27691084146499634,
      0.36856621503829956,
      0.28238609433174133,
      0.2297379970550537,
      0.20248699188232422,
      0.2788420021533966,
      0.2877272665500641,
      0.28891757130622864
    ],
    [
      0.33389514684677124,
      0.32369595766067505,
      0.34638145565986633,
      0.2736824154853821,
      0.3845224380493164,
      0.49076390266418457,
      0.4571612477302551,
      0.9999999403953552,
      0.2633720934391022,
      0.2533508241176605,
      0.2956681251525879,
      0.19158442318439484,
      0.27874955534935,
      0.38985201716423035,
      0.33310604095458984,
      0.2615375220775604
    ],
    [
      0.23380044102668762,
      0.48228514194488525,
      0.20538519322872162,
      0.1033356562256813,
      0.2383882850408554,
      0.1429944783449173,
      0.27691084146499634,
      0.2633720934391022,
      1.0,
      0.3573467433452606,
      0.292694091796875,
      0.6526394486427307,
      0.19572730362415314,
      0.1692943572998047,
      0.21789932250976562,
      0.2379259318113327
    ],
    [
      0.30924907326698303,
      0.47425559163093567,
      0.3726961016654968,
      0.2171870619058609,
      0.3304313123226166,
      0.21240101754665375,
      0.36856621503829956,
      0.2533508241176605,
      0.3573467433452606,
      1.0,
      0.3601692020893097,
      0.39279496669769287,
      0.17084677517414093,
      0.22374966740608215,
      0.18841402232646942,
      0.22913670539855957
    ],
    [
      0.3467734754085541,
      0.4050929546356201,
      0.310714989900589,
      0.21440036594867706,
      0.2744130790233612,
      0.38371339440345764,
      0.28238609433174133,
      0.2956681251525879,
      0.292694091796875,
      0.3601692020893097,
      1.0,
      0.27023786306381226,
      0.1822795420885086,
      0.3206598460674286,
      0.2189548909664154,
      0.27923256158828735
    ],
    [
      0.2570366859436035,
      0.4090561866760254,
      0.22321438789367676,
      0.1258719265460968,
      0.23565849661827087,
      0.13579998910427094,
      0.2297379970550537,
      0.19158442318439484,
      0.6526394486427307,
      0.39279496669769287,
      0.27023786306381226,
      1.0,
      0.18315550684928894,
      0.1442098319530487,
      0.18005017936229706,
      0.23371469974517822
    ],
    [
      0.2578336000442505,
      0.24692946672439575,
      0.3190755844116211,
      0.22917088866233826,
      0.2865868806838989,
      0.21704792976379395,
      0.20248699188232422,
      0.27874955534935,
      0.19572730362415314,
      0.17084677517414093,
      0.1822795420885086,
      0.18315550684928894,
      1.0,
      0.47486981749534607,
      0.6683236360549927,
      0.6905904412269592
    ],
    [
      0.236887127161026,
      0.26573607325553894,
      0.28018438816070557,
      0.22192120552062988,
      0.3517429530620575,
      0.3447095453739166,
      0.2788420021533966,
      0.38985201716423035,
      0.1692943572998047,
      0.22374966740608215,
      0.3206598460674286,
      0.1442098319530487,
      0.47486981749534607,
      1.0,
      0.5012233853340149,
      0.4754510223865509
    ],
    [
      0.25404056906700134,
      0.3060535192489624,
      0.23522238433361053,
      0.18127408623695374,
      0.27455368638038635,
      0.1853308528661728,
      0.2877272665500641,
      0.33310604095458984,
      0.21789932250976562,
      0.18841402232646942,
      0.2189548909664154,
      0.18005017936229706,
      0.6683236360549927,
      0.5012233853340149,
      1.0,
      0.7252317667007446
    ],
    [
      0.20804522931575775,
      0.3323964476585388,
      0.20227403938770294,
      0.10447853058576584,
      0.2925250828266144,
      0.20938968658447266,
      0.28891757130622864,
      0.2615375220775604,
      0.2379259318113327,
      0.22913670539855957,
      0.27923256158828735,
      0.23371469974517822,
      0.6905904412269592,
      0.4754510223865509,
      0.7252317667007446,
      1.0
    ]
  ]
}