{
  "game_number": 436,
  "words": [
    "GAS",
    "STINKER",
    "TOOT",
    "WIND",
    "DIRTY",
    "HONEY",
    "PLATINUM",
    "STRAWBERRY",
    "HUG",
    "OF",
    "OXYGEN",
    "ZERO",
    "BROTHER",
    "LORD",
    "PLEASE",
    "SHEESH"
  ],
  "adjacency_matrix": [
    [
      0.9999999403953552,
      0.34655120968818665,
      0.34758585691452026,
      0.41163143515586853,
      0.37666597962379456,
      0.3298644423484802,
      0.34757229685783386,
      0.3203803300857544,
      0.15159334242343903,
      0.2905806005001068,
      0.5673097968101501,
      0.2740904688835144,
      0.21338239312171936,
      0.19652344286441803,
      0.1884162276983261,
      0.21454766392707825
    ],
    [
      0.34655120968818665,
      1.0,
      0.46313533186912537,
      0.3667451739311218,
      0.48379620909690857,
      0.32997483015060425,
      0.23460151255130768,
      0.36474156379699707,
      0.25711795687675476,
      0.26097002625465393,
      0.2472373992204666,
      0.35588517785072327,
      0.35532844066619873,
      0.3779013156890869,
      0.2926473319530487,
      0.4465774893760681
    ],
    [
      0.34758585691452026,
      0.46313533186912537,
      1.0,
      0.3849741816520691,
      0.3841842710971832,
      0.38907429575920105,
      0.22172671556472778,
      0.4014269709587097,
      0.3474818468093872,
      0.20273880660533905,
      0.24527965486049652,
      0.25816550850868225,
      0.24376782774925232,
      0.3466417193412781,
      0.2760772407054901,
      0.3945367932319641
    ],
    [
      0.41163143515586853,
      0.3667451739311218,
      0.3849741816520691,
      1.0000001192092896,
      0.35336175560951233,
      0.2969405949115753,
      0.18176457285881042,
      0.34414979815483093,
      0.24725942313671112,
      0.36224979162216187,
      0.3188151717185974,
      0.32164129614830017,
      0.2785026431083679,
      0.33270180225372314,
      0.2520377039909363,
      0.2119065821170807
    ],
    [
      0.37666597962379456,
      0.48379620909690857,
      0.3841842710971832,
      0.35336175560951233,
      0.9999999403953552,
      0.36384478211402893,
      0.27249282598495483,
      0.3447962701320648,
      0.2772568166255951,
      0.2996795177459717,
      0.28772667050361633,
      0.32919445633888245,
      0.3116360604763031,
      0.2681695520877838,
      0.2587724030017853,
      0.38899490237236023
    ],
    [
      0.3298644423484802,
      0.32997483015060425,
      0.38907429575920105,
      0.2969405949115753,
      0.36384478211402893,
      1.0,
      0.3292614817619324,
      0.47600844502449036,
      0.21659667789936066,
      0.2580749988555908,
      0.30211007595062256,
      0.22684456408023834,
      0.27341970801353455,
      0.25621140003204346,
      0.267776221036911,
      0.3428517282009125
    ],
    [
      0.34757229685783386,
      0.23460151255130768,
      0.22172671556472778,
      0.18176457285881042,
      0.27249282598495483,
      0.3292614817619324,
      1.0,
      0.33974820375442505,
      0.16777369379997253,
      0.21028339862823486,
      0.334890753030777,
      0.2556317150592804,
      0.1919415146112442,
      0.23697620630264282,
      0.17578014731407166,
      0.2101026028394699
    ],
    [
      0.3203803300857544,
      0.36474156379699707,
      0.4014269709587097,
      0.34414979815483093,
      0.3447962701320648,
      0.47600844502449036,
      0.33974820375442505,
      1.0,
      0.3225563168525696,
      0.2753228545188904,
      0.2278261035680771,
      0.23948198556900024,
      0.23822948336601257,
      0.2654019892215729,
      0.22021926939487457,
      0.2929879426956177
    ],
    [
      0.15159334242343903,
      0.25711795687675476,
      0.3474818468093872,
      0.24725942313671112,
      0.2772568166255951,
      0.21659667789936066,
      0.16777369379997253,
      0.3225563168525696,
      1.0,
      0.11675456911325455,
      0.2315913736820221,
      0.2485353946685791,
      0.2545569837093353,
      0.24674345552921295,
      0.26748842000961304,
      0.17929214239120483
    ],
    [
      0.2905806005001068,
      0.26097002625465393,
      0.20273880660533905,
      0.36224979162216187,
      0.2996795177459717,
      0.2580749988555908,
      0.21028339862823486,
      0.2753228545188904,
      0.11675456911325455,
      1.0,
      0.31280988454818726,
      0.3641873896121979,
      0.3555011749267578,
      0.3105168342590332,
      0.21504491567611694,
      0.2895941734313965
    ],
    [
      0.5673097968101501,
      0.2472373992204666,
      0.24527965486049652,
      0.3188151717185974,
      0.28772667050361633,
      0.30211007595062256,
      0.334890753030777,
      0.2278261035680771,
      0.2315913736820221,
      0.31280988454818726,
      0.9999999403953552,
      0.3236478567123413,
      0.2040499746799469,
      0.20147405564785004,
      0.19136090576648712,
      0.2391788363456726
    ],
    [
      0.2740904688835144,
      0.35588517785072327,
      0.25816550850868225,
      0.32164129614830017,
      0.32919445633888245,
      0.22684456408023834,
      0.2556317150592804,
      0.23948198556900024,
      0.2485353946685791,
      0.3641873896121979,
      0.3236478567123413,
      1.0,
      0.20371052622795105,
      0.236830934882164,
      0.25809863209724426,
      0.34422704577445984
    ],
    [
      0.21338239312171936,
      0.35532844066619873,
      0.24376782774925232,
      0.2785026431083679,
      0.3116360604763031,
      0.27341970801353455,
      0.1919415146112442,
      0.23822948336601257,
      0.2545569837093353,
      0.3555011749267578,
      0.2040499746799469,
      0.20371052622795105,
      1.0,
      0.5184655785560608,
      0.2475077360868454,
      0.29938510060310364
    ],
    [
      0.19652344286441803,
      0.3779013156890869,
      0.3466417193412781,
      0.33270180225372314,
      0.2681695520877838,
      0.25621140003204346,
      0.23697620630264282,
      0.2654019892215729,
      0.24674345552921295,
      0.3105168342590332,
      0.20147405564785004,
      0.236830934882164,
      0.5184655785560608,
      1.0,
      0.35504385828971863,
      0.36939460039138794
    ],
    [
      0.1884162276983261,
      0.2926473319530487,
      0.2760772407054901,
      0.2520377039909363,
      0.2587724030017853,
      0.267776221036911,
      0.17578014731407166,
      0.22021926939487457,
      0.26748842000961304,
      0.21504491567611694,
      0.19136090576648712,
      0.25809863209724426,
      0.2475077360868454,
      0.35504385828971863,
      1.0,
      0.3596227169036865
    ],
    [
      0.21454766392707825,
      0.4465774893760681,
      0.3945367932319641,
      0.2119065821170807,
      0.38899490237236023,
      0.3428517282009125,
      0.2101026028394699,
      0.2929879426956177,
      0.17929214239120483,
      0.2895941734313965,
      0.2391788363456726,
      0.34422704577445984,
      0.29938510060310364,
      0.36939460039138794,
      0.3596227169036865,
      0.9999999403953552
    ]
  ]
}