{
  "game_number": 233,
  "words": [
    "BAN",
    "BLOCK",
    "DENY",
    "FORBID",
    "ACCIDENTAL",
    "NOTE",
    "REST",
    "STAFF",
    "APPLE",
    "BAR",
    "CANE",
    "CORN",
    "DING-DONG",
    "DODO",
    "YAHOO",
    "YO-YO"
  ],
  "adjacency_matrix": [
    [
      1.0,
      0.6242439150810242,
      0.47435635328292847,
      0.607479453086853,
      0.36391425132751465,
      0.2775228023529053,
      0.42802315950393677,
      0.2466518133878708,
      0.251840204000473,
      0.36749446392059326,
      0.328342467546463,
      0.24730244278907776,
      0.27673134207725525,
      0.23472926020622253,
      0.23957668244838715,
      0.19999700784683228
    ],
    [
      0.6242439150810242,
      1.0,
      0.4422803223133087,
      0.368278443813324,
      0.30191609263420105,
      0.36023658514022827,
      0.508938193321228,
      0.27234068512916565,
      0.2817167341709137,
      0.36446940898895264,
      0.33199286460876465,
      0.2570376396179199,
      0.3243594765663147,
      0.17169572412967682,
      0.25845396518707275,
      0.18879763782024384
    ],
    [
      0.47435635328292847,
      0.4422803223133087,
      1.0000001192092896,
      0.5744831562042236,
      0.3635868728160858,
      0.3722495138645172,
      0.4403911232948303,
      0.30104970932006836,
      0.2657804787158966,
      0.27760428190231323,
      0.1894223541021347,
      0.17126567661762238,
      0.15146075189113617,
      0.09477464109659195,
      0.2249128520488739,
      0.06932392716407776
    ],
    [
      0.607479453086853,
      0.368278443813324,
      0.5744831562042236,
      1.0,
      0.36377182602882385,
      0.28124329447746277,
      0.35232242941856384,
      0.26243534684181213,
      0.2938315272331238,
      0.3172929584980011,
      0.29748186469078064,
      0.26320499181747437,
      0.1628500521183014,
      0.19175578653812408,
      0.22811083495616913,
      0.06869260966777802
    ],
    [
      0.36391425132751465,
      0.30191609263420105,
      0.3635868728160858,
      0.36377182602882385,
      0.9999999403953552,
      0.2590767443180084,
      0.32008904218673706,
      0.16662950813770294,
      0.2824312746524811,
      0.19396577775478363,
      0.20433519780635834,
      0.19647079706192017,
      0.2957916259765625,
      0.1922314167022705,
      0.13279737532138824,
      0.2011045515537262
    ],
    [
      0.2775228023529053,
      0.36023658514022827,
      0.3722495138645172,
      0.28124329447746277,
      0.2590767443180084,
      1.0,
      0.4514737129211426,
      0.3182528018951416,
      0.3218342363834381,
      0.3165237307548523,
      0.23859424889087677,
      0.1845615804195404,
      0.31189754605293274,
      0.22414812445640564,
      0.2511562705039978,
      0.08686087280511856
    ],
    [
      0.42802315950393677,
      0.508938193321228,
      0.4403911232948303,
      0.35232242941856384,
      0.32008904218673706,
      0.4514737129211426,
      1.0,
      0.40021374821662903,
      0.34018105268478394,
      0.37052565813064575,
      0.32504430413246155,
      0.3221125900745392,
      0.33040547370910645,
      0.26452577114105225,
      0.2258758395910263,
      0.17869651317596436
    ],
    [
      0.2466518133878708,
      0.27234068512916565,
      0.30104970932006836,
      0.26243534684181213,
      0.16662950813770294,
      0.3182528018951416,
      0.40021374821662903,
      1.0,
      0.23431514203548431,
      0.31350794434547424,
      0.2532864212989807,
      0.1442548632621765,
      0.2113226056098938,
      0.13278096914291382,
      0.23749303817749023,
      0.07806125283241272
    ],
    [
      0.251840204000473,
      0.2817167341709137,
      0.2657804787158966,
      0.2938315272331238,
      0.2824312746524811,
      0.3218342363834381,
      0.34018105268478394,
      0.23431514203548431,
      1.0,
      0.3137848973274231,
      0.3984147012233734,
      0.43943801522254944,
      0.2945614457130432,
      0.27022966742515564,
      0.2950606942176819,
      0.2053496390581131
    ],
    [
      0.36749446392059326,
      0.36446940898895264,
      0.27760428190231323,
      0.3172929584980011,
      0.19396577775478363,
      0.3165237307548523,
      0.37052565813064575,
      0.31350794434547424,
      0.3137848973274231,
      1.0,
      0.30328044295310974,
      0.20588575303554535,
      0.275642454624176,
      0.18617601692676544,
      0.21417537331581116,
      0.16265223920345306
    ],
    [
      0.328342467546463,
      0.33199286460876465,
      0.1894223541021347,
      0.29748186469078064,
      0.20433519780635834,
      0.23859424889087677,
      0.32504430413246155,
      0.2532864212989807,
      0.3984147012233734,
      0.30328044295310974,
      1.0,
      0.4479701817035675,
      0.16321726143360138,
      0.2922218441963196,
      0.15394315123558044,
      0.21702222526073456
    ],
    [
      0.24730244278907776,
      0.2570376396179199,
      0.17126567661762238,
      0.26320499181747437,
      0.19647079706192017,
      0.1845615804195404,
      0.3221125900745392,
      0.1442548632621765,
      0.43943801522254944,
      0.20588575303554535,
      0.4479701817035675,
      1.0,
      0.2525296211242676,
      0.22532661259174347,
      0.21511466801166534,
      0.18083223700523376
    ],
    [
      0.27673134207725525,
      0.3243594765663147,
      0.15146075189113617,
      0.1628500521183014,
      0.2957916259765625,
      0.31189754605293274,
      0.33040547370910645,
      0.2113226056098938,
      0.2945614457130432,
      0.275642454624176,
      0.16321726143360138,
      0.2525296211242676,
      1.0,
      0.25334030389785767,
      0.3315699100494385,
      0.35313618183135986
    ],
    [
      0.23472926020622253,
      0.17169572412967682,
      0.09477464109659195,
      0.19175578653812408,
      0.1922314167022705,
      0.22414812445640564,
      0.26452577114105225,
      0.13278096914291382,
      0.27022966742515564,
      0.18617601692676544,
      0.2922218441963196,
      0.22532661259174347,
      0.25334030389785767,
      1.0,
      0.2752162218093872,
      0.23702536523342133
    ],
    [
      0.23957668244838715,
      0.25845396518707275,
      0.2249128520488739,
      0.22811083495616913,
      0.13279737532138824,
      0.2511562705039978,
      0.2258758395910263,
      0.23749303817749023,
      0.2950606942176819,
      0.21417537331581116,
      0.15394315123558044,
      0.21511466801166534,
      0.3315699100494385,
      0.2752162218093872,
      1.0,
      0.21614226698875427
    ],
    [
      0.19999700784683228,
      0.18879763782024384,
      0.06932392716407776,
      0.06869260966777802,
      0.2011045515537262,
      0.08686087280511856,
      0.17869651317596436,
      0.07806125283241272,
      0.2053496390581131,
      0.16265223920345306,
      0.21702222526073456,
      0.18083223700523376,
      0.35313618183135986,
      0.23702536523342133,
      0.21614226698875427,
      1.0
    ]
  ]
}