{
  "game_number": 389,
  "words": [
    "ACE",
    "AVIATOR",
    "FLIER",
    "PILOT",
    "BLUE",
    "FIN",
    "GRAY",
    "RIGHT",
    "ATM",
    "CASINO",
    "SCHEDULE",
    "SPATULA",
    "AMEND",
    "CORRECT",
    "FIX",
    "REVISE"
  ],
  "adjacency_matrix": [
    [
      1.0,
      0.5039939880371094,
      0.4432501196861267,
      0.48995888233184814,
      0.3264370560646057,
      0.26210200786590576,
      0.23080766201019287,
      0.2696801722049713,
      0.13133932650089264,
      0.3381904661655426,
      0.26081791520118713,
      0.2430165559053421,
      0.142538383603096,
      0.24813292920589447,
      0.24228452146053314,
      0.15596160292625427
    ],
    [
      0.5039939880371094,
      1.0,
      0.4823060929775238,
      0.601855993270874,
      0.310819536447525,
      0.25801438093185425,
      0.2745595872402191,
      0.2179126739501953,
      0.026516225188970566,
      0.23344957828521729,
      0.1692921221256256,
      0.2223191261291504,
      0.15675705671310425,
      0.2701360285282135,
      0.2311357855796814,
      0.17120423913002014
    ],
    [
      0.4432501196861267,
      0.4823060929775238,
      1.0,
      0.5394962430000305,
      0.37103068828582764,
      0.33602380752563477,
      0.29186099767684937,
      0.2620413303375244,
      0.0038502304814755917,
      0.2622835338115692,
      0.3466258943080902,
      0.2644716799259186,
      0.21519824862480164,
      0.31383660435676575,
      0.27181482315063477,
      0.25372666120529175
    ],
    [
      0.48995888233184814,
      0.601855993270874,
      0.5394962430000305,
      1.0,
      0.32326146960258484,
      0.3781830668449402,
      0.26122400164604187,
      0.34687232971191406,
      0.11630882322788239,
      0.31535330414772034,
      0.3911718428134918,
      0.25239962339401245,
      0.2490224391222,
      0.3411262035369873,
      0.309970498085022,
      0.30393102765083313
    ],
    [
      0.3264370560646057,
      0.310819536447525,
      0.37103068828582764,
      0.32326146960258484,
      1.0,
      0.3803876042366028,
      0.7387309074401855,
      0.4011766314506531,
      0.11766975373029709,
      0.2934643030166626,
      0.2273872196674347,
      0.2946464419364929,
      0.22048671543598175,
      0.38950875401496887,
      0.3393881916999817,
      0.25012874603271484
    ],
    [
      0.26210200786590576,
      0.25801438093185425,
      0.33602380752563477,
      0.3781830668449402,
      0.3803876042366028,
      1.0,
      0.3486323058605194,
      0.3510817289352417,
      0.11137940734624863,
      0.19787733256816864,
      0.1945018321275711,
      0.37933507561683655,
      0.2501239776611328,
      0.34798663854599,
      0.340785413980484,
      0.2854486405849457
    ],
    [
      0.23080766201019287,
      0.2745595872402191,
      0.29186099767684937,
      0.26122400164604187,
      0.7387309074401855,
      0.3486323058605194,
      1.0,
      0.3435167074203491,
      0.05562436580657959,
      0.2634235620498657,
      0.22512763738632202,
      0.27915358543395996,
      0.17384497821331024,
      0.3683106005191803,
      0.30662116408348083,
      0.2342713177204132
    ],
    [
      0.2696801722049713,
      0.2179126739501953,
      0.2620413303375244,
      0.34687232971191406,
      0.4011766314506531,
      0.3510817289352417,
      0.3435167074203491,
      1.0,
      0.20905625820159912,
      0.29973104596138,
      0.3709453046321869,
      0.2693319320678711,
      0.3949979245662689,
      0.6172357201576233,
      0.44587403535842896,
      0.37455955147743225
    ],
    [
      0.13133932650089264,
      0.026516225188970566,
      0.0038502304814755917,
      0.11630882322788239,
      0.11766975373029709,
      0.11137940734624863,
      0.05562436580657959,
      0.20905625820159912,
      1.0,
      0.11649172753095627,
      0.15774136781692505,
      0.044277653098106384,
      0.1354137808084488,
      0.16664201021194458,
      0.20231182873249054,
      0.10808242857456207
    ],
    [
      0.3381904661655426,
      0.23344957828521729,
      0.2622835338115692,
      0.31535330414772034,
      0.2934643030166626,
      0.19787733256816864,
      0.2634235620498657,
      0.29973104596138,
      0.11649172753095627,
      1.0,
      0.3062795102596283,
      0.2036980241537094,
      0.18744365870952606,
      0.2518576383590698,
      0.27513375878334045,
      0.20318229496479034
    ],
    [
      0.26081791520118713,
      0.1692921221256256,
      0.3466258943080902,
      0.3911718428134918,
      0.2273872196674347,
      0.1945018321275711,
      0.22512763738632202,
      0.3709453046321869,
      0.15774136781692505,
      0.3062795102596283,
      1.0,
      0.165133535861969,
      0.39763328433036804,
      0.4014361798763275,
      0.4072323441505432,
      0.4879227876663208
    ],
    [
      0.2430165559053421,
      0.2223191261291504,
      0.2644716799259186,
      0.25239962339401245,
      0.2946464419364929,
      0.37933507561683655,
      0.27915358543395996,
      0.2693319320678711,
      0.044277653098106384,
      0.2036980241537094,
      0.165133535861969,
      1.0,
      0.19017550349235535,
      0.3183283507823944,
      0.3057788014411926,
      0.21786008775234222
    ],
    [
      0.142538383603096,
      0.15675705671310425,
      0.21519824862480164,
      0.2490224391222,
      0.22048671543598175,
      0.2501239776611328,
      0.17384497821331024,
      0.3949979245662689,
      0.1354137808084488,
      0.18744365870952606,
      0.39763328433036804,
      0.19017550349235535,
      0.9999999403953552,
      0.5751941204071045,
      0.6050797700881958,
      0.8210057020187378
    ],
    [
      0.24813292920589447,
      0.2701360285282135,
      0.31383660435676575,
      0.3411262035369873,
      0.38950875401496887,
      0.34798663854599,
      0.3683106005191803,
      0.6172357201576233,
      0.16664201021194458,
      0.2518576383590698,
      0.4014361798763275,
      0.3183283507823944,
      0.5751941204071045,
      1.0,
      0.6919561624526978,
      0.5787392854690552
    ],
    [
      0.24228452146053314,
      0.2311357855796814,
      0.27181482315063477,
      0.309970498085022,
      0.3393881916999817,
      0.340785413980484,
      0.30662116408348083,
      0.44587403535842896,
      0.20231182873249054,
      0.27513375878334045,
      0.4072323441505432,
      0.3057788014411926,
      0.6050797700881958,
      0.6919561624526978,
      0.9999999403953552,
      0.6065855622291565
    ],
    [
      0.15596160292625427,
      0.17120423913002014,
      0.25372666120529175,
      0.30393102765083313,
      0.25012874603271484,
      0.2854486405849457,
      0.2342713177204132,
      0.37455955147743225,
      0.10808242857456207,
      0.20318229496479034,
      0.4879227876663208,
      0.21786008775234222,
      0.8210057020187378,
      0.5787392854690552,
      0.6065855622291565,
      1.0
    ]
  ]
}