{
  "game_number": 179,
  "words": [
    "CASSEROLE",
    "CROCK",
    "PAN",
    "POT",
    "BUNK",
    "CANOPY",
    "MURPHY",
    "SLEIGH",
    "BALONEY",
    "GROUCH",
    "O",
    "STATUETTE",
    "COCKTAIL",
    "COMPOUND",
    "MIXTURE",
    "SOLUTION"
  ],
  "adjacency_matrix": [
    [
      1.0,
      0.463809072971344,
      0.5059835314750671,
      0.5156883597373962,
      0.282629132270813,
      0.22974573075771332,
      0.354244589805603,
      0.2462935745716095,
      0.3935338258743286,
      0.3599233627319336,
      -0.029544265940785408,
      0.338321328163147,
      0.42638349533081055,
      0.253978967666626,
      0.4433634579181671,
      0.2692568898200989
    ],
    [
      0.463809072971344,
      1.0,
      0.46984171867370605,
      0.5701447129249573,
      0.514672577381134,
      0.27853894233703613,
      0.4142686724662781,
      0.33472001552581787,
      0.6748039722442627,
      0.3891855478286743,
      -0.006552544888108969,
      0.35770201683044434,
      0.3468427360057831,
      0.30294573307037354,
      0.46084022521972656,
      0.36099496483802795
    ],
    [
      0.5059835314750671,
      0.46984171867370605,
      1.0,
      0.6092371344566345,
      0.3223831355571747,
      0.2925581634044647,
      0.42822256684303284,
      0.29034343361854553,
      0.34560954570770264,
      0.3185417950153351,
      0.12402469664812088,
      0.34860286116600037,
      0.2553289830684662,
      0.2643080949783325,
      0.45181211829185486,
      0.29477959871292114
    ],
    [
      0.5156883597373962,
      0.5701447129249573,
      0.6092371344566345,
      1.0,
      0.33900365233421326,
      0.29093772172927856,
      0.3430798351764679,
      0.24849452078342438,
      0.37890031933784485,
      0.3112477660179138,
      0.05382196232676506,
      0.3886416256427765,
      0.38639724254608154,
      0.36725613474845886,
      0.5222788453102112,
      0.34596535563468933
    ],
    [
      0.282629132270813,
      0.514672577381134,
      0.3223831355571747,
      0.33900365233421326,
      1.0,
      0.3953086733818054,
      0.38400158286094666,
      0.34226199984550476,
      0.5174748301506042,
      0.406767874956131,
      -0.05839678272604942,
      0.18084940314292908,
      0.3326738178730011,
      0.3636130690574646,
      0.35253483057022095,
      0.28234875202178955
    ],
    [
      0.22974573075771332,
      0.27853894233703613,
      0.2925581634044647,
      0.29093772172927856,
      0.3953086733818054,
      1.0,
      0.26377546787261963,
      0.3101885914802551,
      0.20820870995521545,
      0.34047502279281616,
      -0.09141674637794495,
      0.2725885510444641,
      0.34473955631256104,
      0.3502820134162903,
      0.380865216255188,
      0.2856389880180359
    ],
    [
      0.354244589805603,
      0.4142686724662781,
      0.42822256684303284,
      0.3430798351764679,
      0.38400158286094666,
      0.26377546787261963,
      1.0,
      0.2805597186088562,
      0.4235401153564453,
      0.4043280780315399,
      0.036127276718616486,
      0.26232412457466125,
      0.2969581186771393,
      0.21922487020492554,
      0.30576515197753906,
      0.2640781104564667
    ],
    [
      0.2462935745716095,
      0.33472001552581787,
      0.29034343361854553,
      0.24849452078342438,
      0.34226199984550476,
      0.3101885914802551,
      0.2805597186088562,
      1.0,
      0.2916524410247803,
      0.39345699548721313,
      0.008265111595392227,
      0.2988254725933075,
      0.24849294126033783,
      0.2514665722846985,
      0.2583945393562317,
      0.21900855004787445
    ],
    [
      0.3935338258743286,
      0.6748039722442627,
      0.34560954570770264,
      0.37890031933784485,
      0.5174748301506042,
      0.20820870995521545,
      0.4235401153564453,
      0.2916524410247803,
      1.0,
      0.4179203510284424,
      -0.03179393708705902,
      0.23904822766780853,
      0.3817076086997986,
      0.2696681618690491,
      0.41577908396720886,
      0.34290438890457153
    ],
    [
      0.3599233627319336,
      0.3891855478286743,
      0.3185417950153351,
      0.3112477660179138,
      0.406767874956131,
      0.34047502279281616,
      0.4043280780315399,
      0.39345699548721313,
      0.4179203510284424,
      1.0,
      -0.10225236415863037,
      0.3926992416381836,
      0.3008316159248352,
      0.2793332040309906,
      0.33744609355926514,
      0.33513709902763367
    ],
    [
      -0.029544265940785408,
      -0.006552544888108969,
      0.12402469664812088,
      0.05382196232676506,
      -0.05839678272604942,
      -0.09141674637794495,
      0.036127276718616486,
      0.008265111595392227,
      -0.03179393708705902,
      -0.10225236415863037,
      1.0,
      -0.043874528259038925,
      -0.0345630943775177,
      -0.10619497299194336,
      -0.051700491458177567,
      -0.12536285817623138
    ],
    [
      0.338321328163147,
      0.35770201683044434,
      0.34860286116600037,
      0.3886416256427765,
      0.18084940314292908,
      0.2725885510444641,
      0.26232412457466125,
      0.2988254725933075,
      0.23904822766780853,
      0.3926992416381836,
      -0.043874528259038925,
      0.9999999403953552,
      0.2885109484195709,
      0.2605840563774109,
      0.257514625787735,
      0.29620254039764404
    ],
    [
      0.42638349533081055,
      0.3468427360057831,
      0.2553289830684662,
      0.38639724254608154,
      0.3326738178730011,
      0.34473955631256104,
      0.2969581186771393,
      0.24849294126033783,
      0.3817076086997986,
      0.3008316159248352,
      -0.0345630943775177,
      0.2885109484195709,
      1.0,
      0.37493035197257996,
      0.5133254528045654,
      0.3841152787208557
    ],
    [
      0.253978967666626,
      0.30294573307037354,
      0.2643080949783325,
      0.36725613474845886,
      0.3636130690574646,
      0.3502820134162903,
      0.21922487020492554,
      0.2514665722846985,
      0.2696681618690491,
      0.2793332040309906,
      -0.10619497299194336,
      0.2605840563774109,
      0.37493035197257996,
      1.0,
      0.5487474799156189,
      0.41097304224967957
    ],
    [
      0.4433634579181671,
      0.46084022521972656,
      0.45181211829185486,
      0.5222788453102112,
      0.35253483057022095,
      0.380865216255188,
      0.30576515197753906,
      0.2583945393562317,
      0.41577908396720886,
      0.33744609355926514,
      -0.051700491458177567,
      0.257514625787735,
      0.5133254528045654,
      0.5487474799156189,
      1.0,
      0.48949408531188965
    ],
    [
      0.2692568898200989,
      0.36099496483802795,
      0.29477959871292114,
      0.34596535563468933,
      0.28234875202178955,
      0.2856389880180359,
      0.2640781104564667,
      0.21900855004787445,
      0.34290438890457153,
      0.33513709902763367,
      -0.12536285817623138,
      0.29620254039764404,
      0.3841152787208557,
      0.41097304224967957,
      0.48949408531188965,
      1.0
    ]
  ]
}