{
  "game_number": 416,
  "words": [
    "PIKE",
    "SPLIT",
    "STRADDLE",
    "TUCK",
    "ANIMAL",
    "GOLDFISH",
    "OYSTER",
    "RITZ",
    "CORPORATE",
    "ROPE",
    "SALMON",
    "WORD",
    "BITTER",
    "SALTY",
    "SOUR",
    "SWEET"
  ],
  "adjacency_matrix": [
    [
      1.0,
      0.24935229122638702,
      0.3033532500267029,
      0.3230307102203369,
      0.22120963037014008,
      0.3430593013763428,
      0.32436731457710266,
      0.28287437558174133,
      0.23998619616031647,
      0.32386818528175354,
      0.382646381855011,
      0.29147979617118835,
      0.2210645228624344,
      0.23274068534374237,
      0.19713203608989716,
      0.22831328213214874
    ],
    [
      0.24935229122638702,
      1.0,
      0.5125097036361694,
      0.36978211998939514,
      0.2766478955745697,
      0.20012536644935608,
      0.17918172478675842,
      0.21076218783855438,
      0.3720831871032715,
      0.30569207668304443,
      0.2739218771457672,
      0.33659180998802185,
      0.3985874354839325,
      0.17962442338466644,
      0.3395228385925293,
      0.3030199706554413
    ],
    [
      0.3033532500267029,
      0.5125097036361694,
      1.0,
      0.39218562841415405,
      0.31221437454223633,
      0.1602700799703598,
      0.23660233616828918,
      0.27777209877967834,
      0.35847988724708557,
      0.37951210141181946,
      0.22443123161792755,
      0.2770385444164276,
      0.24046434462070465,
      0.22755686938762665,
      0.2043340653181076,
      0.2737116813659668
    ],
    [
      0.3230307102203369,
      0.36978211998939514,
      0.39218562841415405,
      1.0000001192092896,
      0.16628801822662354,
      0.2687702178955078,
      0.2345675677061081,
      0.3587770462036133,
      0.28635871410369873,
      0.33358293771743774,
      0.2472149133682251,
      0.2711387574672699,
      0.15907292068004608,
      0.21739666163921356,
      0.25461387634277344,
      0.3041573464870453
    ],
    [
      0.22120963037014008,
      0.2766478955745697,
      0.31221437454223633,
      0.16628801822662354,
      0.9999998807907104,
      0.4461485743522644,
      0.3696335256099701,
      0.28708529472351074,
      0.4564618766307831,
      0.36181801557540894,
      0.37354934215545654,
      0.3959408104419708,
      0.2842506766319275,
      0.3140268921852112,
      0.2603718936443329,
      0.3616112172603607
    ],
    [
      0.3430593013763428,
      0.20012536644935608,
      0.1602700799703598,
      0.2687702178955078,
      0.4461485743522644,
      1.0,
      0.4086364805698395,
      0.3430776596069336,
      0.256785124540329,
      0.2463766634464264,
      0.4951648414134979,
      0.2967117428779602,
      0.2840668559074402,
      0.3887549340724945,
      0.3191814124584198,
      0.38824033737182617
    ],
    [
      0.32436731457710266,
      0.17918172478675842,
      0.23660233616828918,
      0.2345675677061081,
      0.3696335256099701,
      0.4086364805698395,
      0.9999999403953552,
      0.30972597002983093,
      0.339277982711792,
      0.2651037573814392,
      0.5205799341201782,
      0.3115038573741913,
      0.2491048127412796,
      0.4140808880329132,
      0.262712299823761,
      0.33163806796073914
    ],
    [
      0.28287437558174133,
      0.21076218783855438,
      0.27777209877967834,
      0.3587770462036133,
      0.28708529472351074,
      0.3430776596069336,
      0.30972597002983093,
      1.0,
      0.28063341975212097,
      0.37240949273109436,
      0.30684831738471985,
      0.39377132058143616,
      0.35248419642448425,
      0.3322039544582367,
      0.3581577241420746,
      0.389321893453598
    ],
    [
      0.23998619616031647,
      0.3720831871032715,
      0.35847988724708557,
      0.28635871410369873,
      0.4564618766307831,
      0.256785124540329,
      0.339277982711792,
      0.28063341975212097,
      1.0,
      0.29606783390045166,
      0.3212994337081909,
      0.37920325994491577,
      0.29794004559516907,
      0.3111398220062256,
      0.3362938463687897,
      0.37799304723739624
    ],
    [
      0.32386818528175354,
      0.30569207668304443,
      0.37951210141181946,
      0.33358293771743774,
      0.36181801557540894,
      0.2463766634464264,
      0.2651037573814392,
      0.37240949273109436,
      0.29606783390045166,
      1.0,
      0.26260027289390564,
      0.39842474460601807,
      0.22543133795261383,
      0.2810409963130951,
      0.2214384377002716,
      0.28026944398880005
    ],
    [
      0.382646381855011,
      0.2739218771457672,
      0.22443123161792755,
      0.2472149133682251,
      0.37354934215545654,
      0.4951648414134979,
      0.5205799341201782,
      0.30684831738471985,
      0.3212994337081909,
      0.26260027289390564,
      1.0,
      0.30951735377311707,
      0.273494154214859,
      0.37187084555625916,
      0.295630544424057,
      0.28922730684280396
    ],
    [
      0.29147979617118835,
      0.33659180998802185,
      0.2770385444164276,
      0.2711387574672699,
      0.3959408104419708,
      0.2967117428779602,
      0.3115038573741913,
      0.39377132058143616,
      0.37920325994491577,
      0.39842474460601807,
      0.30951735377311707,
      1.0,
      0.36591172218322754,
      0.3826320171356201,
      0.36033129692077637,
      0.46892404556274414
    ],
    [
      0.2210645228624344,
      0.3985874354839325,
      0.24046434462070465,
      0.15907292068004608,
      0.2842506766319275,
      0.2840668559074402,
      0.2491048127412796,
      0.35248419642448425,
      0.29794004559516907,
      0.22543133795261383,
      0.273494154214859,
      0.36591172218322754,
      1.0,
      0.5277454853057861,
      0.721137523651123,
      0.6195583343505859
    ],
    [
      0.23274068534374237,
      0.17962442338466644,
      0.22755686938762665,
      0.21739666163921356,
      0.3140268921852112,
      0.3887549340724945,
      0.4140808880329132,
      0.3322039544582367,
      0.3111398220062256,
      0.2810409963130951,
      0.37187084555625916,
      0.3826320171356201,
      0.5277454853057861,
      0.9999999403953552,
      0.5455062985420227,
      0.6168802976608276
    ],
    [
      0.19713203608989716,
      0.3395228385925293,
      0.2043340653181076,
      0.25461387634277344,
      0.2603718936443329,
      0.3191814124584198,
      0.262712299823761,
      0.3581577241420746,
      0.3362938463687897,
      0.2214384377002716,
      0.295630544424057,
      0.36033129692077637,
      0.721137523651123,
      0.5455062985420227,
      1.0,
      0.6301520466804504
    ],
    [
      0.22831328213214874,
      0.3030199706554413,
      0.2737116813659668,
      0.3041573464870453,
      0.3616112172603607,
      0.38824033737182617,
      0.33163806796073914,
      0.389321893453598,
      0.37799304723739624,
      0.28026944398880005,
      0.28922730684280396,
      0.46892404556274414,
      0.6195583343505859,
      0.6168802976608276,
      0.6301520466804504,
      1.0
    ]
  ]
}