{
  "game_number": 354,
  "words": [
    "CHOPS",
    "KISSER",
    "TRAP",
    "YAP",
    "BOB",
    "CLAP",
    "SNAP",
    "TAP",
    "APPLAUSE",
    "DRINKS",
    "FUNDING",
    "GOLF",
    "COUPLE",
    "JOIN",
    "LINK",
    "TIE"
  ],
  "adjacency_matrix": [
    [
      1.0,
      0.409676194190979,
      0.302773654460907,
      0.21658183634281158,
      0.3368068039417267,
      0.3139248490333557,
      0.4201758801937103,
      0.4500812590122223,
      0.26232829689979553,
      0.3331758677959442,
      0.31199854612350464,
      0.26982787251472473,
      0.2968524098396301,
      0.2946896255016327,
      0.23236161470413208,
      0.31745368242263794
    ],
    [
      0.409676194190979,
      1.0,
      0.3430598974227905,
      0.22177563607692719,
      0.31639936566352844,
      0.4840324819087982,
      0.4232439398765564,
      0.3389301598072052,
      0.274644136428833,
      0.30982011556625366,
      0.14998406171798706,
      0.2602928578853607,
      0.29676175117492676,
      0.2252715677022934,
      0.22284044325351715,
      0.3282831907272339
    ],
    [
      0.302773654460907,
      0.3430598974227905,
      1.0,
      0.13511893153190613,
      0.2461346983909607,
      0.4641091823577881,
      0.4379744529724121,
      0.4093445837497711,
      0.2155899703502655,
      0.30788740515708923,
      0.29904690384864807,
      0.29391422867774963,
      0.2688434422016144,
      0.3439807593822479,
      0.3353133797645569,
      0.40819892287254333
    ],
    [
      0.21658183634281158,
      0.22177563607692719,
      0.13511893153190613,
      1.0,
      0.30996501445770264,
      0.2670653462409973,
      0.2229911834001541,
      0.16865485906600952,
      0.16951102018356323,
      0.05582994222640991,
      0.008788003586232662,
      0.08599096536636353,
      0.08912494778633118,
      0.13728338479995728,
      0.05412402004003525,
      0.1535344421863556
    ],
    [
      0.3368068039417267,
      0.31639936566352844,
      0.2461346983909607,
      0.30996501445770264,
      1.0,
      0.3145703375339508,
      0.35270920395851135,
      0.23604638874530792,
      0.15763689577579498,
      0.20722611248493195,
      0.11824196577072144,
      0.2434246689081192,
      0.2355421930551529,
      0.2520279884338379,
      0.16721893846988678,
      0.2720920741558075
    ],
    [
      0.3139248490333557,
      0.4840324819087982,
      0.4641091823577881,
      0.2670653462409973,
      0.3145703375339508,
      1.0,
      0.45490795373916626,
      0.44128215312957764,
      0.5467531085014343,
      0.3358745276927948,
      0.1786474734544754,
      0.2861575484275818,
      0.2490524798631668,
      0.37897929549217224,
      0.25388041138648987,
      0.3728596270084381
    ],
    [
      0.4201758801937103,
      0.4232439398765564,
      0.4379744529724121,
      0.2229911834001541,
      0.35270920395851135,
      0.45490795373916626,
      0.9999998807907104,
      0.4948423504829407,
      0.3109760880470276,
      0.3020941913127899,
      0.18761269748210907,
      0.21329431235790253,
      0.3178461790084839,
      0.3638024628162384,
      0.33344781398773193,
      0.47609743475914
    ],
    [
      0.4500812590122223,
      0.3389301598072052,
      0.4093445837497711,
      0.16865485906600952,
      0.23604638874530792,
      0.44128215312957764,
      0.4948423504829407,
      1.0,
      0.2721531391143799,
      0.4244348406791687,
      0.3424758315086365,
      0.2643280029296875,
      0.26298052072525024,
      0.43552613258361816,
      0.3776158094406128,
      0.41198617219924927
    ],
    [
      0.26232829689979553,
      0.274644136428833,
      0.2155899703502655,
      0.16951102018356323,
      0.15763689577579498,
      0.5467531085014343,
      0.3109760880470276,
      0.2721531391143799,
      1.0,
      0.296735554933548,
      0.2947714924812317,
      0.17153194546699524,
      0.2309063822031021,
      0.32969194650650024,
      0.2390674501657486,
      0.25975868105888367
    ],
    [
      0.3331758677959442,
      0.30982011556625366,
      0.30788740515708923,
      0.05582994222640991,
      0.20722611248493195,
      0.3358745276927948,
      0.3020941913127899,
      0.4244348406791687,
      0.296735554933548,
      0.9999999403953552,
      0.2971860468387604,
      0.37131908535957336,
      0.34981685876846313,
      0.3196335434913635,
      0.280080646276474,
      0.31631243228912354
    ],
    [
      0.31199854612350464,
      0.14998406171798706,
      0.29904690384864807,
      0.008788003586232662,
      0.11824196577072144,
      0.1786474734544754,
      0.18761269748210907,
      0.3424758315086365,
      0.2947714924812317,
      0.2971860468387604,
      1.0,
      0.3061069846153259,
      0.21006982028484344,
      0.30401575565338135,
      0.34849947690963745,
      0.3697757422924042
    ],
    [
      0.26982787251472473,
      0.2602928578853607,
      0.29391422867774963,
      0.08599096536636353,
      0.2434246689081192,
      0.2861575484275818,
      0.21329431235790253,
      0.2643280029296875,
      0.17153194546699524,
      0.37131908535957336,
      0.3061069846153259,
      1.0,
      0.2794856131076813,
      0.23219680786132812,
      0.24166014790534973,
      0.3203149437904358
    ],
    [
      0.2968524098396301,
      0.29676175117492676,
      0.2688434422016144,
      0.08912494778633118,
      0.2355421930551529,
      0.2490524798631668,
      0.3178461790084839,
      0.26298052072525024,
      0.2309063822031021,
      0.34981685876846313,
      0.21006982028484344,
      0.2794856131076813,
      1.0,
      0.2929990291595459,
      0.3103708028793335,
      0.3092364966869354
    ],
    [
      0.2946896255016327,
      0.2252715677022934,
      0.3439807593822479,
      0.13728338479995728,
      0.2520279884338379,
      0.37897929549217224,
      0.3638024628162384,
      0.43552613258361816,
      0.32969194650650024,
      0.3196335434913635,
      0.30401575565338135,
      0.23219680786132812,
      0.2929990291595459,
      1.0,
      0.3918861150741577,
      0.4136433005332947
    ],
    [
      0.23236161470413208,
      0.22284044325351715,
      0.3353133797645569,
      0.05412402004003525,
      0.16721893846988678,
      0.25388041138648987,
      0.33344781398773193,
      0.3776158094406128,
      0.2390674501657486,
      0.280080646276474,
      0.34849947690963745,
      0.24166014790534973,
      0.3103708028793335,
      0.3918861150741577,
      1.0,
      0.5305373668670654
    ],
    [
      0.31745368242263794,
      0.3282831907272339,
      0.40819892287254333,
      0.1535344421863556,
      0.2720920741558075,
      0.3728596270084381,
      0.47609743475914,
      0.41198617219924927,
      0.25975868105888367,
      0.31631243228912354,
      0.3697757422924042,
      0.3203149437904358,
      0.3092364966869354,
      0.4136433005332947,
      0.5305373668670654,
      1.0
    ]
  ]
}