{
  "game_number": 531,
  "words": [
    "GOODNESS",
    "HEAVENS",
    "LORD",
    "MERCY",
    "DRUMMER",
    "LADY",
    "RING",
    "SWAN",
    "CORN",
    "COUGH",
    "MAPLE",
    "SIMPLE",
    "COLONY",
    "HERD",
    "PRIDE",
    "SCHOOL"
  ],
  "adjacency_matrix": [
    [
      1.0,
      0.5302422642707825,
      0.44245925545692444,
      0.6039252877235413,
      0.2280655801296234,
      0.38770294189453125,
      0.2920372486114502,
      0.2545766532421112,
      0.3263688385486603,
      0.29303014278411865,
      0.3344084322452545,
      0.4134634733200073,
      0.20291772484779358,
      0.2419753223657608,
      0.5295536518096924,
      0.316557377576828
    ],
    [
      0.5302422642707825,
      1.0,
      0.4873257279396057,
      0.4268362820148468,
      0.14775681495666504,
      0.36683163046836853,
      0.4058856666088104,
      0.3235069215297699,
      0.3039419949054718,
      0.24795983731746674,
      0.26940804719924927,
      0.33473363518714905,
      0.24236926436424255,
      0.21687576174736023,
      0.29267361760139465,
      0.34738779067993164
    ],
    [
      0.44245925545692444,
      0.4873257279396057,
      1.0,
      0.5133025050163269,
      0.33330047130584717,
      0.5608472228050232,
      0.3985050618648529,
      0.31368401646614075,
      0.31377193331718445,
      0.269054651260376,
      0.2272227704524994,
      0.2762078046798706,
      0.308211088180542,
      0.3049282729625702,
      0.3262742757797241,
      0.34648919105529785
    ],
    [
      0.6039252877235413,
      0.4268362820148468,
      0.5133025050163269,
      1.0,
      0.2579488456249237,
      0.3877700865268707,
      0.29775962233543396,
      0.265280544757843,
      0.3024475574493408,
      0.19269782304763794,
      0.21963314712047577,
      0.36987951397895813,
      0.2936703860759735,
      0.29476603865623474,
      0.4293750822544098,
      0.3258993327617645
    ],
    [
      0.2280655801296234,
      0.14775681495666504,
      0.33330047130584717,
      0.2579488456249237,
      1.0,
      0.3455340564250946,
      0.22264482080936432,
      0.25175943970680237,
      0.2484038919210434,
      0.18788191676139832,
      0.2683301866054535,
      0.23080818355083466,
      0.2637905180454254,
      0.2846238911151886,
      0.26443085074424744,
      0.3350180387496948
    ],
    [
      0.38770294189453125,
      0.36683163046836853,
      0.5608472228050232,
      0.3877700865268707,
      0.3455340564250946,
      1.0,
      0.35758793354034424,
      0.4608974754810333,
      0.3044108748435974,
      0.3006109893321991,
      0.3241296410560608,
      0.33292049169540405,
      0.3259257674217224,
      0.35343626141548157,
      0.35083669424057007,
      0.3961615562438965
    ],
    [
      0.2920372486114502,
      0.4058856666088104,
      0.3985050618648529,
      0.29775962233543396,
      0.22264482080936432,
      0.35758793354034424,
      1.0,
      0.32109856605529785,
      0.3272906541824341,
      0.3087898790836334,
      0.34331053495407104,
      0.34887340664863586,
      0.22846147418022156,
      0.23188337683677673,
      0.2713492214679718,
      0.33937013149261475
    ],
    [
      0.2545766532421112,
      0.3235069215297699,
      0.31368401646614075,
      0.265280544757843,
      0.25175943970680237,
      0.4608974754810333,
      0.32109856605529785,
      1.0,
      0.23672349750995636,
      0.21289430558681488,
      0.36904624104499817,
      0.24597734212875366,
      0.27817878127098083,
      0.37015631794929504,
      0.3223778009414673,
      0.2494935393333435
    ],
    [
      0.3263688385486603,
      0.3039419949054718,
      0.31377193331718445,
      0.3024475574493408,
      0.2484038919210434,
      0.3044108748435974,
      0.3272906541824341,
      0.23672349750995636,
      1.0,
      0.26708605885505676,
      0.451937735080719,
      0.26100048422813416,
      0.26913800835609436,
      0.3213232159614563,
      0.3038214147090912,
      0.25654006004333496
    ],
    [
      0.29303014278411865,
      0.24795983731746674,
      0.269054651260376,
      0.19269782304763794,
      0.18788191676139832,
      0.3006109893321991,
      0.3087898790836334,
      0.21289430558681488,
      0.26708605885505676,
      1.0,
      0.32016685605049133,
      0.2955513894557953,
      0.10618656873703003,
      0.273090660572052,
      0.27508288621902466,
      0.28423476219177246
    ],
    [
      0.3344084322452545,
      0.26940804719924927,
      0.2272227704524994,
      0.21963314712047577,
      0.2683301866054535,
      0.3241296410560608,
      0.34331053495407104,
      0.36904624104499817,
      0.451937735080719,
      0.32016685605049133,
      1.0,
      0.28681445121765137,
      0.2741452157497406,
      0.12600624561309814,
      0.30747148394584656,
      0.28243765234947205
    ],
    [
      0.4134634733200073,
      0.33473363518714905,
      0.2762078046798706,
      0.36987951397895813,
      0.23080818355083466,
      0.33292049169540405,
      0.34887340664863586,
      0.24597734212875366,
      0.26100048422813416,
      0.2955513894557953,
      0.28681445121765137,
      0.9999999403953552,
      0.22606486082077026,
      0.25933516025543213,
      0.33737123012542725,
      0.2716194689273834
    ],
    [
      0.20291772484779358,
      0.24236926436424255,
      0.308211088180542,
      0.2936703860759735,
      0.2637905180454254,
      0.3259257674217224,
      0.22846147418022156,
      0.27817878127098083,
      0.26913800835609436,
      0.10618656873703003,
      0.2741452157497406,
      0.22606486082077026,
      1.0,
      0.36951354146003723,
      0.30447858572006226,
      0.4469746947288513
    ],
    [
      0.2419753223657608,
      0.21687576174736023,
      0.3049282729625702,
      0.29476603865623474,
      0.2846238911151886,
      0.35343626141548157,
      0.23188337683677673,
      0.37015631794929504,
      0.3213232159614563,
      0.273090660572052,
      0.12600624561309814,
      0.25933516025543213,
      0.36951354146003723,
      1.0,
      0.3101915121078491,
      0.3608783185482025
    ],
    [
      0.5295536518096924,
      0.29267361760139465,
      0.3262742757797241,
      0.4293750822544098,
      0.26443085074424744,
      0.35083669424057007,
      0.2713492214679718,
      0.3223778009414673,
      0.3038214147090912,
      0.27508288621902466,
      0.30747148394584656,
      0.33737123012542725,
      0.30447858572006226,
      0.3101915121078491,
      1.0,
      0.34998708963394165
    ],
    [
      0.316557377576828,
      0.34738779067993164,
      0.34648919105529785,
      0.3258993327617645,
      0.3350180387496948,
      0.3961615562438965,
      0.33937013149261475,
      0.2494935393333435,
      0.25654006004333496,
      0.28423476219177246,
      0.28243765234947205,
      0.2716194689273834,
      0.4469746947288513,
      0.3608783185482025,
      0.34998708963394165,
      0.9999999403953552
    ]
  ]
}