{
  "game_number": 150,
  "words": [
    "DREAM",
    "DROOL",
    "SNORE",
    "TALK",
    "ALIEN",
    "GLADIATOR",
    "VENOM",
    "WICKED",
    "FULL",
    "GINGERBREAD",
    "HAUNTED",
    "WHITE",
    "CARD",
    "CHARACTER",
    "JOKER",
    "LAUGH"
  ],
  "adjacency_matrix": [
    [
      1.0,
      0.37802019715309143,
      0.4055204689502716,
      0.3021754026412964,
      0.3274381160736084,
      0.274054616689682,
      0.17097586393356323,
      0.2843565046787262,
      0.4260534942150116,
      0.278351753950119,
      0.47749894857406616,
      0.3188387155532837,
      0.2742282748222351,
      0.37878257036209106,
      0.32682541012763977,
      0.3658880889415741
    ],
    [
      0.37802019715309143,
      1.0,
      0.5624465346336365,
      0.23795266449451447,
      0.28093039989471436,
      0.24114364385604858,
      0.3682871460914612,
      0.3322876989841461,
      0.36464789509773254,
      0.3185940086841583,
      0.3063599169254303,
      0.28986606001853943,
      0.19696389138698578,
      0.24354194104671478,
      0.2943580150604248,
      0.5387462377548218
    ],
    [
      0.4055204689502716,
      0.5624465346336365,
      1.0,
      0.2571541368961334,
      0.19180694222450256,
      0.1809389442205429,
      0.2607770264148712,
      0.29852914810180664,
      0.3593601882457733,
      0.23051981627941132,
      0.31125643849372864,
      0.2524046301841736,
      0.19064457714557648,
      0.24486570060253143,
      0.3359324336051941,
      0.5706927180290222
    ],
    [
      0.3021754026412964,
      0.23795266449451447,
      0.2571541368961334,
      1.0,
      0.15626578032970428,
      0.16884981095790863,
      0.13067986071109772,
      0.10853579640388489,
      0.21948833763599396,
      0.11729749292135239,
      0.18525999784469604,
      0.1998746395111084,
      0.16844503581523895,
      0.25687071681022644,
      0.2285667359828949,
      0.3265654146671295
    ],
    [
      0.3274381160736084,
      0.28093039989471436,
      0.19180694222450256,
      0.15626578032970428,
      0.9999999403953552,
      0.3821210265159607,
      0.23152554035186768,
      0.400570273399353,
      0.3247302174568176,
      0.3225276470184326,
      0.3822016716003418,
      0.4511195719242096,
      0.3689267039299011,
      0.47787532210350037,
      0.3483297526836395,
      0.2131502330303192
    ],
    [
      0.274054616689682,
      0.24114364385604858,
      0.1809389442205429,
      0.16884981095790863,
      0.3821210265159607,
      1.0,
      0.2734599709510803,
      0.2949537932872772,
      0.25822508335113525,
      0.25890278816223145,
      0.24843759834766388,
      0.3056946098804474,
      0.297227144241333,
      0.4314422905445099,
      0.3517308235168457,
      0.2012716382741928
    ],
    [
      0.17097586393356323,
      0.3682871460914612,
      0.2607770264148712,
      0.13067986071109772,
      0.23152554035186768,
      0.2734599709510803,
      1.0,
      0.3631202280521393,
      0.32057249546051025,
      0.17423005402088165,
      0.16646181046962738,
      0.28774744272232056,
      0.2176872044801712,
      0.2902650237083435,
      0.2813054919242859,
      0.2802571654319763
    ],
    [
      0.2843565046787262,
      0.3322876989841461,
      0.29852914810180664,
      0.10853579640388489,
      0.400570273399353,
      0.2949537932872772,
      0.3631202280521393,
      0.9999999403953552,
      0.3991582989692688,
      0.31887656450271606,
      0.46282023191452026,
      0.3769356310367584,
      0.2545773684978485,
      0.34585779905319214,
      0.3503814935684204,
      0.3983653485774994
    ],
    [
      0.4260534942150116,
      0.36464789509773254,
      0.3593601882457733,
      0.21948833763599396,
      0.3247302174568176,
      0.25822508335113525,
      0.32057249546051025,
      0.3991582989692688,
      0.9999999403953552,
      0.30604642629623413,
      0.4011187255382538,
      0.46348604559898376,
      0.42797964811325073,
      0.417913019657135,
      0.29794496297836304,
      0.36996474862098694
    ],
    [
      0.278351753950119,
      0.3185940086841583,
      0.23051981627941132,
      0.11729749292135239,
      0.3225276470184326,
      0.25890278816223145,
      0.17423005402088165,
      0.31887656450271606,
      0.30604642629623413,
      1.0,
      0.36558425426483154,
      0.42379236221313477,
      0.2684217393398285,
      0.29470276832580566,
      0.26697978377342224,
      0.2715083062648773
    ],
    [
      0.47749894857406616,
      0.3063599169254303,
      0.31125643849372864,
      0.18525999784469604,
      0.3822016716003418,
      0.24843759834766388,
      0.16646181046962738,
      0.46282023191452026,
      0.4011187255382538,
      0.36558425426483154,
      1.0000001192092896,
      0.3659787178039551,
      0.2501250207424164,
      0.36176061630249023,
      0.2017068713903427,
      0.3161149024963379
    ],
    [
      0.3188387155532837,
      0.28986606001853943,
      0.2524046301841736,
      0.1998746395111084,
      0.4511195719242096,
      0.3056946098804474,
      0.28774744272232056,
      0.3769356310367584,
      0.46348604559898376,
      0.42379236221313477,
      0.3659787178039551,
      1.0,
      0.3643428385257721,
      0.36930638551712036,
      0.3304893970489502,
      0.23313719034194946
    ],
    [
      0.2742282748222351,
      0.19696389138698578,
      0.19064457714557648,
      0.16844503581523895,
      0.3689267039299011,
      0.297227144241333,
      0.2176872044801712,
      0.2545773684978485,
      0.42797964811325073,
      0.2684217393398285,
      0.2501250207424164,
      0.3643428385257721,
      0.9999999403953552,
      0.4500800371170044,
      0.5223506093025208,
      0.24500544369220734
    ],
    [
      0.37878257036209106,
      0.24354194104671478,
      0.24486570060253143,
      0.25687071681022644,
      0.47787532210350037,
      0.4314422905445099,
      0.2902650237083435,
      0.34585779905319214,
      0.417913019657135,
      0.29470276832580566,
      0.36176061630249023,
      0.36930638551712036,
      0.4500800371170044,
      1.0,
      0.4801516532897949,
      0.30022385716438293
    ],
    [
      0.32682541012763977,
      0.2943580150604248,
      0.3359324336051941,
      0.2285667359828949,
      0.3483297526836395,
      0.3517308235168457,
      0.2813054919242859,
      0.3503814935684204,
      0.29794496297836304,
      0.26697978377342224,
      0.2017068713903427,
      0.3304893970489502,
      0.5223506093025208,
      0.4801516532897949,
      1.0,
      0.4665830731391907
    ],
    [
      0.3658880889415741,
      0.5387462377548218,
      0.5706927180290222,
      0.3265654146671295,
      0.2131502330303192,
      0.2012716382741928,
      0.2802571654319763,
      0.3983653485774994,
      0.36996474862098694,
      0.2715083062648773,
      0.3161149024963379,
      0.23313719034194946,
      0.24500544369220734,
      0.30022385716438293,
      0.4665830731391907,
      1.0
    ]
  ]
}