{
  "game_number": 232,
  "words": [
    "BLOSSOM",
    "DEVELOP",
    "MATURE",
    "PROGRESS",
    "BILLBOARD",
    "MOJO",
    "PITCHFORK",
    "SPIN",
    "BOILERPLATE",
    "BUTTERCUP",
    "JACKKNIFE",
    "WITHERSPOON",
    "BAT",
    "PUMPKIN",
    "SPIDER",
    "WITCH"
  ],
  "adjacency_matrix": [
    [
      1.0,
      0.49038165807724,
      0.5320013165473938,
      0.3956049680709839,
      0.24923239648342133,
      0.22618518769741058,
      0.2778858542442322,
      0.3734495937824249,
      0.20685997605323792,
      0.4841321110725403,
      0.27022072672843933,
      0.41936159133911133,
      0.3623839020729065,
      0.4636151194572449,
      0.30604466795921326,
      0.33948075771331787
    ],
    [
      0.49038165807724,
      1.0,
      0.548586368560791,
      0.5131081342697144,
      0.18761874735355377,
      0.17088432610034943,
      0.20565128326416016,
      0.35543662309646606,
      0.228795126080513,
      0.16192546486854553,
      0.259411484003067,
      0.3859253525733948,
      0.2724582552909851,
      0.20468567311763763,
      0.21098756790161133,
      0.22675785422325134
    ],
    [
      0.5320013165473938,
      0.548586368560791,
      1.0,
      0.49096378684043884,
      0.19431822001934052,
      0.1681797355413437,
      0.3072267174720764,
      0.2871176600456238,
      0.2692917287349701,
      0.3077654242515564,
      0.26392441987991333,
      0.3998103737831116,
      0.27672716975212097,
      0.34704655408859253,
      0.2673813998699188,
      0.25790438055992126
    ],
    [
      0.3956049680709839,
      0.5131081342697144,
      0.49096378684043884,
      0.9999999403953552,
      0.2742478847503662,
      0.1878175139427185,
      0.27094554901123047,
      0.37384068965911865,
      0.2698400616645813,
      0.23808977007865906,
      0.2265123873949051,
      0.34532395005226135,
      0.2589489221572876,
      0.24931658804416656,
      0.2509945034980774,
      0.3146645426750183
    ],
    [
      0.24923239648342133,
      0.18761874735355377,
      0.19431822001934052,
      0.2742478847503662,
      1.0,
      0.16864879429340363,
      0.34259751439094543,
      0.3066920042037964,
      0.3378998041152954,
      0.23883962631225586,
      0.2225470244884491,
      0.31798866391181946,
      0.268996924161911,
      0.26225537061691284,
      0.3108561933040619,
      0.254265159368515
    ],
    [
      0.22618518769741058,
      0.17088432610034943,
      0.1681797355413437,
      0.1878175139427185,
      0.16864879429340363,
      1.0,
      0.2739766836166382,
      0.3530930280685425,
      0.21279767155647278,
      0.25092944502830505,
      0.2516668438911438,
      0.28372371196746826,
      0.26711419224739075,
      0.3275667130947113,
      0.27352017164230347,
      0.2696341276168823
    ],
    [
      0.2778858542442322,
      0.20565128326416016,
      0.3072267174720764,
      0.27094554901123047,
      0.34259751439094543,
      0.2739766836166382,
      0.9999999403953552,
      0.37614598870277405,
      0.36603063344955444,
      0.3787558078765869,
      0.44040247797966003,
      0.375766396522522,
      0.3894110321998596,
      0.39356905221939087,
      0.3125898838043213,
      0.4441591501235962
    ],
    [
      0.3734495937824249,
      0.35543662309646606,
      0.2871176600456238,
      0.37384068965911865,
      0.3066920042037964,
      0.3530930280685425,
      0.37614598870277405,
      0.9999999403953552,
      0.34898677468299866,
      0.2815226912498474,
      0.36714014410972595,
      0.42133381962776184,
      0.46001648902893066,
      0.3709997236728668,
      0.404506653547287,
      0.4078696668148041
    ],
    [
      0.20685997605323792,
      0.228795126080513,
      0.2692917287349701,
      0.2698400616645813,
      0.3378998041152954,
      0.21279767155647278,
      0.36603063344955444,
      0.34898677468299866,
      0.9999999403953552,
      0.29111501574516296,
      0.29431065917015076,
      0.3166438937187195,
      0.23827910423278809,
      0.32769837975502014,
      0.26826831698417664,
      0.2511710524559021
    ],
    [
      0.4841321110725403,
      0.16192546486854553,
      0.3077654242515564,
      0.23808977007865906,
      0.23883962631225586,
      0.25092944502830505,
      0.3787558078765869,
      0.2815226912498474,
      0.29111501574516296,
      1.0,
      0.3739372789859772,
      0.4932173490524292,
      0.35478994250297546,
      0.5422592759132385,
      0.4365558922290802,
      0.454007625579834
    ],
    [
      0.27022072672843933,
      0.259411484003067,
      0.26392441987991333,
      0.2265123873949051,
      0.2225470244884491,
      0.2516668438911438,
      0.44040247797966003,
      0.36714014410972595,
      0.29431065917015076,
      0.3739372789859772,
      0.9999999403953552,
      0.45654377341270447,
      0.3674449324607849,
      0.4020232856273651,
      0.35894933342933655,
      0.30363932251930237
    ],
    [
      0.41936159133911133,
      0.3859253525733948,
      0.3998103737831116,
      0.34532395005226135,
      0.31798866391181946,
      0.28372371196746826,
      0.375766396522522,
      0.42133381962776184,
      0.3166438937187195,
      0.4932173490524292,
      0.45654377341270447,
      1.0,
      0.3003135323524475,
      0.4451974928379059,
      0.3854144513607025,
      0.45730796456336975
    ],
    [
      0.3623839020729065,
      0.2724582552909851,
      0.27672716975212097,
      0.2589489221572876,
      0.268996924161911,
      0.26711419224739075,
      0.3894110321998596,
      0.46001648902893066,
      0.23827910423278809,
      0.35478994250297546,
      0.3674449324607849,
      0.3003135323524475,
      0.9999999403953552,
      0.36322155594825745,
      0.44492602348327637,
      0.41113948822021484
    ],
    [
      0.4636151194572449,
      0.20468567311763763,
      0.34704655408859253,
      0.24931658804416656,
      0.26225537061691284,
      0.3275667130947113,
      0.39356905221939087,
      0.3709997236728668,
      0.32769837975502014,
      0.5422592759132385,
      0.4020232856273651,
      0.4451974928379059,
      0.36322155594825745,
      1.0,
      0.4451237916946411,
      0.47509655356407166
    ],
    [
      0.30604466795921326,
      0.21098756790161133,
      0.2673813998699188,
      0.2509945034980774,
      0.3108561933040619,
      0.27352017164230347,
      0.3125898838043213,
      0.404506653547287,
      0.26826831698417664,
      0.4365558922290802,
      0.35894933342933655,
      0.3854144513607025,
      0.44492602348327637,
      0.4451237916946411,
      1.0,
      0.4797312319278717
    ],
    [
      0.33948075771331787,
      0.22675785422325134,
      0.25790438055992126,
      0.3146645426750183,
      0.254265159368515,
      0.2696341276168823,
      0.4441591501235962,
      0.4078696668148041,
      0.2511710524559021,
      0.454007625579834,
      0.30363932251930237,
      0.45730796456336975,
      0.41113948822021484,
      0.47509655356407166,
      0.4797312319278717,
      0.9999999403953552
    ]
  ]
}