{
  "game_number": 569,
  "words": [
    "BUZZ",
    "CLUCK",
    "MEOW",
    "OINK",
    "BARK",
    "BRANCH",
    "ROOT",
    "TRUNK",
    "DIRT",
    "DISH",
    "SCOOP",
    "SKINNY",
    "BAT",
    "COBWEB",
    "PUMPKIN",
    "TOMBSTONE"
  ],
  "adjacency_matrix": [
    [
      1.0,
      0.4881182909011841,
      0.31236398220062256,
      0.3025708496570587,
      0.3182902932167053,
      0.23963144421577454,
      0.3358227610588074,
      0.2644481062889099,
      0.3498447835445404,
      0.3245522379875183,
      0.43669843673706055,
      0.32477879524230957,
      0.2928959131240845,
      0.3728715479373932,
      0.3228371739387512,
      0.17809662222862244
    ],
    [
      0.4881182909011841,
      0.9999999403953552,
      0.36420583724975586,
      0.5105724930763245,
      0.347553014755249,
      0.2755320966243744,
      0.3731438219547272,
      0.2511073350906372,
      0.38238051533699036,
      0.4387018382549286,
      0.38355308771133423,
      0.3313602805137634,
      0.381426066160202,
      0.3814527690410614,
      0.3411809802055359,
      0.24787645041942596
    ],
    [
      0.31236398220062256,
      0.36420583724975586,
      1.0,
      0.4257030189037323,
      0.3740374445915222,
      0.006528083700686693,
      0.12924806773662567,
      0.11016649007797241,
      0.09436074644327164,
      0.13912394642829895,
      0.13410905003547668,
      0.17181389033794403,
      0.16337774693965912,
      0.12989963591098785,
      0.16738823056221008,
      -0.020352140069007874
    ],
    [
      0.3025708496570587,
      0.5105724930763245,
      0.4257030189037323,
      1.0000001192092896,
      0.2835092842578888,
      0.1135621890425682,
      0.17556078732013702,
      0.1327538639307022,
      0.30772772431373596,
      0.3124629259109497,
      0.2917245030403137,
      0.3486517369747162,
      0.3172444701194763,
      0.21983283758163452,
      0.32220977544784546,
      0.1602710783481598
    ],
    [
      0.3182902932167053,
      0.347553014755249,
      0.3740374445915222,
      0.2835092842578888,
      1.0,
      0.3858233690261841,
      0.4530602693557739,
      0.45873913168907166,
      0.3923174738883972,
      0.3063150942325592,
      0.28601571917533875,
      0.24675028026103973,
      0.28844699263572693,
      0.31289762258529663,
      0.3589712381362915,
      0.2526835799217224
    ],
    [
      0.23963144421577454,
      0.2755320966243744,
      0.006528083700686693,
      0.1135621890425682,
      0.3858233690261841,
      1.0,
      0.5212476849555969,
      0.5846676826477051,
      0.2383856475353241,
      0.29011163115501404,
      0.3166904151439667,
      0.26649466156959534,
      0.24542593955993652,
      0.31383997201919556,
      0.2887989282608032,
      0.3102087378501892
    ],
    [
      0.3358227610588074,
      0.3731438219547272,
      0.12924806773662567,
      0.17556078732013702,
      0.4530602693557739,
      0.5212476849555969,
      1.0,
      0.5275363922119141,
      0.4399309456348419,
      0.41941118240356445,
      0.36452987790107727,
      0.2546536326408386,
      0.3061833083629608,
      0.352570116519928,
      0.3877328634262085,
      0.29211705923080444
    ],
    [
      0.2644481062889099,
      0.2511073350906372,
      0.11016649007797241,
      0.1327538639307022,
      0.45873913168907166,
      0.5846676826477051,
      0.5275363922119141,
      1.0,
      0.3717859983444214,
      0.33841249346733093,
      0.3709431290626526,
      0.3814406991004944,
      0.30755314230918884,
      0.33595970273017883,
      0.41316890716552734,
      0.3420312702655792
    ],
    [
      0.3498447835445404,
      0.38238051533699036,
      0.09436074644327164,
      0.30772772431373596,
      0.3923174738883972,
      0.2383856475353241,
      0.4399309456348419,
      0.3717859983444214,
      0.9999999403953552,
      0.43627288937568665,
      0.4949578046798706,
      0.3785916566848755,
      0.3343753516674042,
      0.43442949652671814,
      0.3761720359325409,
      0.3775191605091095
    ],
    [
      0.3245522379875183,
      0.4387018382549286,
      0.13912394642829895,
      0.3124629259109497,
      0.3063150942325592,
      0.29011163115501404,
      0.41941118240356445,
      0.33841249346733093,
      0.43627288937568665,
      0.9999999403953552,
      0.5502248406410217,
      0.3205251693725586,
      0.3379744291305542,
      0.2880708575248718,
      0.45281654596328735,
      0.30381155014038086
    ],
    [
      0.43669843673706055,
      0.38355308771133423,
      0.13410905003547668,
      0.2917245030403137,
      0.28601571917533875,
      0.3166904151439667,
      0.36452987790107727,
      0.3709431290626526,
      0.4949578046798706,
      0.5502248406410217,
      1.0,
      0.3459688425064087,
      0.36271753907203674,
      0.2811315655708313,
      0.37696072459220886,
      0.27421072125434875
    ],
    [
      0.32477879524230957,
      0.3313602805137634,
      0.17181389033794403,
      0.3486517369747162,
      0.24675028026103973,
      0.26649466156959534,
      0.2546536326408386,
      0.3814406991004944,
      0.3785916566848755,
      0.3205251693725586,
      0.3459688425064087,
      1.0,
      0.2605763077735901,
      0.2639105021953583,
      0.3762809634208679,
      0.2983132302761078
    ],
    [
      0.2928959131240845,
      0.381426066160202,
      0.16337774693965912,
      0.3172444701194763,
      0.28844699263572693,
      0.24542593955993652,
      0.3061833083629608,
      0.30755314230918884,
      0.3343753516674042,
      0.3379744291305542,
      0.36271753907203674,
      0.2605763077735901,
      0.9999999403953552,
      0.29594436287879944,
      0.36322155594825745,
      0.25707125663757324
    ],
    [
      0.3728715479373932,
      0.3814527690410614,
      0.12989963591098785,
      0.21983283758163452,
      0.31289762258529663,
      0.31383997201919556,
      0.352570116519928,
      0.33595970273017883,
      0.43442949652671814,
      0.2880708575248718,
      0.2811315655708313,
      0.2639105021953583,
      0.29594436287879944,
      1.0,
      0.37908950448036194,
      0.34086844325065613
    ],
    [
      0.3228371739387512,
      0.3411809802055359,
      0.16738823056221008,
      0.32220977544784546,
      0.3589712381362915,
      0.2887989282608032,
      0.3877328634262085,
      0.41316890716552734,
      0.3761720359325409,
      0.45281654596328735,
      0.37696072459220886,
      0.3762809634208679,
      0.36322155594825745,
      0.37908950448036194,
      1.0,
      0.4107814431190491
    ],
    [
      0.17809662222862244,
      0.24787645041942596,
      -0.020352140069007874,
      0.1602710783481598,
      0.2526835799217224,
      0.3102087378501892,
      0.29211705923080444,
      0.3420312702655792,
      0.3775191605091095,
      0.30381155014038086,
      0.27421072125434875,
      0.2983132302761078,
      0.25707125663757324,
      0.34086844325065613,
      0.4107814431190491,
      1.0
    ]
  ]
}