{
  "game_number": 315,
  "words": [
    "FLY",
    "HOOK",
    "LINE",
    "SINKER",
    "CHAIR",
    "DRYER",
    "MIRROR",
    "SINK",
    "BOLT",
    "BUG",
    "ROD",
    "STRIKE",
    "AYE",
    "FOR",
    "PRO",
    "YEA"
  ],
  "adjacency_matrix": [
    [
      1.0,
      0.4075241982936859,
      0.37114202976226807,
      0.3107093572616577,
      0.2774786055088043,
      0.3027552664279938,
      0.34524449706077576,
      0.4348986744880676,
      0.4474829137325287,
      0.440415620803833,
      0.4038785994052887,
      0.5150591135025024,
      0.18261563777923584,
      0.3797653615474701,
      0.24811600148677826,
      0.20033320784568787
    ],
    [
      0.4075241982936859,
      1.0,
      0.5042273998260498,
      0.6585412621498108,
      0.37732067704200745,
      0.30315569043159485,
      0.3601592481136322,
      0.45626702904701233,
      0.45042848587036133,
      0.40867024660110474,
      0.446830153465271,
      0.3999723494052887,
      0.18575377762317657,
      0.3797622323036194,
      0.22948478162288666,
      0.20206394791603088
    ],
    [
      0.37114202976226807,
      0.5042273998260498,
      1.0,
      0.4482526183128357,
      0.3836253881454468,
      0.3369061052799225,
      0.4300190806388855,
      0.3972519040107727,
      0.38609078526496887,
      0.3604322373867035,
      0.41697943210601807,
      0.45614367723464966,
      0.1642804741859436,
      0.43967393040657043,
      0.2716861963272095,
      0.20613817870616913
    ],
    [
      0.3107093572616577,
      0.6585412621498108,
      0.4482526183128357,
      1.0,
      0.26823917031288147,
      0.2687963843345642,
      0.22042438387870789,
      0.5444604754447937,
      0.36796191334724426,
      0.3149135708808899,
      0.4041105806827545,
      0.3281923532485962,
      0.16269227862358093,
      0.2681487798690796,
      0.265325129032135,
      0.16084463894367218
    ],
    [
      0.2774786055088043,
      0.37732067704200745,
      0.3836253881454468,
      0.26823917031288147,
      1.0,
      0.34077051281929016,
      0.3957207500934601,
      0.37173667550086975,
      0.3148678243160248,
      0.18618962168693542,
      0.34635379910469055,
      0.2685633599758148,
      0.14094673097133636,
      0.3279865086078644,
      0.18802760541439056,
      0.11704558879137039
    ],
    [
      0.3027552664279938,
      0.30315569043159485,
      0.3369061052799225,
      0.2687963843345642,
      0.34077051281929016,
      1.0,
      0.29304394125938416,
      0.38300880789756775,
      0.42780953645706177,
      0.2662825584411621,
      0.33447349071502686,
      0.21934537589550018,
      0.15379397571086884,
      0.2292691022157669,
      0.21393916010856628,
      0.20555005967617035
    ],
    [
      0.34524449706077576,
      0.3601592481136322,
      0.4300190806388855,
      0.22042438387870789,
      0.3957207500934601,
      0.29304394125938416,
      1.0,
      0.41618797183036804,
      0.3870258629322052,
      0.32260462641716003,
      0.35335010290145874,
      0.32807034254074097,
      0.14497226476669312,
      0.3786429166793823,
      0.2851708233356476,
      0.15246085822582245
    ],
    [
      0.4348986744880676,
      0.45626702904701233,
      0.3972519040107727,
      0.5444604754447937,
      0.37173667550086975,
      0.38300880789756775,
      0.41618797183036804,
      1.0,
      0.33975619077682495,
      0.31443268060684204,
      0.2715882956981659,
      0.35772252082824707,
      0.16536574065685272,
      0.36441880464553833,
      0.20563185214996338,
      0.21464598178863525
    ],
    [
      0.4474829137325287,
      0.45042848587036133,
      0.38609078526496887,
      0.36796191334724426,
      0.3148678243160248,
      0.42780953645706177,
      0.3870258629322052,
      0.33975619077682495,
      1.0,
      0.3280053734779358,
      0.6298825740814209,
      0.49073705077171326,
      0.18407322466373444,
      0.323062002658844,
      0.2962568700313568,
      0.21505041420459747
    ],
    [
      0.440415620803833,
      0.40867024660110474,
      0.3604322373867035,
      0.3149135708808899,
      0.18618962168693542,
      0.2662825584411621,
      0.32260462641716003,
      0.31443268060684204,
      0.3280053734779358,
      0.9999999403953552,
      0.27584242820739746,
      0.33095476031303406,
      0.19764013588428497,
      0.28460243344306946,
      0.23654767870903015,
      0.16465745866298676
    ],
    [
      0.4038785994052887,
      0.446830153465271,
      0.41697943210601807,
      0.4041105806827545,
      0.34635379910469055,
      0.33447349071502686,
      0.35335010290145874,
      0.2715882956981659,
      0.6298825740814209,
      0.27584242820739746,
      1.0,
      0.39930301904678345,
      0.20029917359352112,
      0.25187814235687256,
      0.25330811738967896,
      0.2585393786430359
    ],
    [
      0.5150591135025024,
      0.3999723494052887,
      0.45614367723464966,
      0.3281923532485962,
      0.2685633599758148,
      0.21934537589550018,
      0.32807034254074097,
      0.35772252082824707,
      0.49073705077171326,
      0.33095476031303406,
      0.39930301904678345,
      1.0,
      0.2153317630290985,
      0.3887154757976532,
      0.26318788528442383,
      0.2129419893026352
    ],
    [
      0.18261563777923584,
      0.18575377762317657,
      0.1642804741859436,
      0.16269227862358093,
      0.14094673097133636,
      0.15379397571086884,
      0.14497226476669312,
      0.16536574065685272,
      0.18407322466373444,
      0.19764013588428497,
      0.20029917359352112,
      0.2153317630290985,
      1.0,
      0.15805590152740479,
      0.24722401797771454,
      0.6462723612785339
    ],
    [
      0.3797653615474701,
      0.3797622323036194,
      0.43967393040657043,
      0.2681487798690796,
      0.3279865086078644,
      0.2292691022157669,
      0.3786429166793823,
      0.36441880464553833,
      0.323062002658844,
      0.28460243344306946,
      0.25187814235687256,
      0.3887154757976532,
      0.15805590152740479,
      1.0,
      0.33298617601394653,
      0.20505556464195251
    ],
    [
      0.24811600148677826,
      0.22948478162288666,
      0.2716861963272095,
      0.265325129032135,
      0.18802760541439056,
      0.21393916010856628,
      0.2851708233356476,
      0.20563185214996338,
      0.2962568700313568,
      0.23654767870903015,
      0.25330811738967896,
      0.26318788528442383,
      0.24722401797771454,
      0.33298617601394653,
      1.0,
      0.20348724722862244
    ],
    [
      0.20033320784568787,
      0.20206394791603088,
      0.20613817870616913,
      0.16084463894367218,
      0.11704558879137039,
      0.20555005967617035,
      0.15246085822582245,
      0.21464598178863525,
      0.21505041420459747,
      0.16465745866298676,
      0.2585393786430359,
      0.2129419893026352,
      0.6462723612785339,
      0.20505556464195251,
      0.20348724722862244,
      1.0
    ]
  ]
}