{
  "game_number": 385,
  "words": [
    "BET",
    "CALL",
    "CHECK",
    "FOLD",
    "COMBINATION",
    "DRY",
    "NORMAL",
    "OILY",
    "KENT",
    "MARY",
    "MASS",
    "WASH",
    "JAB",
    "POKE",
    "PROD",
    "STICK"
  ],
  "adjacency_matrix": [
    [
      1.0,
      0.4595474600791931,
      0.46104761958122253,
      0.36161112785339355,
      0.38268551230430603,
      0.2836151421070099,
      0.2557891607284546,
      0.17261193692684174,
      0.2639053165912628,
      0.30333635210990906,
      0.22840717434883118,
      0.33039483428001404,
      0.24835023283958435,
      0.3456829786300659,
      0.2938840985298157,
      0.4814438819885254
    ],
    [
      0.4595474600791931,
      1.0,
      0.5541864633560181,
      0.36885714530944824,
      0.39550113677978516,
      0.2914075255393982,
      0.38305702805519104,
      0.19850273430347443,
      0.2781617045402527,
      0.40007710456848145,
      0.37394893169403076,
      0.368931382894516,
      0.25209882855415344,
      0.40136682987213135,
      0.3337358832359314,
      0.4819145202636719
    ],
    [
      0.46104761958122253,
      0.5541864633560181,
      1.0,
      0.3980851173400879,
      0.3604818284511566,
      0.3169380724430084,
      0.3772519528865814,
      0.1946014165878296,
      0.2655807137489319,
      0.30120721459388733,
      0.3076952397823334,
      0.4488784968852997,
      0.2599336802959442,
      0.4992823302745819,
      0.34282276034355164,
      0.4769608676433563
    ],
    [
      0.36161112785339355,
      0.36885714530944824,
      0.3980851173400879,
      1.0,
      0.40390992164611816,
      0.4298621118068695,
      0.4513557255268097,
      0.2523987889289856,
      0.2718726396560669,
      0.2406325340270996,
      0.3819662630558014,
      0.4655774235725403,
      0.23147998750209808,
      0.3304297924041748,
      0.3126150369644165,
      0.46903666853904724
    ],
    [
      0.38268551230430603,
      0.39550113677978516,
      0.3604818284511566,
      0.40390992164611816,
      1.0,
      0.3881229758262634,
      0.42521050572395325,
      0.3141777813434601,
      0.2148195058107376,
      0.266181081533432,
      0.4280500113964081,
      0.35833367705345154,
      0.3177829384803772,
      0.2556673288345337,
      0.2821640968322754,
      0.4168614149093628
    ],
    [
      0.2836151421070099,
      0.2914075255393982,
      0.3169380724430084,
      0.4298621118068695,
      0.3881229758262634,
      1.0,
      0.47690367698669434,
      0.5767261385917664,
      0.26943179965019226,
      0.33772167563438416,
      0.38118013739585876,
      0.6104646325111389,
      0.24428704380989075,
      0.3466339111328125,
      0.2478666603565216,
      0.4407278299331665
    ],
    [
      0.2557891607284546,
      0.38305702805519104,
      0.3772519528865814,
      0.4513557255268097,
      0.42521050572395325,
      0.47690367698669434,
      1.0,
      0.3673836290836334,
      0.2384057193994522,
      0.24428649246692657,
      0.4546022117137909,
      0.3513554036617279,
      0.18145613372325897,
      0.2740557789802551,
      0.24507607519626617,
      0.3575321137905121
    ],
    [
      0.17261193692684174,
      0.19850273430347443,
      0.1946014165878296,
      0.2523987889289856,
      0.3141777813434601,
      0.5767261385917664,
      0.3673836290836334,
      0.9999999403953552,
      0.19355008006095886,
      0.2783663272857666,
      0.3336527943611145,
      0.5171252489089966,
      0.229885071516037,
      0.2668682932853699,
      0.1798630803823471,
      0.3029831051826477
    ],
    [
      0.2639053165912628,
      0.2781617045402527,
      0.2655807137489319,
      0.2718726396560669,
      0.2148195058107376,
      0.26943179965019226,
      0.2384057193994522,
      0.19355008006095886,
      1.0,
      0.49745506048202515,
      0.16696521639823914,
      0.24393661320209503,
      0.1649930626153946,
      0.18930494785308838,
      0.21882042288780212,
      0.23683927953243256
    ],
    [
      0.30333635210990906,
      0.40007710456848145,
      0.30120721459388733,
      0.2406325340270996,
      0.266181081533432,
      0.33772167563438416,
      0.24428649246692657,
      0.2783663272857666,
      0.49745506048202515,
      0.9999999403953552,
      0.3046528100967407,
      0.34908318519592285,
      0.16711175441741943,
      0.2355567067861557,
      0.236480250954628,
      0.31616339087486267
    ],
    [
      0.22840717434883118,
      0.37394893169403076,
      0.3076952397823334,
      0.3819662630558014,
      0.4280500113964081,
      0.38118013739585876,
      0.4546022117137909,
      0.3336527943611145,
      0.16696521639823914,
      0.3046528100967407,
      1.0,
      0.3698602318763733,
      0.18053920567035675,
      0.23805396258831024,
      0.32014694809913635,
      0.40084511041641235
    ],
    [
      0.33039483428001404,
      0.368931382894516,
      0.4488784968852997,
      0.4655774235725403,
      0.35833367705345154,
      0.6104646325111389,
      0.3513554036617279,
      0.5171252489089966,
      0.24393661320209503,
      0.34908318519592285,
      0.3698602318763733,
      1.0000001192092896,
      0.24409213662147522,
      0.40229523181915283,
      0.2546241581439972,
      0.4654110372066498
    ],
    [
      0.24835023283958435,
      0.25209882855415344,
      0.2599336802959442,
      0.23147998750209808,
      0.3177829384803772,
      0.24428704380989075,
      0.18145613372325897,
      0.229885071516037,
      0.1649930626153946,
      0.16711175441741943,
      0.18053920567035675,
      0.24409213662147522,
      1.0,
      0.4803659915924072,
      0.32791000604629517,
      0.37273475527763367
    ],
    [
      0.3456829786300659,
      0.40136682987213135,
      0.4992823302745819,
      0.3304297924041748,
      0.2556673288345337,
      0.3466339111328125,
      0.2740557789802551,
      0.2668682932853699,
      0.18930494785308838,
      0.2355567067861557,
      0.23805396258831024,
      0.40229523181915283,
      0.4803659915924072,
      0.9999999403953552,
      0.514061689376831,
      0.5858728289604187
    ],
    [
      0.2938840985298157,
      0.3337358832359314,
      0.34282276034355164,
      0.3126150369644165,
      0.2821640968322754,
      0.2478666603565216,
      0.24507607519626617,
      0.1798630803823471,
      0.21882042288780212,
      0.236480250954628,
      0.32014694809913635,
      0.2546241581439972,
      0.32791000604629517,
      0.514061689376831,
      1.0,
      0.4043464660644531
    ],
    [
      0.4814438819885254,
      0.4819145202636719,
      0.4769608676433563,
      0.46903666853904724,
      0.4168614149093628,
      0.4407278299331665,
      0.3575321137905121,
      0.3029831051826477,
      0.23683927953243256,
      0.31616339087486267,
      0.40084511041641235,
      0.4654110372066498,
      0.37273475527763367,
      0.5858728289604187,
      0.4043464660644531,
      1.0
    ]
  ]
}