{
  "game_number": 261,
  "words": [
    "FIRE",
    "HEAT",
    "KICK",
    "SPICE",
    "BRUSH",
    "CAPE",
    "CLIPPERS",
    "GEL",
    "BASEBALL",
    "MAGIC",
    "SET",
    "TAROT",
    "APPROVAL",
    "BLESSING",
    "CONSENT",
    "SUPPORT"
  ],
  "adjacency_matrix": [
    [
      1.0,
      0.5953291654586792,
      0.4348161518573761,
      0.35745441913604736,
      0.513287365436554,
      0.3132159411907196,
      0.27752581238746643,
      0.2698669135570526,
      0.29070693254470825,
      0.4099511504173279,
      0.4959260821342468,
      0.19713565707206726,
      0.3275488615036011,
      0.3421741724014282,
      0.28948843479156494,
      0.4042423665523529
    ],
    [
      0.5953291654586792,
      1.0,
      0.4194239377975464,
      0.4555283188819885,
      0.43538975715637207,
      0.31362447142601013,
      0.2626706063747406,
      0.3695634603500366,
      0.30704617500305176,
      0.4334402084350586,
      0.37453651428222656,
      0.17737196385860443,
      0.3671249747276306,
      0.3479015827178955,
      0.3159564733505249,
      0.4107269048690796
    ],
    [
      0.4348161518573761,
      0.4194239377975464,
      1.0,
      0.4189503788948059,
      0.4306080639362335,
      0.3350992500782013,
      0.32826319336891174,
      0.28807294368743896,
      0.29572367668151855,
      0.3334386646747589,
      0.49043819308280945,
      0.1312759965658188,
      0.34372884035110474,
      0.3518805205821991,
      0.29644548892974854,
      0.43284547328948975
    ],
    [
      0.35745441913604736,
      0.4555283188819885,
      0.4189503788948059,
      1.0,
      0.3690505623817444,
      0.3733154237270355,
      0.407934308052063,
      0.3770636022090912,
      0.3003874719142914,
      0.4949260950088501,
      0.35099196434020996,
      0.3248271942138672,
      0.27915823459625244,
      0.3460055887699127,
      0.22575438022613525,
      0.33877435326576233
    ],
    [
      0.513287365436554,
      0.43538975715637207,
      0.4306080639362335,
      0.3690505623817444,
      0.9999999403953552,
      0.3794543743133545,
      0.4197765588760376,
      0.41889524459838867,
      0.28988149762153625,
      0.40184396505355835,
      0.45230892300605774,
      0.2701053023338318,
      0.32758215069770813,
      0.32880303263664246,
      0.23793968558311462,
      0.3637327551841736
    ],
    [
      0.3132159411907196,
      0.31362447142601013,
      0.3350992500782013,
      0.3733154237270355,
      0.3794543743133545,
      0.9999999403953552,
      0.3397293984889984,
      0.3625861406326294,
      0.3025490343570709,
      0.4157227575778961,
      0.40641042590141296,
      0.2773628532886505,
      0.27860480546951294,
      0.3601239025592804,
      0.22557657957077026,
      0.3659381568431854
    ],
    [
      0.27752581238746643,
      0.2626706063747406,
      0.32826319336891174,
      0.407934308052063,
      0.4197765588760376,
      0.3397293984889984,
      0.9999999403953552,
      0.3325712978839874,
      0.35266613960266113,
      0.32423821091651917,
      0.31273260712623596,
      0.24360068142414093,
      0.20479418337345123,
      0.18936383724212646,
      0.16401731967926025,
      0.25788557529449463
    ],
    [
      0.2698669135570526,
      0.3695634603500366,
      0.28807294368743896,
      0.3770636022090912,
      0.41889524459838867,
      0.3625861406326294,
      0.3325712978839874,
      0.9999999403953552,
      0.24668292701244354,
      0.34475642442703247,
      0.2995767891407013,
      0.2195287048816681,
      0.22558249533176422,
      0.2595484256744385,
      0.18870191276073456,
      0.2594842314720154
    ],
    [
      0.29070693254470825,
      0.30704617500305176,
      0.29572367668151855,
      0.3003874719142914,
      0.28988149762153625,
      0.3025490343570709,
      0.35266613960266113,
      0.24668292701244354,
      1.0000001192092896,
      0.38589632511138916,
      0.37181180715560913,
      0.297426700592041,
      0.2024078220129013,
      0.29278042912483215,
      0.22574160993099213,
      0.30783799290657043
    ],
    [
      0.4099511504173279,
      0.4334402084350586,
      0.3334386646747589,
      0.4949260950088501,
      0.40184396505355835,
      0.4157227575778961,
      0.32423821091651917,
      0.34475642442703247,
      0.38589632511138916,
      1.0,
      0.417431503534317,
      0.5122127532958984,
      0.32485178112983704,
      0.4913257360458374,
      0.266317754983902,
      0.36502620577812195
    ],
    [
      0.4959260821342468,
      0.37453651428222656,
      0.49043819308280945,
      0.35099196434020996,
      0.45230892300605774,
      0.40641042590141296,
      0.31273260712623596,
      0.2995767891407013,
      0.37181180715560913,
      0.417431503534317,
      1.0,
      0.2118876874446869,
      0.38037270307540894,
      0.35357388854026794,
      0.3608108460903168,
      0.47867804765701294
    ],
    [
      0.19713565707206726,
      0.17737196385860443,
      0.1312759965658188,
      0.3248271942138672,
      0.2701053023338318,
      0.2773628532886505,
      0.24360068142414093,
      0.2195287048816681,
      0.297426700592041,
      0.5122127532958984,
      0.2118876874446869,
      1.0,
      0.1764330118894577,
      0.301373690366745,
      0.17742174863815308,
      0.21491731703281403
    ],
    [
      0.3275488615036011,
      0.3671249747276306,
      0.34372884035110474,
      0.27915823459625244,
      0.32758215069770813,
      0.27860480546951294,
      0.20479418337345123,
      0.22558249533176422,
      0.2024078220129013,
      0.32485178112983704,
      0.38037270307540894,
      0.1764330118894577,
      1.0,
      0.5194089412689209,
      0.6522254943847656,
      0.5407014489173889
    ],
    [
      0.3421741724014282,
      0.3479015827178955,
      0.3518805205821991,
      0.3460055887699127,
      0.32880303263664246,
      0.3601239025592804,
      0.18936383724212646,
      0.2595484256744385,
      0.29278042912483215,
      0.4913257360458374,
      0.35357388854026794,
      0.301373690366745,
      0.5194089412689209,
      1.0,
      0.4838060736656189,
      0.4943445026874542
    ],
    [
      0.28948843479156494,
      0.3159564733505249,
      0.29644548892974854,
      0.22575438022613525,
      0.23793968558311462,
      0.22557657957077026,
      0.16401731967926025,
      0.18870191276073456,
      0.22574160993099213,
      0.266317754983902,
      0.3608108460903168,
      0.17742174863815308,
      0.6522254943847656,
      0.4838060736656189,
      1.0,
      0.5054582953453064
    ],
    [
      0.4042423665523529,
      0.4107269048690796,
      0.43284547328948975,
      0.33877435326576233,
      0.3637327551841736,
      0.3659381568431854,
      0.25788557529449463,
      0.2594842314720154,
      0.30783799290657043,
      0.36502620577812195,
      0.47867804765701294,
      0.21491731703281403,
      0.5407014489173889,
      0.4943445026874542,
      0.5054582953453064,
      1.0
    ]
  ]
}