{
  "game_number": 24,
  "words": [
    "BENT",
    "FACULTY",
    "FLAIR",
    "GIFT",
    "PLAYWRIGHT",
    "SWORD",
    "WRAP",
    "WREATH",
    "DEAN",
    "GABLE",
    "GARLAND",
    "TEMPLE",
    "HAY",
    "JACKPOT",
    "ROAD",
    "ROOF"
  ],
  "adjacency_matrix": [
    [
      0.9999999403953552,
      0.23829172551631927,
      0.40321484208106995,
      0.2488470822572708,
      0.2096789926290512,
      0.4228012263774872,
      0.3322063684463501,
      0.33334586024284363,
      0.22231069207191467,
      0.3472697138786316,
      0.3573685586452484,
      0.27457621693611145,
      0.21595725417137146,
      0.21042250096797943,
      0.39024046063423157,
      0.34389519691467285
    ],
    [
      0.23829172551631927,
      1.0,
      0.24095726013183594,
      0.3102133870124817,
      0.38168567419052124,
      0.1750229448080063,
      0.20183606445789337,
      0.14869633316993713,
      0.6013810634613037,
      0.09257350116968155,
      0.2133384793996811,
      0.3023638129234314,
      0.13407586514949799,
      0.09982964396476746,
      0.22594082355499268,
      0.1972125768661499
    ],
    [
      0.40321484208106995,
      0.24095726013183594,
      1.0,
      0.40275272727012634,
      0.32145628333091736,
      0.4009571075439453,
      0.2938078045845032,
      0.2211965024471283,
      0.25422319769859314,
      0.2703689932823181,
      0.2997029423713684,
      0.2551896572113037,
      0.18933871388435364,
      0.2885291576385498,
      0.2519010901451111,
      0.28198280930519104
    ],
    [
      0.2488470822572708,
      0.3102133870124817,
      0.40275272727012634,
      0.9999999403953552,
      0.25805172324180603,
      0.4272589683532715,
      0.41101300716400146,
      0.44805842638015747,
      0.3147842586040497,
      0.19119931757450104,
      0.46165767312049866,
      0.3405424654483795,
      0.21857181191444397,
      0.3448520004749298,
      0.289903461933136,
      0.2682400345802307
    ],
    [
      0.2096789926290512,
      0.38168567419052124,
      0.32145628333091736,
      0.25805172324180603,
      1.0,
      0.23388482630252838,
      0.13743342459201813,
      0.1787097156047821,
      0.37478354573249817,
      0.13913050293922424,
      0.2711816132068634,
      0.21053196489810944,
      0.09589915722608566,
      0.19664445519447327,
      0.24968461692333221,
      0.14444856345653534
    ],
    [
      0.4228012263774872,
      0.1750229448080063,
      0.4009571075439453,
      0.4272589683532715,
      0.23388482630252838,
      1.0000001192092896,
      0.3544028401374817,
      0.4278992712497711,
      0.2227335423231125,
      0.32214435935020447,
      0.4803212583065033,
      0.3881906270980835,
      0.2366083860397339,
      0.24399876594543457,
      0.3152565658092499,
      0.3147839605808258
    ],
    [
      0.3322063684463501,
      0.20183606445789337,
      0.2938078045845032,
      0.41101300716400146,
      0.13743342459201813,
      0.3544028401374817,
      1.0,
      0.4017321765422821,
      0.22721485793590546,
      0.2918272018432617,
      0.4753073751926422,
      0.30847787857055664,
      0.27651354670524597,
      0.2103651612997055,
      0.27228206396102905,
      0.3572818636894226
    ],
    [
      0.33334586024284363,
      0.14869633316993713,
      0.2211965024471283,
      0.44805842638015747,
      0.1787097156047821,
      0.4278992712497711,
      0.4017321765422821,
      1.0,
      0.17446139454841614,
      0.3218857944011688,
      0.67667555809021,
      0.31386908888816833,
      0.20210310816764832,
      0.20174023509025574,
      0.31436994671821594,
      0.283443421125412
    ],
    [
      0.22231069207191467,
      0.6013810634613037,
      0.25422319769859314,
      0.3147842586040497,
      0.37478354573249817,
      0.2227335423231125,
      0.22721485793590546,
      0.17446139454841614,
      1.0,
      0.2326066792011261,
      0.2178153097629547,
      0.27184873819351196,
      0.1620856523513794,
      0.07799359411001205,
      0.20256540179252625,
      0.2726556658744812
    ],
    [
      0.3472697138786316,
      0.09257350116968155,
      0.2703689932823181,
      0.19119931757450104,
      0.13913050293922424,
      0.32214435935020447,
      0.2918272018432617,
      0.3218857944011688,
      0.2326066792011261,
      1.0,
      0.39824074506759644,
      0.336566686630249,
      0.3234575390815735,
      0.22800415754318237,
      0.3142623007297516,
      0.5719096064567566
    ],
    [
      0.3573685586452484,
      0.2133384793996811,
      0.2997029423713684,
      0.46165767312049866,
      0.2711816132068634,
      0.4803212583065033,
      0.4753073751926422,
      0.67667555809021,
      0.2178153097629547,
      0.39824074506759644,
      0.9999999403953552,
      0.4351831078529358,
      0.32451483607292175,
      0.29559844732284546,
      0.36313003301620483,
      0.3749285042285919
    ],
    [
      0.27457621693611145,
      0.3023638129234314,
      0.2551896572113037,
      0.3405424654483795,
      0.21053196489810944,
      0.3881906270980835,
      0.30847787857055664,
      0.31386908888816833,
      0.27184873819351196,
      0.336566686630249,
      0.4351831078529358,
      1.0,
      0.17957493662834167,
      0.2299284189939499,
      0.4540241062641144,
      0.45973411202430725
    ],
    [
      0.21595725417137146,
      0.13407586514949799,
      0.18933871388435364,
      0.21857181191444397,
      0.09589915722608566,
      0.2366083860397339,
      0.27651354670524597,
      0.20210310816764832,
      0.1620856523513794,
      0.3234575390815735,
      0.32451483607292175,
      0.17957493662834167,
      1.0000001192092896,
      0.20353445410728455,
      0.24258503317832947,
      0.33000868558883667
    ],
    [
      0.21042250096797943,
      0.09982964396476746,
      0.2885291576385498,
      0.3448520004749298,
      0.19664445519447327,
      0.24399876594543457,
      0.2103651612997055,
      0.20174023509025574,
      0.07799359411001205,
      0.22800415754318237,
      0.29559844732284546,
      0.2299284189939499,
      0.20353445410728455,
      1.0,
      0.25768303871154785,
      0.20291422307491302
    ],
    [
      0.39024046063423157,
      0.22594082355499268,
      0.2519010901451111,
      0.289903461933136,
      0.24968461692333221,
      0.3152565658092499,
      0.27228206396102905,
      0.31436994671821594,
      0.20256540179252625,
      0.3142623007297516,
      0.36313003301620483,
      0.4540241062641144,
      0.24258503317832947,
      0.25768303871154785,
      0.9999999403953552,
      0.442510187625885
    ],
    [
      0.34389519691467285,
      0.1972125768661499,
      0.28198280930519104,
      0.2682400345802307,
      0.14444856345653534,
      0.3147839605808258,
      0.3572818636894226,
      0.283443421125412,
      0.2726556658744812,
      0.5719096064567566,
      0.3749285042285919,
      0.45973411202430725,
      0.33000868558883667,
      0.20291422307491302,
      0.442510187625885,
      1.0
    ]
  ]
}