{
  "game_number": 370,
  "words": [
    "CAR",
    "CONDUCTOR",
    "STATION",
    "TRACK",
    "CYMBAL",
    "SCIMITAR",
    "SIMMER",
    "SYMPHONY",
    "DRUM",
    "MARK",
    "WAX",
    "WIG",
    "BUNK",
    "CROCK",
    "HOGWASH",
    "HORSEFEATHERS"
  ],
  "adjacency_matrix": [
    [
      1.0,
      0.3856509029865265,
      0.4564605951309204,
      0.5107946991920471,
      0.3046388030052185,
      0.2713164985179901,
      0.19124191999435425,
      0.3828519582748413,
      0.36997219920158386,
      0.35342884063720703,
      0.27689895033836365,
      0.27712735533714294,
      0.3875581622123718,
      0.3501913845539093,
      0.20109008252620697,
      0.304931640625
    ],
    [
      0.3856509029865265,
      1.0,
      0.40753400325775146,
      0.3176461160182953,
      0.24150793254375458,
      0.19780977070331573,
      0.20963838696479797,
      0.5444835424423218,
      0.32869791984558105,
      0.2661392390727997,
      0.18916097283363342,
      0.22686167061328888,
      0.13993513584136963,
      0.23775431513786316,
      0.10954272001981735,
      0.25857239961624146
    ],
    [
      0.4564605951309204,
      0.40753400325775146,
      1.0,
      0.47521746158599854,
      0.1320941150188446,
      0.220656618475914,
      0.17827056348323822,
      0.30904537439346313,
      0.3158731460571289,
      0.3677496910095215,
      0.08681465685367584,
      0.12611772119998932,
      0.36059173941612244,
      0.27209189534187317,
      0.1660044640302658,
      0.2501991093158722
    ],
    [
      0.5107946991920471,
      0.3176461160182953,
      0.47521746158599854,
      1.0,
      0.2413852959871292,
      0.2184821516275406,
      0.31465232372283936,
      0.30281609296798706,
      0.4327322840690613,
      0.505840539932251,
      0.23163831233978271,
      0.16361117362976074,
      0.3099551200866699,
      0.295964777469635,
      0.18957579135894775,
      0.28340715169906616
    ],
    [
      0.3046388030052185,
      0.24150793254375458,
      0.1320941150188446,
      0.2413852959871292,
      1.0,
      0.37067660689353943,
      0.2542495131492615,
      0.35180753469467163,
      0.6143769025802612,
      0.23159204423427582,
      0.33227649331092834,
      0.22911936044692993,
      0.14925090968608856,
      0.2615751326084137,
      0.176513671875,
      0.11866238713264465
    ],
    [
      0.2713164985179901,
      0.19780977070331573,
      0.220656618475914,
      0.2184821516275406,
      0.37067660689353943,
      1.0,
      0.22426828742027283,
      0.26373517513275146,
      0.3814551532268524,
      0.2658159136772156,
      0.3170734941959381,
      0.31257274746894836,
      0.29372498393058777,
      0.3804458677768707,
      0.26795366406440735,
      0.3202665448188782
    ],
    [
      0.19124191999435425,
      0.20963838696479797,
      0.17827056348323822,
      0.31465232372283936,
      0.2542495131492615,
      0.22426828742027283,
      1.0,
      0.2179369479417801,
      0.25383612513542175,
      0.25222569704055786,
      0.23014624416828156,
      0.10032280534505844,
      0.21403148770332336,
      0.3048592209815979,
      0.26445671916007996,
      0.1892877221107483
    ],
    [
      0.3828519582748413,
      0.5444835424423218,
      0.30904537439346313,
      0.30281609296798706,
      0.35180753469467163,
      0.26373517513275146,
      0.2179369479417801,
      1.0,
      0.3429127037525177,
      0.26650792360305786,
      0.24068152904510498,
      0.22576522827148438,
      0.2095203399658203,
      0.3008820414543152,
      0.24633894860744476,
      0.2786477506160736
    ],
    [
      0.36997219920158386,
      0.32869791984558105,
      0.3158731460571289,
      0.4327322840690613,
      0.6143769025802612,
      0.3814551532268524,
      0.25383612513542175,
      0.3429127037525177,
      1.0,
      0.29833969473838806,
      0.3472418487071991,
      0.27511051297187805,
      0.32127758860588074,
      0.38778695464134216,
      0.23755484819412231,
      0.23654723167419434
    ],
    [
      0.35342884063720703,
      0.2661392390727997,
      0.3677496910095215,
      0.505840539932251,
      0.23159204423427582,
      0.2658159136772156,
      0.25222569704055786,
      0.26650792360305786,
      0.29833969473838806,
      1.0,
      0.27130982279777527,
      0.20487292110919952,
      0.22972649335861206,
      0.2577197253704071,
      0.16278021037578583,
      0.21599453687667847
    ],
    [
      0.27689895033836365,
      0.18916097283363342,
      0.08681465685367584,
      0.23163831233978271,
      0.33227649331092834,
      0.3170734941959381,
      0.23014624416828156,
      0.24068152904510498,
      0.3472418487071991,
      0.27130982279777527,
      1.0,
      0.42832261323928833,
      0.18775133788585663,
      0.3638240694999695,
      0.28463396430015564,
      0.20847514271736145
    ],
    [
      0.27712735533714294,
      0.22686167061328888,
      0.12611772119998932,
      0.16361117362976074,
      0.22911936044692993,
      0.31257274746894836,
      0.10032280534505844,
      0.22576522827148438,
      0.27511051297187805,
      0.20487292110919952,
      0.42832261323928833,
      0.9999999403953552,
      0.1786719560623169,
      0.3279407322406769,
      0.17147113382816315,
      0.24782146513462067
    ],
    [
      0.3875581622123718,
      0.13993513584136963,
      0.36059173941612244,
      0.3099551200866699,
      0.14925090968608856,
      0.29372498393058777,
      0.21403148770332336,
      0.2095203399658203,
      0.32127758860588074,
      0.22972649335861206,
      0.18775133788585663,
      0.1786719560623169,
      1.0,
      0.514672577381134,
      0.5874515175819397,
      0.29268088936805725
    ],
    [
      0.3501913845539093,
      0.23775431513786316,
      0.27209189534187317,
      0.295964777469635,
      0.2615751326084137,
      0.3804458677768707,
      0.3048592209815979,
      0.3008820414543152,
      0.38778695464134216,
      0.2577197253704071,
      0.3638240694999695,
      0.3279407322406769,
      0.514672577381134,
      1.0,
      0.6560729742050171,
      0.3686208426952362
    ],
    [
      0.20109008252620697,
      0.10954272001981735,
      0.1660044640302658,
      0.18957579135894775,
      0.176513671875,
      0.26795366406440735,
      0.26445671916007996,
      0.24633894860744476,
      0.23755484819412231,
      0.16278021037578583,
      0.28463396430015564,
      0.17147113382816315,
      0.5874515175819397,
      0.6560729742050171,
      1.0,
      0.33109185099601746
    ],
    [
      0.304931640625,
      0.25857239961624146,
      0.2501991093158722,
      0.28340715169906616,
      0.11866238713264465,
      0.3202665448188782,
      0.1892877221107483,
      0.2786477506160736,
      0.23654723167419434,
      0.21599453687667847,
      0.20847514271736145,
      0.24782146513462067,
      0.29268088936805725,
      0.3686208426952362,
      0.33109185099601746,
      1.0
    ]
  ]
}