{
  "game_number": 608,
  "words": [
    "COPY",
    "CUT",
    "PASTE",
    "UNDO",
    "CRUSH",
    "ROUT",
    "SHELLAC",
    "TRASH",
    "LEAST",
    "SLATE",
    "STALE",
    "TESLA",
    "FURIOUS",
    "INCENSED",
    "IRATE",
    "LIVID"
  ],
  "adjacency_matrix": [
    [
      1.0,
      0.5063238739967346,
      0.6216813921928406,
      0.40914154052734375,
      0.3331379294395447,
      0.23528774082660675,
      0.3610285520553589,
      0.4095069468021393,
      0.30565083026885986,
      0.4185539186000824,
      0.37197405099868774,
      0.20078866183757782,
      0.24801109731197357,
      0.26195287704467773,
      0.17695704102516174,
      0.24272404611110687
    ],
    [
      0.5063238739967346,
      1.0,
      0.5462803840637207,
      0.457590788602829,
      0.4890224039554596,
      0.37384918332099915,
      0.30045026540756226,
      0.44607922434806824,
      0.3840957283973694,
      0.46777111291885376,
      0.3082374632358551,
      0.13377949595451355,
      0.357524573802948,
      0.42000940442085266,
      0.23394747078418732,
      0.36696964502334595
    ],
    [
      0.6216813921928406,
      0.5462803840637207,
      1.0,
      0.3966710865497589,
      0.38225215673446655,
      0.2109561264514923,
      0.44531431794166565,
      0.3633009195327759,
      0.1684771627187729,
      0.3869432806968689,
      0.3579152524471283,
      0.06502845883369446,
      0.18079236149787903,
      0.2180740237236023,
      0.15268340706825256,
      0.2166590839624405
    ],
    [
      0.40914154052734375,
      0.457590788602829,
      0.3966710865497589,
      0.9999999403953552,
      0.43866726756095886,
      0.33486446738243103,
      0.14547531306743622,
      0.36268728971481323,
      0.28956958651542664,
      0.2458989918231964,
      0.2164781540632248,
      0.11885546147823334,
      0.3189716637134552,
      0.2888224124908447,
      0.20271597802639008,
      0.22187508642673492
    ],
    [
      0.3331379294395447,
      0.4890224039554596,
      0.38225215673446655,
      0.43866726756095886,
      1.0,
      0.48051345348358154,
      0.30458179116249084,
      0.4683302342891693,
      0.33501988649368286,
      0.3734147250652313,
      0.28149065375328064,
      0.18529725074768066,
      0.3887976408004761,
      0.3266085386276245,
      0.3108466863632202,
      0.30935874581336975
    ],
    [
      0.23528774082660675,
      0.37384918332099915,
      0.2109561264514923,
      0.33486446738243103,
      0.48051345348358154,
      0.9999999403953552,
      0.1592310667037964,
      0.2878785729408264,
      0.3161848783493042,
      0.34029847383499146,
      0.2242715060710907,
      0.0897856205701828,
      0.4020223319530487,
      0.3227691650390625,
      0.2671557664871216,
      0.29411187767982483
    ],
    [
      0.3610285520553589,
      0.30045026540756226,
      0.44531431794166565,
      0.14547531306743622,
      0.30458179116249084,
      0.1592310667037964,
      1.0,
      0.25303202867507935,
      0.15854193270206451,
      0.2740497291088104,
      0.35813742876052856,
      0.19938285648822784,
      0.17724280059337616,
      0.13958533108234406,
      0.10513176023960114,
      0.2071773260831833
    ],
    [
      0.4095069468021393,
      0.44607922434806824,
      0.3633009195327759,
      0.36268728971481323,
      0.4683302342891693,
      0.2878785729408264,
      0.25303202867507935,
      1.0,
      0.30596616864204407,
      0.3955095708370209,
      0.4333232045173645,
      0.21287426352500916,
      0.3261083960533142,
      0.29998552799224854,
      0.29987573623657227,
      0.3053927421569824
    ],
    [
      0.30565083026885986,
      0.3840957283973694,
      0.1684771627187729,
      0.28956958651542664,
      0.33501988649368286,
      0.3161848783493042,
      0.15854193270206451,
      0.30596616864204407,
      1.0,
      0.27474433183670044,
      0.2568608224391937,
      0.15150336921215057,
      0.3408391773700714,
      0.3587729334831238,
      0.23178863525390625,
      0.311493843793869
    ],
    [
      0.4185539186000824,
      0.46777111291885376,
      0.3869432806968689,
      0.2458989918231964,
      0.3734147250652313,
      0.34029847383499146,
      0.2740497291088104,
      0.3955095708370209,
      0.27474433183670044,
      1.0,
      0.35633233189582825,
      0.11796215921640396,
      0.23163843154907227,
      0.21774525940418243,
      0.14594796299934387,
      0.28691568970680237
    ],
    [
      0.37197405099868774,
      0.3082374632358551,
      0.3579152524471283,
      0.2164781540632248,
      0.28149065375328064,
      0.2242715060710907,
      0.35813742876052856,
      0.4333232045173645,
      0.2568608224391937,
      0.35633233189582825,
      0.9999999403953552,
      0.0524955578148365,
      0.2897220849990845,
      0.23853807151317596,
      0.2830342650413513,
      0.3203872740268707
    ],
    [
      0.20078866183757782,
      0.13377949595451355,
      0.06502845883369446,
      0.11885546147823334,
      0.18529725074768066,
      0.0897856205701828,
      0.19938285648822784,
      0.21287426352500916,
      0.15150336921215057,
      0.11796215921640396,
      0.0524955578148365,
      1.0,
      0.10807690769433975,
      0.05602669343352318,
      0.05441184714436531,
      0.09874184429645538
    ],
    [
      0.24801109731197357,
      0.357524573802948,
      0.18079236149787903,
      0.3189716637134552,
      0.3887976408004761,
      0.4020223319530487,
      0.17724280059337616,
      0.3261083960533142,
      0.3408391773700714,
      0.23163843154907227,
      0.2897220849990845,
      0.10807690769433975,
      1.0,
      0.6653805375099182,
      0.6230319142341614,
      0.6291046142578125
    ],
    [
      0.26195287704467773,
      0.42000940442085266,
      0.2180740237236023,
      0.2888224124908447,
      0.3266085386276245,
      0.3227691650390625,
      0.13958533108234406,
      0.29998552799224854,
      0.3587729334831238,
      0.21774525940418243,
      0.23853807151317596,
      0.05602669343352318,
      0.6653805375099182,
      0.9999999403953552,
      0.6881303787231445,
      0.6502519249916077
    ],
    [
      0.17695704102516174,
      0.23394747078418732,
      0.15268340706825256,
      0.20271597802639008,
      0.3108466863632202,
      0.2671557664871216,
      0.10513176023960114,
      0.29987573623657227,
      0.23178863525390625,
      0.14594796299934387,
      0.2830342650413513,
      0.05441184714436531,
      0.6230319142341614,
      0.6881303787231445,
      1.0,
      0.5404639840126038
    ],
    [
      0.24272404611110687,
      0.36696964502334595,
      0.2166590839624405,
      0.22187508642673492,
      0.30935874581336975,
      0.29411187767982483,
      0.2071773260831833,
      0.3053927421569824,
      0.311493843793869,
      0.28691568970680237,
      0.3203872740268707,
      0.09874184429645538,
      0.6291046142578125,
      0.6502519249916077,
      0.5404639840126038,
      1.0
    ]
  ]
}