{
  "game_number": 72,
  "words": [
    "ACE",
    "JACK",
    "KING",
    "QUEEN",
    "CLONE",
    "DOUBLE",
    "RINGER",
    "TWIN",
    "CONCH",
    "HELIX",
    "LOBE",
    "ROOK",
    "CHAIN",
    "ELECTRONIC",
    "JUNK",
    "SNAIL"
  ],
  "adjacency_matrix": [
    [
      1.0,
      0.4758179485797882,
      0.4050115644931793,
      0.41097915172576904,
      0.31948453187942505,
      0.4143207371234894,
      0.33810800313949585,
      0.3786768615245819,
      0.2759653329849243,
      0.28104957938194275,
      0.2469402253627777,
      0.31942033767700195,
      0.2479219287633896,
      0.3118075728416443,
      0.2511521875858307,
      0.2673259973526001
    ],
    [
      0.4758179485797882,
      1.0,
      0.423104852437973,
      0.42205116152763367,
      0.359478235244751,
      0.43894460797309875,
      0.5035871863365173,
      0.3338375687599182,
      0.45026060938835144,
      0.33928802609443665,
      0.33065178990364075,
      0.3781290650367737,
      0.38724610209465027,
      0.3202115297317505,
      0.3494308292865753,
      0.357490599155426
    ],
    [
      0.4050115644931793,
      0.423104852437973,
      1.0,
      0.7704246044158936,
      0.34019196033477783,
      0.32031920552253723,
      0.33473965525627136,
      0.3602646291255951,
      0.36150139570236206,
      0.1909608542919159,
      0.20715439319610596,
      0.46359869837760925,
      0.36860957741737366,
      0.25448742508888245,
      0.30922946333885193,
      0.2892599105834961
    ],
    [
      0.41097915172576904,
      0.42205116152763367,
      0.7704246044158936,
      1.0,
      0.37990522384643555,
      0.34929126501083374,
      0.3448702096939087,
      0.38415974378585815,
      0.36483892798423767,
      0.248417466878891,
      0.21591144800186157,
      0.49000510573387146,
      0.3259378969669342,
      0.27425435185432434,
      0.30449196696281433,
      0.34731706976890564
    ],
    [
      0.31948453187942505,
      0.359478235244751,
      0.34019196033477783,
      0.37990522384643555,
      0.9999999403953552,
      0.3795245587825775,
      0.3426995277404785,
      0.46302032470703125,
      0.2892796993255615,
      0.26527687907218933,
      0.19712412357330322,
      0.22461147606372833,
      0.25940486788749695,
      0.31427502632141113,
      0.35949259996414185,
      0.33485400676727295
    ],
    [
      0.4143207371234894,
      0.43894460797309875,
      0.32031920552253723,
      0.34929126501083374,
      0.3795245587825775,
      0.9999999403953552,
      0.3911297023296356,
      0.5566274523735046,
      0.3011680841445923,
      0.49321433901786804,
      0.25849834084510803,
      0.3456880748271942,
      0.38529500365257263,
      0.4421705901622772,
      0.3377952575683594,
      0.2876158356666565
    ],
    [
      0.33810800313949585,
      0.5035871863365173,
      0.33473965525627136,
      0.3448702096939087,
      0.3426995277404785,
      0.3911297023296356,
      0.9999999403953552,
      0.3839852511882782,
      0.3153001666069031,
      0.332134872674942,
      0.2659445106983185,
      0.22064831852912903,
      0.40903493762016296,
      0.3728129267692566,
      0.35493743419647217,
      0.35738417506217957
    ],
    [
      0.3786768615245819,
      0.3338375687599182,
      0.3602646291255951,
      0.38415974378585815,
      0.46302032470703125,
      0.5566274523735046,
      0.3839852511882782,
      0.9999999403953552,
      0.262430340051651,
      0.3550468385219574,
      0.37154021859169006,
      0.22272515296936035,
      0.360878050327301,
      0.4006900489330292,
      0.32423073053359985,
      0.2912684381008148
    ],
    [
      0.2759653329849243,
      0.45026060938835144,
      0.36150139570236206,
      0.36483892798423767,
      0.2892796993255615,
      0.3011680841445923,
      0.3153001666069031,
      0.262430340051651,
      1.0,
      0.3055744767189026,
      0.31357261538505554,
      0.31103551387786865,
      0.33862727880477905,
      0.2535458505153656,
      0.2771311104297638,
      0.4877762794494629
    ],
    [
      0.28104957938194275,
      0.33928802609443665,
      0.1909608542919159,
      0.248417466878891,
      0.26527687907218933,
      0.49321433901786804,
      0.332134872674942,
      0.3550468385219574,
      0.3055744767189026,
      1.0,
      0.3695072829723358,
      0.23737113177776337,
      0.43097561597824097,
      0.2621341049671173,
      0.20645669102668762,
      0.345525860786438
    ],
    [
      0.2469402253627777,
      0.33065178990364075,
      0.20715439319610596,
      0.21591144800186157,
      0.19712412357330322,
      0.25849834084510803,
      0.2659445106983185,
      0.37154021859169006,
      0.31357261538505554,
      0.3695072829723358,
      1.0,
      0.21091656386852264,
      0.3733908236026764,
      0.2229674905538559,
      0.1836978793144226,
      0.3047328293323517
    ],
    [
      0.31942033767700195,
      0.3781290650367737,
      0.46359869837760925,
      0.49000510573387146,
      0.22461147606372833,
      0.3456880748271942,
      0.22064831852912903,
      0.22272515296936035,
      0.31103551387786865,
      0.23737113177776337,
      0.21091656386852264,
      1.0,
      0.24293404817581177,
      0.2269512265920639,
      0.24114535748958588,
      0.29728230834007263
    ],
    [
      0.2479219287633896,
      0.38724610209465027,
      0.36860957741737366,
      0.3259378969669342,
      0.25940486788749695,
      0.38529500365257263,
      0.40903493762016296,
      0.360878050327301,
      0.33862727880477905,
      0.43097561597824097,
      0.3733908236026764,
      0.24293404817581177,
      1.0,
      0.4151286482810974,
      0.3829137086868286,
      0.33480560779571533
    ],
    [
      0.3118075728416443,
      0.3202115297317505,
      0.25448742508888245,
      0.27425435185432434,
      0.31427502632141113,
      0.4421705901622772,
      0.3728129267692566,
      0.4006900489330292,
      0.2535458505153656,
      0.2621341049671173,
      0.2229674905538559,
      0.2269512265920639,
      0.4151286482810974,
      1.0,
      0.4346717298030853,
      0.3581790328025818
    ],
    [
      0.2511521875858307,
      0.3494308292865753,
      0.30922946333885193,
      0.30449196696281433,
      0.35949259996414185,
      0.3377952575683594,
      0.35493743419647217,
      0.32423073053359985,
      0.2771311104297638,
      0.20645669102668762,
      0.1836978793144226,
      0.24114535748958588,
      0.3829137086868286,
      0.4346717298030853,
      1.0,
      0.3284951448440552
    ],
    [
      0.2673259973526001,
      0.357490599155426,
      0.2892599105834961,
      0.34731706976890564,
      0.33485400676727295,
      0.2876158356666565,
      0.35738417506217957,
      0.2912684381008148,
      0.4877762794494629,
      0.345525860786438,
      0.3047328293323517,
      0.29728230834007263,
      0.33480560779571533,
      0.3581790328025818,
      0.3284951448440552,
      1.0
    ]
  ]
}