{
  "game_number": 111,
  "words": [
    "AIRPLANE",
    "FAIRY",
    "FLY",
    "HOSPITAL",
    "POCKET",
    "SMART",
    "STOP",
    "WRIST",
    "BACK",
    "BLACK",
    "BUTTONS",
    "MACK",
    "TAMBOURINE",
    "THEREMIN",
    "TIMPANI",
    "TROMBONE"
  ],
  "adjacency_matrix": [
    [
      1.0,
      0.3249833285808563,
      0.6046401262283325,
      0.3900928497314453,
      0.3255278766155243,
      0.26881980895996094,
      0.29364222288131714,
      0.2543128728866577,
      0.3614199757575989,
      0.32701945304870605,
      0.2909291684627533,
      0.37950947880744934,
      0.3160179853439331,
      0.24476951360702515,
      0.2637881934642792,
      0.292944997549057
    ],
    [
      0.3249833285808563,
      1.0,
      0.36716428399086,
      0.29489660263061523,
      0.33677995204925537,
      0.4186219274997711,
      0.30983826518058777,
      0.21192164719104767,
      0.3552412986755371,
      0.4330708086490631,
      0.26628896594047546,
      0.3818744122982025,
      0.3959096074104309,
      0.24492864310741425,
      0.29199159145355225,
      0.313070684671402
    ],
    [
      0.6046401262283325,
      0.36716428399086,
      1.0,
      0.3161541521549225,
      0.3394170105457306,
      0.3336333632469177,
      0.4225350320339203,
      0.2771778702735901,
      0.48993051052093506,
      0.3966931998729706,
      0.2875804901123047,
      0.435761034488678,
      0.2823692262172699,
      0.22310355305671692,
      0.23546209931373596,
      0.2625587582588196
    ],
    [
      0.3900928497314453,
      0.29489660263061523,
      0.3161541521549225,
      0.9999999403953552,
      0.3813399076461792,
      0.2649368345737457,
      0.3330860137939453,
      0.31912678480148315,
      0.46001410484313965,
      0.29278722405433655,
      0.15732090175151825,
      0.305210143327713,
      0.23274216055870056,
      0.15160493552684784,
      0.2350771725177765,
      0.2717619240283966
    ],
    [
      0.3255278766155243,
      0.33677995204925537,
      0.3394170105457306,
      0.3813399076461792,
      1.0,
      0.3895248472690582,
      0.31214311718940735,
      0.4614689350128174,
      0.47970789670944214,
      0.3952403962612152,
      0.3629179000854492,
      0.4181225895881653,
      0.28979605436325073,
      0.15318560600280762,
      0.2421615868806839,
      0.3374580442905426
    ],
    [
      0.26881980895996094,
      0.4186219274997711,
      0.3336333632469177,
      0.2649368345737457,
      0.3895248472690582,
      1.0,
      0.39961594343185425,
      0.3041576147079468,
      0.35134267807006836,
      0.45156630873680115,
      0.3157567083835602,
      0.4693925678730011,
      0.2622525095939636,
      0.19568288326263428,
      0.24503867328166962,
      0.25520044565200806
    ],
    [
      0.29364222288131714,
      0.30983826518058777,
      0.4225350320339203,
      0.3330860137939453,
      0.31214311718940735,
      0.39961594343185425,
      1.0,
      0.28407666087150574,
      0.5159631371498108,
      0.3300771117210388,
      0.2650667428970337,
      0.4048142433166504,
      0.22818642854690552,
      0.21799872815608978,
      0.30589619278907776,
      0.24337881803512573
    ],
    [
      0.2543128728866577,
      0.21192164719104767,
      0.2771778702735901,
      0.31912678480148315,
      0.4614689350128174,
      0.3041576147079468,
      0.28407666087150574,
      1.0,
      0.4187084138393402,
      0.2691148519515991,
      0.34901368618011475,
      0.33128297328948975,
      0.34567904472351074,
      0.2150638848543167,
      0.3180794417858124,
      0.29096361994743347
    ],
    [
      0.3614199757575989,
      0.3552412986755371,
      0.48993051052093506,
      0.46001410484313965,
      0.47970789670944214,
      0.35134267807006836,
      0.5159631371498108,
      0.4187084138393402,
      1.0,
      0.4266389310359955,
      0.3066862225532532,
      0.4823871850967407,
      0.32468342781066895,
      0.23673224449157715,
      0.30146491527557373,
      0.30483490228652954
    ],
    [
      0.32701945304870605,
      0.4330708086490631,
      0.3966931998729706,
      0.29278722405433655,
      0.3952403962612152,
      0.45156630873680115,
      0.3300771117210388,
      0.2691148519515991,
      0.4266389310359955,
      1.0,
      0.33815962076187134,
      0.5046011805534363,
      0.4043915867805481,
      0.21465684473514557,
      0.33945658802986145,
      0.3273569941520691
    ],
    [
      0.2909291684627533,
      0.26628896594047546,
      0.2875804901123047,
      0.15732090175151825,
      0.3629179000854492,
      0.3157567083835602,
      0.2650667428970337,
      0.34901368618011475,
      0.3066862225532532,
      0.33815962076187134,
      1.0,
      0.32477104663848877,
      0.2971956133842468,
      0.21670496463775635,
      0.27936485409736633,
      0.28339335322380066
    ],
    [
      0.37950947880744934,
      0.3818744122982025,
      0.435761034488678,
      0.305210143327713,
      0.4181225895881653,
      0.4693925678730011,
      0.4048142433166504,
      0.33128297328948975,
      0.4823871850967407,
      0.5046011805534363,
      0.32477104663848877,
      1.0,
      0.383602499961853,
      0.2980542480945587,
      0.346463143825531,
      0.389275461435318
    ],
    [
      0.3160179853439331,
      0.3959096074104309,
      0.2823692262172699,
      0.23274216055870056,
      0.28979605436325073,
      0.2622525095939636,
      0.22818642854690552,
      0.34567904472351074,
      0.32468342781066895,
      0.4043915867805481,
      0.2971956133842468,
      0.383602499961853,
      0.9999999403953552,
      0.33785730600357056,
      0.5718909502029419,
      0.5698972940444946
    ],
    [
      0.24476951360702515,
      0.24492864310741425,
      0.22310355305671692,
      0.15160493552684784,
      0.15318560600280762,
      0.19568288326263428,
      0.21799872815608978,
      0.2150638848543167,
      0.23673224449157715,
      0.21465684473514557,
      0.21670496463775635,
      0.2980542480945587,
      0.33785730600357056,
      1.0,
      0.41355040669441223,
      0.43705984950065613
    ],
    [
      0.2637881934642792,
      0.29199159145355225,
      0.23546209931373596,
      0.2350771725177765,
      0.2421615868806839,
      0.24503867328166962,
      0.30589619278907776,
      0.3180794417858124,
      0.30146491527557373,
      0.33945658802986145,
      0.27936485409736633,
      0.346463143825531,
      0.5718909502029419,
      0.41355040669441223,
      1.0,
      0.6107715368270874
    ],
    [
      0.292944997549057,
      0.313070684671402,
      0.2625587582588196,
      0.2717619240283966,
      0.3374580442905426,
      0.25520044565200806,
      0.24337881803512573,
      0.29096361994743347,
      0.30483490228652954,
      0.3273569941520691,
      0.28339335322380066,
      0.389275461435318,
      0.5698972940444946,
      0.43705984950065613,
      0.6107715368270874,
      1.0
    ]
  ]
}