{
  "game_number": 184,
  "words": [
    "FLAIL",
    "FLOP",
    "FLOUNDER",
    "TANK",
    "FLIP",
    "LEAF",
    "RIFFLE",
    "THUMB",
    "KEY",
    "MAR",
    "SPEAR",
    "STYLE",
    "FLUKE",
    "MULLET",
    "SOLE",
    "TANG"
  ],
  "adjacency_matrix": [
    [
      1.0,
      0.4166739284992218,
      0.4483467638492584,
      0.3965108096599579,
      0.4158138334751129,
      0.3839107155799866,
      0.45410391688346863,
      0.40983444452285767,
      0.2890729010105133,
      0.22834017872810364,
      0.5461363792419434,
      0.37716054916381836,
      0.3705863654613495,
      0.42898353934288025,
      0.33111903071403503,
      0.3387313485145569
    ],
    [
      0.4166739284992218,
      1.0,
      0.466755747795105,
      0.3461817502975464,
      0.5782908797264099,
      0.341104120016098,
      0.3369433283805847,
      0.3119102716445923,
      0.3487476408481598,
      0.3369370102882385,
      0.2932969331741333,
      0.3104366958141327,
      0.45575129985809326,
      0.36992147564888,
      0.3427872061729431,
      0.31073814630508423
    ],
    [
      0.4483467638492584,
      0.466755747795105,
      1.0,
      0.2903956174850464,
      0.3720281422138214,
      0.2997370660305023,
      0.35851600766181946,
      0.23037748038768768,
      0.2537797689437866,
      0.28075623512268066,
      0.3088674545288086,
      0.26020872592926025,
      0.4100019037723541,
      0.45682406425476074,
      0.36245208978652954,
      0.30856621265411377
    ],
    [
      0.3965108096599579,
      0.3461817502975464,
      0.2903956174850464,
      1.0,
      0.2711721956729889,
      0.28953424096107483,
      0.34943532943725586,
      0.25789064168930054,
      0.3095181882381439,
      0.23370148241519928,
      0.30118632316589355,
      0.3083432912826538,
      0.2819513976573944,
      0.2990075647830963,
      0.3079589307308197,
      0.28925833106040955
    ],
    [
      0.4158138334751129,
      0.5782908797264099,
      0.3720281422138214,
      0.2711721956729889,
      1.0,
      0.38336077332496643,
      0.36473730206489563,
      0.3677510619163513,
      0.3491078019142151,
      0.2733665704727173,
      0.341152548789978,
      0.3454144597053528,
      0.3879895806312561,
      0.3746640086174011,
      0.2884465456008911,
      0.3002806603908539
    ],
    [
      0.3839107155799866,
      0.341104120016098,
      0.2997370660305023,
      0.28953424096107483,
      0.38336077332496643,
      1.0,
      0.37199804186820984,
      0.3490029275417328,
      0.3639357388019562,
      0.29645389318466187,
      0.4562327265739441,
      0.3163037598133087,
      0.31514444947242737,
      0.34369513392448425,
      0.34176191687583923,
      0.42678332328796387
    ],
    [
      0.45410391688346863,
      0.3369433283805847,
      0.35851600766181946,
      0.34943532943725586,
      0.36473730206489563,
      0.37199804186820984,
      1.0,
      0.2553928792476654,
      0.32349035143852234,
      0.1912301927804947,
      0.3457300662994385,
      0.31658288836479187,
      0.30133116245269775,
      0.3899802565574646,
      0.2526831328868866,
      0.30887851119041443
    ],
    [
      0.40983444452285767,
      0.3119102716445923,
      0.23037748038768768,
      0.25789064168930054,
      0.3677510619163513,
      0.3490029275417328,
      0.2553928792476654,
      0.9999999403953552,
      0.38916438817977905,
      0.16065175831317902,
      0.39294928312301636,
      0.3311292827129364,
      0.26124346256256104,
      0.28103190660476685,
      0.3679380416870117,
      0.24411295354366302
    ],
    [
      0.2890729010105133,
      0.3487476408481598,
      0.2537797689437866,
      0.3095181882381439,
      0.3491078019142151,
      0.3639357388019562,
      0.32349035143852234,
      0.38916438817977905,
      1.0,
      0.2029678076505661,
      0.3275344967842102,
      0.38656166195869446,
      0.33518481254577637,
      0.27233076095581055,
      0.49606263637542725,
      0.32047978043556213
    ],
    [
      0.22834017872810364,
      0.3369370102882385,
      0.28075623512268066,
      0.23370148241519928,
      0.2733665704727173,
      0.29645389318466187,
      0.1912301927804947,
      0.16065175831317902,
      0.2029678076505661,
      0.9999999403953552,
      0.2733519673347473,
      0.28664109110832214,
      0.31492137908935547,
      0.23140694200992584,
      0.26306864619255066,
      0.38369718194007874
    ],
    [
      0.5461363792419434,
      0.2932969331741333,
      0.3088674545288086,
      0.30118632316589355,
      0.341152548789978,
      0.4562327265739441,
      0.3457300662994385,
      0.39294928312301636,
      0.3275344967842102,
      0.2733519673347473,
      0.9999999403953552,
      0.2768893539905548,
      0.3778557777404785,
      0.4926195442676544,
      0.3409823477268219,
      0.4200466275215149
    ],
    [
      0.37716054916381836,
      0.3104366958141327,
      0.26020872592926025,
      0.3083432912826538,
      0.3454144597053528,
      0.3163037598133087,
      0.31658288836479187,
      0.3311292827129364,
      0.38656166195869446,
      0.28664109110832214,
      0.2768893539905548,
      1.0,
      0.30165785551071167,
      0.3720173239707947,
      0.3940061628818512,
      0.35953670740127563
    ],
    [
      0.3705863654613495,
      0.45575129985809326,
      0.4100019037723541,
      0.2819513976573944,
      0.3879895806312561,
      0.31514444947242737,
      0.30133116245269775,
      0.26124346256256104,
      0.33518481254577637,
      0.31492137908935547,
      0.3778557777404785,
      0.30165785551071167,
      1.0,
      0.3947657346725464,
      0.3876017928123474,
      0.3632175922393799
    ],
    [
      0.42898353934288025,
      0.36992147564888,
      0.45682406425476074,
      0.2990075647830963,
      0.3746640086174011,
      0.34369513392448425,
      0.3899802565574646,
      0.28103190660476685,
      0.27233076095581055,
      0.23140694200992584,
      0.4926195442676544,
      0.3720173239707947,
      0.3947657346725464,
      1.0,
      0.3325961232185364,
      0.4344731867313385
    ],
    [
      0.33111903071403503,
      0.3427872061729431,
      0.36245208978652954,
      0.3079589307308197,
      0.2884465456008911,
      0.34176191687583923,
      0.2526831328868866,
      0.3679380416870117,
      0.49606263637542725,
      0.26306864619255066,
      0.3409823477268219,
      0.3940061628818512,
      0.3876017928123474,
      0.3325961232185364,
      1.0,
      0.350420206785202
    ],
    [
      0.3387313485145569,
      0.31073814630508423,
      0.30856621265411377,
      0.28925833106040955,
      0.3002806603908539,
      0.42678332328796387,
      0.30887851119041443,
      0.24411295354366302,
      0.32047978043556213,
      0.38369718194007874,
      0.4200466275215149,
      0.35953670740127563,
      0.3632175922393799,
      0.4344731867313385,
      0.350420206785202,
      1.0
    ]
  ]
}