{
  "game_number": 136,
  "words": [
    "EXPRESSION",
    "GESTURE",
    "SYMBOL",
    "TOKEN",
    "CAN",
    "MIGHT",
    "MUST",
    "WILL",
    "EGO",
    "GUILT",
    "HEAD",
    "POWER",
    "CERTIFICATE",
    "DEED",
    "RECEIPT",
    "TITLE"
  ],
  "adjacency_matrix": [
    [
      0.9999999403953552,
      0.5340710878372192,
      0.495504766702652,
      0.44558650255203247,
      0.30950990319252014,
      0.3492943346500397,
      0.3274078965187073,
      0.29455679655075073,
      0.3257136344909668,
      0.3595344126224518,
      0.3844740092754364,
      0.4403553009033203,
      0.3361561596393585,
      0.3962995707988739,
      0.3466915786266327,
      0.36395010352134705
    ],
    [
      0.5340710878372192,
      1.0,
      0.4681590497493744,
      0.5804551243782043,
      0.2370041161775589,
      0.2998279631137848,
      0.1931951344013214,
      0.24160319566726685,
      0.32482030987739563,
      0.3074518144130707,
      0.34574586153030396,
      0.3931138515472412,
      0.29207444190979004,
      0.43018317222595215,
      0.31983697414398193,
      0.30184924602508545
    ],
    [
      0.495504766702652,
      0.4681590497493744,
      1.0,
      0.4790961444377899,
      0.232534721493721,
      0.26303744316101074,
      0.23518125712871552,
      0.21316330134868622,
      0.284258097410202,
      0.2838755249977112,
      0.3947051167488098,
      0.421810120344162,
      0.41789722442626953,
      0.34559366106987,
      0.2829969823360443,
      0.40812167525291443
    ],
    [
      0.44558650255203247,
      0.5804551243782043,
      0.4790961444377899,
      1.0,
      0.25875747203826904,
      0.278549462556839,
      0.2797403931617737,
      0.2922646403312683,
      0.32164883613586426,
      0.31893420219421387,
      0.29291149973869324,
      0.424990177154541,
      0.48291918635368347,
      0.4016053378582001,
      0.45968061685562134,
      0.33223795890808105
    ],
    [
      0.30950990319252014,
      0.2370041161775589,
      0.232534721493721,
      0.25875747203826904,
      1.0,
      0.7223143577575684,
      0.7712841033935547,
      0.7727988958358765,
      0.24297472834587097,
      0.2834359407424927,
      0.33166006207466125,
      0.38835856318473816,
      0.3134543001651764,
      0.3037772476673126,
      0.19157089293003082,
      0.1847471445798874
    ],
    [
      0.3492943346500397,
      0.2998279631137848,
      0.26303744316101074,
      0.278549462556839,
      0.7223143577575684,
      1.0,
      0.697873055934906,
      0.733385443687439,
      0.220716655254364,
      0.3010079860687256,
      0.36547330021858215,
      0.3646096885204315,
      0.248015359044075,
      0.3244234621524811,
      0.2000611573457718,
      0.2641184329986572
    ],
    [
      0.3274078965187073,
      0.1931951344013214,
      0.23518125712871552,
      0.2797403931617737,
      0.7712841033935547,
      0.697873055934906,
      1.0,
      0.8041169047355652,
      0.20518124103546143,
      0.26299038529396057,
      0.379299521446228,
      0.3548581004142761,
      0.34367161989212036,
      0.32506945729255676,
      0.2919559180736542,
      0.22069326043128967
    ],
    [
      0.29455679655075073,
      0.24160319566726685,
      0.21316330134868622,
      0.2922646403312683,
      0.7727988958358765,
      0.733385443687439,
      0.8041169047355652,
      0.9999999403953552,
      0.1860937923192978,
      0.27726608514785767,
      0.3644305467605591,
      0.3929411470890045,
      0.32598409056663513,
      0.31819355487823486,
      0.27825039625167847,
      0.23311357200145721
    ],
    [
      0.3257136344909668,
      0.32482030987739563,
      0.284258097410202,
      0.32164883613586426,
      0.24297472834587097,
      0.220716655254364,
      0.20518124103546143,
      0.1860937923192978,
      1.0,
      0.4147741198539734,
      0.34736815094947815,
      0.45101675391197205,
      0.17194516956806183,
      0.21511338651180267,
      0.17771121859550476,
      0.21459004282951355
    ],
    [
      0.3595344126224518,
      0.3074518144130707,
      0.2838755249977112,
      0.31893420219421387,
      0.2834359407424927,
      0.3010079860687256,
      0.26299038529396057,
      0.27726608514785767,
      0.4147741198539734,
      1.0,
      0.29177916049957275,
      0.4138629138469696,
      0.31627747416496277,
      0.4088779091835022,
      0.30559176206588745,
      0.22308270633220673
    ],
    [
      0.3844740092754364,
      0.34574586153030396,
      0.3947051167488098,
      0.29291149973869324,
      0.33166006207466125,
      0.36547330021858215,
      0.379299521446228,
      0.3644305467605591,
      0.34736815094947815,
      0.29177916049957275,
      1.0,
      0.4797995388507843,
      0.34530574083328247,
      0.2514301538467407,
      0.3669883608818054,
      0.43389764428138733
    ],
    [
      0.4403553009033203,
      0.3931138515472412,
      0.421810120344162,
      0.424990177154541,
      0.38835856318473816,
      0.3646096885204315,
      0.3548581004142761,
      0.3929411470890045,
      0.45101675391197205,
      0.4138629138469696,
      0.4797995388507843,
      0.9999999403953552,
      0.3514329791069031,
      0.38854601979255676,
      0.3345443904399872,
      0.38375332951545715
    ],
    [
      0.3361561596393585,
      0.29207444190979004,
      0.41789722442626953,
      0.48291918635368347,
      0.3134543001651764,
      0.248015359044075,
      0.34367161989212036,
      0.32598409056663513,
      0.17194516956806183,
      0.31627747416496277,
      0.34530574083328247,
      0.3514329791069031,
      1.0,
      0.4040597081184387,
      0.5230483412742615,
      0.4235765039920807
    ],
    [
      0.3962995707988739,
      0.43018317222595215,
      0.34559366106987,
      0.4016053378582001,
      0.3037772476673126,
      0.3244234621524811,
      0.32506945729255676,
      0.31819355487823486,
      0.21511338651180267,
      0.4088779091835022,
      0.2514301538467407,
      0.38854601979255676,
      0.4040597081184387,
      1.0,
      0.3933946192264557,
      0.4059997498989105
    ],
    [
      0.3466915786266327,
      0.31983697414398193,
      0.2829969823360443,
      0.45968061685562134,
      0.19157089293003082,
      0.2000611573457718,
      0.2919559180736542,
      0.27825039625167847,
      0.17771121859550476,
      0.30559176206588745,
      0.3669883608818054,
      0.3345443904399872,
      0.5230483412742615,
      0.3933946192264557,
      1.0,
      0.32548797130584717
    ],
    [
      0.36395010352134705,
      0.30184924602508545,
      0.40812167525291443,
      0.33223795890808105,
      0.1847471445798874,
      0.2641184329986572,
      0.22069326043128967,
      0.23311357200145721,
      0.21459004282951355,
      0.22308270633220673,
      0.43389764428138733,
      0.38375332951545715,
      0.4235765039920807,
      0.4059997498989105,
      0.32548797130584717,
      1.0
    ]
  ]
}