{
  "game_number": 518,
  "words": [
    "BALL",
    "BLAST",
    "KICK",
    "RIOT",
    "BOOM",
    "DOLLY",
    "LENS",
    "TRIPOD",
    "CLUE",
    "GRIP",
    "LIFE",
    "ROOM",
    "ANISE",
    "DILL",
    "NUTMEG",
    "SAGE"
  ],
  "adjacency_matrix": [
    [
      1.0,
      0.4401056468486786,
      0.5812038779258728,
      0.30853360891342163,
      0.37933430075645447,
      0.48221832513809204,
      0.32760533690452576,
      0.32536807656288147,
      0.33760106563568115,
      0.46298491954803467,
      0.39831802248954773,
      0.42940235137939453,
      0.3076861500740051,
      0.258896142244339,
      0.3327175974845886,
      0.23043090105056763
    ],
    [
      0.4401056468486786,
      1.0,
      0.48836565017700195,
      0.46434441208839417,
      0.49376073479652405,
      0.26191243529319763,
      0.3014002740383148,
      0.2944633960723877,
      0.3139849305152893,
      0.39924314618110657,
      0.32505345344543457,
      0.35579153895378113,
      0.3001791536808014,
      0.2973349690437317,
      0.2532535791397095,
      0.2510472238063812
    ],
    [
      0.5812038779258728,
      0.48836565017700195,
      1.0,
      0.347744882106781,
      0.39370498061180115,
      0.35152679681777954,
      0.25704294443130493,
      0.27057772874832153,
      0.3384624123573303,
      0.4408480226993561,
      0.3570527732372284,
      0.32939228415489197,
      0.3433471620082855,
      0.3333166837692261,
      0.345360666513443,
      0.2776395082473755
    ],
    [
      0.30853360891342163,
      0.46434441208839417,
      0.347744882106781,
      1.0,
      0.4072602093219757,
      0.15425384044647217,
      0.22495011985301971,
      0.21367445588111877,
      0.22134608030319214,
      0.3413149416446686,
      0.3565784692764282,
      0.3121141791343689,
      0.20703287422657013,
      0.2013416439294815,
      0.2218516618013382,
      0.1930115818977356
    ],
    [
      0.37933430075645447,
      0.49376073479652405,
      0.39370498061180115,
      0.4072602093219757,
      0.9999999403953552,
      0.37952789664268494,
      0.314463347196579,
      0.36041459441185,
      0.23769092559814453,
      0.40385615825653076,
      0.3715263307094574,
      0.35165199637413025,
      0.2137182503938675,
      0.246942937374115,
      0.2277759462594986,
      0.3006185293197632
    ],
    [
      0.48221832513809204,
      0.26191243529319763,
      0.35152679681777954,
      0.15425384044647217,
      0.37952789664268494,
      1.0,
      0.33543142676353455,
      0.3873344957828522,
      0.24102966487407684,
      0.34925174713134766,
      0.24813120067119598,
      0.3233678340911865,
      0.22722814977169037,
      0.29618802666664124,
      0.29554393887519836,
      0.24362927675247192
    ],
    [
      0.32760533690452576,
      0.3014002740383148,
      0.25704294443130493,
      0.22495011985301971,
      0.314463347196579,
      0.33543142676353455,
      0.9999999403953552,
      0.5087425708770752,
      0.22885718941688538,
      0.42953601479530334,
      0.3447449505329132,
      0.29363763332366943,
      0.16398000717163086,
      0.20189155638217926,
      0.15849123895168304,
      0.18423992395401
    ],
    [
      0.32536807656288147,
      0.2944633960723877,
      0.27057772874832153,
      0.21367445588111877,
      0.36041459441185,
      0.3873344957828522,
      0.5087425708770752,
      1.0,
      0.21237631142139435,
      0.422819048166275,
      0.2607184946537018,
      0.31829869747161865,
      0.14873147010803223,
      0.2068939357995987,
      0.1952844262123108,
      0.23456235229969025
    ],
    [
      0.33760106563568115,
      0.3139849305152893,
      0.3384624123573303,
      0.22134608030319214,
      0.23769092559814453,
      0.24102966487407684,
      0.22885718941688538,
      0.21237631142139435,
      1.0,
      0.4320067763328552,
      0.31916543841362,
      0.32929331064224243,
      0.3170151710510254,
      0.31723976135253906,
      0.1867617964744568,
      0.3270348012447357
    ],
    [
      0.46298491954803467,
      0.39924314618110657,
      0.4408480226993561,
      0.3413149416446686,
      0.40385615825653076,
      0.34925174713134766,
      0.42953601479530334,
      0.422819048166275,
      0.4320067763328552,
      1.0,
      0.459273099899292,
      0.3255423605442047,
      0.22768893837928772,
      0.24702851474285126,
      0.19739049673080444,
      0.22750991582870483
    ],
    [
      0.39831802248954773,
      0.32505345344543457,
      0.3570527732372284,
      0.3565784692764282,
      0.3715263307094574,
      0.24813120067119598,
      0.3447449505329132,
      0.2607184946537018,
      0.31916543841362,
      0.459273099899292,
      1.0,
      0.3980455994606018,
      0.19444990158081055,
      0.18932713568210602,
      0.17925073206424713,
      0.3583628535270691
    ],
    [
      0.42940235137939453,
      0.35579153895378113,
      0.32939228415489197,
      0.3121141791343689,
      0.35165199637413025,
      0.3233678340911865,
      0.29363763332366943,
      0.31829869747161865,
      0.32929331064224243,
      0.3255423605442047,
      0.3980455994606018,
      0.9999999403953552,
      0.20834194123744965,
      0.1887354552745819,
      0.14645031094551086,
      0.29470670223236084
    ],
    [
      0.3076861500740051,
      0.3001791536808014,
      0.3433471620082855,
      0.20703287422657013,
      0.2137182503938675,
      0.22722814977169037,
      0.16398000717163086,
      0.14873147010803223,
      0.3170151710510254,
      0.22768893837928772,
      0.19444990158081055,
      0.20834194123744965,
      0.9999999403953552,
      0.5310119390487671,
      0.4980121850967407,
      0.40806204080581665
    ],
    [
      0.258896142244339,
      0.2973349690437317,
      0.3333166837692261,
      0.2013416439294815,
      0.246942937374115,
      0.29618802666664124,
      0.20189155638217926,
      0.2068939357995987,
      0.31723976135253906,
      0.24702851474285126,
      0.18932713568210602,
      0.1887354552745819,
      0.5310119390487671,
      1.0,
      0.4821428060531616,
      0.45019009709358215
    ],
    [
      0.3327175974845886,
      0.2532535791397095,
      0.345360666513443,
      0.2218516618013382,
      0.2277759462594986,
      0.29554393887519836,
      0.15849123895168304,
      0.1952844262123108,
      0.1867617964744568,
      0.19739049673080444,
      0.17925073206424713,
      0.14645031094551086,
      0.4980121850967407,
      0.4821428060531616,
      0.9999999403953552,
      0.34591540694236755
    ],
    [
      0.23043090105056763,
      0.2510472238063812,
      0.2776395082473755,
      0.1930115818977356,
      0.3006185293197632,
      0.24362927675247192,
      0.18423992395401,
      0.23456235229969025,
      0.3270348012447357,
      0.22750991582870483,
      0.3583628535270691,
      0.29470670223236084,
      0.40806204080581665,
      0.45019009709358215,
      0.34591540694236755,
      1.0
    ]
  ]
}