{
  "game_number": 164,
  "words": [
    "CIRCULATE",
    "CONVERSE",
    "MINGLE",
    "NETWORK",
    "BREAKING",
    "SURFING",
    "TAEKWONDO",
    "TRAMPOLINE",
    "FOOD",
    "KANGAROO",
    "SUPREME",
    "TENNIS",
    "DEPEND",
    "HINGE",
    "RELY",
    "REST"
  ],
  "adjacency_matrix": [
    [
      1.0,
      0.40534505248069763,
      0.45628622174263,
      0.3422553539276123,
      0.2478674352169037,
      0.23944635689258575,
      0.13313938677310944,
      0.22769293189048767,
      0.3140479326248169,
      0.1430085450410843,
      0.18071164190769196,
      0.1814008206129074,
      0.3511087894439697,
      0.24880433082580566,
      0.4008386731147766,
      0.427104651927948
    ],
    [
      0.40534505248069763,
      1.0,
      0.44202539324760437,
      0.2388773262500763,
      0.2919749319553375,
      0.17336687445640564,
      0.07685726881027222,
      0.22658149898052216,
      0.2739350497722626,
      0.18734405934810638,
      0.2796343266963959,
      0.2085326611995697,
      0.35557329654693604,
      0.25855061411857605,
      0.33872899413108826,
      0.4173310697078705
    ],
    [
      0.45628622174263,
      0.44202539324760437,
      1.0,
      0.25955531001091003,
      0.26317963004112244,
      0.2483360916376114,
      0.09830182790756226,
      0.17657025158405304,
      0.3071214556694031,
      0.13928036391735077,
      0.21755287051200867,
      0.22354231774806976,
      0.22348430752754211,
      0.12381355464458466,
      0.3175917863845825,
      0.36919981241226196
    ],
    [
      0.3422553539276123,
      0.2388773262500763,
      0.25955531001091003,
      0.9999999403953552,
      0.35206544399261475,
      0.3660491406917572,
      0.22775937616825104,
      0.3738803267478943,
      0.3604262173175812,
      0.22118805348873138,
      0.2840869128704071,
      0.32223284244537354,
      0.30617934465408325,
      0.258419394493103,
      0.2968503534793854,
      0.3552652895450592
    ],
    [
      0.2478674352169037,
      0.2919749319553375,
      0.26317963004112244,
      0.35206544399261475,
      0.9999999403953552,
      0.40656790137290955,
      0.15412767231464386,
      0.3092149496078491,
      0.3431908190250397,
      0.1469315141439438,
      0.3061307668685913,
      0.3097592890262604,
      0.2574602961540222,
      0.37011969089508057,
      0.2765999734401703,
      0.41640424728393555
    ],
    [
      0.23944635689258575,
      0.17336687445640564,
      0.2483360916376114,
      0.3660491406917572,
      0.40656790137290955,
      1.0,
      0.3542996942996979,
      0.43083250522613525,
      0.3125208914279938,
      0.2792443633079529,
      0.2931784689426422,
      0.4717625379562378,
      0.2037678062915802,
      0.18402421474456787,
      0.26118576526641846,
      0.37651824951171875
    ],
    [
      0.13313938677310944,
      0.07685726881027222,
      0.09830182790756226,
      0.22775937616825104,
      0.15412767231464386,
      0.3542996942996979,
      1.0000001192092896,
      0.40958482027053833,
      0.25949376821517944,
      0.2455500066280365,
      0.30632394552230835,
      0.46038511395454407,
      0.11401694267988205,
      0.155110165476799,
      0.11782810837030411,
      0.21819067001342773
    ],
    [
      0.22769293189048767,
      0.22658149898052216,
      0.17657025158405304,
      0.3738803267478943,
      0.3092149496078491,
      0.43083250522613525,
      0.40958482027053833,
      1.0,
      0.31381988525390625,
      0.37975361943244934,
      0.28547343611717224,
      0.43484440445899963,
      0.21216194331645966,
      0.3212369680404663,
      0.2278139889240265,
      0.3725017309188843
    ],
    [
      0.3140479326248169,
      0.2739350497722626,
      0.3071214556694031,
      0.3604262173175812,
      0.3431908190250397,
      0.3125208914279938,
      0.25949376821517944,
      0.31381988525390625,
      1.0,
      0.3409051299095154,
      0.34613552689552307,
      0.30805522203445435,
      0.32869958877563477,
      0.2569235861301422,
      0.3202608823776245,
      0.4339883327484131
    ],
    [
      0.1430085450410843,
      0.18734405934810638,
      0.13928036391735077,
      0.22118805348873138,
      0.1469315141439438,
      0.2792443633079529,
      0.2455500066280365,
      0.37975361943244934,
      0.3409051299095154,
      1.0,
      0.33277878165245056,
      0.3191593885421753,
      0.10205795615911484,
      0.17263945937156677,
      0.1238672211766243,
      0.20079472661018372
    ],
    [
      0.18071164190769196,
      0.2796343266963959,
      0.21755287051200867,
      0.2840869128704071,
      0.3061307668685913,
      0.2931784689426422,
      0.30632394552230835,
      0.28547343611717224,
      0.34613552689552307,
      0.33277878165245056,
      1.0,
      0.3540414869785309,
      0.3212302327156067,
      0.2938303053379059,
      0.24518126249313354,
      0.4230402708053589
    ],
    [
      0.1814008206129074,
      0.2085326611995697,
      0.22354231774806976,
      0.32223284244537354,
      0.3097592890262604,
      0.4717625379562378,
      0.46038511395454407,
      0.43484440445899963,
      0.30805522203445435,
      0.3191593885421753,
      0.3540414869785309,
      1.0,
      0.18305325508117676,
      0.174124076962471,
      0.18227818608283997,
      0.3173544108867645
    ],
    [
      0.3511087894439697,
      0.35557329654693604,
      0.22348430752754211,
      0.30617934465408325,
      0.2574602961540222,
      0.2037678062915802,
      0.11401694267988205,
      0.21216194331645966,
      0.32869958877563477,
      0.10205795615911484,
      0.3212302327156067,
      0.18305325508117676,
      1.0,
      0.5506446957588196,
      0.7506690621376038,
      0.517325758934021
    ],
    [
      0.24880433082580566,
      0.25855061411857605,
      0.12381355464458466,
      0.258419394493103,
      0.37011969089508057,
      0.18402421474456787,
      0.155110165476799,
      0.3212369680404663,
      0.2569235861301422,
      0.17263945937156677,
      0.2938303053379059,
      0.174124076962471,
      0.5506446957588196,
      0.9999999403953552,
      0.4825422465801239,
      0.4638063907623291
    ],
    [
      0.4008386731147766,
      0.33872899413108826,
      0.3175917863845825,
      0.2968503534793854,
      0.2765999734401703,
      0.26118576526641846,
      0.11782810837030411,
      0.2278139889240265,
      0.3202608823776245,
      0.1238672211766243,
      0.24518126249313354,
      0.18227818608283997,
      0.7506690621376038,
      0.4825422465801239,
      1.0,
      0.5013407468795776
    ],
    [
      0.427104651927948,
      0.4173310697078705,
      0.36919981241226196,
      0.3552652895450592,
      0.41640424728393555,
      0.37651824951171875,
      0.21819067001342773,
      0.3725017309188843,
      0.4339883327484131,
      0.20079472661018372,
      0.4230402708053589,
      0.3173544108867645,
      0.517325758934021,
      0.4638063907623291,
      0.5013407468795776,
      1.0
    ]
  ]
}