{
  "game_number": 242,
  "words": [
    "GRAVITY",
    "IMPORT",
    "SUBSTANCE",
    "WEIGHT",
    "BENCH",
    "DRAFT",
    "START",
    "TRADE",
    "ABYSS",
    "FLY",
    "MATRIX",
    "THING",
    "BORDER",
    "FRILL",
    "FRINGE",
    "TRIM"
  ],
  "adjacency_matrix": [
    [
      1.0,
      0.3418930768966675,
      0.4692787230014801,
      0.5391252040863037,
      0.2990148365497589,
      0.26832008361816406,
      0.24714742600917816,
      0.3531419038772583,
      0.3047516345977783,
      0.31255728006362915,
      0.3338657319545746,
      0.33947062492370605,
      0.25771093368530273,
      0.29422619938850403,
      0.34966352581977844,
      0.23982036113739014
    ],
    [
      0.3418930768966675,
      1.0,
      0.47164636850357056,
      0.38504862785339355,
      0.3249678313732147,
      0.40140363574028015,
      0.4069206714630127,
      0.613464891910553,
      0.19348400831222534,
      0.37876608967781067,
      0.34503766894340515,
      0.41430723667144775,
      0.40099719166755676,
      0.31172966957092285,
      0.3172275722026825,
      0.45521149039268494
    ],
    [
      0.4692787230014801,
      0.47164636850357056,
      1.0,
      0.47849494218826294,
      0.2810032069683075,
      0.3742145895957947,
      0.3367094397544861,
      0.42404794692993164,
      0.23589162528514862,
      0.31562569737434387,
      0.38457176089286804,
      0.5433213710784912,
      0.3520818054676056,
      0.34187155961990356,
      0.3705134391784668,
      0.3168530762195587
    ],
    [
      0.5391252040863037,
      0.38504862785339355,
      0.47849494218826294,
      1.0,
      0.30399131774902344,
      0.2877921760082245,
      0.3094156086444855,
      0.361079603433609,
      0.15790116786956787,
      0.32828864455223083,
      0.30588099360466003,
      0.3634214997291565,
      0.20712697505950928,
      0.333770215511322,
      0.3626100420951843,
      0.42994818091392517
    ],
    [
      0.2990148365497589,
      0.3249678313732147,
      0.2810032069683075,
      0.30399131774902344,
      1.0,
      0.3142649233341217,
      0.4143247902393341,
      0.34970763325691223,
      0.2078164517879486,
      0.29918524622917175,
      0.2897080183029175,
      0.27431827783584595,
      0.3350745439529419,
      0.3329470455646515,
      0.31970855593681335,
      0.353606253862381
    ],
    [
      0.26832008361816406,
      0.40140363574028015,
      0.3742145895957947,
      0.2877921760082245,
      0.3142649233341217,
      1.0,
      0.45948994159698486,
      0.4085974097251892,
      0.10159286856651306,
      0.3005569875240326,
      0.29961249232292175,
      0.3440958261489868,
      0.25247064232826233,
      0.2609216272830963,
      0.263279527425766,
      0.3596420884132385
    ],
    [
      0.24714742600917816,
      0.4069206714630127,
      0.3367094397544861,
      0.3094156086444855,
      0.4143247902393341,
      0.45948994159698486,
      1.0,
      0.3976341187953949,
      0.1404019594192505,
      0.4431156516075134,
      0.2856065630912781,
      0.47600698471069336,
      0.3226110339164734,
      0.3260463774204254,
      0.2686815857887268,
      0.40287381410598755
    ],
    [
      0.3531419038772583,
      0.613464891910553,
      0.42404794692993164,
      0.361079603433609,
      0.34970763325691223,
      0.4085974097251892,
      0.3976341187953949,
      1.0,
      0.1909022182226181,
      0.4146882891654968,
      0.3445570766925812,
      0.37184351682662964,
      0.40716204047203064,
      0.36752086877822876,
      0.3917114734649658,
      0.3423139750957489
    ],
    [
      0.3047516345977783,
      0.19348400831222534,
      0.23589162528514862,
      0.15790116786956787,
      0.2078164517879486,
      0.10159286856651306,
      0.1404019594192505,
      0.1909022182226181,
      1.0,
      0.15751415491104126,
      0.22873732447624207,
      0.2508523464202881,
      0.3166121542453766,
      0.23377466201782227,
      0.26986271142959595,
      0.15982359647750854
    ],
    [
      0.31255728006362915,
      0.37876608967781067,
      0.31562569737434387,
      0.32828864455223083,
      0.29918524622917175,
      0.3005569875240326,
      0.4431156516075134,
      0.4146882891654968,
      0.15751415491104126,
      1.0,
      0.27038246393203735,
      0.41402876377105713,
      0.34869369864463806,
      0.3471671938896179,
      0.30160078406333923,
      0.3661006987094879
    ],
    [
      0.3338657319545746,
      0.34503766894340515,
      0.38457176089286804,
      0.30588099360466003,
      0.2897080183029175,
      0.29961249232292175,
      0.2856065630912781,
      0.3445570766925812,
      0.22873732447624207,
      0.27038246393203735,
      1.0,
      0.32529333233833313,
      0.3456539511680603,
      0.3579697012901306,
      0.3294665813446045,
      0.2845284044742584
    ],
    [
      0.33947062492370605,
      0.41430723667144775,
      0.5433213710784912,
      0.3634214997291565,
      0.27431827783584595,
      0.3440958261489868,
      0.47600698471069336,
      0.37184351682662964,
      0.2508523464202881,
      0.41402876377105713,
      0.32529333233833313,
      1.0,
      0.2998112738132477,
      0.3989952802658081,
      0.38484638929367065,
      0.2922964096069336
    ],
    [
      0.25771093368530273,
      0.40099719166755676,
      0.3520818054676056,
      0.20712697505950928,
      0.3350745439529419,
      0.25247064232826233,
      0.3226110339164734,
      0.40716204047203064,
      0.3166121542453766,
      0.34869369864463806,
      0.3456539511680603,
      0.2998112738132477,
      1.0,
      0.33639419078826904,
      0.41004326939582825,
      0.3401130735874176
    ],
    [
      0.29422619938850403,
      0.31172966957092285,
      0.34187155961990356,
      0.333770215511322,
      0.3329470455646515,
      0.2609216272830963,
      0.3260463774204254,
      0.36752086877822876,
      0.23377466201782227,
      0.3471671938896179,
      0.3579697012901306,
      0.3989952802658081,
      0.33639419078826904,
      1.0,
      0.47107619047164917,
      0.5061120390892029
    ],
    [
      0.34966352581977844,
      0.3172275722026825,
      0.3705134391784668,
      0.3626100420951843,
      0.31970855593681335,
      0.263279527425766,
      0.2686815857887268,
      0.3917114734649658,
      0.26986271142959595,
      0.30160078406333923,
      0.3294665813446045,
      0.38484638929367065,
      0.41004326939582825,
      0.47107619047164917,
      1.0,
      0.3686876893043518
    ],
    [
      0.23982036113739014,
      0.45521149039268494,
      0.3168530762195587,
      0.42994818091392517,
      0.353606253862381,
      0.3596420884132385,
      0.40287381410598755,
      0.3423139750957489,
      0.15982359647750854,
      0.3661006987094879,
      0.2845284044742584,
      0.2922964096069336,
      0.3401130735874176,
      0.5061120390892029,
      0.3686876893043518,
      1.0
    ]
  ]
}