{
  "game_number": 290,
  "words": [
    "EFFORT",
    "LABOR",
    "SWEAT",
    "WORK",
    "BATTERY",
    "CHARGE",
    "JUICE",
    "POWER",
    "BURST",
    "DAD",
    "MAINSTREAM",
    "SODA",
    "FLAME",
    "LOVER",
    "STEADY",
    "SWEETHEART"
  ],
  "adjacency_matrix": [
    [
      1.0,
      0.4714670479297638,
      0.41445353627204895,
      0.6443599462509155,
      0.2922380864620209,
      0.44845011830329895,
      0.28383663296699524,
      0.4330947697162628,
      0.3644304573535919,
      0.23796449601650238,
      0.3492416441440582,
      0.17192406952381134,
      0.3008892834186554,
      0.3685484826564789,
      0.40114498138427734,
      0.28564485907554626
    ],
    [
      0.4714670479297638,
      1.0,
      0.4612938463687897,
      0.5337812900543213,
      0.32079991698265076,
      0.3722400665283203,
      0.3347354829311371,
      0.4560116231441498,
      0.256705641746521,
      0.22707156836986542,
      0.3132249414920807,
      0.26968804001808167,
      0.2606970965862274,
      0.36017274856567383,
      0.3137773275375366,
      0.3298696279525757
    ],
    [
      0.41445353627204895,
      0.4612938463687897,
      1.0,
      0.44159063696861267,
      0.26680925488471985,
      0.3594610095024109,
      0.4317340552806854,
      0.3867262601852417,
      0.4222413897514343,
      0.23546820878982544,
      0.21836000680923462,
      0.34482520818710327,
      0.39824727177619934,
      0.28178873658180237,
      0.36616843938827515,
      0.30641964077949524
    ],
    [
      0.6443599462509155,
      0.5337812900543213,
      0.44159063696861267,
      1.0000001192092896,
      0.37768757343292236,
      0.4649425446987152,
      0.3028610944747925,
      0.4811992347240448,
      0.35612282156944275,
      0.3318609297275543,
      0.4495445191860199,
      0.21432405710220337,
      0.3596552014350891,
      0.40740010142326355,
      0.4213021993637085,
      0.34996914863586426
    ],
    [
      0.2922380864620209,
      0.32079991698265076,
      0.26680925488471985,
      0.37768757343292236,
      1.0,
      0.5519559383392334,
      0.4058907628059387,
      0.4813600182533264,
      0.35622331500053406,
      0.261753112077713,
      0.25700870156288147,
      0.3105228841304779,
      0.3713429868221283,
      0.29832106828689575,
      0.32595211267471313,
      0.25116854906082153
    ],
    [
      0.44845011830329895,
      0.3722400665283203,
      0.3594610095024109,
      0.4649425446987152,
      0.5519559383392334,
      1.0,
      0.31192582845687866,
      0.5017289519309998,
      0.41099900007247925,
      0.2283189445734024,
      0.307837575674057,
      0.2971835434436798,
      0.41980135440826416,
      0.35083892941474915,
      0.4117370843887329,
      0.20881161093711853
    ],
    [
      0.28383663296699524,
      0.3347354829311371,
      0.4317340552806854,
      0.3028610944747925,
      0.4058907628059387,
      0.31192582845687866,
      1.0,
      0.44061893224716187,
      0.3550734221935272,
      0.24313992261886597,
      0.23481158912181854,
      0.5669652819633484,
      0.33926141262054443,
      0.2993384897708893,
      0.30592018365859985,
      0.28507864475250244
    ],
    [
      0.4330947697162628,
      0.4560116231441498,
      0.3867262601852417,
      0.4811992347240448,
      0.4813600182533264,
      0.5017289519309998,
      0.44061893224716187,
      0.9999999403953552,
      0.4568740129470825,
      0.28853633999824524,
      0.40191650390625,
      0.31822288036346436,
      0.4398994445800781,
      0.40511205792427063,
      0.4156424105167389,
      0.31500595808029175
    ],
    [
      0.3644304573535919,
      0.256705641746521,
      0.4222413897514343,
      0.35612282156944275,
      0.35622331500053406,
      0.41099900007247925,
      0.3550734221935272,
      0.4568740129470825,
      1.0,
      0.203870490193367,
      0.31761065125465393,
      0.2921426594257355,
      0.5450533032417297,
      0.27928122878074646,
      0.4593788683414459,
      0.24250289797782898
    ],
    [
      0.23796449601650238,
      0.22707156836986542,
      0.23546820878982544,
      0.3318609297275543,
      0.261753112077713,
      0.2283189445734024,
      0.24313992261886597,
      0.28853633999824524,
      0.203870490193367,
      1.0,
      0.24939312040805817,
      0.2936955988407135,
      0.23256352543830872,
      0.5100268125534058,
      0.25723081827163696,
      0.4809780418872833
    ],
    [
      0.3492416441440582,
      0.3132249414920807,
      0.21836000680923462,
      0.4495445191860199,
      0.25700870156288147,
      0.307837575674057,
      0.23481158912181854,
      0.40191650390625,
      0.31761065125465393,
      0.24939312040805817,
      1.0,
      0.23028144240379333,
      0.24901343882083893,
      0.3094235360622406,
      0.33767759799957275,
      0.30364006757736206
    ],
    [
      0.17192406952381134,
      0.26968804001808167,
      0.34482520818710327,
      0.21432405710220337,
      0.3105228841304779,
      0.2971835434436798,
      0.5669652819633484,
      0.31822288036346436,
      0.2921426594257355,
      0.2936955988407135,
      0.23028144240379333,
      1.0000001192092896,
      0.2889266908168793,
      0.230356827378273,
      0.22796779870986938,
      0.26300451159477234
    ],
    [
      0.3008892834186554,
      0.2606970965862274,
      0.39824727177619934,
      0.3596552014350891,
      0.3713429868221283,
      0.41980135440826416,
      0.33926141262054443,
      0.4398994445800781,
      0.5450533032417297,
      0.23256352543830872,
      0.24901343882083893,
      0.2889266908168793,
      1.0,
      0.449919730424881,
      0.37284204363822937,
      0.36409488320350647
    ],
    [
      0.3685484826564789,
      0.36017274856567383,
      0.28178873658180237,
      0.40740010142326355,
      0.29832106828689575,
      0.35083892941474915,
      0.2993384897708893,
      0.40511205792427063,
      0.27928122878074646,
      0.5100268125534058,
      0.3094235360622406,
      0.230356827378273,
      0.449919730424881,
      1.0,
      0.347994863986969,
      0.5975013375282288
    ],
    [
      0.40114498138427734,
      0.3137773275375366,
      0.36616843938827515,
      0.4213021993637085,
      0.32595211267471313,
      0.4117370843887329,
      0.30592018365859985,
      0.4156424105167389,
      0.4593788683414459,
      0.25723081827163696,
      0.33767759799957275,
      0.22796779870986938,
      0.37284204363822937,
      0.347994863986969,
      1.0,
      0.3003336787223816
    ],
    [
      0.28564485907554626,
      0.3298696279525757,
      0.30641964077949524,
      0.34996914863586426,
      0.25116854906082153,
      0.20881161093711853,
      0.28507864475250244,
      0.31500595808029175,
      0.24250289797782898,
      0.4809780418872833,
      0.30364006757736206,
      0.26300451159477234,
      0.36409488320350647,
      0.5975013375282288,
      0.3003336787223816,
      1.0
    ]
  ]
}