{
  "game_number": 280,
  "words": [
    "LITTLE",
    "MIDDLE",
    "POINTER",
    "RING",
    "AMBER",
    "PORTER",
    "SOUR",
    "STOUT",
    "BULLDOG",
    "FRY",
    "HORN",
    "KISS",
    "NEAT",
    "NIFTY",
    "SUPER",
    "SWELL"
  ],
  "adjacency_matrix": [
    [
      0.9999999403953552,
      0.38692790269851685,
      0.4198937714099884,
      0.34173598885536194,
      0.2906140983104706,
      0.25810056924819946,
      0.4315672814846039,
      0.4615645110607147,
      0.31507378816604614,
      0.26363056898117065,
      0.28572148084640503,
      0.31469056010246277,
      0.5468207597732544,
      0.46070876717567444,
      0.4121217131614685,
      0.4602433741092682
    ],
    [
      0.38692790269851685,
      1.0,
      0.31995856761932373,
      0.41569140553474426,
      0.29802608489990234,
      0.29766955971717834,
      0.3396981656551361,
      0.30656003952026367,
      0.25706201791763306,
      0.22596310079097748,
      0.35576561093330383,
      0.30156582593917847,
      0.3156965970993042,
      0.19496072828769684,
      0.4013932943344116,
      0.346435010433197
    ],
    [
      0.4198937714099884,
      0.31995856761932373,
      1.0,
      0.40712589025497437,
      0.3191330134868622,
      0.2316768318414688,
      0.2931796908378601,
      0.300916850566864,
      0.28706082701683044,
      0.1627918779850006,
      0.39362630248069763,
      0.27666807174682617,
      0.33550944924354553,
      0.3328585624694824,
      0.3033546209335327,
      0.3108345866203308
    ],
    [
      0.34173598885536194,
      0.41569140553474426,
      0.40712589025497437,
      1.0,
      0.32490262389183044,
      0.3032573163509369,
      0.2767525911331177,
      0.3221687078475952,
      0.34798678755760193,
      0.19396936893463135,
      0.45498988032341003,
      0.43812474608421326,
      0.29900020360946655,
      0.21642093360424042,
      0.38566407561302185,
      0.3902027904987335
    ],
    [
      0.2906140983104706,
      0.29802608489990234,
      0.3191330134868622,
      0.32490262389183044,
      1.0,
      0.2971530258655548,
      0.38551533222198486,
      0.3483816981315613,
      0.21445369720458984,
      0.20235638320446014,
      0.4272545874118805,
      0.2540128827095032,
      0.2300577610731125,
      0.19757656753063202,
      0.2894950211048126,
      0.2552020847797394
    ],
    [
      0.25810056924819946,
      0.29766955971717834,
      0.2316768318414688,
      0.3032573163509369,
      0.2971530258655548,
      1.0,
      0.28675025701522827,
      0.46555617451667786,
      0.35523736476898193,
      0.23112079501152039,
      0.36710602045059204,
      0.24927261471748352,
      0.19860869646072388,
      0.12785577774047852,
      0.2823623716831207,
      0.27617397904396057
    ],
    [
      0.4315672814846039,
      0.3396981656551361,
      0.2931796908378601,
      0.2767525911331177,
      0.38551533222198486,
      0.28675025701522827,
      1.0,
      0.3821248710155487,
      0.2574319541454315,
      0.2689887285232544,
      0.28388938307762146,
      0.36612468957901,
      0.3120107650756836,
      0.20279529690742493,
      0.2716091573238373,
      0.42362913489341736
    ],
    [
      0.4615645110607147,
      0.30656003952026367,
      0.300916850566864,
      0.3221687078475952,
      0.3483816981315613,
      0.46555617451667786,
      0.3821248710155487,
      1.0,
      0.4006529450416565,
      0.250343382358551,
      0.32823827862739563,
      0.27109068632125854,
      0.4873467981815338,
      0.33703145384788513,
      0.40929022431373596,
      0.42838993668556213
    ],
    [
      0.31507378816604614,
      0.25706201791763306,
      0.28706082701683044,
      0.34798678755760193,
      0.21445369720458984,
      0.35523736476898193,
      0.2574319541454315,
      0.4006529450416565,
      0.9999999403953552,
      0.18165509402751923,
      0.35660043358802795,
      0.3594058156013489,
      0.22073641419410706,
      0.23434633016586304,
      0.43959271907806396,
      0.29633158445358276
    ],
    [
      0.26363056898117065,
      0.22596310079097748,
      0.1627918779850006,
      0.19396936893463135,
      0.20235638320446014,
      0.23112079501152039,
      0.2689887285232544,
      0.250343382358551,
      0.18165509402751923,
      1.0,
      0.2552656829357147,
      0.27887970209121704,
      0.12144672125577927,
      0.15510736405849457,
      0.24462786316871643,
      0.3206678628921509
    ],
    [
      0.28572148084640503,
      0.35576561093330383,
      0.39362630248069763,
      0.45498988032341003,
      0.4272545874118805,
      0.36710602045059204,
      0.28388938307762146,
      0.32823827862739563,
      0.35660043358802795,
      0.2552656829357147,
      1.0,
      0.3241254687309265,
      0.18234869837760925,
      0.19819143414497375,
      0.2985846698284149,
      0.36495015025138855
    ],
    [
      0.31469056010246277,
      0.30156582593917847,
      0.27666807174682617,
      0.43812474608421326,
      0.2540128827095032,
      0.24927261471748352,
      0.36612468957901,
      0.27109068632125854,
      0.3594058156013489,
      0.27887970209121704,
      0.3241254687309265,
      1.0,
      0.2400672435760498,
      0.17968560755252838,
      0.2734273374080658,
      0.34919923543930054
    ],
    [
      0.5468207597732544,
      0.3156965970993042,
      0.33550944924354553,
      0.29900020360946655,
      0.2300577610731125,
      0.19860869646072388,
      0.3120107650756836,
      0.4873467981815338,
      0.22073641419410706,
      0.12144672125577927,
      0.18234869837760925,
      0.2400672435760498,
      1.0,
      0.6033249497413635,
      0.4521171450614929,
      0.37909629940986633
    ],
    [
      0.46070876717567444,
      0.19496072828769684,
      0.3328585624694824,
      0.21642093360424042,
      0.19757656753063202,
      0.12785577774047852,
      0.20279529690742493,
      0.33703145384788513,
      0.23434633016586304,
      0.15510736405849457,
      0.19819143414497375,
      0.17968560755252838,
      0.6033249497413635,
      1.0,
      0.4228270649909973,
      0.24809351563453674
    ],
    [
      0.4121217131614685,
      0.4013932943344116,
      0.3033546209335327,
      0.38566407561302185,
      0.2894950211048126,
      0.2823623716831207,
      0.2716091573238373,
      0.40929022431373596,
      0.43959271907806396,
      0.24462786316871643,
      0.2985846698284149,
      0.2734273374080658,
      0.4521171450614929,
      0.4228270649909973,
      1.0,
      0.3755485415458679
    ],
    [
      0.4602433741092682,
      0.346435010433197,
      0.3108345866203308,
      0.3902027904987335,
      0.2552020847797394,
      0.27617397904396057,
      0.42362913489341736,
      0.42838993668556213,
      0.29633158445358276,
      0.3206678628921509,
      0.36495015025138855,
      0.34919923543930054,
      0.37909629940986633,
      0.24809351563453674,
      0.3755485415458679,
      1.0
    ]
  ]
}