{
  "game_number": 201,
  "words": [
    "GAS",
    "INTERNET",
    "PHONE",
    "RENT",
    "DALMATIAN",
    "DIE",
    "DOMINO",
    "LADYBUG",
    "FIDDLER",
    "HERMIT",
    "HORSESHOE",
    "SPIDER",
    "ASSOCIATION",
    "GUILD",
    "LEAGUE",
    "UNION"
  ],
  "adjacency_matrix": [
    [
      0.9999999403953552,
      0.3749316930770874,
      0.3564665913581848,
      0.3885253071784973,
      0.2256971299648285,
      0.2688550353050232,
      0.20606498420238495,
      0.20230869948863983,
      0.23532679677009583,
      0.1776200830936432,
      0.31972596049308777,
      0.3096191883087158,
      0.2738422751426697,
      0.19324511289596558,
      0.2950213551521301,
      0.2726128101348877
    ],
    [
      0.3749316930770874,
      1.0,
      0.548231840133667,
      0.36028602719306946,
      0.29524126648902893,
      0.247650146484375,
      0.31871965527534485,
      0.25109627842903137,
      0.23808960616588593,
      0.258327841758728,
      0.22652576863765717,
      0.4026748239994049,
      0.38473814725875854,
      0.2968365550041199,
      0.3577934205532074,
      0.2756654918193817
    ],
    [
      0.3564665913581848,
      0.548231840133667,
      1.0,
      0.40506458282470703,
      0.20013241469860077,
      0.2860456109046936,
      0.2766989469528198,
      0.2958833575248718,
      0.27286165952682495,
      0.30095377564430237,
      0.23570607602596283,
      0.2818312644958496,
      0.2961603105068207,
      0.18650589883327484,
      0.3042188882827759,
      0.31106793880462646
    ],
    [
      0.3885253071784973,
      0.36028602719306946,
      0.40506458282470703,
      0.9999999403953552,
      0.23393365740776062,
      0.298450767993927,
      0.22826135158538818,
      0.18557614088058472,
      0.21078889071941376,
      0.26269999146461487,
      0.1850689798593521,
      0.24580731987953186,
      0.32867395877838135,
      0.2978843152523041,
      0.2899550795555115,
      0.2782030999660492
    ],
    [
      0.2256971299648285,
      0.29524126648902893,
      0.20013241469860077,
      0.23393365740776062,
      1.0,
      0.18265829980373383,
      0.35748156905174255,
      0.3912365138530731,
      0.29386472702026367,
      0.24751920998096466,
      0.3518950939178467,
      0.36733677983283997,
      0.24261410534381866,
      0.2659270465373993,
      0.23017066717147827,
      0.20982766151428223
    ],
    [
      0.2688550353050232,
      0.247650146484375,
      0.2860456109046936,
      0.298450767993927,
      0.18265829980373383,
      0.9999999403953552,
      0.31786057353019714,
      0.26252323389053345,
      0.23456282913684845,
      0.2799866497516632,
      0.20577473938465118,
      0.3106798827648163,
      0.24332723021507263,
      0.23743635416030884,
      0.19497990608215332,
      0.23638267815113068
    ],
    [
      0.20606498420238495,
      0.31871965527534485,
      0.2766989469528198,
      0.22826135158538818,
      0.35748156905174255,
      0.31786057353019714,
      1.0,
      0.31157687306404114,
      0.26330286264419556,
      0.2644464075565338,
      0.37673139572143555,
      0.3610008955001831,
      0.2893841862678528,
      0.2771882712841034,
      0.2640155851840973,
      0.2744615375995636
    ],
    [
      0.20230869948863983,
      0.25109627842903137,
      0.2958833575248718,
      0.18557614088058472,
      0.3912365138530731,
      0.26252323389053345,
      0.31157687306404114,
      1.0,
      0.33856746554374695,
      0.30298730731010437,
      0.36527225375175476,
      0.6019638776779175,
      0.22940021753311157,
      0.29747748374938965,
      0.20317979156970978,
      0.2430049180984497
    ],
    [
      0.23532679677009583,
      0.23808960616588593,
      0.27286165952682495,
      0.21078889071941376,
      0.29386472702026367,
      0.23456282913684845,
      0.26330286264419556,
      0.33856746554374695,
      1.0000001192092896,
      0.4490252435207367,
      0.39343705773353577,
      0.35253605246543884,
      0.3199852406978607,
      0.2881734073162079,
      0.2675378918647766,
      0.2763998210430145
    ],
    [
      0.1776200830936432,
      0.258327841758728,
      0.30095377564430237,
      0.26269999146461487,
      0.24751920998096466,
      0.2799866497516632,
      0.2644464075565338,
      0.30298730731010437,
      0.4490252435207367,
      1.0,
      0.24696414172649384,
      0.3459937274456024,
      0.20552878081798553,
      0.2691928446292877,
      0.21558208763599396,
      0.2054969221353531
    ],
    [
      0.31972596049308777,
      0.22652576863765717,
      0.23570607602596283,
      0.1850689798593521,
      0.3518950939178467,
      0.20577473938465118,
      0.37673139572143555,
      0.36527225375175476,
      0.39343705773353577,
      0.24696414172649384,
      1.0000001192092896,
      0.39358747005462646,
      0.30312472581863403,
      0.25734466314315796,
      0.3206338584423065,
      0.27446508407592773
    ],
    [
      0.3096191883087158,
      0.4026748239994049,
      0.2818312644958496,
      0.24580731987953186,
      0.36733677983283997,
      0.3106798827648163,
      0.3610008955001831,
      0.6019638776779175,
      0.35253605246543884,
      0.3459937274456024,
      0.39358747005462646,
      1.0,
      0.28125929832458496,
      0.326712965965271,
      0.23375961184501648,
      0.28429245948791504
    ],
    [
      0.2738422751426697,
      0.38473814725875854,
      0.2961603105068207,
      0.32867395877838135,
      0.24261410534381866,
      0.24332723021507263,
      0.2893841862678528,
      0.22940021753311157,
      0.3199852406978607,
      0.20552878081798553,
      0.30312472581863403,
      0.28125929832458496,
      1.0,
      0.5562958717346191,
      0.5335542559623718,
      0.588895320892334
    ],
    [
      0.19324511289596558,
      0.2968365550041199,
      0.18650589883327484,
      0.2978843152523041,
      0.2659270465373993,
      0.23743635416030884,
      0.2771882712841034,
      0.29747748374938965,
      0.2881734073162079,
      0.2691928446292877,
      0.25734466314315796,
      0.326712965965271,
      0.5562958717346191,
      1.0,
      0.4492698013782501,
      0.49341052770614624
    ],
    [
      0.2950213551521301,
      0.3577934205532074,
      0.3042188882827759,
      0.2899550795555115,
      0.23017066717147827,
      0.19497990608215332,
      0.2640155851840973,
      0.20317979156970978,
      0.2675378918647766,
      0.21558208763599396,
      0.3206338584423065,
      0.23375961184501648,
      0.5335542559623718,
      0.4492698013782501,
      1.0,
      0.5237240195274353
    ],
    [
      0.2726128101348877,
      0.2756654918193817,
      0.31106793880462646,
      0.2782030999660492,
      0.20982766151428223,
      0.23638267815113068,
      0.2744615375995636,
      0.2430049180984497,
      0.2763998210430145,
      0.2054969221353531,
      0.27446508407592773,
      0.28429245948791504,
      0.588895320892334,
      0.49341052770614624,
      0.5237240195274353,
      1.0
    ]
  ]
}