{
  "game_number": 456,
  "words": [
    "BUFFER",
    "CUSHION",
    "PAD",
    "SHIELD",
    "CAPSULE",
    "CREAM",
    "SYRUP",
    "TABLET",
    "COAT",
    "GREEN",
    "POD",
    "SOUP",
    "BILL",
    "CHECK",
    "INVOICE",
    "TAB"
  ],
  "adjacency_matrix": [
    [
      1.0,
      0.5011930465698242,
      0.4593488276004791,
      0.39712706208229065,
      0.38892295956611633,
      0.319017231464386,
      0.242842897772789,
      0.35040467977523804,
      0.32552459836006165,
      0.3794359266757965,
      0.2690567076206207,
      0.36482322216033936,
      0.29828524589538574,
      0.40202006697654724,
      0.23959249258041382,
      0.3340817093849182
    ],
    [
      0.5011930465698242,
      1.0,
      0.5419426560401917,
      0.5039042830467224,
      0.40798044204711914,
      0.3794330954551697,
      0.24132220447063446,
      0.33185961842536926,
      0.41488122940063477,
      0.3600805103778839,
      0.2960200905799866,
      0.3317006230354309,
      0.3379073739051819,
      0.3374103605747223,
      0.2451516091823578,
      0.2920396327972412
    ],
    [
      0.4593488276004791,
      0.5419426560401917,
      0.9999999403953552,
      0.451568603515625,
      0.5433757305145264,
      0.3368639647960663,
      0.2535082995891571,
      0.47788694500923157,
      0.3958125412464142,
      0.3342568576335907,
      0.3844856917858124,
      0.3393995463848114,
      0.31987181305885315,
      0.39516276121139526,
      0.2707064151763916,
      0.4007731080055237
    ],
    [
      0.39712706208229065,
      0.5039042830467224,
      0.451568603515625,
      1.0,
      0.4277558922767639,
      0.3291236460208893,
      0.231586292386055,
      0.4105769395828247,
      0.5359857678413391,
      0.436099648475647,
      0.31934481859207153,
      0.28037118911743164,
      0.3727143108844757,
      0.3626929521560669,
      0.2853067219257355,
      0.37469959259033203
    ],
    [
      0.38892295956611633,
      0.40798044204711914,
      0.5433757305145264,
      0.4277558922767639,
      1.0,
      0.3709860146045685,
      0.354808509349823,
      0.5434332489967346,
      0.4202594757080078,
      0.3158617615699768,
      0.519655704498291,
      0.36843863129615784,
      0.28665590286254883,
      0.2770954668521881,
      0.2997628152370453,
      0.3433999717235565
    ],
    [
      0.319017231464386,
      0.3794330954551697,
      0.3368639647960663,
      0.3291236460208893,
      0.3709860146045685,
      1.0,
      0.4814484715461731,
      0.4091567397117615,
      0.4356490969657898,
      0.4186635911464691,
      0.2887607514858246,
      0.4244142472743988,
      0.2893317639827728,
      0.2552882432937622,
      0.2900729775428772,
      0.2599647641181946
    ],
    [
      0.242842897772789,
      0.24132220447063446,
      0.2535082995891571,
      0.231586292386055,
      0.354808509349823,
      0.4814484715461731,
      1.0,
      0.40882450342178345,
      0.3340623080730438,
      0.2712279260158539,
      0.20779810845851898,
      0.4401867389678955,
      0.23576202988624573,
      0.16046541929244995,
      0.24034053087234497,
      0.20978257060050964
    ],
    [
      0.35040467977523804,
      0.33185961842536926,
      0.47788694500923157,
      0.4105769395828247,
      0.5434332489967346,
      0.4091567397117615,
      0.40882450342178345,
      0.9999999403953552,
      0.3475920855998993,
      0.30033254623413086,
      0.27368536591529846,
      0.3597782552242279,
      0.3331894278526306,
      0.2673596739768982,
      0.3355187773704529,
      0.3586241900920868
    ],
    [
      0.32552459836006165,
      0.41488122940063477,
      0.3958125412464142,
      0.5359857678413391,
      0.4202594757080078,
      0.4356490969657898,
      0.3340623080730438,
      0.3475920855998993,
      1.0,
      0.43739500641822815,
      0.30950260162353516,
      0.43581804633140564,
      0.3445618748664856,
      0.3222610652446747,
      0.37700140476226807,
      0.2954542934894562
    ],
    [
      0.3794359266757965,
      0.3600805103778839,
      0.3342568576335907,
      0.436099648475647,
      0.3158617615699768,
      0.4186635911464691,
      0.2712279260158539,
      0.30033254623413086,
      0.43739500641822815,
      1.0,
      0.36041259765625,
      0.3724468946456909,
      0.3057977259159088,
      0.2846091389656067,
      0.3313390016555786,
      0.32893386483192444
    ],
    [
      0.2690567076206207,
      0.2960200905799866,
      0.3844856917858124,
      0.31934481859207153,
      0.519655704498291,
      0.2887607514858246,
      0.20779810845851898,
      0.27368536591529846,
      0.30950260162353516,
      0.36041259765625,
      1.0,
      0.3469909131526947,
      0.22231590747833252,
      0.18024271726608276,
      0.25568991899490356,
      0.24204768240451813
    ],
    [
      0.36482322216033936,
      0.3317006230354309,
      0.3393995463848114,
      0.28037118911743164,
      0.36843863129615784,
      0.4244142472743988,
      0.4401867389678955,
      0.3597782552242279,
      0.43581804633140564,
      0.3724468946456909,
      0.3469909131526947,
      1.0,
      0.24022608995437622,
      0.2482438087463379,
      0.2815206050872803,
      0.2319924384355545
    ],
    [
      0.29828524589538574,
      0.3379073739051819,
      0.31987181305885315,
      0.3727143108844757,
      0.28665590286254883,
      0.2893317639827728,
      0.23576202988624573,
      0.3331894278526306,
      0.3445618748664856,
      0.3057977259159088,
      0.22231590747833252,
      0.24022608995437622,
      1.0,
      0.36031773686408997,
      0.5173972249031067,
      0.39044100046157837
    ],
    [
      0.40202006697654724,
      0.3374103605747223,
      0.39516276121139526,
      0.3626929521560669,
      0.2770954668521881,
      0.2552882432937622,
      0.16046541929244995,
      0.2673596739768982,
      0.3222610652446747,
      0.2846091389656067,
      0.18024271726608276,
      0.2482438087463379,
      0.36031773686408997,
      1.0,
      0.4683004319667816,
      0.4687270522117615
    ],
    [
      0.23959249258041382,
      0.2451516091823578,
      0.2707064151763916,
      0.2853067219257355,
      0.2997628152370453,
      0.2900729775428772,
      0.24034053087234497,
      0.3355187773704529,
      0.37700140476226807,
      0.3313390016555786,
      0.25568991899490356,
      0.2815206050872803,
      0.5173972249031067,
      0.4683004319667816,
      1.0000001192092896,
      0.3565325140953064
    ],
    [
      0.3340817093849182,
      0.2920396327972412,
      0.4007731080055237,
      0.37469959259033203,
      0.3433999717235565,
      0.2599647641181946,
      0.20978257060050964,
      0.3586241900920868,
      0.2954542934894562,
      0.32893386483192444,
      0.24204768240451813,
      0.2319924384355545,
      0.39044100046157837,
      0.4687270522117615,
      0.3565325140953064,
      0.9999999403953552
    ]
  ]
}