{
  "game_number": 22,
  "words": [
    "COPY",
    "ECHO",
    "MIRROR",
    "PARROT",
    "CRICKET",
    "GOLF",
    "POLO",
    "SQUASH",
    "BUG",
    "CRAZE",
    "FAD",
    "FEVER",
    "BEETLE",
    "BIRD",
    "GORILLA",
    "MONKEY"
  ],
  "adjacency_matrix": [
    [
      1.0,
      0.3697930574417114,
      0.5150105953216553,
      0.344346284866333,
      0.26574796438217163,
      0.20404814183712006,
      0.21245811879634857,
      0.31319427490234375,
      0.38428887724876404,
      0.25565049052238464,
      0.14620579779148102,
      0.21888339519500732,
      0.25845950841903687,
      0.2786232531070709,
      0.2704925537109375,
      0.3409344553947449
    ],
    [
      0.3697930574417114,
      1.0,
      0.430167019367218,
      0.3642072379589081,
      0.20453707873821259,
      0.15847621858119965,
      0.12040095776319504,
      0.2727556824684143,
      0.31848931312561035,
      0.27914807200431824,
      0.2262236475944519,
      0.27962878346443176,
      0.2052442580461502,
      0.27255141735076904,
      0.20737379789352417,
      0.24918580055236816
    ],
    [
      0.5150105953216553,
      0.430167019367218,
      1.0,
      0.354301393032074,
      0.28733134269714355,
      0.27769824862480164,
      0.19274720549583435,
      0.32377707958221436,
      0.32260462641716003,
      0.3632522523403168,
      0.25139832496643066,
      0.16485945880413055,
      0.29402682185173035,
      0.3160606920719147,
      0.3023765981197357,
      0.38664162158966064
    ],
    [
      0.344346284866333,
      0.3642072379589081,
      0.354301393032074,
      1.0,
      0.34516575932502747,
      0.23842690885066986,
      0.21396726369857788,
      0.31664323806762695,
      0.4188729524612427,
      0.2886061370372772,
      0.28361624479293823,
      0.27598363161087036,
      0.4118092358112335,
      0.6374028325080872,
      0.4646047055721283,
      0.5955865383148193
    ],
    [
      0.26574796438217163,
      0.20453707873821259,
      0.28733134269714355,
      0.34516575932502747,
      0.9999999403953552,
      0.521303653717041,
      0.485477477312088,
      0.5043285489082336,
      0.3888222277164459,
      0.37071898579597473,
      0.24899187684059143,
      0.35596299171447754,
      0.4070080816745758,
      0.4299409091472626,
      0.26112058758735657,
      0.3885310888290405
    ],
    [
      0.20404814183712006,
      0.15847621858119965,
      0.27769824862480164,
      0.23842690885066986,
      0.521303653717041,
      1.0,
      0.513572633266449,
      0.43168574571609497,
      0.2682970464229584,
      0.3570495545864105,
      0.2991569936275482,
      0.26435360312461853,
      0.2729858458042145,
      0.3125703036785126,
      0.1858716905117035,
      0.30515697598457336
    ],
    [
      0.21245811879634857,
      0.12040095776319504,
      0.19274720549583435,
      0.21396726369857788,
      0.485477477312088,
      0.513572633266449,
      0.9999999403953552,
      0.4816868305206299,
      0.3201289474964142,
      0.31477609276771545,
      0.24748843908309937,
      0.2960962653160095,
      0.2886013090610504,
      0.2593627870082855,
      0.30485543608665466,
      0.2813912630081177
    ],
    [
      0.31319427490234375,
      0.2727556824684143,
      0.32377707958221436,
      0.31664323806762695,
      0.5043285489082336,
      0.43168574571609497,
      0.4816868305206299,
      1.0,
      0.4608496129512787,
      0.39564013481140137,
      0.21434950828552246,
      0.31172123551368713,
      0.3610939085483551,
      0.35549095273017883,
      0.2804586589336395,
      0.36094239354133606
    ],
    [
      0.38428887724876404,
      0.31848931312561035,
      0.32260462641716003,
      0.4188729524612427,
      0.3888222277164459,
      0.2682970464229584,
      0.3201289474964142,
      0.4608496129512787,
      0.9999999403953552,
      0.4594878554344177,
      0.33632761240005493,
      0.41957923769950867,
      0.5755369067192078,
      0.43206509947776794,
      0.3373227119445801,
      0.4219113290309906
    ],
    [
      0.25565049052238464,
      0.27914807200431824,
      0.3632522523403168,
      0.2886061370372772,
      0.37071898579597473,
      0.3570495545864105,
      0.31477609276771545,
      0.39564013481140137,
      0.4594878554344177,
      1.0,
      0.772652804851532,
      0.48060086369514465,
      0.3320523202419281,
      0.33268406987190247,
      0.2994397282600403,
      0.3704095780849457
    ],
    [
      0.14620579779148102,
      0.2262236475944519,
      0.25139832496643066,
      0.28361624479293823,
      0.24899187684059143,
      0.2991569936275482,
      0.24748843908309937,
      0.21434950828552246,
      0.33632761240005493,
      0.772652804851532,
      1.0,
      0.36168578267097473,
      0.16896070539951324,
      0.2587817311286926,
      0.24294929206371307,
      0.27765047550201416
    ],
    [
      0.21888339519500732,
      0.27962878346443176,
      0.16485945880413055,
      0.27598363161087036,
      0.35596299171447754,
      0.26435360312461853,
      0.2960962653160095,
      0.31172123551368713,
      0.41957923769950867,
      0.48060086369514465,
      0.36168578267097473,
      1.0,
      0.31287768483161926,
      0.3250037133693695,
      0.2915533781051636,
      0.3385140001773834
    ],
    [
      0.25845950841903687,
      0.2052442580461502,
      0.29402682185173035,
      0.4118092358112335,
      0.4070080816745758,
      0.2729858458042145,
      0.2886013090610504,
      0.3610939085483551,
      0.5755369067192078,
      0.3320523202419281,
      0.16896070539951324,
      0.31287768483161926,
      1.0,
      0.5085670948028564,
      0.3772869408130646,
      0.4394679665565491
    ],
    [
      0.2786232531070709,
      0.27255141735076904,
      0.3160606920719147,
      0.6374028325080872,
      0.4299409091472626,
      0.3125703036785126,
      0.2593627870082855,
      0.35549095273017883,
      0.43206509947776794,
      0.33268406987190247,
      0.2587817311286926,
      0.3250037133693695,
      0.5085670948028564,
      1.0,
      0.4211476147174835,
      0.5230376124382019
    ],
    [
      0.2704925537109375,
      0.20737379789352417,
      0.3023765981197357,
      0.4646047055721283,
      0.26112058758735657,
      0.1858716905117035,
      0.30485543608665466,
      0.2804586589336395,
      0.3373227119445801,
      0.2994397282600403,
      0.24294929206371307,
      0.2915533781051636,
      0.3772869408130646,
      0.4211476147174835,
      1.0,
      0.639325737953186
    ],
    [
      0.3409344553947449,
      0.24918580055236816,
      0.38664162158966064,
      0.5955865383148193,
      0.3885310888290405,
      0.30515697598457336,
      0.2813912630081177,
      0.36094239354133606,
      0.4219113290309906,
      0.3704095780849457,
      0.27765047550201416,
      0.3385140001773834,
      0.4394679665565491,
      0.5230376124382019,
      0.639325737953186,
      0.9999999403953552
    ]
  ]
}