{
  "game_number": 602,
  "words": [
    "ACRYLIC",
    "OIL",
    "TEMPERA",
    "WATERCOLOR",
    "FALAFEL",
    "KATSU",
    "SAMOSA",
    "SCHNITZEL",
    "DIM",
    "NICK",
    "PEN",
    "QUART",
    "AUNT",
    "COUSIN",
    "MOTHER",
    "NEPHEW"
  ],
  "adjacency_matrix": [
    [
      0.9999999403953552,
      0.49766796827316284,
      0.5785863995552063,
      0.5931635499000549,
      0.2594038248062134,
      0.21911464631557465,
      0.2576197385787964,
      0.2189137190580368,
      0.19125571846961975,
      0.2798613905906677,
      0.3997983932495117,
      0.2557525038719177,
      0.1614692360162735,
      0.2003096044063568,
      0.22071035206317902,
      0.10112061351537704
    ],
    [
      0.49766796827316284,
      1.0,
      0.522017776966095,
      0.4708056151866913,
      0.30026453733444214,
      0.2106250673532486,
      0.31982436776161194,
      0.2088630199432373,
      0.180617555975914,
      0.23624739050865173,
      0.31696054339408875,
      0.3097195625305176,
      0.17771263420581818,
      0.26518744230270386,
      0.27243489027023315,
      0.17049165070056915
    ],
    [
      0.5785863995552063,
      0.522017776966095,
      1.0,
      0.6635451316833496,
      0.2041187286376953,
      0.26769837737083435,
      0.36761096119880676,
      0.2737179100513458,
      0.18607652187347412,
      0.2485641986131668,
      0.37259095907211304,
      0.3194548189640045,
      0.19906866550445557,
      0.18741895258426666,
      0.2456657886505127,
      0.12697316706180573
    ],
    [
      0.5931635499000549,
      0.4708056151866913,
      0.6635451316833496,
      1.0,
      0.16326850652694702,
      0.2456381767988205,
      0.24172164499759674,
      0.22067493200302124,
      0.1543739140033722,
      0.18812310695648193,
      0.4479937255382538,
      0.24904268980026245,
      0.2363143265247345,
      0.2541663944721222,
      0.2492021769285202,
      0.21105100214481354
    ],
    [
      0.2594038248062134,
      0.30026453733444214,
      0.2041187286376953,
      0.16326850652694702,
      0.9999999403953552,
      0.3278447985649109,
      0.5165624618530273,
      0.5472809672355652,
      0.21783627569675446,
      0.3065634071826935,
      0.1793096959590912,
      0.2608458697795868,
      0.2194727659225464,
      0.29397162795066833,
      0.23971371352672577,
      0.22026307880878448
    ],
    [
      0.21911464631557465,
      0.2106250673532486,
      0.26769837737083435,
      0.2456381767988205,
      0.3278447985649109,
      1.0,
      0.5081097483634949,
      0.4593183994293213,
      0.14030003547668457,
      0.30115821957588196,
      0.207546204328537,
      0.13393263518810272,
      0.227166548371315,
      0.23183566331863403,
      0.23738014698028564,
      0.15753808617591858
    ],
    [
      0.2576197385787964,
      0.31982436776161194,
      0.36761096119880676,
      0.24172164499759674,
      0.5165624618530273,
      0.5081097483634949,
      1.0,
      0.5187634825706482,
      0.23037125170230865,
      0.3557848036289215,
      0.278237909078598,
      0.29709818959236145,
      0.27292877435684204,
      0.32463428378105164,
      0.3298817574977875,
      0.2515818476676941
    ],
    [
      0.2189137190580368,
      0.2088630199432373,
      0.2737179100513458,
      0.22067493200302124,
      0.5472809672355652,
      0.4593183994293213,
      0.5187634825706482,
      0.9999999403953552,
      0.20756830275058746,
      0.36066970229148865,
      0.2779882252216339,
      0.34569284319877625,
      0.24328362941741943,
      0.30746808648109436,
      0.27006658911705017,
      0.23276463150978088
    ],
    [
      0.19125571846961975,
      0.180617555975914,
      0.18607652187347412,
      0.1543739140033722,
      0.21783627569675446,
      0.14030003547668457,
      0.23037125170230865,
      0.20756830275058746,
      1.0,
      0.332226037979126,
      0.21693406999111176,
      0.2357892394065857,
      0.20135252177715302,
      0.19818033277988434,
      0.1923283189535141,
      0.1480926126241684
    ],
    [
      0.2798613905906677,
      0.23624739050865173,
      0.2485641986131668,
      0.18812310695648193,
      0.3065634071826935,
      0.30115821957588196,
      0.3557848036289215,
      0.36066970229148865,
      0.332226037979126,
      1.0,
      0.47223591804504395,
      0.2524086833000183,
      0.35749319195747375,
      0.405032753944397,
      0.4013751745223999,
      0.3324110507965088
    ],
    [
      0.3997983932495117,
      0.31696054339408875,
      0.37259095907211304,
      0.4479937255382538,
      0.1793096959590912,
      0.207546204328537,
      0.278237909078598,
      0.2779882252216339,
      0.21693406999111176,
      0.47223591804504395,
      1.0000001192092896,
      0.30937016010284424,
      0.2652955651283264,
      0.2634581923484802,
      0.30284950137138367,
      0.2402167022228241
    ],
    [
      0.2557525038719177,
      0.3097195625305176,
      0.3194548189640045,
      0.24904268980026245,
      0.2608458697795868,
      0.13393263518810272,
      0.29709818959236145,
      0.34569284319877625,
      0.2357892394065857,
      0.2524086833000183,
      0.30937016010284424,
      1.0,
      0.1703607738018036,
      0.1887875348329544,
      0.21709033846855164,
      0.14333318173885345
    ],
    [
      0.1614692360162735,
      0.17771263420581818,
      0.19906866550445557,
      0.2363143265247345,
      0.2194727659225464,
      0.227166548371315,
      0.27292877435684204,
      0.24328362941741943,
      0.20135252177715302,
      0.35749319195747375,
      0.2652955651283264,
      0.1703607738018036,
      1.0,
      0.7730749845504761,
      0.7320221662521362,
      0.7510735988616943
    ],
    [
      0.2003096044063568,
      0.26518744230270386,
      0.18741895258426666,
      0.2541663944721222,
      0.29397162795066833,
      0.23183566331863403,
      0.32463428378105164,
      0.30746808648109436,
      0.19818033277988434,
      0.405032753944397,
      0.2634581923484802,
      0.1887875348329544,
      0.7730749845504761,
      1.0,
      0.6878599524497986,
      0.8211066722869873
    ],
    [
      0.22071035206317902,
      0.27243489027023315,
      0.2456657886505127,
      0.2492021769285202,
      0.23971371352672577,
      0.23738014698028564,
      0.3298817574977875,
      0.27006658911705017,
      0.1923283189535141,
      0.4013751745223999,
      0.30284950137138367,
      0.21709033846855164,
      0.7320221662521362,
      0.6878599524497986,
      0.9999999403953552,
      0.6498602032661438
    ],
    [
      0.10112061351537704,
      0.17049165070056915,
      0.12697316706180573,
      0.21105100214481354,
      0.22026307880878448,
      0.15753808617591858,
      0.2515818476676941,
      0.23276463150978088,
      0.1480926126241684,
      0.3324110507965088,
      0.2402167022228241,
      0.14333318173885345,
      0.7510735988616943,
      0.8211066722869873,
      0.6498602032661438,
      1.0
    ]
  ]
}