{
  "game_number": 84,
  "words": [
    "HEAL",
    "KNIT",
    "MEND",
    "RECOVER",
    "BESIDES",
    "BUT",
    "EXCEPT",
    "SAVE",
    "CUPS",
    "PENTACLES",
    "SWORDS",
    "WANDS",
    "CHORAL",
    "OPEL",
    "PURL",
    "QUARTS"
  ],
  "adjacency_matrix": [
    [
      1.0,
      0.3334524929523468,
      0.5947153568267822,
      0.6181405782699585,
      0.1470390409231186,
      0.28250059485435486,
      0.20564737915992737,
      0.4214692711830139,
      0.17983117699623108,
      0.19189956784248352,
      0.23817650973796844,
      0.27936726808547974,
      0.1943078488111496,
      0.29498201608657837,
      0.2578211724758148,
      0.22291895747184753
    ],
    [
      0.3334524929523468,
      0.9999999403953552,
      0.42973729968070984,
      0.26061999797821045,
      0.17092718183994293,
      0.24471940100193024,
      0.2068541795015335,
      0.2675018310546875,
      0.20537099242210388,
      0.2121955156326294,
      0.27755969762802124,
      0.2755305767059326,
      0.3068253695964813,
      0.2737453579902649,
      0.5651370882987976,
      0.18210886418819427
    ],
    [
      0.5947153568267822,
      0.42973729968070984,
      1.0000001192092896,
      0.5143714547157288,
      0.3178527057170868,
      0.326484352350235,
      0.2758888602256775,
      0.43391144275665283,
      0.16438880562782288,
      0.2450922429561615,
      0.2222588211297989,
      0.25917139649391174,
      0.15117457509040833,
      0.2859126031398773,
      0.40463441610336304,
      0.23820489645004272
    ],
    [
      0.6181405782699585,
      0.26061999797821045,
      0.5143714547157288,
      1.0,
      0.2033509463071823,
      0.36299726366996765,
      0.2876865565776825,
      0.5738556981086731,
      0.19553907215595245,
      0.22537781298160553,
      0.198079451918602,
      0.2180815041065216,
      0.1867508590221405,
      0.3817916214466095,
      0.29034748673439026,
      0.2641656994819641
    ],
    [
      0.1470390409231186,
      0.17092718183994293,
      0.3178527057170868,
      0.2033509463071823,
      0.9999999403953552,
      0.5692780017852783,
      0.6282984018325806,
      0.45783090591430664,
      0.26114270091056824,
      0.45754432678222656,
      0.2815130054950714,
      0.3143095076084137,
      0.23562629520893097,
      0.3562173843383789,
      0.26088252663612366,
      0.27161815762519836
    ],
    [
      0.28250059485435486,
      0.24471940100193024,
      0.326484352350235,
      0.36299726366996765,
      0.5692780017852783,
      0.9999999403953552,
      0.6170987486839294,
      0.4401373267173767,
      0.2059127539396286,
      0.2574025094509125,
      0.2350149005651474,
      0.20380891859531403,
      0.20141814649105072,
      0.320435106754303,
      0.26847004890441895,
      0.2697480320930481
    ],
    [
      0.20564737915992737,
      0.2068541795015335,
      0.2758888602256775,
      0.2876865565776825,
      0.6282984018325806,
      0.6170987486839294,
      1.0000001192092896,
      0.49438995122909546,
      0.19410395622253418,
      0.38905152678489685,
      0.22905988991260529,
      0.3054502308368683,
      0.21544525027275085,
      0.36882221698760986,
      0.24745167791843414,
      0.2856365442276001
    ],
    [
      0.4214692711830139,
      0.2675018310546875,
      0.43391144275665283,
      0.5738556981086731,
      0.45783090591430664,
      0.4401373267173767,
      0.49438995122909546,
      1.0,
      0.18062946200370789,
      0.2929132878780365,
      0.20565913617610931,
      0.26995450258255005,
      0.2286783903837204,
      0.4724387228488922,
      0.34646642208099365,
      0.24705417454242706
    ],
    [
      0.17983117699623108,
      0.20537099242210388,
      0.16438880562782288,
      0.19553907215595245,
      0.26114270091056824,
      0.2059127539396286,
      0.19410395622253418,
      0.18062946200370789,
      1.0,
      0.4030921161174774,
      0.3751201927661896,
      0.40062686800956726,
      0.21702024340629578,
      0.2447606325149536,
      0.3115558326244354,
      0.5264214873313904
    ],
    [
      0.19189956784248352,
      0.2121955156326294,
      0.2450922429561615,
      0.22537781298160553,
      0.45754432678222656,
      0.2574025094509125,
      0.38905152678489685,
      0.2929132878780365,
      0.4030921161174774,
      1.0,
      0.46637430787086487,
      0.47593387961387634,
      0.2376403659582138,
      0.3507750928401947,
      0.27288296818733215,
      0.2751542031764984
    ],
    [
      0.23817650973796844,
      0.27755969762802124,
      0.2222588211297989,
      0.198079451918602,
      0.2815130054950714,
      0.2350149005651474,
      0.22905988991260529,
      0.20565913617610931,
      0.3751201927661896,
      0.46637430787086487,
      0.9999999403953552,
      0.562095046043396,
      0.24616442620754242,
      0.22086463868618011,
      0.31292369961738586,
      0.2566669285297394
    ],
    [
      0.27936726808547974,
      0.2755305767059326,
      0.25917139649391174,
      0.2180815041065216,
      0.3143095076084137,
      0.20380891859531403,
      0.3054502308368683,
      0.26995450258255005,
      0.40062686800956726,
      0.47593387961387634,
      0.562095046043396,
      0.9999999403953552,
      0.26763927936553955,
      0.34035155177116394,
      0.39504513144493103,
      0.2836075723171234
    ],
    [
      0.1943078488111496,
      0.3068253695964813,
      0.15117457509040833,
      0.1867508590221405,
      0.23562629520893097,
      0.20141814649105072,
      0.21544525027275085,
      0.2286783903837204,
      0.21702024340629578,
      0.2376403659582138,
      0.24616442620754242,
      0.26763927936553955,
      1.0,
      0.26955559849739075,
      0.27464109659194946,
      0.19051869213581085
    ],
    [
      0.29498201608657837,
      0.2737453579902649,
      0.2859126031398773,
      0.3817916214466095,
      0.3562173843383789,
      0.320435106754303,
      0.36882221698760986,
      0.4724387228488922,
      0.2447606325149536,
      0.3507750928401947,
      0.22086463868618011,
      0.34035155177116394,
      0.26955559849739075,
      1.0000001192092896,
      0.4348023235797882,
      0.33060353994369507
    ],
    [
      0.2578211724758148,
      0.5651370882987976,
      0.40463441610336304,
      0.29034748673439026,
      0.26088252663612366,
      0.26847004890441895,
      0.24745167791843414,
      0.34646642208099365,
      0.3115558326244354,
      0.27288296818733215,
      0.31292369961738586,
      0.39504513144493103,
      0.27464109659194946,
      0.4348023235797882,
      1.0,
      0.2657279670238495
    ],
    [
      0.22291895747184753,
      0.18210886418819427,
      0.23820489645004272,
      0.2641656994819641,
      0.27161815762519836,
      0.2697480320930481,
      0.2856365442276001,
      0.24705417454242706,
      0.5264214873313904,
      0.2751542031764984,
      0.2566669285297394,
      0.2836075723171234,
      0.19051869213581085,
      0.33060353994369507,
      0.2657279670238495,
      1.0
    ]
  ]
}