{
  "game_number": 597,
  "words": [
    "GLOBE",
    "JOURNAL",
    "POST",
    "SUN",
    "ASTEROID",
    "COMET",
    "MOON",
    "PLANET",
    "LYME",
    "MELLON",
    "PAIR",
    "PLUMB",
    "MITE",
    "SCORPION",
    "SPIDER",
    "TICK"
  ],
  "adjacency_matrix": [
    [
      0.9999999403953552,
      0.2280987799167633,
      0.27558764815330505,
      0.3986150324344635,
      0.30516719818115234,
      0.30371588468551636,
      0.46760261058807373,
      0.6184952259063721,
      0.22588588297367096,
      0.30923062562942505,
      0.25455108284950256,
      0.33648818731307983,
      0.2102055847644806,
      0.2835007309913635,
      0.3365848660469055,
      0.32294324040412903
    ],
    [
      0.2280987799167633,
      1.0,
      0.3845095634460449,
      0.20249558985233307,
      0.2718057334423065,
      0.19197435677051544,
      0.27121084928512573,
      0.2892747223377228,
      0.1839890331029892,
      0.2520339787006378,
      0.32846352458000183,
      0.22247062623500824,
      0.20275619626045227,
      0.20484769344329834,
      0.3054366111755371,
      0.16999806463718414
    ],
    [
      0.27558764815330505,
      0.3845095634460449,
      0.9999999403953552,
      0.20997197926044464,
      0.19728074967861176,
      0.2511710524559021,
      0.2141033411026001,
      0.26147958636283875,
      0.22379644215106964,
      0.2542840838432312,
      0.36613839864730835,
      0.3696695864200592,
      0.22825129330158234,
      0.2673523426055908,
      0.3104674518108368,
      0.3828987181186676
    ],
    [
      0.3986150324344635,
      0.20249558985233307,
      0.20997197926044464,
      1.0,
      0.33884963393211365,
      0.3189597427845001,
      0.6621444821357727,
      0.4821038246154785,
      0.23438438773155212,
      0.39540284872055054,
      0.30848634243011475,
      0.3090755045413971,
      0.2855750620365143,
      0.4174167513847351,
      0.3364575505256653,
      0.25424566864967346
    ],
    [
      0.30516719818115234,
      0.2718057334423065,
      0.19728074967861176,
      0.33884963393211365,
      1.0,
      0.5327799320220947,
      0.5020821690559387,
      0.6070739030838013,
      0.20141151547431946,
      0.26406094431877136,
      0.2501726746559143,
      0.18385779857635498,
      0.2645205557346344,
      0.3270723819732666,
      0.40705379843711853,
      0.19502639770507812
    ],
    [
      0.30371588468551636,
      0.19197435677051544,
      0.2511710524559021,
      0.3189597427845001,
      0.5327799320220947,
      1.0,
      0.47283270955085754,
      0.4231264591217041,
      0.09198031574487686,
      0.1300162672996521,
      0.22679123282432556,
      0.13291992247104645,
      0.24578550457954407,
      0.3634387254714966,
      0.2800012528896332,
      0.24064496159553528
    ],
    [
      0.46760261058807373,
      0.27121084928512573,
      0.2141033411026001,
      0.6621444821357727,
      0.5020821690559387,
      0.47283270955085754,
      1.0,
      0.6212912797927856,
      0.22871556878089905,
      0.41682589054107666,
      0.3248932659626007,
      0.30318233370780945,
      0.27980923652648926,
      0.36706870794296265,
      0.37172645330429077,
      0.2803778052330017
    ],
    [
      0.6184952259063721,
      0.2892747223377228,
      0.26147958636283875,
      0.4821038246154785,
      0.6070739030838013,
      0.4231264591217041,
      0.6212912797927856,
      1.0,
      0.27026063203811646,
      0.2982386350631714,
      0.30842193961143494,
      0.254890114068985,
      0.24953366816043854,
      0.34124162793159485,
      0.37589243054389954,
      0.2855165898799896
    ],
    [
      0.22588588297367096,
      0.1839890331029892,
      0.22379644215106964,
      0.23438438773155212,
      0.20141151547431946,
      0.09198031574487686,
      0.22871556878089905,
      0.27026063203811646,
      0.9999999403953552,
      0.4418894648551941,
      0.22064965963363647,
      0.2028282880783081,
      0.28320589661598206,
      0.29066693782806396,
      0.29027068614959717,
      0.29605594277381897
    ],
    [
      0.30923062562942505,
      0.2520339787006378,
      0.2542840838432312,
      0.39540284872055054,
      0.26406094431877136,
      0.1300162672996521,
      0.41682589054107666,
      0.2982386350631714,
      0.4418894648551941,
      0.9999999403953552,
      0.38461005687713623,
      0.34921377897262573,
      0.3605138063430786,
      0.3763890266418457,
      0.36998724937438965,
      0.29040059447288513
    ],
    [
      0.25455108284950256,
      0.32846352458000183,
      0.36613839864730835,
      0.30848634243011475,
      0.2501726746559143,
      0.22679123282432556,
      0.3248932659626007,
      0.30842193961143494,
      0.22064965963363647,
      0.38461005687713623,
      1.0,
      0.3189541697502136,
      0.25707128643989563,
      0.3300566077232361,
      0.3619800806045532,
      0.2870185375213623
    ],
    [
      0.33648818731307983,
      0.22247062623500824,
      0.3696695864200592,
      0.3090755045413971,
      0.18385779857635498,
      0.13291992247104645,
      0.30318233370780945,
      0.254890114068985,
      0.2028282880783081,
      0.34921377897262573,
      0.3189541697502136,
      1.0,
      0.2437155693769455,
      0.2394232600927353,
      0.3381006419658661,
      0.2993800640106201
    ],
    [
      0.2102055847644806,
      0.20275619626045227,
      0.22825129330158234,
      0.2855750620365143,
      0.2645205557346344,
      0.24578550457954407,
      0.27980923652648926,
      0.24953366816043854,
      0.28320589661598206,
      0.3605138063430786,
      0.25707128643989563,
      0.2437155693769455,
      1.0,
      0.4318390488624573,
      0.4236392378807068,
      0.42573991417884827
    ],
    [
      0.2835007309913635,
      0.20484769344329834,
      0.2673523426055908,
      0.4174167513847351,
      0.3270723819732666,
      0.3634387254714966,
      0.36706870794296265,
      0.34124162793159485,
      0.29066693782806396,
      0.3763890266418457,
      0.3300566077232361,
      0.2394232600927353,
      0.4318390488624573,
      1.0,
      0.643645703792572,
      0.38167741894721985
    ],
    [
      0.3365848660469055,
      0.3054366111755371,
      0.3104674518108368,
      0.3364575505256653,
      0.40705379843711853,
      0.2800012528896332,
      0.37172645330429077,
      0.37589243054389954,
      0.29027068614959717,
      0.36998724937438965,
      0.3619800806045532,
      0.3381006419658661,
      0.4236392378807068,
      0.643645703792572,
      1.0,
      0.36048266291618347
    ],
    [
      0.32294324040412903,
      0.16999806463718414,
      0.3828987181186676,
      0.25424566864967346,
      0.19502639770507812,
      0.24064496159553528,
      0.2803778052330017,
      0.2855165898799896,
      0.29605594277381897,
      0.29040059447288513,
      0.2870185375213623,
      0.2993800640106201,
      0.42573991417884827,
      0.38167741894721985,
      0.36048266291618347,
      1.0
    ]
  ]
}