{
  "game_number": 223,
  "words": [
    "CANDLE",
    "INCENSE",
    "LOTION",
    "SOAP",
    "INSULT",
    "JELLYFISH",
    "NETTLE",
    "WASP",
    "CIVILIZATION",
    "HALO",
    "MADDEN",
    "METROID",
    "BUST",
    "DUD",
    "FLOP",
    "MISS"
  ],
  "adjacency_matrix": [
    [
      0.9999999403953552,
      0.5513251423835754,
      0.346272736787796,
      0.3777766823768616,
      0.24367567896842957,
      0.2647860646247864,
      0.316627562046051,
      0.24488326907157898,
      0.23105676472187042,
      0.4070521593093872,
      0.31874221563339233,
      0.20268334448337555,
      0.35844123363494873,
      0.26955100893974304,
      0.33681246638298035,
      0.28667211532592773
    ],
    [
      0.5513251423835754,
      0.9999999403953552,
      0.414931982755661,
      0.3293720781803131,
      0.2925739288330078,
      0.20929189026355743,
      0.3062037527561188,
      0.18704810738563538,
      0.2458977848291397,
      0.332491934299469,
      0.31368935108184814,
      0.07967996597290039,
      0.22360700368881226,
      0.18169842660427094,
      0.19091390073299408,
      0.2136884480714798
    ],
    [
      0.346272736787796,
      0.414931982755661,
      0.9999999403953552,
      0.4318092167377472,
      0.2271907478570938,
      0.24833205342292786,
      0.3068917393684387,
      0.2599675953388214,
      0.18416179716587067,
      0.3294578194618225,
      0.2724374830722809,
      0.15626677870750427,
      0.25359851121902466,
      0.17712128162384033,
      0.2336103469133377,
      0.19194677472114563
    ],
    [
      0.3777766823768616,
      0.3293720781803131,
      0.4318092167377472,
      1.0,
      0.15135441720485687,
      0.30461665987968445,
      0.3213629424571991,
      0.18909169733524323,
      0.22199970483779907,
      0.3022899329662323,
      0.2059944123029709,
      0.24166543781757355,
      0.19425687193870544,
      0.21253268420696259,
      0.30186131596565247,
      0.16527001559734344
    ],
    [
      0.24367567896842957,
      0.2925739288330078,
      0.2271907478570938,
      0.15135441720485687,
      1.0,
      0.23465153574943542,
      0.2906951308250427,
      0.31987670063972473,
      0.35728397965431213,
      0.23603089153766632,
      0.44574975967407227,
      0.2536497712135315,
      0.3188152313232422,
      0.26632004976272583,
      0.3237990438938141,
      0.4290657937526703
    ],
    [
      0.2647860646247864,
      0.20929189026355743,
      0.24833205342292786,
      0.30461665987968445,
      0.23465153574943542,
      1.0,
      0.39867332577705383,
      0.4554588198661804,
      0.19035319983959198,
      0.3214489817619324,
      0.2456621527671814,
      0.31996604800224304,
      0.22319287061691284,
      0.26653391122817993,
      0.31564000248908997,
      0.20849862694740295
    ],
    [
      0.316627562046051,
      0.3062037527561188,
      0.3068917393684387,
      0.3213629424571991,
      0.2906951308250427,
      0.39867332577705383,
      0.9999999403953552,
      0.3977557122707367,
      0.20056433975696564,
      0.1888231337070465,
      0.30164337158203125,
      0.19176991283893585,
      0.2618948221206665,
      0.18598787486553192,
      0.2529551088809967,
      0.28202295303344727
    ],
    [
      0.24488326907157898,
      0.18704810738563538,
      0.2599675953388214,
      0.18909169733524323,
      0.31987670063972473,
      0.4554588198661804,
      0.3977557122707367,
      1.0,
      0.2532278895378113,
      0.2517249584197998,
      0.29503822326660156,
      0.3162591755390167,
      0.2992803752422333,
      0.19820646941661835,
      0.21155919134616852,
      0.2652817666530609
    ],
    [
      0.23105676472187042,
      0.2458977848291397,
      0.18416179716587067,
      0.22199970483779907,
      0.35728397965431213,
      0.19035319983959198,
      0.20056433975696564,
      0.2532278895378113,
      1.0,
      0.22469642758369446,
      0.2762528657913208,
      0.3394181430339813,
      0.26188281178474426,
      0.14969150722026825,
      0.24104130268096924,
      0.2585766315460205
    ],
    [
      0.4070521593093872,
      0.332491934299469,
      0.3294578194618225,
      0.3022899329662323,
      0.23603089153766632,
      0.3214489817619324,
      0.1888231337070465,
      0.2517249584197998,
      0.22469642758369446,
      0.9999999403953552,
      0.40843072533607483,
      0.4277305006980896,
      0.43241259455680847,
      0.33527135848999023,
      0.3272750675678253,
      0.3115137815475464
    ],
    [
      0.31874221563339233,
      0.31368935108184814,
      0.2724374830722809,
      0.2059944123029709,
      0.44574975967407227,
      0.2456621527671814,
      0.30164337158203125,
      0.29503822326660156,
      0.2762528657913208,
      0.40843072533607483,
      1.0,
      0.414057195186615,
      0.4353528618812561,
      0.310578852891922,
      0.38737666606903076,
      0.4979560673236847
    ],
    [
      0.20268334448337555,
      0.07967996597290039,
      0.15626677870750427,
      0.24166543781757355,
      0.2536497712135315,
      0.31996604800224304,
      0.19176991283893585,
      0.3162591755390167,
      0.3394181430339813,
      0.4277305006980896,
      0.414057195186615,
      0.9999999403953552,
      0.3118305802345276,
      0.22442296147346497,
      0.33631351590156555,
      0.31267380714416504
    ],
    [
      0.35844123363494873,
      0.22360700368881226,
      0.25359851121902466,
      0.19425687193870544,
      0.3188152313232422,
      0.22319287061691284,
      0.2618948221206665,
      0.2992803752422333,
      0.26188281178474426,
      0.43241259455680847,
      0.4353528618812561,
      0.3118305802345276,
      1.0,
      0.36961379647254944,
      0.4878699481487274,
      0.3720456659793854
    ],
    [
      0.26955100893974304,
      0.18169842660427094,
      0.17712128162384033,
      0.21253268420696259,
      0.26632004976272583,
      0.26653391122817993,
      0.18598787486553192,
      0.19820646941661835,
      0.14969150722026825,
      0.33527135848999023,
      0.310578852891922,
      0.22442296147346497,
      0.36961379647254944,
      1.0,
      0.5475924015045166,
      0.3752131760120392
    ],
    [
      0.33681246638298035,
      0.19091390073299408,
      0.2336103469133377,
      0.30186131596565247,
      0.3237990438938141,
      0.31564000248908997,
      0.2529551088809967,
      0.21155919134616852,
      0.24104130268096924,
      0.3272750675678253,
      0.38737666606903076,
      0.33631351590156555,
      0.4878699481487274,
      0.5475924015045166,
      1.0,
      0.41217106580734253
    ],
    [
      0.28667211532592773,
      0.2136884480714798,
      0.19194677472114563,
      0.16527001559734344,
      0.4290657937526703,
      0.20849862694740295,
      0.28202295303344727,
      0.2652817666530609,
      0.2585766315460205,
      0.3115137815475464,
      0.4979560673236847,
      0.31267380714416504,
      0.3720456659793854,
      0.3752131760120392,
      0.41217106580734253,
      1.0
    ]
  ]
}