{
  "game_number": 487,
  "words": [
    "ARENA",
    "BOWL",
    "DOME",
    "FIELD",
    "DIVIDE",
    "FORK",
    "PART",
    "SPLIT",
    "FOX",
    "LINING",
    "SCREEN",
    "SPOON",
    "BUNKER",
    "FAIRWAY",
    "GREEN",
    "ROUGH"
  ],
  "adjacency_matrix": [
    [
      0.9999999403953552,
      0.3561067283153534,
      0.42927587032318115,
      0.594357430934906,
      0.3296751081943512,
      0.24623727798461914,
      0.4686307907104492,
      0.28082576394081116,
      0.17546600103378296,
      0.337253212928772,
      0.40179359912872314,
      0.20436391234397888,
      0.3261238932609558,
      0.2633233666419983,
      0.33911678194999695,
      0.26878708600997925
    ],
    [
      0.3561067283153534,
      1.0,
      0.45908576250076294,
      0.39130136370658875,
      0.33461883664131165,
      0.41993448138237,
      0.377192884683609,
      0.34266504645347595,
      0.24914580583572388,
      0.3433830440044403,
      0.3861362934112549,
      0.6424936056137085,
      0.35393208265304565,
      0.31459107995033264,
      0.38983941078186035,
      0.30344322323799133
    ],
    [
      0.42927587032318115,
      0.45908576250076294,
      0.9999999403953552,
      0.3871060013771057,
      0.29765161871910095,
      0.3522997498512268,
      0.4129335582256317,
      0.3313368856906891,
      0.17559175193309784,
      0.42743897438049316,
      0.39669251441955566,
      0.3517458438873291,
      0.4098627269268036,
      0.2570759356021881,
      0.3988965153694153,
      0.268389493227005
    ],
    [
      0.594357430934906,
      0.39130136370658875,
      0.3871060013771057,
      0.9999999403953552,
      0.35804659128189087,
      0.31808874011039734,
      0.5199949145317078,
      0.32227078080177307,
      0.18691152334213257,
      0.41904217004776,
      0.46731477975845337,
      0.23794247210025787,
      0.4069114029407501,
      0.3685958683490753,
      0.43678680062294006,
      0.3618648052215576
    ],
    [
      0.3296751081943512,
      0.33461883664131165,
      0.29765161871910095,
      0.35804659128189087,
      1.0,
      0.3822072148323059,
      0.49194198846817017,
      0.7007701396942139,
      0.1984155923128128,
      0.33532798290252686,
      0.36964210867881775,
      0.289142370223999,
      0.21342132985591888,
      0.26039358973503113,
      0.3345813751220703,
      0.3563169240951538
    ],
    [
      0.24623727798461914,
      0.41993448138237,
      0.3522997498512268,
      0.31808874011039734,
      0.3822072148323059,
      0.9999999403953552,
      0.40289607644081116,
      0.5470246076583862,
      0.2233264148235321,
      0.28871798515319824,
      0.2826370298862457,
      0.5336799025535583,
      0.283390074968338,
      0.3188537359237671,
      0.31836846470832825,
      0.3311006426811218
    ],
    [
      0.4686307907104492,
      0.377192884683609,
      0.4129335582256317,
      0.5199949145317078,
      0.49194198846817017,
      0.40289607644081116,
      1.0,
      0.5118142366409302,
      0.20716677606105804,
      0.4174840450286865,
      0.4513151943683624,
      0.30824968218803406,
      0.32949361205101013,
      0.33395248651504517,
      0.3880332410335541,
      0.393566757440567
    ],
    [
      0.28082576394081116,
      0.34266504645347595,
      0.3313368856906891,
      0.32227078080177307,
      0.7007701396942139,
      0.5470246076583862,
      0.5118142366409302,
      1.0,
      0.15639787912368774,
      0.33557143807411194,
      0.33517396450042725,
      0.343850314617157,
      0.2488006055355072,
      0.26088663935661316,
      0.34457534551620483,
      0.408866822719574
    ],
    [
      0.17546600103378296,
      0.24914580583572388,
      0.17559175193309784,
      0.18691152334213257,
      0.1984155923128128,
      0.2233264148235321,
      0.20716677606105804,
      0.15639787912368774,
      1.0,
      0.1934615820646286,
      0.18791571259498596,
      0.2425898164510727,
      0.25221940875053406,
      0.21636927127838135,
      0.3894979953765869,
      0.21105188131332397
    ],
    [
      0.337253212928772,
      0.3433830440044403,
      0.42743897438049316,
      0.41904217004776,
      0.33532798290252686,
      0.28871798515319824,
      0.4174840450286865,
      0.33557143807411194,
      0.1934615820646286,
      1.0,
      0.4248296320438385,
      0.3066718578338623,
      0.3482910990715027,
      0.39586177468299866,
      0.43994414806365967,
      0.39679282903671265
    ],
    [
      0.40179359912872314,
      0.3861362934112549,
      0.39669251441955566,
      0.46731477975845337,
      0.36964210867881775,
      0.2826370298862457,
      0.4513151943683624,
      0.33517396450042725,
      0.18791571259498596,
      0.4248296320438385,
      1.0,
      0.3337172865867615,
      0.3480725884437561,
      0.34173598885536194,
      0.4483160376548767,
      0.31590914726257324
    ],
    [
      0.20436391234397888,
      0.6424936056137085,
      0.3517458438873291,
      0.23794247210025787,
      0.289142370223999,
      0.5336799025535583,
      0.30824968218803406,
      0.343850314617157,
      0.2425898164510727,
      0.3066718578338623,
      0.3337172865867615,
      0.9999999403953552,
      0.2577720582485199,
      0.1876368224620819,
      0.2822555601596832,
      0.2745114266872406
    ],
    [
      0.3261238932609558,
      0.35393208265304565,
      0.4098627269268036,
      0.4069114029407501,
      0.21342132985591888,
      0.283390074968338,
      0.32949361205101013,
      0.2488006055355072,
      0.25221940875053406,
      0.3482910990715027,
      0.3480725884437561,
      0.2577720582485199,
      1.0,
      0.4943878650665283,
      0.41467446088790894,
      0.380412220954895
    ],
    [
      0.2633233666419983,
      0.31459107995033264,
      0.2570759356021881,
      0.3685958683490753,
      0.26039358973503113,
      0.3188537359237671,
      0.33395248651504517,
      0.26088663935661316,
      0.21636927127838135,
      0.39586177468299866,
      0.34173598885536194,
      0.1876368224620819,
      0.4943878650665283,
      1.0,
      0.45135387778282166,
      0.4507629871368408
    ],
    [
      0.33911678194999695,
      0.38983941078186035,
      0.3988965153694153,
      0.43678680062294006,
      0.3345813751220703,
      0.31836846470832825,
      0.3880332410335541,
      0.34457534551620483,
      0.3894979953765869,
      0.43994414806365967,
      0.4483160376548767,
      0.2822555601596832,
      0.41467446088790894,
      0.45135387778282166,
      1.0,
      0.4247629642486572
    ],
    [
      0.26878708600997925,
      0.30344322323799133,
      0.268389493227005,
      0.3618648052215576,
      0.3563169240951538,
      0.3311006426811218,
      0.393566757440567,
      0.408866822719574,
      0.21105188131332397,
      0.39679282903671265,
      0.31590914726257324,
      0.2745114266872406,
      0.380412220954895,
      0.4507629871368408,
      0.4247629642486572,
      1.0
    ]
  ]
}