{
  "game_number": 186,
  "words": [
    "CRUISE",
    "TAKEOFF",
    "TAXI",
    "TOUCHDOWN",
    "FISH",
    "FUMBLE",
    "ROOT",
    "RUMMAGE",
    "INLAND",
    "OLIVIA",
    "RAN",
    "WANDA",
    "CONSIDERATION",
    "REFLECTION",
    "SCRUTINY",
    "THOUGHT"
  ],
  "adjacency_matrix": [
    [
      0.9999999403953552,
      0.4227021634578705,
      0.4259239733219147,
      0.3340774476528168,
      0.3659589886665344,
      0.27168142795562744,
      0.2786523103713989,
      0.36067530512809753,
      0.39780479669570923,
      0.2503661513328552,
      0.38750430941581726,
      0.37498998641967773,
      0.2914644479751587,
      0.2865828573703766,
      0.19822585582733154,
      0.31769487261772156
    ],
    [
      0.4227021634578705,
      1.0,
      0.41684702038764954,
      0.5039533376693726,
      0.268064945936203,
      0.35722416639328003,
      0.3457784354686737,
      0.2273547500371933,
      0.23467878997325897,
      0.17382201552391052,
      0.25167739391326904,
      0.27409568428993225,
      0.34645628929138184,
      0.3211798667907715,
      0.24172967672348022,
      0.264751136302948
    ],
    [
      0.4259239733219147,
      0.41684702038764954,
      1.0,
      0.2710229456424713,
      0.3285556435585022,
      0.2722378969192505,
      0.3270290493965149,
      0.27918320894241333,
      0.34785667061805725,
      0.30332037806510925,
      0.30945104360580444,
      0.31527531147003174,
      0.2257317751646042,
      0.260690301656723,
      0.2126706838607788,
      0.2002558410167694
    ],
    [
      0.3340774476528168,
      0.5039533376693726,
      0.2710229456424713,
      1.0,
      0.24513806402683258,
      0.6088703274726868,
      0.25167116522789,
      0.2941223382949829,
      0.2495506852865219,
      0.2150256186723709,
      0.2791070342063904,
      0.1859424114227295,
      0.24634838104248047,
      0.24686697125434875,
      0.20933052897453308,
      0.3041495978832245
    ],
    [
      0.3659589886665344,
      0.268064945936203,
      0.3285556435585022,
      0.24513806402683258,
      1.0,
      0.23192286491394043,
      0.3225047290325165,
      0.300376296043396,
      0.45059648156166077,
      0.3217657804489136,
      0.292785108089447,
      0.3619627058506012,
      0.2377641797065735,
      0.26619791984558105,
      0.17236477136611938,
      0.35722360014915466
    ],
    [
      0.27168142795562744,
      0.35722416639328003,
      0.2722378969192505,
      0.6088703274726868,
      0.23192286491394043,
      1.0000001192092896,
      0.2766425311565399,
      0.42964401841163635,
      0.1952868402004242,
      0.19257399439811707,
      0.3085871636867523,
      0.32138726115226746,
      0.20335574448108673,
      0.280808687210083,
      0.22726401686668396,
      0.34358248114585876
    ],
    [
      0.2786523103713989,
      0.3457784354686737,
      0.3270290493965149,
      0.25167116522789,
      0.3225047290325165,
      0.2766425311565399,
      1.0,
      0.28172993659973145,
      0.30335772037506104,
      0.2981633245944977,
      0.3426375985145569,
      0.3285798132419586,
      0.3769938349723816,
      0.33821624517440796,
      0.25767001509666443,
      0.38294148445129395
    ],
    [
      0.36067530512809753,
      0.2273547500371933,
      0.27918320894241333,
      0.2941223382949829,
      0.300376296043396,
      0.42964401841163635,
      0.28172993659973145,
      0.9999999403953552,
      0.26853111386299133,
      0.293282151222229,
      0.3341870605945587,
      0.4444006681442261,
      0.2233472466468811,
      0.24650727212429047,
      0.2809355556964874,
      0.33483028411865234
    ],
    [
      0.39780479669570923,
      0.23467878997325897,
      0.34785667061805725,
      0.2495506852865219,
      0.45059648156166077,
      0.1952868402004242,
      0.30335772037506104,
      0.26853111386299133,
      1.0,
      0.27733469009399414,
      0.30937647819519043,
      0.306170791387558,
      0.2934614419937134,
      0.21986687183380127,
      0.2430780678987503,
      0.31212133169174194
    ],
    [
      0.2503661513328552,
      0.17382201552391052,
      0.30332037806510925,
      0.2150256186723709,
      0.3217657804489136,
      0.19257399439811707,
      0.2981633245944977,
      0.293282151222229,
      0.27733469009399414,
      1.0,
      0.18131057918071747,
      0.4094243049621582,
      0.11294826865196228,
      0.153684601187706,
      0.15351293981075287,
      0.21385063230991364
    ],
    [
      0.38750430941581726,
      0.25167739391326904,
      0.30945104360580444,
      0.2791070342063904,
      0.292785108089447,
      0.3085871636867523,
      0.3426375985145569,
      0.3341870605945587,
      0.30937647819519043,
      0.18131057918071747,
      0.9999999403953552,
      0.4160136282444,
      0.20930904150009155,
      0.22198215126991272,
      0.22108487784862518,
      0.44735002517700195
    ],
    [
      0.37498998641967773,
      0.27409568428993225,
      0.31527531147003174,
      0.1859424114227295,
      0.3619627058506012,
      0.32138726115226746,
      0.3285798132419586,
      0.4444006681442261,
      0.306170791387558,
      0.4094243049621582,
      0.4160136282444,
      0.9999999403953552,
      0.28553396463394165,
      0.31445613503456116,
      0.26584023237228394,
      0.4631381630897522
    ],
    [
      0.2914644479751587,
      0.34645628929138184,
      0.2257317751646042,
      0.24634838104248047,
      0.2377641797065735,
      0.20335574448108673,
      0.3769938349723816,
      0.2233472466468811,
      0.2934614419937134,
      0.11294826865196228,
      0.20930904150009155,
      0.28553396463394165,
      1.0,
      0.5698670744895935,
      0.5771316289901733,
      0.5598111748695374
    ],
    [
      0.2865828573703766,
      0.3211798667907715,
      0.260690301656723,
      0.24686697125434875,
      0.26619791984558105,
      0.280808687210083,
      0.33821624517440796,
      0.24650727212429047,
      0.21986687183380127,
      0.153684601187706,
      0.22198215126991272,
      0.31445613503456116,
      0.5698670744895935,
      1.0,
      0.46174612641334534,
      0.5421479344367981
    ],
    [
      0.19822585582733154,
      0.24172967672348022,
      0.2126706838607788,
      0.20933052897453308,
      0.17236477136611938,
      0.22726401686668396,
      0.25767001509666443,
      0.2809355556964874,
      0.2430780678987503,
      0.15351293981075287,
      0.22108487784862518,
      0.26584023237228394,
      0.5771316289901733,
      0.46174612641334534,
      1.0,
      0.3888820707798004
    ],
    [
      0.31769487261772156,
      0.264751136302948,
      0.2002558410167694,
      0.3041495978832245,
      0.35722360014915466,
      0.34358248114585876,
      0.38294148445129395,
      0.33483028411865234,
      0.31212133169174194,
      0.21385063230991364,
      0.44735002517700195,
      0.4631381630897522,
      0.5598111748695374,
      0.5421479344367981,
      0.3888820707798004,
      1.0
    ]
  ]
}