{
  "game_number": 332,
  "words": [
    "CLOUT",
    "PULL",
    "SWAY",
    "WEIGHT",
    "BOB",
    "CROP",
    "FADE",
    "SHAG",
    "BOBBY",
    "HAIR",
    "PUSH",
    "SAFETY",
    "CHOW",
    "EATS",
    "FARE",
    "GRUB"
  ],
  "adjacency_matrix": [
    [
      1.0,
      0.4381084740161896,
      0.5432772040367126,
      0.4950629472732544,
      0.19115902483463287,
      0.32964378595352173,
      0.3171125054359436,
      0.19862474501132965,
      0.21424391865730286,
      0.30051949620246887,
      0.47392478585243225,
      0.348896861076355,
      0.2247791737318039,
      0.2546841502189636,
      0.33581018447875977,
      0.2829495966434479
    ],
    [
      0.4381084740161896,
      1.0,
      0.5557445287704468,
      0.46731406450271606,
      0.3484879434108734,
      0.3580111861228943,
      0.4672418236732483,
      0.3094981610774994,
      0.33763229846954346,
      0.38564741611480713,
      0.792289137840271,
      0.3546704947948456,
      0.35014021396636963,
      0.32311615347862244,
      0.3669310510158539,
      0.31102508306503296
    ],
    [
      0.5432772040367126,
      0.5557445287704468,
      1.0,
      0.5453121662139893,
      0.28939303755760193,
      0.34188568592071533,
      0.47006648778915405,
      0.23041932284832,
      0.230202317237854,
      0.3325952887535095,
      0.5689194798469543,
      0.3716563284397125,
      0.26233378052711487,
      0.27524080872535706,
      0.3566115200519562,
      0.30152636766433716
    ],
    [
      0.4950629472732544,
      0.46731406450271606,
      0.5453121662139893,
      1.0,
      0.23540371656417847,
      0.347513347864151,
      0.3127191364765167,
      0.1644819676876068,
      0.21573568880558014,
      0.4072575569152832,
      0.39515089988708496,
      0.44436222314834595,
      0.316462904214859,
      0.35222023725509644,
      0.35427746176719666,
      0.278865247964859
    ],
    [
      0.19115902483463287,
      0.3484879434108734,
      0.28939303755760193,
      0.23540371656417847,
      1.0,
      0.2895525395870209,
      0.24743348360061646,
      0.3592204451560974,
      0.6158320307731628,
      0.43707215785980225,
      0.24772250652313232,
      0.12951664626598358,
      0.3081066310405731,
      0.2824150323867798,
      0.16767285764217377,
      0.2888852059841156
    ],
    [
      0.32964378595352173,
      0.3580111861228943,
      0.34188568592071533,
      0.347513347864151,
      0.2895525395870209,
      1.0,
      0.34843894839286804,
      0.29087260365486145,
      0.29675042629241943,
      0.3869611918926239,
      0.35639867186546326,
      0.34413275122642517,
      0.29206597805023193,
      0.3146498203277588,
      0.34141209721565247,
      0.4140717089176178
    ],
    [
      0.3171125054359436,
      0.4672418236732483,
      0.47006648778915405,
      0.3127191364765167,
      0.24743348360061646,
      0.34843894839286804,
      1.0,
      0.2522507607936859,
      0.27315378189086914,
      0.3700794279575348,
      0.43329566717147827,
      0.3093748092651367,
      0.2351047247648239,
      0.2382911890745163,
      0.3071022927761078,
      0.22467897832393646
    ],
    [
      0.19862474501132965,
      0.3094981610774994,
      0.23041932284832,
      0.1644819676876068,
      0.3592204451560974,
      0.29087260365486145,
      0.2522507607936859,
      1.0000001192092896,
      0.37408754229545593,
      0.4012700617313385,
      0.23313328623771667,
      0.14499308168888092,
      0.33143192529678345,
      0.3024667203426361,
      0.22733932733535767,
      0.38690340518951416
    ],
    [
      0.21424391865730286,
      0.33763229846954346,
      0.230202317237854,
      0.21573568880558014,
      0.6158320307731628,
      0.29675042629241943,
      0.27315378189086914,
      0.37408754229545593,
      1.0,
      0.38942229747772217,
      0.26737844944000244,
      0.28742507100105286,
      0.3888692259788513,
      0.29743650555610657,
      0.29106518626213074,
      0.27391546964645386
    ],
    [
      0.30051949620246887,
      0.38564741611480713,
      0.3325952887535095,
      0.4072575569152832,
      0.43707215785980225,
      0.3869611918926239,
      0.3700794279575348,
      0.4012700617313385,
      0.38942229747772217,
      1.0,
      0.26072874665260315,
      0.31102731823921204,
      0.32860174775123596,
      0.33740946650505066,
      0.16888085007667542,
      0.23214520514011383
    ],
    [
      0.47392478585243225,
      0.792289137840271,
      0.5689194798469543,
      0.39515089988708496,
      0.24772250652313232,
      0.35639867186546326,
      0.43329566717147827,
      0.23313328623771667,
      0.26737844944000244,
      0.26072874665260315,
      0.9999999403953552,
      0.36602285504341125,
      0.3040454387664795,
      0.23050132393836975,
      0.37824463844299316,
      0.3212592303752899
    ],
    [
      0.348896861076355,
      0.3546704947948456,
      0.3716563284397125,
      0.44436222314834595,
      0.12951664626598358,
      0.34413275122642517,
      0.3093748092651367,
      0.14499308168888092,
      0.28742507100105286,
      0.31102731823921204,
      0.36602285504341125,
      1.0,
      0.27448001503944397,
      0.3087387681007385,
      0.36037084460258484,
      0.25967538356781006
    ],
    [
      0.2247791737318039,
      0.35014021396636963,
      0.26233378052711487,
      0.316462904214859,
      0.3081066310405731,
      0.29206597805023193,
      0.2351047247648239,
      0.33143192529678345,
      0.3888692259788513,
      0.32860174775123596,
      0.3040454387664795,
      0.27448001503944397,
      0.9999999403953552,
      0.5143194794654846,
      0.4288950562477112,
      0.48801863193511963
    ],
    [
      0.2546841502189636,
      0.32311615347862244,
      0.27524080872535706,
      0.35222023725509644,
      0.2824150323867798,
      0.3146498203277588,
      0.2382911890745163,
      0.3024667203426361,
      0.29743650555610657,
      0.33740946650505066,
      0.23050132393836975,
      0.3087387681007385,
      0.5143194794654846,
      1.0,
      0.3652186393737793,
      0.4446718394756317
    ],
    [
      0.33581018447875977,
      0.3669310510158539,
      0.3566115200519562,
      0.35427746176719666,
      0.16767285764217377,
      0.34141209721565247,
      0.3071022927761078,
      0.22733932733535767,
      0.29106518626213074,
      0.16888085007667542,
      0.37824463844299316,
      0.36037084460258484,
      0.4288950562477112,
      0.3652186393737793,
      1.0,
      0.39379245042800903
    ],
    [
      0.2829495966434479,
      0.31102508306503296,
      0.30152636766433716,
      0.278865247964859,
      0.2888852059841156,
      0.4140717089176178,
      0.22467897832393646,
      0.38690340518951416,
      0.27391546964645386,
      0.23214520514011383,
      0.3212592303752899,
      0.25967538356781006,
      0.48801863193511963,
      0.4446718394756317,
      0.39379245042800903,
      1.0
    ]
  ]
}