{
  "game_number": 371,
  "words": [
    "BATON",
    "HAMMER",
    "HURDLE",
    "POLE",
    "GOATEE",
    "HORNS",
    "PITCHFORK",
    "TAIL",
    "BEND",
    "BOWLINE",
    "HITCH",
    "SHEEPSHANK",
    "ADHERE",
    "GLUE",
    "PASTE",
    "STICK"
  ],
  "adjacency_matrix": [
    [
      1.0,
      0.49336937069892883,
      0.36915212869644165,
      0.44330084323883057,
      0.2525295615196228,
      0.39370471239089966,
      0.4669140577316284,
      0.38828104734420776,
      0.3938693106174469,
      0.3318856954574585,
      0.3855893313884735,
      0.30296429991722107,
      0.18878977000713348,
      0.2942604720592499,
      0.29019829630851746,
      0.49348339438438416
    ],
    [
      0.49336937069892883,
      1.0,
      0.36557555198669434,
      0.45623838901519775,
      0.2675915062427521,
      0.3874165713787079,
      0.5097095370292664,
      0.3579452633857727,
      0.48665255308151245,
      0.3480236530303955,
      0.40995270013809204,
      0.3583466112613678,
      0.29738089442253113,
      0.4088291823863983,
      0.3501865863800049,
      0.5747233629226685
    ],
    [
      0.36915212869644165,
      0.36557555198669434,
      1.0,
      0.41366201639175415,
      0.18053768575191498,
      0.2284456342458725,
      0.31802690029144287,
      0.2813284397125244,
      0.3898129165172577,
      0.25300896167755127,
      0.4112628996372223,
      0.24045619368553162,
      0.2091708481311798,
      0.28979283571243286,
      0.2079094797372818,
      0.3877250850200653
    ],
    [
      0.44330084323883057,
      0.45623838901519775,
      0.41366201639175415,
      1.0,
      0.2261940836906433,
      0.34740689396858215,
      0.41349226236343384,
      0.46118611097335815,
      0.4466121792793274,
      0.41706109046936035,
      0.4089605510234833,
      0.339191198348999,
      0.23815926909446716,
      0.36186468601226807,
      0.26221948862075806,
      0.4716181457042694
    ],
    [
      0.2525295615196228,
      0.2675915062427521,
      0.18053768575191498,
      0.2261940836906433,
      0.9999999403953552,
      0.4239131510257721,
      0.32509681582450867,
      0.392825186252594,
      0.20167276263237,
      0.3602258861064911,
      0.23664800822734833,
      0.3433886468410492,
      0.15765029191970825,
      0.2989426553249359,
      0.2910082936286926,
      0.3068658709526062
    ],
    [
      0.39370471239089966,
      0.3874165713787079,
      0.2284456342458725,
      0.34740689396858215,
      0.4239131510257721,
      1.0,
      0.4688342213630676,
      0.5056334733963013,
      0.2839324474334717,
      0.269743949174881,
      0.36065301299095154,
      0.33257097005844116,
      0.16302508115768433,
      0.3006563186645508,
      0.23457206785678864,
      0.3670181632041931
    ],
    [
      0.4669140577316284,
      0.5097095370292664,
      0.31802690029144287,
      0.41349226236343384,
      0.32509681582450867,
      0.4688342213630676,
      0.9999999403953552,
      0.3897114098072052,
      0.3855871856212616,
      0.38870108127593994,
      0.42126211524009705,
      0.34188488125801086,
      0.2279670089483261,
      0.2913490831851959,
      0.2977191209793091,
      0.5190330147743225
    ],
    [
      0.38828104734420776,
      0.3579452633857727,
      0.2813284397125244,
      0.46118611097335815,
      0.392825186252594,
      0.5056334733963013,
      0.3897114098072052,
      0.9999999403953552,
      0.4305894076824188,
      0.4405006468296051,
      0.39285361766815186,
      0.3786865472793579,
      0.2198818475008011,
      0.37789303064346313,
      0.29070261120796204,
      0.5043612122535706
    ],
    [
      0.3938693106174469,
      0.48665255308151245,
      0.3898129165172577,
      0.4466121792793274,
      0.20167276263237,
      0.2839324474334717,
      0.3855871856212616,
      0.4305894076824188,
      0.9999999403953552,
      0.4018489718437195,
      0.4723254144191742,
      0.29443827271461487,
      0.47831112146377563,
      0.29739969968795776,
      0.31175747513771057,
      0.6127949357032776
    ],
    [
      0.3318856954574585,
      0.3480236530303955,
      0.25300896167755127,
      0.41706109046936035,
      0.3602258861064911,
      0.269743949174881,
      0.38870108127593994,
      0.4405006468296051,
      0.4018489718437195,
      1.0,
      0.4625453054904938,
      0.503240704536438,
      0.23650552332401276,
      0.39188623428344727,
      0.2602132260799408,
      0.4250955879688263
    ],
    [
      0.3855893313884735,
      0.40995270013809204,
      0.4112628996372223,
      0.4089605510234833,
      0.23664800822734833,
      0.36065301299095154,
      0.42126211524009705,
      0.39285361766815186,
      0.4723254144191742,
      0.4625453054904938,
      1.0,
      0.3737768530845642,
      0.24950845539569855,
      0.33525264263153076,
      0.2285178005695343,
      0.44217589497566223
    ],
    [
      0.30296429991722107,
      0.3583466112613678,
      0.24045619368553162,
      0.339191198348999,
      0.3433886468410492,
      0.33257097005844116,
      0.34188488125801086,
      0.3786865472793579,
      0.29443827271461487,
      0.503240704536438,
      0.3737768530845642,
      1.0,
      0.2182254195213318,
      0.37367671728134155,
      0.2814609110355377,
      0.3694518506526947
    ],
    [
      0.18878977000713348,
      0.29738089442253113,
      0.2091708481311798,
      0.23815926909446716,
      0.15765029191970825,
      0.16302508115768433,
      0.2279670089483261,
      0.2198818475008011,
      0.47831112146377563,
      0.23650552332401276,
      0.24950845539569855,
      0.2182254195213318,
      1.0,
      0.379672646522522,
      0.3619937300682068,
      0.5395026206970215
    ],
    [
      0.2942604720592499,
      0.4088291823863983,
      0.28979283571243286,
      0.36186468601226807,
      0.2989426553249359,
      0.3006563186645508,
      0.2913490831851959,
      0.37789303064346313,
      0.29739969968795776,
      0.39188623428344727,
      0.33525264263153076,
      0.37367671728134155,
      0.379672646522522,
      1.0,
      0.5137448906898499,
      0.544758141040802
    ],
    [
      0.29019829630851746,
      0.3501865863800049,
      0.2079094797372818,
      0.26221948862075806,
      0.2910082936286926,
      0.23457206785678864,
      0.2977191209793091,
      0.29070261120796204,
      0.31175747513771057,
      0.2602132260799408,
      0.2285178005695343,
      0.2814609110355377,
      0.3619937300682068,
      0.5137448906898499,
      1.0,
      0.4530518651008606
    ],
    [
      0.49348339438438416,
      0.5747233629226685,
      0.3877250850200653,
      0.4716181457042694,
      0.3068658709526062,
      0.3670181632041931,
      0.5190330147743225,
      0.5043612122535706,
      0.6127949357032776,
      0.4250955879688263,
      0.44217589497566223,
      0.3694518506526947,
      0.5395026206970215,
      0.544758141040802,
      0.4530518651008606,
      1.0
    ]
  ]
}