{
  "game_number": 314,
  "words": [
    "BUG",
    "CHILL",
    "COLD",
    "COUGH",
    "BREACH",
    "DIVE",
    "SING",
    "SPOUT",
    "MAGIC",
    "MOTOR",
    "SIN",
    "WINDY",
    "CHAIN",
    "TRAIN",
    "SERIES",
    "STRING"
  ],
  "adjacency_matrix": [
    [
      0.9999999403953552,
      0.3082975745201111,
      0.314511239528656,
      0.3525182902812958,
      0.3646186292171478,
      0.31260642409324646,
      0.20628076791763306,
      0.22944915294647217,
      0.44247862696647644,
      0.285243958234787,
      0.3372437059879303,
      0.23717720806598663,
      0.3185689151287079,
      0.33253228664398193,
      0.28413936495780945,
      0.39567866921424866
    ],
    [
      0.3082975745201111,
      1.0,
      0.654179573059082,
      0.479792982339859,
      0.3829860985279083,
      0.2824108898639679,
      0.26212581992149353,
      0.3498779833316803,
      0.358795166015625,
      0.2576826810836792,
      0.25257033109664917,
      0.42929142713546753,
      0.2658933699131012,
      0.3707053065299988,
      0.22741270065307617,
      0.22085972130298615
    ],
    [
      0.314511239528656,
      0.654179573059082,
      1.0,
      0.5152775049209595,
      0.33340373635292053,
      0.32701626420021057,
      0.25122183561325073,
      0.35816624760627747,
      0.4040141701698303,
      0.27425897121429443,
      0.3048991858959198,
      0.5721810460090637,
      0.30884450674057007,
      0.3385404646396637,
      0.3025469481945038,
      0.30694273114204407
    ],
    [
      0.3525182902812958,
      0.479792982339859,
      0.5152775049209595,
      1.0,
      0.25311478972435,
      0.2666211426258087,
      0.3185751736164093,
      0.38420847058296204,
      0.31059762835502625,
      0.2317933887243271,
      0.20049189031124115,
      0.29232150316238403,
      0.21864448487758636,
      0.3187463879585266,
      0.26204535365104675,
      0.276775985956192
    ],
    [
      0.3646186292171478,
      0.3829860985279083,
      0.33340373635292053,
      0.25311478972435,
      1.0,
      0.3890528082847595,
      0.18928416073322296,
      0.27721813321113586,
      0.32320436835289,
      0.25360384583473206,
      0.35417884588241577,
      0.1732124537229538,
      0.4031127691268921,
      0.33315640687942505,
      0.3209465742111206,
      0.36415374279022217
    ],
    [
      0.31260642409324646,
      0.2824108898639679,
      0.32701626420021057,
      0.2666211426258087,
      0.3890528082847595,
      1.0,
      0.3216358423233032,
      0.34051671624183655,
      0.31432023644447327,
      0.23008954524993896,
      0.24620921909809113,
      0.2057226598262787,
      0.3069334328174591,
      0.40649622678756714,
      0.2959580421447754,
      0.37371769547462463
    ],
    [
      0.20628076791763306,
      0.26212581992149353,
      0.25122183561325073,
      0.3185751736164093,
      0.18928416073322296,
      0.3216358423233032,
      1.0,
      0.3525709807872772,
      0.28208261728286743,
      0.1917545646429062,
      0.2692943513393402,
      0.20253823697566986,
      0.14624501764774323,
      0.3769758939743042,
      0.217807337641716,
      0.33089569211006165
    ],
    [
      0.22944915294647217,
      0.3498779833316803,
      0.35816624760627747,
      0.38420847058296204,
      0.27721813321113586,
      0.34051671624183655,
      0.3525709807872772,
      1.0,
      0.32638850808143616,
      0.2467341274023056,
      0.18059766292572021,
      0.31135499477386475,
      0.24761907756328583,
      0.3604832887649536,
      0.24526549875736237,
      0.3493320643901825
    ],
    [
      0.44247862696647644,
      0.358795166015625,
      0.4040141701698303,
      0.31059762835502625,
      0.32320436835289,
      0.31432023644447327,
      0.28208261728286743,
      0.32638850808143616,
      1.0,
      0.3689759075641632,
      0.32996147871017456,
      0.21424172818660736,
      0.3460940420627594,
      0.3622305989265442,
      0.38030633330345154,
      0.44095945358276367
    ],
    [
      0.285243958234787,
      0.2576826810836792,
      0.27425897121429443,
      0.2317933887243271,
      0.25360384583473206,
      0.23008954524993896,
      0.1917545646429062,
      0.2467341274023056,
      0.3689759075641632,
      1.0,
      0.26624569296836853,
      0.2238311469554901,
      0.4234973192214966,
      0.44044235348701477,
      0.3345220983028412,
      0.3005833923816681
    ],
    [
      0.3372437059879303,
      0.25257033109664917,
      0.3048991858959198,
      0.20049189031124115,
      0.35417884588241577,
      0.24620921909809113,
      0.2692943513393402,
      0.18059766292572021,
      0.32996147871017456,
      0.26624569296836853,
      1.0000001192092896,
      0.18614216148853302,
      0.3045711815357208,
      0.18594343960285187,
      0.22954320907592773,
      0.22407689690589905
    ],
    [
      0.23717720806598663,
      0.42929142713546753,
      0.5721810460090637,
      0.29232150316238403,
      0.1732124537229538,
      0.2057226598262787,
      0.20253823697566986,
      0.31135499477386475,
      0.21424172818660736,
      0.2238311469554901,
      0.18614216148853302,
      1.0,
      0.1666315644979477,
      0.19451957941055298,
      0.15005922317504883,
      0.23828421533107758
    ],
    [
      0.3185689151287079,
      0.2658933699131012,
      0.30884450674057007,
      0.21864448487758636,
      0.4031127691268921,
      0.3069334328174591,
      0.14624501764774323,
      0.24761907756328583,
      0.3460940420627594,
      0.4234973192214966,
      0.3045711815357208,
      0.1666315644979477,
      1.0,
      0.37109410762786865,
      0.3575628995895386,
      0.45597895979881287
    ],
    [
      0.33253228664398193,
      0.3707053065299988,
      0.3385404646396637,
      0.3187463879585266,
      0.33315640687942505,
      0.40649622678756714,
      0.3769758939743042,
      0.3604832887649536,
      0.3622305989265442,
      0.44044235348701477,
      0.18594343960285187,
      0.19451957941055298,
      0.37109410762786865,
      1.0,
      0.37040823698043823,
      0.3607611060142517
    ],
    [
      0.28413936495780945,
      0.22741270065307617,
      0.3025469481945038,
      0.26204535365104675,
      0.3209465742111206,
      0.2959580421447754,
      0.217807337641716,
      0.24526549875736237,
      0.38030633330345154,
      0.3345220983028412,
      0.22954320907592773,
      0.15005922317504883,
      0.3575628995895386,
      0.37040823698043823,
      0.9999999403953552,
      0.3954385817050934
    ],
    [
      0.39567866921424866,
      0.22085972130298615,
      0.30694273114204407,
      0.276775985956192,
      0.36415374279022217,
      0.37371769547462463,
      0.33089569211006165,
      0.3493320643901825,
      0.44095945358276367,
      0.3005833923816681,
      0.22407689690589905,
      0.23828421533107758,
      0.45597895979881287,
      0.3607611060142517,
      0.3954385817050934,
      1.0
    ]
  ]
}