{
  "game_number": 173,
  "words": [
    "BALL",
    "BLAST",
    "KICK",
    "THRILL",
    "ATTENTION",
    "DEAR",
    "FOR",
    "TO",
    "BRAND",
    "DROP",
    "GAME",
    "NAMES",
    "CLUB",
    "HERO",
    "MELT",
    "WRAP"
  ],
  "adjacency_matrix": [
    [
      1.0,
      0.4401056468486786,
      0.5812038779258728,
      0.31028521060943604,
      0.26674678921699524,
      0.2696060538291931,
      0.35064470767974854,
      0.3197682499885559,
      0.3384522795677185,
      0.49186575412750244,
      0.5726487040519714,
      0.26422929763793945,
      0.4550895094871521,
      0.325191468000412,
      0.3499166667461395,
      0.41382303833961487
    ],
    [
      0.4401056468486786,
      1.0,
      0.48836565017700195,
      0.4752033054828644,
      0.2353430837392807,
      0.266165167093277,
      0.3756887912750244,
      0.37566623091697693,
      0.33366313576698303,
      0.453939288854599,
      0.41671109199523926,
      0.25321346521377563,
      0.277164101600647,
      0.33374592661857605,
      0.4756174385547638,
      0.3728981912136078
    ],
    [
      0.5812038779258728,
      0.48836565017700195,
      1.0,
      0.4297563433647156,
      0.2870052456855774,
      0.27900201082229614,
      0.4081256687641144,
      0.4254418611526489,
      0.32243019342422485,
      0.5734514594078064,
      0.4491911232471466,
      0.22007215023040771,
      0.3665807545185089,
      0.3313639461994171,
      0.3576394319534302,
      0.44276151061058044
    ],
    [
      0.31028521060943604,
      0.4752033054828644,
      0.4297563433647156,
      1.0,
      0.34340643882751465,
      0.3297238349914551,
      0.4046565294265747,
      0.3853280246257782,
      0.33345144987106323,
      0.3903808891773224,
      0.36990758776664734,
      0.22245146334171295,
      0.26164671778678894,
      0.39132416248321533,
      0.34741878509521484,
      0.28141602873802185
    ],
    [
      0.26674678921699524,
      0.2353430837392807,
      0.2870052456855774,
      0.34340643882751465,
      0.9999999403953552,
      0.37414923310279846,
      0.4128563702106476,
      0.38693341612815857,
      0.26814207434654236,
      0.30237892270088196,
      0.24046418070793152,
      0.30946657061576843,
      0.20661988854408264,
      0.2637936472892761,
      0.2367565631866455,
      0.2238607555627823
    ],
    [
      0.2696060538291931,
      0.266165167093277,
      0.27900201082229614,
      0.3297238349914551,
      0.37414923310279846,
      1.0,
      0.4608394503593445,
      0.3709014058113098,
      0.328081876039505,
      0.3248169720172882,
      0.2588430345058441,
      0.3585294485092163,
      0.22335943579673767,
      0.4040399491786957,
      0.26492175459861755,
      0.26205718517303467
    ],
    [
      0.35064470767974854,
      0.3756887912750244,
      0.4081256687641144,
      0.4046565294265747,
      0.4128563702106476,
      0.4608394503593445,
      1.0,
      0.6415180563926697,
      0.39856043457984924,
      0.4244436025619507,
      0.4216625988483429,
      0.4197961390018463,
      0.3451819121837616,
      0.36358070373535156,
      0.2542324662208557,
      0.33966439962387085
    ],
    [
      0.3197682499885559,
      0.37566623091697693,
      0.4254418611526489,
      0.3853280246257782,
      0.38693341612815857,
      0.3709014058113098,
      0.6415180563926697,
      1.0,
      0.3283229172229767,
      0.4962279796600342,
      0.3696640133857727,
      0.37335750460624695,
      0.3322804570198059,
      0.28280287981033325,
      0.336442768573761,
      0.4026370048522949
    ],
    [
      0.3384522795677185,
      0.33366313576698303,
      0.32243019342422485,
      0.33345144987106323,
      0.26814207434654236,
      0.328081876039505,
      0.39856043457984924,
      0.3283229172229767,
      1.0,
      0.35527095198631287,
      0.40085282921791077,
      0.44810765981674194,
      0.4232095777988434,
      0.40538299083709717,
      0.27276256680488586,
      0.3607884645462036
    ],
    [
      0.49186575412750244,
      0.453939288854599,
      0.5734514594078064,
      0.3903808891773224,
      0.30237892270088196,
      0.3248169720172882,
      0.4244436025619507,
      0.4962279796600342,
      0.35527095198631287,
      1.0,
      0.38238316774368286,
      0.33016639947891235,
      0.33016130328178406,
      0.29470863938331604,
      0.4649966359138489,
      0.45396333932876587
    ],
    [
      0.5726487040519714,
      0.41671109199523926,
      0.4491911232471466,
      0.36990758776664734,
      0.24046418070793152,
      0.2588430345058441,
      0.4216625988483429,
      0.3696640133857727,
      0.40085282921791077,
      0.38238316774368286,
      1.0,
      0.28044480085372925,
      0.489704966545105,
      0.4622093439102173,
      0.21983031928539276,
      0.3328917324542999
    ],
    [
      0.26422929763793945,
      0.25321346521377563,
      0.22007215023040771,
      0.22245146334171295,
      0.30946657061576843,
      0.3585294485092163,
      0.4197961390018463,
      0.37335750460624695,
      0.44810765981674194,
      0.33016639947891235,
      0.28044480085372925,
      1.0,
      0.2830207049846649,
      0.3470979630947113,
      0.222562775015831,
      0.30274900794029236
    ],
    [
      0.4550895094871521,
      0.277164101600647,
      0.3665807545185089,
      0.26164671778678894,
      0.20661988854408264,
      0.22335943579673767,
      0.3451819121837616,
      0.3322804570198059,
      0.4232095777988434,
      0.33016130328178406,
      0.489704966545105,
      0.2830207049846649,
      1.0,
      0.3549485206604004,
      0.19498604536056519,
      0.20880955457687378
    ],
    [
      0.325191468000412,
      0.33374592661857605,
      0.3313639461994171,
      0.39132416248321533,
      0.2637936472892761,
      0.4040399491786957,
      0.36358070373535156,
      0.28280287981033325,
      0.40538299083709717,
      0.29470863938331604,
      0.4622093439102173,
      0.3470979630947113,
      0.3549485206604004,
      0.9999999403953552,
      0.2710798382759094,
      0.26399722695350647
    ],
    [
      0.3499166667461395,
      0.4756174385547638,
      0.3576394319534302,
      0.34741878509521484,
      0.2367565631866455,
      0.26492175459861755,
      0.2542324662208557,
      0.336442768573761,
      0.27276256680488586,
      0.4649966359138489,
      0.21983031928539276,
      0.222562775015831,
      0.19498604536056519,
      0.2710798382759094,
      1.0,
      0.4798223078250885
    ],
    [
      0.41382303833961487,
      0.3728981912136078,
      0.44276151061058044,
      0.28141602873802185,
      0.2238607555627823,
      0.26205718517303467,
      0.33966439962387085,
      0.4026370048522949,
      0.3607884645462036,
      0.45396333932876587,
      0.3328917324542999,
      0.30274900794029236,
      0.20880955457687378,
      0.26399722695350647,
      0.4798223078250885,
      1.0
    ]
  ]
}