{
  "game_number": 148,
  "words": [
    "BEAK",
    "HONKER",
    "SNOOT",
    "SNOUT",
    "CONNOISSEUR",
    "CRITIC",
    "EXPERT",
    "SNOB",
    "BACK",
    "BREAST",
    "BUTTER",
    "FREE",
    "AIR",
    "AURA",
    "HALO",
    "VIBE"
  ],
  "adjacency_matrix": [
    [
      0.9999999403953552,
      0.3997792601585388,
      0.46805474162101746,
      0.6071788668632507,
      0.18837730586528778,
      0.22252199053764343,
      0.22199875116348267,
      0.25274327397346497,
      0.41806119680404663,
      0.4555265009403229,
      0.3614346385002136,
      0.26501521468162537,
      0.2967855632305145,
      0.21135087311267853,
      0.3308331072330475,
      0.18450529873371124
    ],
    [
      0.3997792601585388,
      0.9999999403953552,
      0.6212102174758911,
      0.440422385931015,
      0.4594046175479889,
      0.43993255496025085,
      0.41507259011268616,
      0.4747006595134735,
      0.4658549129962921,
      0.3369576036930084,
      0.34976306557655334,
      0.4001702666282654,
      0.3917200565338135,
      0.3121163845062256,
      0.36614638566970825,
      0.42246413230895996
    ],
    [
      0.46805474162101746,
      0.6212102174758911,
      1.0000001192092896,
      0.45033809542655945,
      0.4066624343395233,
      0.3748430609703064,
      0.29609933495521545,
      0.5470564961433411,
      0.42799994349479675,
      0.31794339418411255,
      0.328351229429245,
      0.35047975182533264,
      0.2938116490840912,
      0.20410920679569244,
      0.2841501533985138,
      0.26423799991607666
    ],
    [
      0.6071788668632507,
      0.440422385931015,
      0.45033809542655945,
      1.0,
      0.24410957098007202,
      0.23975524306297302,
      0.17382360994815826,
      0.2634006440639496,
      0.4127887785434723,
      0.3270862400531769,
      0.26994723081588745,
      0.2490299940109253,
      0.28226205706596375,
      0.2213188111782074,
      0.29330459237098694,
      0.23682866990566254
    ],
    [
      0.18837730586528778,
      0.4594046175479889,
      0.4066624343395233,
      0.24410957098007202,
      1.0,
      0.5412926077842712,
      0.5766592621803284,
      0.5551655292510986,
      0.20076225697994232,
      0.23041394352912903,
      0.2833291292190552,
      0.27515825629234314,
      0.23405902087688446,
      0.247330904006958,
      0.2608772814273834,
      0.3161284327507019
    ],
    [
      0.22252199053764343,
      0.43993255496025085,
      0.3748430609703064,
      0.23975524306297302,
      0.5412926077842712,
      0.9999999403953552,
      0.5251939296722412,
      0.44730061292648315,
      0.3329959809780121,
      0.22296316921710968,
      0.17943356931209564,
      0.32527610659599304,
      0.294950008392334,
      0.19291552901268005,
      0.2257576584815979,
      0.27947330474853516
    ],
    [
      0.22199875116348267,
      0.41507259011268616,
      0.29609933495521545,
      0.17382360994815826,
      0.5766592621803284,
      0.5251939296722412,
      1.0,
      0.31510424613952637,
      0.3610018789768219,
      0.23963068425655365,
      0.2577037811279297,
      0.36136654019355774,
      0.32343339920043945,
      0.23214702308177948,
      0.27408498525619507,
      0.2447448968887329
    ],
    [
      0.25274327397346497,
      0.4747006595134735,
      0.5470564961433411,
      0.2634006440639496,
      0.5551655292510986,
      0.44730061292648315,
      0.31510424613952637,
      1.0,
      0.20966576039791107,
      0.17312340438365936,
      0.2792583107948303,
      0.2570934295654297,
      0.24569770693778992,
      0.26450303196907043,
      0.26137810945510864,
      0.349934458732605
    ],
    [
      0.41806119680404663,
      0.4658549129962921,
      0.42799994349479675,
      0.4127887785434723,
      0.20076225697994232,
      0.3329959809780121,
      0.3610018789768219,
      0.20966576039791107,
      1.0,
      0.4098316431045532,
      0.2990782558917999,
      0.4522898197174072,
      0.45313146710395813,
      0.19862815737724304,
      0.30472347140312195,
      0.34635213017463684
    ],
    [
      0.4555265009403229,
      0.3369576036930084,
      0.31794339418411255,
      0.3270862400531769,
      0.23041394352912903,
      0.22296316921710968,
      0.23963068425655365,
      0.17312340438365936,
      0.4098316431045532,
      1.0,
      0.4496995508670807,
      0.3566962480545044,
      0.36237722635269165,
      0.2690173089504242,
      0.3873564898967743,
      0.1982889175415039
    ],
    [
      0.3614346385002136,
      0.34976306557655334,
      0.328351229429245,
      0.26994723081588745,
      0.2833291292190552,
      0.17943356931209564,
      0.2577037811279297,
      0.2792583107948303,
      0.2990782558917999,
      0.4496995508670807,
      1.0,
      0.32733434438705444,
      0.3128474950790405,
      0.15296149253845215,
      0.31096652150154114,
      0.20950458943843842
    ],
    [
      0.26501521468162537,
      0.4001702666282654,
      0.35047975182533264,
      0.2490299940109253,
      0.27515825629234314,
      0.32527610659599304,
      0.36136654019355774,
      0.2570934295654297,
      0.4522898197174072,
      0.3566962480545044,
      0.32733434438705444,
      1.0000001192092896,
      0.4798131287097931,
      0.2113037407398224,
      0.3226788640022278,
      0.2923378348350525
    ],
    [
      0.2967855632305145,
      0.3917200565338135,
      0.2938116490840912,
      0.28226205706596375,
      0.23405902087688446,
      0.294950008392334,
      0.32343339920043945,
      0.24569770693778992,
      0.45313146710395813,
      0.36237722635269165,
      0.3128474950790405,
      0.4798131287097931,
      1.0,
      0.30978870391845703,
      0.2987605631351471,
      0.3509857952594757
    ],
    [
      0.21135087311267853,
      0.3121163845062256,
      0.20410920679569244,
      0.2213188111782074,
      0.247330904006958,
      0.19291552901268005,
      0.23214702308177948,
      0.26450303196907043,
      0.19862815737724304,
      0.2690173089504242,
      0.15296149253845215,
      0.2113037407398224,
      0.30978870391845703,
      1.0,
      0.5047288537025452,
      0.5252065658569336
    ],
    [
      0.3308331072330475,
      0.36614638566970825,
      0.2841501533985138,
      0.29330459237098694,
      0.2608772814273834,
      0.2257576584815979,
      0.27408498525619507,
      0.26137810945510864,
      0.30472347140312195,
      0.3873564898967743,
      0.31096652150154114,
      0.3226788640022278,
      0.2987605631351471,
      0.5047288537025452,
      0.9999999403953552,
      0.3498508632183075
    ],
    [
      0.18450529873371124,
      0.42246413230895996,
      0.26423799991607666,
      0.23682866990566254,
      0.3161284327507019,
      0.27947330474853516,
      0.2447448968887329,
      0.349934458732605,
      0.34635213017463684,
      0.1982889175415039,
      0.20950458943843842,
      0.2923378348350525,
      0.3509857952594757,
      0.5252065658569336,
      0.3498508632183075,
      1.0
    ]
  ]
}