{
  "game_number": 10,
  "words": [
    "MOLE",
    "PIERCING",
    "SCAR",
    "TATTOO",
    "CREEP",
    "HEEL",
    "RAT",
    "SKUNK",
    "BADGER",
    "BUG",
    "HARRY",
    "RIDE",
    "BAR",
    "FOOT",
    "STEP",
    "TOAD"
  ],
  "adjacency_matrix": [
    [
      0.9999999403953552,
      0.3222388029098511,
      0.34777548909187317,
      0.3506089746952057,
      0.3559224009513855,
      0.3608580231666565,
      0.5508546829223633,
      0.4082854092121124,
      0.47309258580207825,
      0.39226943254470825,
      0.3741215169429779,
      0.2320026010274887,
      0.2409081608057022,
      0.3857775926589966,
      0.27968117594718933,
      0.504660427570343
    ],
    [
      0.3222388029098511,
      0.9999999403953552,
      0.5297471880912781,
      0.5638616681098938,
      0.3249461054801941,
      0.40128788352012634,
      0.2650156021118164,
      0.29130274057388306,
      0.36526405811309814,
      0.3210076093673706,
      0.2734593451023102,
      0.3010863661766052,
      0.30577805638313293,
      0.3511141240596771,
      0.289266437292099,
      0.26876726746559143
    ],
    [
      0.34777548909187317,
      0.5297471880912781,
      0.9999999403953552,
      0.5926018953323364,
      0.3366287648677826,
      0.3713086247444153,
      0.3589472770690918,
      0.2998889088630676,
      0.34548160433769226,
      0.34950563311576843,
      0.29570913314819336,
      0.35425955057144165,
      0.28028109669685364,
      0.37524011731147766,
      0.3273624777793884,
      0.28434985876083374
    ],
    [
      0.3506089746952057,
      0.5638616681098938,
      0.5926018953323364,
      1.0,
      0.2223210334777832,
      0.31940123438835144,
      0.30312633514404297,
      0.3126513957977295,
      0.36727049946784973,
      0.3341982662677765,
      0.2541348338127136,
      0.3042275607585907,
      0.34653398394584656,
      0.3615301251411438,
      0.27229416370391846,
      0.2871762216091156
    ],
    [
      0.3559224009513855,
      0.3249461054801941,
      0.3366287648677826,
      0.2223210334777832,
      1.0,
      0.36928045749664307,
      0.3745081126689911,
      0.2880036532878876,
      0.3808237910270691,
      0.44011831283569336,
      0.4086305499076843,
      0.360038161277771,
      0.30042779445648193,
      0.38889554142951965,
      0.4333111643791199,
      0.3234953284263611
    ],
    [
      0.3608580231666565,
      0.40128788352012634,
      0.3713086247444153,
      0.31940123438835144,
      0.36928045749664307,
      1.0,
      0.32089829444885254,
      0.27315396070480347,
      0.28989583253860474,
      0.30142271518707275,
      0.3226774334907532,
      0.326585978269577,
      0.28857508301734924,
      0.5992414951324463,
      0.4213745594024658,
      0.309937447309494
    ],
    [
      0.5508546829223633,
      0.2650156021118164,
      0.3589472770690918,
      0.30312633514404297,
      0.3745081126689911,
      0.32089829444885254,
      1.0,
      0.5206007361412048,
      0.5415105819702148,
      0.39755937457084656,
      0.38699403405189514,
      0.30760544538497925,
      0.2829521894454956,
      0.3889833390712738,
      0.33890795707702637,
      0.5652084350585938
    ],
    [
      0.4082854092121124,
      0.29130274057388306,
      0.2998889088630676,
      0.3126513957977295,
      0.2880036532878876,
      0.27315396070480347,
      0.5206007361412048,
      1.0,
      0.5144756436347961,
      0.4115324318408966,
      0.3534955382347107,
      0.30813366174697876,
      0.1468695104122162,
      0.29381391406059265,
      0.16758081316947937,
      0.5033591389656067
    ],
    [
      0.47309258580207825,
      0.36526405811309814,
      0.34548160433769226,
      0.36727049946784973,
      0.3808237910270691,
      0.28989583253860474,
      0.5415105819702148,
      0.5144756436347961,
      1.0,
      0.42901504039764404,
      0.46210217475891113,
      0.27359750866889954,
      0.2828206717967987,
      0.35411062836647034,
      0.29319271445274353,
      0.48764652013778687
    ],
    [
      0.39226943254470825,
      0.3210076093673706,
      0.34950563311576843,
      0.3341982662677765,
      0.44011831283569336,
      0.30142271518707275,
      0.39755937457084656,
      0.4115324318408966,
      0.42901504039764404,
      0.9999999403953552,
      0.3023913502693176,
      0.3039917051792145,
      0.3103756606578827,
      0.32088702917099,
      0.32044169306755066,
      0.3983443081378937
    ],
    [
      0.3741215169429779,
      0.2734593451023102,
      0.29570913314819336,
      0.2541348338127136,
      0.4086305499076843,
      0.3226774334907532,
      0.38699403405189514,
      0.3534955382347107,
      0.46210217475891113,
      0.3023913502693176,
      1.0,
      0.33871644735336304,
      0.25584104657173157,
      0.36485418677330017,
      0.3509596288204193,
      0.3515929877758026
    ],
    [
      0.2320026010274887,
      0.3010863661766052,
      0.35425955057144165,
      0.3042275607585907,
      0.360038161277771,
      0.326585978269577,
      0.30760544538497925,
      0.30813366174697876,
      0.27359750866889954,
      0.3039917051792145,
      0.33871644735336304,
      1.0,
      0.30240070819854736,
      0.4421737492084503,
      0.3952614367008209,
      0.2631039321422577
    ],
    [
      0.2409081608057022,
      0.30577805638313293,
      0.28028109669685364,
      0.34653398394584656,
      0.30042779445648193,
      0.28857508301734924,
      0.2829521894454956,
      0.1468695104122162,
      0.2828206717967987,
      0.3103756606578827,
      0.25584104657173157,
      0.30240070819854736,
      1.0,
      0.3402869403362274,
      0.30756229162216187,
      0.21013325452804565
    ],
    [
      0.3857775926589966,
      0.3511141240596771,
      0.37524011731147766,
      0.3615301251411438,
      0.38889554142951965,
      0.5992414951324463,
      0.3889833390712738,
      0.29381391406059265,
      0.35411062836647034,
      0.32088702917099,
      0.36485418677330017,
      0.4421737492084503,
      0.3402869403362274,
      1.0,
      0.5003370642662048,
      0.31820133328437805
    ],
    [
      0.27968117594718933,
      0.289266437292099,
      0.3273624777793884,
      0.27229416370391846,
      0.4333111643791199,
      0.4213745594024658,
      0.33890795707702637,
      0.16758081316947937,
      0.29319271445274353,
      0.32044169306755066,
      0.3509596288204193,
      0.3952614367008209,
      0.30756229162216187,
      0.5003370642662048,
      0.9999999403953552,
      0.24511870741844177
    ],
    [
      0.504660427570343,
      0.26876726746559143,
      0.28434985876083374,
      0.2871762216091156,
      0.3234953284263611,
      0.309937447309494,
      0.5652084350585938,
      0.5033591389656067,
      0.48764652013778687,
      0.3983443081378937,
      0.3515929877758026,
      0.2631039321422577,
      0.21013325452804565,
      0.31820133328437805,
      0.24511870741844177,
      0.9999999403953552
    ]
  ]
}