{
  "game_number": 165,
  "words": [
    "CHILL",
    "EASY",
    "ENOUGH",
    "RELAX",
    "BITTERS",
    "ORANGE",
    "RYE",
    "SUGAR",
    "CAR",
    "DOOR",
    "GOAT",
    "HOST",
    "BOOTH",
    "STALL",
    "STAND",
    "TABLE"
  ],
  "adjacency_matrix": [
    [
      1.0,
      0.31354016065597534,
      0.34934553503990173,
      0.5414124727249146,
      0.3485357165336609,
      0.37509557604789734,
      0.2716306746006012,
      0.3376542329788208,
      0.28053387999534607,
      0.3671725392341614,
      0.2104525864124298,
      0.2885187864303589,
      0.25577712059020996,
      0.4076574146747589,
      0.4275846779346466,
      0.2792425751686096
    ],
    [
      0.31354016065597534,
      1.0,
      0.5963422656059265,
      0.4211464524269104,
      0.2806299030780792,
      0.251558780670166,
      0.09570464491844177,
      0.2626456022262573,
      0.3154493570327759,
      0.34028154611587524,
      0.21073713898658752,
      0.29390838742256165,
      0.2545009255409241,
      0.3225255608558655,
      0.388172447681427,
      0.34062883257865906
    ],
    [
      0.34934553503990173,
      0.5963422656059265,
      1.0,
      0.38452014327049255,
      0.331248939037323,
      0.27835649251937866,
      0.11972618848085403,
      0.28187325596809387,
      0.3122783303260803,
      0.2656378448009491,
      0.25506678223609924,
      0.3235971927642822,
      0.2734885513782501,
      0.3915494382381439,
      0.47567543387413025,
      0.312260240316391
    ],
    [
      0.5414124727249146,
      0.4211464524269104,
      0.38452014327049255,
      0.9999999403953552,
      0.28579509258270264,
      0.20625415444374084,
      0.11557229608297348,
      0.29241254925727844,
      0.2646535634994507,
      0.29973265528678894,
      0.15557123720645905,
      0.2923238277435303,
      0.2315128594636917,
      0.3901367783546448,
      0.44615647196769714,
      0.30410048365592957
    ],
    [
      0.3485357165336609,
      0.2806299030780792,
      0.331248939037323,
      0.28579509258270264,
      1.0,
      0.4510767459869385,
      0.3542775809764862,
      0.4169524013996124,
      0.17675547301769257,
      0.14923274517059326,
      0.1984506994485855,
      0.17314475774765015,
      0.1737782508134842,
      0.25217553973197937,
      0.26415544748306274,
      0.2820580005645752
    ],
    [
      0.37509557604789734,
      0.251558780670166,
      0.27835649251937866,
      0.20625415444374084,
      0.4510767459869385,
      0.9999999403953552,
      0.21814127266407013,
      0.4392268657684326,
      0.40269750356674194,
      0.2865183353424072,
      0.36201047897338867,
      0.250144362449646,
      0.31378641724586487,
      0.3265867829322815,
      0.3079153299331665,
      0.35813039541244507
    ],
    [
      0.2716306746006012,
      0.09570464491844177,
      0.11972618848085403,
      0.11557229608297348,
      0.3542775809764862,
      0.21814127266407013,
      1.0,
      0.330798476934433,
      0.1600656658411026,
      0.12508068978786469,
      0.31072166562080383,
      0.1397790014743805,
      0.13357633352279663,
      0.14109757542610168,
      0.19199761748313904,
      0.10171495378017426
    ],
    [
      0.3376542329788208,
      0.2626456022262573,
      0.28187325596809387,
      0.29241254925727844,
      0.4169524013996124,
      0.4392268657684326,
      0.330798476934433,
      1.0,
      0.3528101146221161,
      0.21379949152469635,
      0.2904067039489746,
      0.2438628375530243,
      0.2137213945388794,
      0.32264629006385803,
      0.2925512492656708,
      0.2910310924053192
    ],
    [
      0.28053387999534607,
      0.3154493570327759,
      0.3122783303260803,
      0.2646535634994507,
      0.17675547301769257,
      0.40269750356674194,
      0.1600656658411026,
      0.3528101146221161,
      1.0,
      0.519395112991333,
      0.4204678535461426,
      0.35939064621925354,
      0.4396287202835083,
      0.4758078455924988,
      0.39647114276885986,
      0.3848388195037842
    ],
    [
      0.3671725392341614,
      0.34028154611587524,
      0.2656378448009491,
      0.29973265528678894,
      0.14923274517059326,
      0.2865183353424072,
      0.12508068978786469,
      0.21379949152469635,
      0.519395112991333,
      1.0,
      0.41073256731033325,
      0.4157211482524872,
      0.5202513337135315,
      0.5329465270042419,
      0.48555099964141846,
      0.45536261796951294
    ],
    [
      0.2104525864124298,
      0.21073713898658752,
      0.25506678223609924,
      0.15557123720645905,
      0.1984506994485855,
      0.36201047897338867,
      0.31072166562080383,
      0.2904067039489746,
      0.4204678535461426,
      0.41073256731033325,
      1.0,
      0.41787242889404297,
      0.30865758657455444,
      0.3835698366165161,
      0.2760075628757477,
      0.27549922466278076
    ],
    [
      0.2885187864303589,
      0.29390838742256165,
      0.3235971927642822,
      0.2923238277435303,
      0.17314475774765015,
      0.250144362449646,
      0.1397790014743805,
      0.2438628375530243,
      0.35939064621925354,
      0.4157211482524872,
      0.41787242889404297,
      1.0,
      0.4213413596153259,
      0.41889259219169617,
      0.3998199701309204,
      0.4385664165019989
    ],
    [
      0.25577712059020996,
      0.2545009255409241,
      0.2734885513782501,
      0.2315128594636917,
      0.1737782508134842,
      0.31378641724586487,
      0.13357633352279663,
      0.2137213945388794,
      0.4396287202835083,
      0.5202513337135315,
      0.30865758657455444,
      0.4213413596153259,
      0.9999999403953552,
      0.521008312702179,
      0.4646858274936676,
      0.4658808410167694
    ],
    [
      0.4076574146747589,
      0.3225255608558655,
      0.3915494382381439,
      0.3901367783546448,
      0.25217553973197937,
      0.3265867829322815,
      0.14109757542610168,
      0.32264629006385803,
      0.4758078455924988,
      0.5329465270042419,
      0.3835698366165161,
      0.41889259219169617,
      0.521008312702179,
      1.0,
      0.5826439261436462,
      0.4738050401210785
    ],
    [
      0.4275846779346466,
      0.388172447681427,
      0.47567543387413025,
      0.44615647196769714,
      0.26415544748306274,
      0.3079153299331665,
      0.19199761748313904,
      0.2925512492656708,
      0.39647114276885986,
      0.48555099964141846,
      0.2760075628757477,
      0.3998199701309204,
      0.4646858274936676,
      0.5826439261436462,
      1.0,
      0.5095531344413757
    ],
    [
      0.2792425751686096,
      0.34062883257865906,
      0.312260240316391,
      0.30410048365592957,
      0.2820580005645752,
      0.35813039541244507,
      0.10171495378017426,
      0.2910310924053192,
      0.3848388195037842,
      0.45536261796951294,
      0.27549922466278076,
      0.4385664165019989,
      0.4658808410167694,
      0.4738050401210785,
      0.5095531344413757,
      1.0
    ]
  ]
}