{
  "game_number": 105,
  "words": [
    "BALANCE",
    "DIFFERENCE",
    "REMAINDER",
    "REST",
    "CRUISE",
    "DRIVE",
    "RIDE",
    "SPIN",
    "DIAMOND",
    "FIELD",
    "PARK",
    "STADIUM",
    "BAY",
    "HARMONY",
    "INK",
    "TRADE"
  ],
  "adjacency_matrix": [
    [
      1.0,
      0.5098041892051697,
      0.44279608130455017,
      0.5545555353164673,
      0.3521503806114197,
      0.42487242817878723,
      0.42245009541511536,
      0.4630569815635681,
      0.27526602149009705,
      0.3710404336452484,
      0.3801894187927246,
      0.25725170969963074,
      0.280170738697052,
      0.6257531642913818,
      0.3079291880130768,
      0.46953579783439636
    ],
    [
      0.5098041892051697,
      1.0,
      0.4218350946903229,
      0.47723332047462463,
      0.27687573432922363,
      0.3746384382247925,
      0.293672114610672,
      0.3454797863960266,
      0.30415645241737366,
      0.3874265253543854,
      0.2715725600719452,
      0.19301289319992065,
      0.23743706941604614,
      0.4157989025115967,
      0.3030431270599365,
      0.3315828740596771
    ],
    [
      0.44279608130455017,
      0.4218350946903229,
      1.0,
      0.6934338808059692,
      0.36583346128463745,
      0.40391814708709717,
      0.3682906925678253,
      0.3175429701805115,
      0.2754074037075043,
      0.463342547416687,
      0.3811523914337158,
      0.2944716513156891,
      0.31871503591537476,
      0.30589279532432556,
      0.2460535168647766,
      0.33883827924728394
    ],
    [
      0.5545555353164673,
      0.47723332047462463,
      0.6934338808059692,
      1.0,
      0.44092413783073425,
      0.525468647480011,
      0.520238995552063,
      0.4809745252132416,
      0.2929791808128357,
      0.4822292625904083,
      0.47191813588142395,
      0.34518367052078247,
      0.38902726769447327,
      0.43966880440711975,
      0.2893044352531433,
      0.4200543761253357
    ],
    [
      0.3521503806114197,
      0.27687573432922363,
      0.36583346128463745,
      0.44092413783073425,
      0.9999999403953552,
      0.469666987657547,
      0.5326170325279236,
      0.34256088733673096,
      0.28646188974380493,
      0.3580911457538605,
      0.41880717873573303,
      0.2888350188732147,
      0.4128853678703308,
      0.23521384596824646,
      0.19028432667255402,
      0.39958131313323975
    ],
    [
      0.42487242817878723,
      0.3746384382247925,
      0.40391814708709717,
      0.525468647480011,
      0.469666987657547,
      1.0,
      0.5759653449058533,
      0.4575945734977722,
      0.33296290040016174,
      0.47602543234825134,
      0.5031958222389221,
      0.3342675268650055,
      0.36367014050483704,
      0.3450506627559662,
      0.20134899020195007,
      0.42266571521759033
    ],
    [
      0.42245009541511536,
      0.293672114610672,
      0.3682906925678253,
      0.520238995552063,
      0.5326170325279236,
      0.5759653449058533,
      1.0,
      0.49493950605392456,
      0.3243432939052582,
      0.3781138062477112,
      0.5897926092147827,
      0.3639901578426361,
      0.38400891423225403,
      0.29785752296447754,
      0.17958705127239227,
      0.3906203806400299
    ],
    [
      0.4630569815635681,
      0.3454797863960266,
      0.3175429701805115,
      0.4809745252132416,
      0.34256088733673096,
      0.4575945734977722,
      0.49493950605392456,
      0.9999999403953552,
      0.37205612659454346,
      0.4016941785812378,
      0.3098653554916382,
      0.2087240219116211,
      0.2358085960149765,
      0.2833247780799866,
      0.3214266002178192,
      0.39623430371284485
    ],
    [
      0.27526602149009705,
      0.30415645241737366,
      0.2754074037075043,
      0.2929791808128357,
      0.28646188974380493,
      0.33296290040016174,
      0.3243432939052582,
      0.37205612659454346,
      1.0,
      0.40123099088668823,
      0.3932745158672333,
      0.30866217613220215,
      0.24444587528705597,
      0.31826743483543396,
      0.3247931897640228,
      0.4516945779323578
    ],
    [
      0.3710404336452484,
      0.3874265253543854,
      0.463342547416687,
      0.4822292625904083,
      0.3580911457538605,
      0.47602543234825134,
      0.3781138062477112,
      0.4016941785812378,
      0.40123099088668823,
      0.9999999403953552,
      0.48138731718063354,
      0.4868311285972595,
      0.3835108280181885,
      0.3012920022010803,
      0.24241013824939728,
      0.4438115656375885
    ],
    [
      0.3801894187927246,
      0.2715725600719452,
      0.3811523914337158,
      0.47191813588142395,
      0.41880717873573303,
      0.5031958222389221,
      0.5897926092147827,
      0.3098653554916382,
      0.3932745158672333,
      0.48138731718063354,
      1.0,
      0.5884263515472412,
      0.47097721695899963,
      0.3800281286239624,
      0.16038502752780914,
      0.3584297299385071
    ],
    [
      0.25725170969963074,
      0.19301289319992065,
      0.2944716513156891,
      0.34518367052078247,
      0.2888350188732147,
      0.3342675268650055,
      0.3639901578426361,
      0.2087240219116211,
      0.30866217613220215,
      0.4868311285972595,
      0.5884263515472412,
      0.9999999403953552,
      0.352721244096756,
      0.2577737271785736,
      0.11963533610105515,
      0.2534979581832886
    ],
    [
      0.280170738697052,
      0.23743706941604614,
      0.31871503591537476,
      0.38902726769447327,
      0.4128853678703308,
      0.36367014050483704,
      0.38400891423225403,
      0.2358085960149765,
      0.24444587528705597,
      0.3835108280181885,
      0.47097721695899963,
      0.352721244096756,
      1.0,
      0.27058786153793335,
      0.21095523238182068,
      0.30588072538375854
    ],
    [
      0.6257531642913818,
      0.4157989025115967,
      0.30589279532432556,
      0.43966880440711975,
      0.23521384596824646,
      0.3450506627559662,
      0.29785752296447754,
      0.2833247780799866,
      0.31826743483543396,
      0.3012920022010803,
      0.3800281286239624,
      0.2577737271785736,
      0.27058786153793335,
      1.0,
      0.2302446961402893,
      0.3970515727996826
    ],
    [
      0.3079291880130768,
      0.3030431270599365,
      0.2460535168647766,
      0.2893044352531433,
      0.19028432667255402,
      0.20134899020195007,
      0.17958705127239227,
      0.3214266002178192,
      0.3247931897640228,
      0.24241013824939728,
      0.16038502752780914,
      0.11963533610105515,
      0.21095523238182068,
      0.2302446961402893,
      1.0,
      0.32936811447143555
    ],
    [
      0.46953579783439636,
      0.3315828740596771,
      0.33883827924728394,
      0.4200543761253357,
      0.39958131313323975,
      0.42266571521759033,
      0.3906203806400299,
      0.39623430371284485,
      0.4516945779323578,
      0.4438115656375885,
      0.3584297299385071,
      0.2534979581832886,
      0.30588072538375854,
      0.3970515727996826,
      0.32936811447143555,
      1.0
    ]
  ]
}