{
  "game_number": 177,
  "words": [
    "CLOSE",
    "DEAR",
    "INTIMATE",
    "TIGHT",
    "BEES",
    "EASE",
    "JAYS",
    "USE",
    "BILLS",
    "BYE",
    "GIMME",
    "PLEASE",
    "EWE",
    "U",
    "YEW",
    "YOU"
  ],
  "adjacency_matrix": [
    [
      1.0,
      0.48803475499153137,
      0.5912948250770569,
      0.6301107406616211,
      0.23430635035037994,
      0.406573086977005,
      0.14792075753211975,
      0.4564375579357147,
      0.30117571353912354,
      0.3467382788658142,
      0.26872628927230835,
      0.366851270198822,
      0.09236045181751251,
      -0.11601300537586212,
      0.08421902358531952,
      0.3199336528778076
    ],
    [
      0.48803475499153137,
      1.0,
      0.42390915751457214,
      0.3912554681301117,
      0.2824411988258362,
      0.30486682057380676,
      0.20417015254497528,
      0.350435346364975,
      0.2374635487794876,
      0.4381980001926422,
      0.32257163524627686,
      0.43340301513671875,
      0.22763392329216003,
      0.027926187962293625,
      0.19989970326423645,
      0.5241345763206482
    ],
    [
      0.5912948250770569,
      0.42390915751457214,
      0.9999999403953552,
      0.5002891421318054,
      0.2453707605600357,
      0.37359675765037537,
      0.12896059453487396,
      0.40049049258232117,
      0.24461603164672852,
      0.18612906336784363,
      0.18395043909549713,
      0.36011821031570435,
      0.051290784031152725,
      -0.04782956466078758,
      0.07514600455760956,
      0.2533521056175232
    ],
    [
      0.6301107406616211,
      0.3912554681301117,
      0.5002891421318054,
      0.9999999403953552,
      0.2024667114019394,
      0.48251497745513916,
      0.07954864948987961,
      0.3637142479419708,
      0.304217666387558,
      0.3046885132789612,
      0.3187134265899658,
      0.28402820229530334,
      0.11827581375837326,
      -0.09983377903699875,
      0.123997762799263,
      0.1999073475599289
    ],
    [
      0.23430635035037994,
      0.2824411988258362,
      0.2453707605600357,
      0.2024667114019394,
      1.0,
      0.21794214844703674,
      0.3993024528026581,
      0.31313690543174744,
      0.285610169172287,
      0.17540526390075684,
      0.08173191547393799,
      0.18417343497276306,
      0.23142646253108978,
      -0.04475102201104164,
      0.16680458188056946,
      0.34517255425453186
    ],
    [
      0.406573086977005,
      0.30486682057380676,
      0.37359675765037537,
      0.48251497745513916,
      0.21794214844703674,
      0.9999999403953552,
      0.0896039754152298,
      0.5148996114730835,
      0.2977597415447235,
      0.2109196037054062,
      0.2142973691225052,
      0.4517403841018677,
      0.13261552155017853,
      -0.07281185686588287,
      0.06673097610473633,
      0.3466837704181671
    ],
    [
      0.14792075753211975,
      0.20417015254497528,
      0.12896059453487396,
      0.07954864948987961,
      0.3993024528026581,
      0.0896039754152298,
      1.0,
      0.18770283460617065,
      0.22914697229862213,
      0.17817039787769318,
      0.2025400549173355,
      0.14808246493339539,
      0.21152544021606445,
      0.12682287395000458,
      0.2914199233055115,
      0.19356854259967804
    ],
    [
      0.4564375579357147,
      0.350435346364975,
      0.40049049258232117,
      0.3637142479419708,
      0.31313690543174744,
      0.5148996114730835,
      0.18770283460617065,
      1.0,
      0.29949069023132324,
      0.26329123973846436,
      0.2707419991493225,
      0.5824688673019409,
      0.09352033585309982,
      -0.11134903877973557,
      0.14206309616565704,
      0.4613451063632965
    ],
    [
      0.30117571353912354,
      0.2374635487794876,
      0.24461603164672852,
      0.304217666387558,
      0.285610169172287,
      0.2977597415447235,
      0.22914697229862213,
      0.29949069023132324,
      1.0,
      0.201849102973938,
      0.26798197627067566,
      0.1627417653799057,
      0.10920190066099167,
      -0.12262468039989471,
      0.039257295429706573,
      0.28614407777786255
    ],
    [
      0.3467382788658142,
      0.4381980001926422,
      0.18612906336784363,
      0.3046885132789612,
      0.17540526390075684,
      0.2109196037054062,
      0.17817039787769318,
      0.26329123973846436,
      0.201849102973938,
      1.0,
      0.42670151591300964,
      0.3315335512161255,
      0.17498132586479187,
      0.14609700441360474,
      0.14621642231941223,
      0.2900678217411041
    ],
    [
      0.26872628927230835,
      0.32257163524627686,
      0.18395043909549713,
      0.3187134265899658,
      0.08173191547393799,
      0.2142973691225052,
      0.2025400549173355,
      0.2707419991493225,
      0.26798197627067566,
      0.42670151591300964,
      1.0,
      0.3232744038105011,
      0.1871567666530609,
      0.10808499157428741,
      0.1711416244506836,
      0.2370346486568451
    ],
    [
      0.366851270198822,
      0.43340301513671875,
      0.36011821031570435,
      0.28402820229530334,
      0.18417343497276306,
      0.4517403841018677,
      0.14808246493339539,
      0.5824688673019409,
      0.1627417653799057,
      0.3315335512161255,
      0.3232744038105011,
      1.0,
      0.08137335628271103,
      0.05224526673555374,
      0.13711267709732056,
      0.5674832463264465
    ],
    [
      0.09236045181751251,
      0.22763392329216003,
      0.051290784031152725,
      0.11827581375837326,
      0.23142646253108978,
      0.13261552155017853,
      0.21152544021606445,
      0.09352033585309982,
      0.10920190066099167,
      0.17498132586479187,
      0.1871567666530609,
      0.08137335628271103,
      1.0,
      0.18999937176704407,
      0.26287150382995605,
      0.11938361823558807
    ],
    [
      -0.11601300537586212,
      0.027926187962293625,
      -0.04782956466078758,
      -0.09983377903699875,
      -0.04475102201104164,
      -0.07281185686588287,
      0.12682287395000458,
      -0.11134903877973557,
      -0.12262468039989471,
      0.14609700441360474,
      0.10808499157428741,
      0.05224526673555374,
      0.18999937176704407,
      0.9999999403953552,
      0.24619236588478088,
      0.05973290279507637
    ],
    [
      0.08421902358531952,
      0.19989970326423645,
      0.07514600455760956,
      0.123997762799263,
      0.16680458188056946,
      0.06673097610473633,
      0.2914199233055115,
      0.14206309616565704,
      0.039257295429706573,
      0.14621642231941223,
      0.1711416244506836,
      0.13711267709732056,
      0.26287150382995605,
      0.24619236588478088,
      1.0,
      0.08426876366138458
    ],
    [
      0.3199336528778076,
      0.5241345763206482,
      0.2533521056175232,
      0.1999073475599289,
      0.34517255425453186,
      0.3466837704181671,
      0.19356854259967804,
      0.4613451063632965,
      0.28614407777786255,
      0.2900678217411041,
      0.2370346486568451,
      0.5674832463264465,
      0.11938361823558807,
      0.05973290279507637,
      0.08426876366138458,
      0.9999999403953552
    ]
  ]
}