{
  "game_number": 206,
  "words": [
    "ADDITION",
    "ANNEX",
    "EXTENSION",
    "WING",
    "CALCULUS",
    "CAVITY",
    "PLAQUE",
    "TARTAR",
    "COLONEL",
    "PHARAOH",
    "WEDNESDAY",
    "WORCESTERSHIRE",
    "BELLYACHE",
    "CARP",
    "CRAB",
    "GRUMBLE"
  ],
  "adjacency_matrix": [
    [
      1.0,
      0.35812103748321533,
      0.533279299736023,
      0.30834659934043884,
      0.32545706629753113,
      0.2646035850048065,
      0.35690838098526,
      0.22992414236068726,
      0.21969401836395264,
      0.1597670316696167,
      0.2657575309276581,
      0.27062466740608215,
      0.26207220554351807,
      0.19954241812229156,
      0.21365028619766235,
      0.26929497718811035
    ],
    [
      0.35812103748321533,
      0.9999999403953552,
      0.4029802680015564,
      0.3395530581474304,
      0.2525450587272644,
      0.3158363401889801,
      0.28620490431785583,
      0.23342472314834595,
      0.15978094935417175,
      0.09569859504699707,
      0.18878620862960815,
      0.25952744483947754,
      0.18369504809379578,
      0.1853305697441101,
      0.13868144154548645,
      0.12907995283603668
    ],
    [
      0.533279299736023,
      0.4029802680015564,
      1.0,
      0.43214669823646545,
      0.36026471853256226,
      0.3793123662471771,
      0.2960343658924103,
      0.25718986988067627,
      0.25294721126556396,
      0.16169841587543488,
      0.21963302791118622,
      0.35833534598350525,
      0.3168513774871826,
      0.2304045408964157,
      0.2785283029079437,
      0.28763827681541443
    ],
    [
      0.30834659934043884,
      0.3395530581474304,
      0.43214669823646545,
      1.0,
      0.2819063365459442,
      0.39104777574539185,
      0.26051878929138184,
      0.2742769718170166,
      0.2852076590061188,
      0.22792816162109375,
      0.23099756240844727,
      0.3334846794605255,
      0.38136202096939087,
      0.27349457144737244,
      0.295154333114624,
      0.22327394783496857
    ],
    [
      0.32545706629753113,
      0.2525450587272644,
      0.36026471853256226,
      0.2819063365459442,
      1.0,
      0.314037024974823,
      0.32461079955101013,
      0.4443623423576355,
      0.2116127610206604,
      0.11152859777212143,
      0.1871175318956375,
      0.317791223526001,
      0.3390805423259735,
      0.2663760483264923,
      0.2547277808189392,
      0.2024444192647934
    ],
    [
      0.2646035850048065,
      0.3158363401889801,
      0.3793123662471771,
      0.39104777574539185,
      0.314037024974823,
      0.9999999403953552,
      0.3959142863750458,
      0.3769051134586334,
      0.1730494350194931,
      0.21496157348155975,
      0.12224828451871872,
      0.3659425675868988,
      0.3714272677898407,
      0.3075520694255829,
      0.38528168201446533,
      0.20370519161224365
    ],
    [
      0.35690838098526,
      0.28620490431785583,
      0.2960343658924103,
      0.26051878929138184,
      0.32461079955101013,
      0.3959142863750458,
      1.0,
      0.4543430209159851,
      0.2788242697715759,
      0.15631474554538727,
      0.15725752711296082,
      0.27639007568359375,
      0.3293786942958832,
      0.2700079679489136,
      0.2702867388725281,
      0.2219858318567276
    ],
    [
      0.22992414236068726,
      0.23342472314834595,
      0.25718986988067627,
      0.2742769718170166,
      0.4443623423576355,
      0.3769051134586334,
      0.4543430209159851,
      1.0,
      0.2723313271999359,
      0.1849476546049118,
      0.21837452054023743,
      0.43884775042533875,
      0.44458457827568054,
      0.3815898299217224,
      0.428419828414917,
      0.2686857581138611
    ],
    [
      0.21969401836395264,
      0.15978094935417175,
      0.25294721126556396,
      0.2852076590061188,
      0.2116127610206604,
      0.1730494350194931,
      0.2788242697715759,
      0.2723313271999359,
      1.0,
      0.30978450179100037,
      0.19089475274085999,
      0.3080426752567291,
      0.3456367254257202,
      0.1667919158935547,
      0.24465760588645935,
      0.3237802982330322
    ],
    [
      0.1597670316696167,
      0.09569859504699707,
      0.16169841587543488,
      0.22792816162109375,
      0.11152859777212143,
      0.21496157348155975,
      0.15631474554538727,
      0.1849476546049118,
      0.30978450179100037,
      1.0,
      0.19217173755168915,
      0.2000856101512909,
      0.26221615076065063,
      0.1700945645570755,
      0.26188337802886963,
      0.14874061942100525
    ],
    [
      0.2657575309276581,
      0.18878620862960815,
      0.21963302791118622,
      0.23099756240844727,
      0.1871175318956375,
      0.12224828451871872,
      0.15725752711296082,
      0.21837452054023743,
      0.19089475274085999,
      0.19217173755168915,
      1.0,
      0.36719149351119995,
      0.28744184970855713,
      0.1906169354915619,
      0.1452256739139557,
      0.25528573989868164
    ],
    [
      0.27062466740608215,
      0.25952744483947754,
      0.35833534598350525,
      0.3334846794605255,
      0.317791223526001,
      0.3659425675868988,
      0.27639007568359375,
      0.43884775042533875,
      0.3080426752567291,
      0.2000856101512909,
      0.36719149351119995,
      1.0,
      0.3992142081260681,
      0.3310433626174927,
      0.31447479128837585,
      0.24136561155319214
    ],
    [
      0.26207220554351807,
      0.18369504809379578,
      0.3168513774871826,
      0.38136202096939087,
      0.3390805423259735,
      0.3714272677898407,
      0.3293786942958832,
      0.44458457827568054,
      0.3456367254257202,
      0.26221615076065063,
      0.28744184970855713,
      0.3992142081260681,
      0.9999999403953552,
      0.44458380341529846,
      0.3654800355434418,
      0.5734888911247253
    ],
    [
      0.19954241812229156,
      0.1853305697441101,
      0.2304045408964157,
      0.27349457144737244,
      0.2663760483264923,
      0.3075520694255829,
      0.2700079679489136,
      0.3815898299217224,
      0.1667919158935547,
      0.1700945645570755,
      0.1906169354915619,
      0.3310433626174927,
      0.44458380341529846,
      1.0,
      0.5013571977615356,
      0.3974849581718445
    ],
    [
      0.21365028619766235,
      0.13868144154548645,
      0.2785283029079437,
      0.295154333114624,
      0.2547277808189392,
      0.38528168201446533,
      0.2702867388725281,
      0.428419828414917,
      0.24465760588645935,
      0.26188337802886963,
      0.1452256739139557,
      0.31447479128837585,
      0.3654800355434418,
      0.5013571977615356,
      1.0,
      0.24338869750499725
    ],
    [
      0.26929497718811035,
      0.12907995283603668,
      0.28763827681541443,
      0.22327394783496857,
      0.2024444192647934,
      0.20370519161224365,
      0.2219858318567276,
      0.2686857581138611,
      0.3237802982330322,
      0.14874061942100525,
      0.25528573989868164,
      0.24136561155319214,
      0.5734888911247253,
      0.3974849581718445,
      0.24338869750499725,
      1.0
    ]
  ]
}