{
  "game_number": 134,
  "words": [
    "CURVE",
    "SNAKE",
    "WEAVE",
    "WIND",
    "DOUBLE",
    "SPARE",
    "STRIKE",
    "TURKEY",
    "BLOW",
    "CAT",
    "GOLD",
    "SWORD",
    "HINT",
    "SUGGESTION",
    "TOUCH",
    "TRACE"
  ],
  "adjacency_matrix": [
    [
      1.0,
      0.3776814043521881,
      0.350434273481369,
      0.4107632040977478,
      0.42677515745162964,
      0.2918838560581207,
      0.35443314909935,
      0.22091002762317657,
      0.3915148079395294,
      0.19461877644062042,
      0.3121296167373657,
      0.3927929699420929,
      0.3888607621192932,
      0.32892411947250366,
      0.3842853903770447,
      0.4458381235599518
    ],
    [
      0.3776814043521881,
      0.9999999403953552,
      0.3856002390384674,
      0.35442084074020386,
      0.3484402894973755,
      0.2795008718967438,
      0.36504149436950684,
      0.44009846448898315,
      0.3371982276439667,
      0.503435492515564,
      0.398986279964447,
      0.44235196709632874,
      0.31931453943252563,
      0.2810556888580322,
      0.38372743129730225,
      0.31404250860214233
    ],
    [
      0.350434273481369,
      0.3856002390384674,
      1.0,
      0.396903932094574,
      0.38929837942123413,
      0.4222801923751831,
      0.42744243144989014,
      0.22992712259292603,
      0.3544880151748657,
      0.24443456530570984,
      0.35150137543678284,
      0.34353166818618774,
      0.30278679728507996,
      0.2962815761566162,
      0.4739026725292206,
      0.413350909948349
    ],
    [
      0.4107632040977478,
      0.35442084074020386,
      0.396903932094574,
      1.0000001192092896,
      0.3711806535720825,
      0.35257822275161743,
      0.41585028171539307,
      0.31035009026527405,
      0.5990937948226929,
      0.2737685739994049,
      0.2866775691509247,
      0.39512041211128235,
      0.3500307500362396,
      0.27081727981567383,
      0.3861212134361267,
      0.3215034306049347
    ],
    [
      0.42677515745162964,
      0.3484402894973755,
      0.38929837942123413,
      0.3711806535720825,
      0.9999999403953552,
      0.4543406367301941,
      0.4011588394641876,
      0.3489152491092682,
      0.4787995517253876,
      0.36923032999038696,
      0.44200026988983154,
      0.406768798828125,
      0.4042913019657135,
      0.3705936074256897,
      0.4874480366706848,
      0.3585788607597351
    ],
    [
      0.2918838560581207,
      0.2795008718967438,
      0.4222801923751831,
      0.35257822275161743,
      0.4543406367301941,
      1.0,
      0.37153759598731995,
      0.31164050102233887,
      0.4560796320438385,
      0.2850055992603302,
      0.3557729423046112,
      0.34919318556785583,
      0.5143387317657471,
      0.3989453911781311,
      0.5469264984130859,
      0.4358797073364258
    ],
    [
      0.35443314909935,
      0.36504149436950684,
      0.42744243144989014,
      0.41585028171539307,
      0.4011588394641876,
      0.37153759598731995,
      1.0,
      0.26723170280456543,
      0.5925405621528625,
      0.2518690526485443,
      0.36453720927238464,
      0.4141114056110382,
      0.37600988149642944,
      0.38026902079582214,
      0.5052963495254517,
      0.35720542073249817
    ],
    [
      0.22091002762317657,
      0.44009846448898315,
      0.22992712259292603,
      0.31035009026527405,
      0.3489152491092682,
      0.31164050102233887,
      0.26723170280456543,
      1.0,
      0.33635035157203674,
      0.37754881381988525,
      0.2756156325340271,
      0.3005710542201996,
      0.2381291538476944,
      0.2058732956647873,
      0.3107587695121765,
      0.22336064279079437
    ],
    [
      0.3915148079395294,
      0.3371982276439667,
      0.3544880151748657,
      0.5990937948226929,
      0.4787995517253876,
      0.4560796320438385,
      0.5925405621528625,
      0.33635035157203674,
      1.0,
      0.2641320824623108,
      0.31588926911354065,
      0.4646521210670471,
      0.4268400967121124,
      0.35512202978134155,
      0.5021144151687622,
      0.35079827904701233
    ],
    [
      0.19461877644062042,
      0.503435492515564,
      0.24443456530570984,
      0.2737685739994049,
      0.36923032999038696,
      0.2850055992603302,
      0.2518690526485443,
      0.37754881381988525,
      0.2641320824623108,
      1.0,
      0.27610892057418823,
      0.3131072521209717,
      0.2778778672218323,
      0.3022044003009796,
      0.36327940225601196,
      0.3133316934108734
    ],
    [
      0.3121296167373657,
      0.398986279964447,
      0.35150137543678284,
      0.2866775691509247,
      0.44200026988983154,
      0.3557729423046112,
      0.36453720927238464,
      0.2756156325340271,
      0.31588926911354065,
      0.27610892057418823,
      1.0,
      0.403319388628006,
      0.3307333290576935,
      0.2432149201631546,
      0.3727349042892456,
      0.3172454535961151
    ],
    [
      0.3927929699420929,
      0.44235196709632874,
      0.34353166818618774,
      0.39512041211128235,
      0.406768798828125,
      0.34919318556785583,
      0.4141114056110382,
      0.3005710542201996,
      0.4646521210670471,
      0.3131072521209717,
      0.403319388628006,
      1.0000001192092896,
      0.34098130464553833,
      0.30938640236854553,
      0.41477641463279724,
      0.3304751217365265
    ],
    [
      0.3888607621192932,
      0.31931453943252563,
      0.30278679728507996,
      0.3500307500362396,
      0.4042913019657135,
      0.5143387317657471,
      0.37600988149642944,
      0.2381291538476944,
      0.4268400967121124,
      0.2778778672218323,
      0.3307333290576935,
      0.34098130464553833,
      1.0,
      0.6558794379234314,
      0.529457151889801,
      0.5411966443061829
    ],
    [
      0.32892411947250366,
      0.2810556888580322,
      0.2962815761566162,
      0.27081727981567383,
      0.3705936074256897,
      0.3989453911781311,
      0.38026902079582214,
      0.2058732956647873,
      0.35512202978134155,
      0.3022044003009796,
      0.2432149201631546,
      0.30938640236854553,
      0.6558794379234314,
      1.0,
      0.478389173746109,
      0.3435557186603546
    ],
    [
      0.3842853903770447,
      0.38372743129730225,
      0.4739026725292206,
      0.3861212134361267,
      0.4874480366706848,
      0.5469264984130859,
      0.5052963495254517,
      0.3107587695121765,
      0.5021144151687622,
      0.36327940225601196,
      0.3727349042892456,
      0.41477641463279724,
      0.529457151889801,
      0.478389173746109,
      1.0,
      0.489152729511261
    ],
    [
      0.4458381235599518,
      0.31404250860214233,
      0.413350909948349,
      0.3215034306049347,
      0.3585788607597351,
      0.4358797073364258,
      0.35720542073249817,
      0.22336064279079437,
      0.35079827904701233,
      0.3133316934108734,
      0.3172454535961151,
      0.3304751217365265,
      0.5411966443061829,
      0.3435557186603546,
      0.489152729511261,
      1.0
    ]
  ]
}