{
  "game_number": 128,
  "words": [
    "FORMER",
    "LATE",
    "PAST",
    "PRIOR",
    "DASH",
    "HYPHEN",
    "MINUS",
    "UNDERSCORE",
    "BAGGIE",
    "BARGE",
    "COMER",
    "PISA",
    "GUSTO",
    "PASSION",
    "RELISH",
    "ZEST"
  ],
  "adjacency_matrix": [
    [
      1.0,
      0.4733603000640869,
      0.5295602679252625,
      0.45195379853248596,
      0.28754082322120667,
      0.34481993317604065,
      0.40034613013267517,
      0.27772244811058044,
      0.23624388873577118,
      0.31842097640037537,
      0.42960795760154724,
      0.21530838310718536,
      0.13747037947177887,
      0.30408263206481934,
      0.32008761167526245,
      0.22067362070083618
    ],
    [
      0.4733603000640869,
      1.0,
      0.5671453475952148,
      0.584312915802002,
      0.25775042176246643,
      0.18935754895210266,
      0.2633349299430847,
      0.28948351740837097,
      0.24159987270832062,
      0.30406177043914795,
      0.43190309405326843,
      0.22385041415691376,
      0.23544412851333618,
      0.3059791326522827,
      0.3182339668273926,
      0.2257961928844452
    ],
    [
      0.5295602679252625,
      0.5671453475952148,
      1.0,
      0.6329444646835327,
      0.2956019341945648,
      0.21257911622524261,
      0.3582896292209625,
      0.3229326009750366,
      0.2506604790687561,
      0.3593626320362091,
      0.4164990186691284,
      0.2456306666135788,
      0.17322978377342224,
      0.36178410053253174,
      0.3401632308959961,
      0.22243407368659973
    ],
    [
      0.45195379853248596,
      0.584312915802002,
      0.6329444646835327,
      1.0,
      0.2722919285297394,
      0.23920118808746338,
      0.3557119071483612,
      0.3036511242389679,
      0.2768903970718384,
      0.3059006929397583,
      0.3276779055595398,
      0.2544659674167633,
      0.21353687345981598,
      0.3256007134914398,
      0.33714884519577026,
      0.23684939742088318
    ],
    [
      0.28754082322120667,
      0.25775042176246643,
      0.2956019341945648,
      0.2722919285297394,
      1.0,
      0.6492304801940918,
      0.4331817030906677,
      0.44084060192108154,
      0.3406320810317993,
      0.3821854889392853,
      0.35387200117111206,
      0.3039337396621704,
      0.40208595991134644,
      0.38939589262008667,
      0.3600020408630371,
      0.4261745512485504
    ],
    [
      0.34481993317604065,
      0.18935754895210266,
      0.21257911622524261,
      0.23920118808746338,
      0.6492304801940918,
      1.0,
      0.4069221019744873,
      0.42939281463623047,
      0.2947371006011963,
      0.24254275858402252,
      0.2490256279706955,
      0.25672826170921326,
      0.2195436954498291,
      0.22021153569221497,
      0.2712513506412506,
      0.23916496336460114
    ],
    [
      0.40034613013267517,
      0.2633349299430847,
      0.3582896292209625,
      0.3557119071483612,
      0.4331817030906677,
      0.4069221019744873,
      1.0,
      0.29418039321899414,
      0.3693496584892273,
      0.32715538144111633,
      0.2543433904647827,
      0.32347530126571655,
      0.2778465747833252,
      0.2491796612739563,
      0.2731923758983612,
      0.29288557171821594
    ],
    [
      0.27772244811058044,
      0.28948351740837097,
      0.3229326009750366,
      0.3036511242389679,
      0.44084060192108154,
      0.42939281463623047,
      0.29418039321899414,
      1.0,
      0.21026581525802612,
      0.18303996324539185,
      0.2208646833896637,
      0.20711825788021088,
      0.24895033240318298,
      0.3093068599700928,
      0.44353705644607544,
      0.3252343535423279
    ],
    [
      0.23624388873577118,
      0.24159987270832062,
      0.2506604790687561,
      0.2768903970718384,
      0.3406320810317993,
      0.2947371006011963,
      0.3693496584892273,
      0.21026581525802612,
      1.0,
      0.30254819989204407,
      0.3958131968975067,
      0.3305158019065857,
      0.2898462414741516,
      0.20714958012104034,
      0.3283870220184326,
      0.2311278134584427
    ],
    [
      0.31842097640037537,
      0.30406177043914795,
      0.3593626320362091,
      0.3059006929397583,
      0.3821854889392853,
      0.24254275858402252,
      0.32715538144111633,
      0.18303996324539185,
      0.30254819989204407,
      1.0,
      0.29047560691833496,
      0.3079739212989807,
      0.2497062236070633,
      0.2588122487068176,
      0.27024781703948975,
      0.1843743622303009
    ],
    [
      0.42960795760154724,
      0.43190309405326843,
      0.4164990186691284,
      0.3276779055595398,
      0.35387200117111206,
      0.2490256279706955,
      0.2543433904647827,
      0.2208646833896637,
      0.3958131968975067,
      0.29047560691833496,
      0.9999999403953552,
      0.2948428988456726,
      0.29062503576278687,
      0.3212449550628662,
      0.4256339371204376,
      0.22327113151550293
    ],
    [
      0.21530838310718536,
      0.22385041415691376,
      0.2456306666135788,
      0.2544659674167633,
      0.3039337396621704,
      0.25672826170921326,
      0.32347530126571655,
      0.20711825788021088,
      0.3305158019065857,
      0.3079739212989807,
      0.2948428988456726,
      1.0000001192092896,
      0.3897819221019745,
      0.27472877502441406,
      0.23525698482990265,
      0.2302858680486679
    ],
    [
      0.13747037947177887,
      0.23544412851333618,
      0.17322978377342224,
      0.21353687345981598,
      0.40208595991134644,
      0.2195436954498291,
      0.2778465747833252,
      0.24895033240318298,
      0.2898462414741516,
      0.2497062236070633,
      0.29062503576278687,
      0.3897819221019745,
      1.0,
      0.5163130164146423,
      0.48223045468330383,
      0.5812676548957825
    ],
    [
      0.30408263206481934,
      0.3059791326522827,
      0.36178410053253174,
      0.3256007134914398,
      0.38939589262008667,
      0.22021153569221497,
      0.2491796612739563,
      0.3093068599700928,
      0.20714958012104034,
      0.2588122487068176,
      0.3212449550628662,
      0.27472877502441406,
      0.5163130164146423,
      1.0,
      0.5342321395874023,
      0.6123037338256836
    ],
    [
      0.32008761167526245,
      0.3182339668273926,
      0.3401632308959961,
      0.33714884519577026,
      0.3600020408630371,
      0.2712513506412506,
      0.2731923758983612,
      0.44353705644607544,
      0.3283870220184326,
      0.27024781703948975,
      0.4256339371204376,
      0.23525698482990265,
      0.48223045468330383,
      0.5342321395874023,
      1.0,
      0.5545515418052673
    ],
    [
      0.22067362070083618,
      0.2257961928844452,
      0.22243407368659973,
      0.23684939742088318,
      0.4261745512485504,
      0.23916496336460114,
      0.29288557171821594,
      0.3252343535423279,
      0.2311278134584427,
      0.1843743622303009,
      0.22327113151550293,
      0.2302858680486679,
      0.5812676548957825,
      0.6123037338256836,
      0.5545515418052673,
      1.0
    ]
  ]
}