{
  "game_number": 507,
  "words": [
    "BOUQUET",
    "PARFAIT",
    "RAGOUT",
    "RAPPORT",
    "JAPAN",
    "POLAND",
    "TUNISIA",
    "TURKEY",
    "BIRD",
    "CURRY",
    "JAMES",
    "JORDAN",
    "CANYON",
    "GULCH",
    "PASS",
    "RAVINE"
  ],
  "adjacency_matrix": [
    [
      1.0,
      0.4535678029060364,
      0.36551597714424133,
      0.22054022550582886,
      0.09662792831659317,
      0.17261987924575806,
      0.24347321689128876,
      0.3068659007549286,
      0.32273513078689575,
      0.34508147835731506,
      0.20872724056243896,
      0.10988956689834595,
      0.2511644959449768,
      0.27382853627204895,
      0.2987316846847534,
      0.3225545585155487
    ],
    [
      0.4535678029060364,
      1.0,
      0.5167062282562256,
      0.3011951148509979,
      0.15402880311012268,
      0.22975826263427734,
      0.24918867647647858,
      0.318448930978775,
      0.2910288870334625,
      0.33469974994659424,
      0.3049395978450775,
      0.2210795134305954,
      0.29464805126190186,
      0.28609371185302734,
      0.26013702154159546,
      0.2929936945438385
    ],
    [
      0.36551597714424133,
      0.5167062282562256,
      1.0,
      0.2526158094406128,
      0.2545875608921051,
      0.2915372848510742,
      0.3307448625564575,
      0.43807557225227356,
      0.4167816638946533,
      0.5366665720939636,
      0.3609144389629364,
      0.23311297595500946,
      0.31420937180519104,
      0.369404673576355,
      0.27468156814575195,
      0.36773890256881714
    ],
    [
      0.22054022550582886,
      0.3011951148509979,
      0.2526158094406128,
      1.0,
      0.14375630021095276,
      0.22153803706169128,
      0.15506358444690704,
      0.20908710360527039,
      0.2088034301996231,
      0.30197635293006897,
      0.2772656977176666,
      0.1815403252840042,
      0.1769450157880783,
      0.15429653227329254,
      0.2987745404243469,
      0.19142360985279083
    ],
    [
      0.09662792831659317,
      0.15402880311012268,
      0.2545875608921051,
      0.14375630021095276,
      1.0,
      0.5363528728485107,
      0.4101184606552124,
      0.2278451770544052,
      0.1633531004190445,
      0.27816519141197205,
      0.3750702440738678,
      0.43793556094169617,
      0.2365638166666031,
      0.1714463084936142,
      0.1356024444103241,
      0.09432972222566605
    ],
    [
      0.17261987924575806,
      0.22975826263427734,
      0.2915372848510742,
      0.22153803706169128,
      0.5363528728485107,
      1.0000001192092896,
      0.5298224091529846,
      0.45065948367118835,
      0.27812501788139343,
      0.2863418757915497,
      0.4530606269836426,
      0.489307701587677,
      0.26836124062538147,
      0.22800865769386292,
      0.30381840467453003,
      0.22891326248645782
    ],
    [
      0.24347321689128876,
      0.24918867647647858,
      0.3307448625564575,
      0.15506358444690704,
      0.4101184606552124,
      0.5298224091529846,
      1.0000001192092896,
      0.4060360789299011,
      0.287561297416687,
      0.21186716854572296,
      0.3456788659095764,
      0.4147394895553589,
      0.2815699875354767,
      0.23502612113952637,
      0.23962974548339844,
      0.19573275744915009
    ],
    [
      0.3068659007549286,
      0.318448930978775,
      0.43807557225227356,
      0.20908710360527039,
      0.2278451770544052,
      0.45065948367118835,
      0.4060360789299011,
      1.0,
      0.5866565704345703,
      0.39967286586761475,
      0.336782842874527,
      0.3404117822647095,
      0.32775717973709106,
      0.31202852725982666,
      0.27465301752090454,
      0.22557127475738525
    ],
    [
      0.32273513078689575,
      0.2910288870334625,
      0.4167816638946533,
      0.2088034301996231,
      0.1633531004190445,
      0.27812501788139343,
      0.287561297416687,
      0.5866565704345703,
      1.0,
      0.3237810730934143,
      0.22659878432750702,
      0.20391568541526794,
      0.3526768386363983,
      0.27048662304878235,
      0.2889344394207001,
      0.28529977798461914
    ],
    [
      0.34508147835731506,
      0.33469974994659424,
      0.5366665720939636,
      0.30197635293006897,
      0.27816519141197205,
      0.2863418757915497,
      0.21186716854572296,
      0.39967286586761475,
      0.3237810730934143,
      1.0,
      0.35608258843421936,
      0.2216321974992752,
      0.24877189099788666,
      0.23140624165534973,
      0.34814950823783875,
      0.2788090705871582
    ],
    [
      0.20872724056243896,
      0.3049395978450775,
      0.3609144389629364,
      0.2772656977176666,
      0.3750702440738678,
      0.4530606269836426,
      0.3456788659095764,
      0.336782842874527,
      0.22659878432750702,
      0.35608258843421936,
      1.0,
      0.6286226511001587,
      0.2704600393772125,
      0.3214494585990906,
      0.26035061478614807,
      0.2554251551628113
    ],
    [
      0.10988956689834595,
      0.2210795134305954,
      0.23311297595500946,
      0.1815403252840042,
      0.43793556094169617,
      0.489307701587677,
      0.4147394895553589,
      0.3404117822647095,
      0.20391568541526794,
      0.2216321974992752,
      0.6286226511001587,
      1.0,
      0.33574193716049194,
      0.32254165410995483,
      0.13793747127056122,
      0.21462590992450714
    ],
    [
      0.2511644959449768,
      0.29464805126190186,
      0.31420937180519104,
      0.1769450157880783,
      0.2365638166666031,
      0.26836124062538147,
      0.2815699875354767,
      0.32775717973709106,
      0.3526768386363983,
      0.24877189099788666,
      0.2704600393772125,
      0.33574193716049194,
      1.0,
      0.6647801995277405,
      0.337769091129303,
      0.6253304481506348
    ],
    [
      0.27382853627204895,
      0.28609371185302734,
      0.369404673576355,
      0.15429653227329254,
      0.1714463084936142,
      0.22800865769386292,
      0.23502612113952637,
      0.31202852725982666,
      0.27048662304878235,
      0.23140624165534973,
      0.3214494585990906,
      0.32254165410995483,
      0.6647801995277405,
      1.0,
      0.30199041962623596,
      0.5893497467041016
    ],
    [
      0.2987316846847534,
      0.26013702154159546,
      0.27468156814575195,
      0.2987745404243469,
      0.1356024444103241,
      0.30381840467453003,
      0.23962974548339844,
      0.27465301752090454,
      0.2889344394207001,
      0.34814950823783875,
      0.26035061478614807,
      0.13793747127056122,
      0.337769091129303,
      0.30199041962623596,
      1.0,
      0.2939998209476471
    ],
    [
      0.3225545585155487,
      0.2929936945438385,
      0.36773890256881714,
      0.19142360985279083,
      0.09432972222566605,
      0.22891326248645782,
      0.19573275744915009,
      0.22557127475738525,
      0.28529977798461914,
      0.2788090705871582,
      0.2554251551628113,
      0.21462590992450714,
      0.6253304481506348,
      0.5893497467041016,
      0.2939998209476471,
      1.0
    ]
  ]
}