{
  "game_number": 445,
  "words": [
    "GUARD",
    "MIND",
    "TEND",
    "WATCH",
    "BRAIN",
    "COURAGE",
    "HEART",
    "HOME",
    "ANSWER",
    "TWO",
    "WRIST",
    "WRONG",
    "BALL",
    "BASE",
    "BAT",
    "GLOVE"
  ],
  "adjacency_matrix": [
    [
      1.0,
      0.42739272117614746,
      0.3392772078514099,
      0.5170309543609619,
      0.29498326778411865,
      0.37435847520828247,
      0.3994651436805725,
      0.4501856863498688,
      0.3492457866668701,
      0.342082679271698,
      0.37266573309898376,
      0.33301109075546265,
      0.4170328378677368,
      0.533012866973877,
      0.33311471343040466,
      0.39956510066986084
    ],
    [
      0.42739272117614746,
      1.0,
      0.432937890291214,
      0.4371090233325958,
      0.6025311350822449,
      0.4437761604785919,
      0.6127265095710754,
      0.4287116229534149,
      0.4510951340198517,
      0.3188697397708893,
      0.3173256516456604,
      0.4142858386039734,
      0.3622787296772003,
      0.3953034281730652,
      0.37065961956977844,
      0.32684606313705444
    ],
    [
      0.3392772078514099,
      0.432937890291214,
      1.0,
      0.439899742603302,
      0.30658209323883057,
      0.3465031683444977,
      0.33636289834976196,
      0.3570551872253418,
      0.35202881693840027,
      0.3587452471256256,
      0.2586744427680969,
      0.4366767406463623,
      0.24850106239318848,
      0.35762137174606323,
      0.26941627264022827,
      0.24836577475070953
    ],
    [
      0.5170309543609619,
      0.4371090233325958,
      0.439899742603302,
      1.0,
      0.2909763753414154,
      0.3120509684085846,
      0.38777482509613037,
      0.44171157479286194,
      0.37451186776161194,
      0.31998616456985474,
      0.4189739227294922,
      0.3251114785671234,
      0.3916776180267334,
      0.37158095836639404,
      0.3363886773586273,
      0.3619382679462433
    ],
    [
      0.29498326778411865,
      0.6025311350822449,
      0.30658209323883057,
      0.2909763753414154,
      1.0,
      0.2673836648464203,
      0.610342800617218,
      0.3505834937095642,
      0.2923714220523834,
      0.28214022517204285,
      0.39136365056037903,
      0.3518691956996918,
      0.3896194100379944,
      0.34852054715156555,
      0.36335742473602295,
      0.35836759209632874
    ],
    [
      0.37435847520828247,
      0.4437761604785919,
      0.3465031683444977,
      0.3120509684085846,
      0.2673836648464203,
      1.0,
      0.44845184683799744,
      0.24388137459754944,
      0.35651901364326477,
      0.24747170507907867,
      0.1884341835975647,
      0.34986233711242676,
      0.2579873204231262,
      0.306913822889328,
      0.2241278737783432,
      0.23496216535568237
    ],
    [
      0.3994651436805725,
      0.6127265095710754,
      0.33636289834976196,
      0.38777482509613037,
      0.610342800617218,
      0.44845184683799744,
      1.0,
      0.48196765780448914,
      0.4246302545070648,
      0.3221126198768616,
      0.4288080334663391,
      0.4283163547515869,
      0.37750720977783203,
      0.44697242975234985,
      0.3428362011909485,
      0.36816224455833435
    ],
    [
      0.4501856863498688,
      0.4287116229534149,
      0.3570551872253418,
      0.44171157479286194,
      0.3505834937095642,
      0.24388137459754944,
      0.48196765780448914,
      0.9999999403953552,
      0.31785067915916443,
      0.39955878257751465,
      0.31448763608932495,
      0.3731536567211151,
      0.4311113655567169,
      0.4977130889892578,
      0.4195284843444824,
      0.34945133328437805
    ],
    [
      0.3492457866668701,
      0.4510951340198517,
      0.35202881693840027,
      0.37451186776161194,
      0.2923714220523834,
      0.35651901364326477,
      0.4246302545070648,
      0.31785067915916443,
      0.9999999403953552,
      0.3317711651325226,
      0.2680671215057373,
      0.4792751371860504,
      0.3207331597805023,
      0.4001515209674835,
      0.28303292393684387,
      0.31098824739456177
    ],
    [
      0.342082679271698,
      0.3188697397708893,
      0.3587452471256256,
      0.31998616456985474,
      0.28214022517204285,
      0.24747170507907867,
      0.3221126198768616,
      0.39955878257751465,
      0.3317711651325226,
      0.9999999403953552,
      0.30049511790275574,
      0.3733673393726349,
      0.31487536430358887,
      0.35180097818374634,
      0.22717751562595367,
      0.25102341175079346
    ],
    [
      0.37266573309898376,
      0.3173256516456604,
      0.2586744427680969,
      0.4189739227294922,
      0.39136365056037903,
      0.1884341835975647,
      0.4288080334663391,
      0.31448763608932495,
      0.2680671215057373,
      0.30049511790275574,
      1.0,
      0.3217608630657196,
      0.4209667146205902,
      0.32252755761146545,
      0.3750923275947571,
      0.5753570199012756
    ],
    [
      0.33301109075546265,
      0.4142858386039734,
      0.4366767406463623,
      0.3251114785671234,
      0.3518691956996918,
      0.34986233711242676,
      0.4283163547515869,
      0.3731536567211151,
      0.4792751371860504,
      0.3733673393726349,
      0.3217608630657196,
      0.9999999403953552,
      0.3312392830848694,
      0.3810539245605469,
      0.2841072380542755,
      0.30268609523773193
    ],
    [
      0.4170328378677368,
      0.3622787296772003,
      0.24850106239318848,
      0.3916776180267334,
      0.3896194100379944,
      0.2579873204231262,
      0.37750720977783203,
      0.4311113655567169,
      0.3207331597805023,
      0.31487536430358887,
      0.4209667146205902,
      0.3312392830848694,
      1.0,
      0.41248229146003723,
      0.5697628259658813,
      0.5338221192359924
    ],
    [
      0.533012866973877,
      0.3953034281730652,
      0.35762137174606323,
      0.37158095836639404,
      0.34852054715156555,
      0.306913822889328,
      0.44697242975234985,
      0.4977130889892578,
      0.4001515209674835,
      0.35180097818374634,
      0.32252755761146545,
      0.3810539245605469,
      0.41248229146003723,
      1.0,
      0.4013897478580475,
      0.389954537153244
    ],
    [
      0.33311471343040466,
      0.37065961956977844,
      0.26941627264022827,
      0.3363886773586273,
      0.36335742473602295,
      0.2241278737783432,
      0.3428362011909485,
      0.4195284843444824,
      0.28303292393684387,
      0.22717751562595367,
      0.3750923275947571,
      0.2841072380542755,
      0.5697628259658813,
      0.4013897478580475,
      0.9999999403953552,
      0.525570809841156
    ],
    [
      0.39956510066986084,
      0.32684606313705444,
      0.24836577475070953,
      0.3619382679462433,
      0.35836759209632874,
      0.23496216535568237,
      0.36816224455833435,
      0.34945133328437805,
      0.31098824739456177,
      0.25102341175079346,
      0.5753570199012756,
      0.30268609523773193,
      0.5338221192359924,
      0.389954537153244,
      0.525570809841156,
      1.0
    ]
  ]
}