{
  "game_number": 304,
  "words": [
    "CONCRETE",
    "MATERIAL",
    "REAL",
    "SOLID",
    "BIRTHDAY",
    "CRUMB",
    "MARBLE",
    "POUND",
    "CURVEBALL",
    "PARTY",
    "TANTRUM",
    "WRENCH",
    "SQUIRREL",
    "STASH",
    "STORE",
    "STOW"
  ],
  "adjacency_matrix": [
    [
      1.0,
      0.5682008266448975,
      0.5614827871322632,
      0.6204596757888794,
      0.21161477267742157,
      0.46689558029174805,
      0.5023607015609741,
      0.34764963388442993,
      0.33571696281433105,
      0.2927675247192383,
      0.23251919448375702,
      0.3862423896789551,
      0.24405036866664886,
      0.2533753216266632,
      0.32047054171562195,
      0.23006334900856018
    ],
    [
      0.5682008266448975,
      1.0,
      0.5194680690765381,
      0.5643985867500305,
      0.253510445356369,
      0.4145711362361908,
      0.4503956139087677,
      0.2912364602088928,
      0.3328257203102112,
      0.38922056555747986,
      0.270255446434021,
      0.3278254568576813,
      0.31777116656303406,
      0.3476538360118866,
      0.4194554388523102,
      0.29278478026390076
    ],
    [
      0.5614827871322632,
      0.5194680690765381,
      0.9999998807907104,
      0.593713641166687,
      0.35826385021209717,
      0.4149271845817566,
      0.33873221278190613,
      0.3331512212753296,
      0.329770028591156,
      0.43314245343208313,
      0.2975466251373291,
      0.34987306594848633,
      0.36292314529418945,
      0.3403787314891815,
      0.40780648589134216,
      0.21121390163898468
    ],
    [
      0.6204596757888794,
      0.5643985867500305,
      0.593713641166687,
      1.0,
      0.19848966598510742,
      0.4396674335002899,
      0.45112013816833496,
      0.3320465087890625,
      0.34043726325035095,
      0.33663126826286316,
      0.2468143254518509,
      0.30246490240097046,
      0.26953986287117004,
      0.3075459897518158,
      0.31467464566230774,
      0.23426459729671478
    ],
    [
      0.21161477267742157,
      0.253510445356369,
      0.35826385021209717,
      0.19848966598510742,
      1.0,
      0.20031508803367615,
      0.24943037331104279,
      0.21350982785224915,
      0.33986926078796387,
      0.4496404826641083,
      0.2875995635986328,
      0.1900688111782074,
      0.2641628086566925,
      0.2952248156070709,
      0.28742390871047974,
      0.18257945775985718
    ],
    [
      0.46689558029174805,
      0.4145711362361908,
      0.4149271845817566,
      0.4396674335002899,
      0.20031508803367615,
      0.9999999403953552,
      0.414032906293869,
      0.4134332239627838,
      0.41005027294158936,
      0.35678061842918396,
      0.31140926480293274,
      0.45015156269073486,
      0.3772014081478119,
      0.36344659328460693,
      0.2902435064315796,
      0.2988949120044708
    ],
    [
      0.5023607015609741,
      0.4503956139087677,
      0.33873221278190613,
      0.45112013816833496,
      0.24943037331104279,
      0.414032906293869,
      1.0,
      0.3292122483253479,
      0.31708618998527527,
      0.27413618564605713,
      0.2956251800060272,
      0.35507506132125854,
      0.3294967710971832,
      0.3246399462223053,
      0.3430442214012146,
      0.21218188107013702
    ],
    [
      0.34764963388442993,
      0.2912364602088928,
      0.3331512212753296,
      0.3320465087890625,
      0.21350982785224915,
      0.4134332239627838,
      0.3292122483253479,
      1.0,
      0.2205168753862381,
      0.21383991837501526,
      0.29338887333869934,
      0.41359376907348633,
      0.3206249177455902,
      0.36545395851135254,
      0.33535102009773254,
      0.28792914748191833
    ],
    [
      0.33571696281433105,
      0.3328257203102112,
      0.329770028591156,
      0.34043726325035095,
      0.33986926078796387,
      0.41005027294158936,
      0.31708618998527527,
      0.2205168753862381,
      1.0,
      0.33648964762687683,
      0.4117152690887451,
      0.4501313269138336,
      0.3250342309474945,
      0.2658841609954834,
      0.20097623765468597,
      0.19973598420619965
    ],
    [
      0.2927675247192383,
      0.38922056555747986,
      0.43314245343208313,
      0.33663126826286316,
      0.4496404826641083,
      0.35678061842918396,
      0.27413618564605713,
      0.21383991837501526,
      0.33648964762687683,
      1.0,
      0.3081413507461548,
      0.271369993686676,
      0.3176797926425934,
      0.2802928686141968,
      0.40161675214767456,
      0.2683984339237213
    ],
    [
      0.23251919448375702,
      0.270255446434021,
      0.2975466251373291,
      0.2468143254518509,
      0.2875995635986328,
      0.31140926480293274,
      0.2956251800060272,
      0.29338887333869934,
      0.4117152690887451,
      0.3081413507461548,
      1.0,
      0.39012065529823303,
      0.2567874491214752,
      0.2418389618396759,
      0.21568815410137177,
      0.20798222720623016
    ],
    [
      0.3862423896789551,
      0.3278254568576813,
      0.34987306594848633,
      0.30246490240097046,
      0.1900688111782074,
      0.45015156269073486,
      0.35507506132125854,
      0.41359376907348633,
      0.4501313269138336,
      0.271369993686676,
      0.39012065529823303,
      0.9999999403953552,
      0.4298635423183441,
      0.36009758710861206,
      0.33983665704727173,
      0.42628175020217896
    ],
    [
      0.24405036866664886,
      0.31777116656303406,
      0.36292314529418945,
      0.26953986287117004,
      0.2641628086566925,
      0.3772014081478119,
      0.3294967710971832,
      0.3206249177455902,
      0.3250342309474945,
      0.3176797926425934,
      0.2567874491214752,
      0.4298635423183441,
      1.0,
      0.3836817443370819,
      0.3310708999633789,
      0.3591151535511017
    ],
    [
      0.2533753216266632,
      0.3476538360118866,
      0.3403787314891815,
      0.3075459897518158,
      0.2952248156070709,
      0.36344659328460693,
      0.3246399462223053,
      0.36545395851135254,
      0.2658841609954834,
      0.2802928686141968,
      0.2418389618396759,
      0.36009758710861206,
      0.3836817443370819,
      0.9999999403953552,
      0.5291958451271057,
      0.5118535161018372
    ],
    [
      0.32047054171562195,
      0.4194554388523102,
      0.40780648589134216,
      0.31467464566230774,
      0.28742390871047974,
      0.2902435064315796,
      0.3430442214012146,
      0.33535102009773254,
      0.20097623765468597,
      0.40161675214767456,
      0.21568815410137177,
      0.33983665704727173,
      0.3310708999633789,
      0.5291958451271057,
      1.0,
      0.4740883409976959
    ],
    [
      0.23006334900856018,
      0.29278478026390076,
      0.21121390163898468,
      0.23426459729671478,
      0.18257945775985718,
      0.2988949120044708,
      0.21218188107013702,
      0.28792914748191833,
      0.19973598420619965,
      0.2683984339237213,
      0.20798222720623016,
      0.42628175020217896,
      0.3591151535511017,
      0.5118535161018372,
      0.4740883409976959,
      1.0
    ]
  ]
}