{
  "game_number": 368,
  "words": [
    "EARTH",
    "GROUND",
    "LAND",
    "SOIL",
    "BALTIC",
    "BLACK",
    "PHILIPPINE",
    "RED",
    "BIG",
    "PHILADELPHIA",
    "SPLASH",
    "SULLY",
    "BUD",
    "CHUM",
    "MATE",
    "PAL"
  ],
  "adjacency_matrix": [
    [
      1.0,
      0.5864339470863342,
      0.5705932974815369,
      0.5842563509941101,
      0.36337247490882874,
      0.3984393775463104,
      0.32452166080474854,
      0.3950991928577423,
      0.35121577978134155,
      0.2808237075805664,
      0.30644944310188293,
      0.3471544682979584,
      0.17861349880695343,
      0.20095424354076385,
      0.34768515825271606,
      0.27261945605278015
    ],
    [
      0.5864339470863342,
      1.0,
      0.595658004283905,
      0.5665224194526672,
      0.36812901496887207,
      0.4012098014354706,
      0.31173932552337646,
      0.40689700841903687,
      0.37636232376098633,
      0.28379979729652405,
      0.3747841417789459,
      0.3337899148464203,
      0.24914170801639557,
      0.22090421617031097,
      0.4304603040218353,
      0.2622530162334442
    ],
    [
      0.5705932974815369,
      0.595658004283905,
      1.0,
      0.6197201609611511,
      0.42034247517585754,
      0.3872281610965729,
      0.36753010749816895,
      0.36979183554649353,
      0.3722073435783386,
      0.3138265311717987,
      0.3302268981933594,
      0.35520023107528687,
      0.173580601811409,
      0.2315315157175064,
      0.34242239594459534,
      0.29370614886283875
    ],
    [
      0.5842563509941101,
      0.5665224194526672,
      0.6197201609611511,
      1.0,
      0.42457735538482666,
      0.3722487986087799,
      0.3074946999549866,
      0.33569103479385376,
      0.2321288138628006,
      0.22847653925418854,
      0.31427451968193054,
      0.3604731261730194,
      0.25018757581710815,
      0.18324367702007294,
      0.28132298588752747,
      0.24922315776348114
    ],
    [
      0.36337247490882874,
      0.36812901496887207,
      0.42034247517585754,
      0.42457735538482666,
      1.0,
      0.4438877999782562,
      0.40973952412605286,
      0.4563441276550293,
      0.39433959126472473,
      0.4348827302455902,
      0.26796504855155945,
      0.22575345635414124,
      0.23487010598182678,
      0.2716701328754425,
      0.3028244078159332,
      0.3584570288658142
    ],
    [
      0.3984393775463104,
      0.4012098014354706,
      0.3872281610965729,
      0.3722487986087799,
      0.4438877999782562,
      1.0,
      0.3574826121330261,
      0.7117840051651001,
      0.4683096706867218,
      0.40381741523742676,
      0.4190254807472229,
      0.3224889039993286,
      0.15902189910411835,
      0.30301278829574585,
      0.3565351366996765,
      0.35913950204849243
    ],
    [
      0.32452166080474854,
      0.31173932552337646,
      0.36753010749816895,
      0.3074946999549866,
      0.40973952412605286,
      0.3574826121330261,
      1.0000001192092896,
      0.331169456243515,
      0.3196755647659302,
      0.5792052149772644,
      0.28260642290115356,
      0.34682193398475647,
      0.28297656774520874,
      0.3367874026298523,
      0.31267809867858887,
      0.4148469865322113
    ],
    [
      0.3950991928577423,
      0.40689700841903687,
      0.36979183554649353,
      0.33569103479385376,
      0.4563441276550293,
      0.7117840051651001,
      0.331169456243515,
      1.0,
      0.5048342943191528,
      0.3404645323753357,
      0.4621215760707855,
      0.281654953956604,
      0.2455669343471527,
      0.311236172914505,
      0.3407534956932068,
      0.3408724069595337
    ],
    [
      0.35121577978134155,
      0.37636232376098633,
      0.3722073435783386,
      0.2321288138628006,
      0.39433959126472473,
      0.4683096706867218,
      0.3196755647659302,
      0.5048342943191528,
      1.0,
      0.3329545855522156,
      0.47188708186149597,
      0.2389654517173767,
      0.23953883349895477,
      0.3016546070575714,
      0.31164994835853577,
      0.41279837489128113
    ],
    [
      0.2808237075805664,
      0.28379979729652405,
      0.3138265311717987,
      0.22847653925418854,
      0.4348827302455902,
      0.40381741523742676,
      0.5792052149772644,
      0.3404645323753357,
      0.3329545855522156,
      0.9999999403953552,
      0.2697376012802124,
      0.23320360481739044,
      0.2592373192310333,
      0.285863995552063,
      0.3009189963340759,
      0.3779197633266449
    ],
    [
      0.30644944310188293,
      0.3747841417789459,
      0.3302268981933594,
      0.31427451968193054,
      0.26796504855155945,
      0.4190254807472229,
      0.28260642290115356,
      0.4621215760707855,
      0.47188708186149597,
      0.2697376012802124,
      0.9999999403953552,
      0.37631455063819885,
      0.2040136307477951,
      0.2990827262401581,
      0.3048476576805115,
      0.27954763174057007
    ],
    [
      0.3471544682979584,
      0.3337899148464203,
      0.35520023107528687,
      0.3604731261730194,
      0.22575345635414124,
      0.3224889039993286,
      0.34682193398475647,
      0.281654953956604,
      0.2389654517173767,
      0.23320360481739044,
      0.37631455063819885,
      1.0,
      0.20646697282791138,
      0.3590685725212097,
      0.33680179715156555,
      0.3167514503002167
    ],
    [
      0.17861349880695343,
      0.24914170801639557,
      0.173580601811409,
      0.25018757581710815,
      0.23487010598182678,
      0.15902189910411835,
      0.28297656774520874,
      0.2455669343471527,
      0.23953883349895477,
      0.2592373192310333,
      0.2040136307477951,
      0.20646697282791138,
      0.9999999403953552,
      0.3273269832134247,
      0.32437625527381897,
      0.37373682856559753
    ],
    [
      0.20095424354076385,
      0.22090421617031097,
      0.2315315157175064,
      0.18324367702007294,
      0.2716701328754425,
      0.30301278829574585,
      0.3367874026298523,
      0.311236172914505,
      0.3016546070575714,
      0.285863995552063,
      0.2990827262401581,
      0.3590685725212097,
      0.3273269832134247,
      1.0,
      0.48624512553215027,
      0.70700603723526
    ],
    [
      0.34768515825271606,
      0.4304603040218353,
      0.34242239594459534,
      0.28132298588752747,
      0.3028244078159332,
      0.3565351366996765,
      0.31267809867858887,
      0.3407534956932068,
      0.31164994835853577,
      0.3009189963340759,
      0.3048476576805115,
      0.33680179715156555,
      0.32437625527381897,
      0.48624512553215027,
      1.0,
      0.533240795135498
    ],
    [
      0.27261945605278015,
      0.2622530162334442,
      0.29370614886283875,
      0.24922315776348114,
      0.3584570288658142,
      0.35913950204849243,
      0.4148469865322113,
      0.3408724069595337,
      0.41279837489128113,
      0.3779197633266449,
      0.27954763174057007,
      0.3167514503002167,
      0.37373682856559753,
      0.70700603723526,
      0.533240795135498,
      1.0
    ]
  ]
}