{
  "game_number": 544,
  "words": [
    "CROWN",
    "DIAL",
    "HAND",
    "STRAP",
    "LASSO",
    "SHIELD",
    "SWORD",
    "TIARA",
    "CANDIDATE",
    "FAUCET",
    "MASCARA",
    "NOSE",
    "ACTION",
    "CAMERA",
    "CUT",
    "LIGHTS"
  ],
  "adjacency_matrix": [
    [
      1.0,
      0.2944067120552063,
      0.44273415207862854,
      0.46558865904808044,
      0.28166529536247253,
      0.5441582202911377,
      0.49707916378974915,
      0.5555295944213867,
      0.32344794273376465,
      0.2340746521949768,
      0.29736328125,
      0.40791478753089905,
      0.3450390696525574,
      0.3318299949169159,
      0.45968616008758545,
      0.3587246239185333
    ],
    [
      0.2944067120552063,
      1.0,
      0.4123775362968445,
      0.4450054168701172,
      0.2606636583805084,
      0.37746092677116394,
      0.3334578275680542,
      0.15798157453536987,
      0.15481504797935486,
      0.40810203552246094,
      0.18686652183532715,
      0.3385128378868103,
      0.303739458322525,
      0.4077119827270508,
      0.38268259167671204,
      0.44915908575057983
    ],
    [
      0.44273415207862854,
      0.4123775362968445,
      1.0,
      0.4591352343559265,
      0.37901929020881653,
      0.41997939348220825,
      0.5573113560676575,
      0.28360047936439514,
      0.36181044578552246,
      0.38565781712532043,
      0.2639271318912506,
      0.5040856003761292,
      0.4618169665336609,
      0.445448637008667,
      0.5121373534202576,
      0.3954891562461853
    ],
    [
      0.46558865904808044,
      0.4450054168701172,
      0.4591352343559265,
      1.0,
      0.4110984802246094,
      0.5071333050727844,
      0.49447816610336304,
      0.34496432542800903,
      0.2093341052532196,
      0.31406670808792114,
      0.36756661534309387,
      0.42320016026496887,
      0.3380093574523926,
      0.41893109679222107,
      0.46239933371543884,
      0.36624181270599365
    ],
    [
      0.28166529536247253,
      0.2606636583805084,
      0.37901929020881653,
      0.4110984802246094,
      1.0,
      0.33423924446105957,
      0.3858977258205414,
      0.3441416323184967,
      0.24491681158542633,
      0.24244806170463562,
      0.35675543546676636,
      0.3321099281311035,
      0.225517138838768,
      0.32081252336502075,
      0.33896899223327637,
      0.2354997843503952
    ],
    [
      0.5441582202911377,
      0.37746092677116394,
      0.41997939348220825,
      0.5071333050727844,
      0.33423924446105957,
      1.0,
      0.5636388063430786,
      0.3033955991268158,
      0.2884562313556671,
      0.25968417525291443,
      0.29485610127449036,
      0.3632173538208008,
      0.3869749903678894,
      0.3899698853492737,
      0.4214658737182617,
      0.40784695744514465
    ],
    [
      0.49707916378974915,
      0.3334578275680542,
      0.5573113560676575,
      0.49447816610336304,
      0.3858977258205414,
      0.5636388063430786,
      1.0000001192092896,
      0.40186017751693726,
      0.25954967737197876,
      0.27813079953193665,
      0.27347010374069214,
      0.3615160882472992,
      0.40592989325523376,
      0.3035956919193268,
      0.45450469851493835,
      0.2962234914302826
    ],
    [
      0.5555295944213867,
      0.15798157453536987,
      0.28360047936439514,
      0.34496432542800903,
      0.3441416323184967,
      0.3033955991268158,
      0.40186017751693726,
      1.0,
      0.1284354329109192,
      0.1455027461051941,
      0.3849765956401825,
      0.23684288561344147,
      0.1147962361574173,
      0.19756947457790375,
      0.23787565529346466,
      0.16890984773635864
    ],
    [
      0.32344794273376465,
      0.15481504797935486,
      0.36181044578552246,
      0.2093341052532196,
      0.24491681158542633,
      0.2884562313556671,
      0.25954967737197876,
      0.1284354329109192,
      1.0,
      0.1978863626718521,
      0.198843315243721,
      0.3181709945201874,
      0.38940951228141785,
      0.31709158420562744,
      0.24265822768211365,
      0.2680076062679291
    ],
    [
      0.2340746521949768,
      0.40810203552246094,
      0.38565781712532043,
      0.31406670808792114,
      0.24244806170463562,
      0.25968417525291443,
      0.27813079953193665,
      0.1455027461051941,
      0.1978863626718521,
      1.0,
      0.29178568720817566,
      0.3463993966579437,
      0.23539352416992188,
      0.345796138048172,
      0.24414390325546265,
      0.3700210750102997
    ],
    [
      0.29736328125,
      0.18686652183532715,
      0.2639271318912506,
      0.36756661534309387,
      0.35675543546676636,
      0.29485610127449036,
      0.27347010374069214,
      0.3849765956401825,
      0.198843315243721,
      0.29178568720817566,
      0.9999999403953552,
      0.3870401084423065,
      0.1886606216430664,
      0.29944103956222534,
      0.347911536693573,
      0.29837337136268616
    ],
    [
      0.40791478753089905,
      0.3385128378868103,
      0.5040856003761292,
      0.42320016026496887,
      0.3321099281311035,
      0.3632173538208008,
      0.3615160882472992,
      0.23684288561344147,
      0.3181709945201874,
      0.3463993966579437,
      0.3870401084423065,
      1.0,
      0.3113274574279785,
      0.4084487855434418,
      0.4205246567726135,
      0.3542790710926056
    ],
    [
      0.3450390696525574,
      0.303739458322525,
      0.4618169665336609,
      0.3380093574523926,
      0.225517138838768,
      0.3869749903678894,
      0.40592989325523376,
      0.1147962361574173,
      0.38940951228141785,
      0.23539352416992188,
      0.1886606216430664,
      0.3113274574279785,
      1.0,
      0.4254055917263031,
      0.41028741002082825,
      0.34278422594070435
    ],
    [
      0.3318299949169159,
      0.4077119827270508,
      0.445448637008667,
      0.41893109679222107,
      0.32081252336502075,
      0.3899698853492737,
      0.3035956919193268,
      0.19756947457790375,
      0.31709158420562744,
      0.345796138048172,
      0.29944103956222534,
      0.4084487855434418,
      0.4254055917263031,
      1.0,
      0.3157730996608734,
      0.4780082404613495
    ],
    [
      0.45968616008758545,
      0.38268259167671204,
      0.5121373534202576,
      0.46239933371543884,
      0.33896899223327637,
      0.4214658737182617,
      0.45450469851493835,
      0.23787565529346466,
      0.24265822768211365,
      0.24414390325546265,
      0.347911536693573,
      0.4205246567726135,
      0.41028741002082825,
      0.3157730996608734,
      1.0,
      0.32840871810913086
    ],
    [
      0.3587246239185333,
      0.44915908575057983,
      0.3954891562461853,
      0.36624181270599365,
      0.2354997843503952,
      0.40784695744514465,
      0.2962234914302826,
      0.16890984773635864,
      0.2680076062679291,
      0.3700210750102997,
      0.29837337136268616,
      0.3542790710926056,
      0.34278422594070435,
      0.4780082404613495,
      0.32840871810913086,
      1.0
    ]
  ]
}