{
  "game_number": 90,
  "words": [
    "HEEL",
    "SOLE",
    "TONGUE",
    "UPPER",
    "CAPACITY",
    "CHAIRS",
    "ROOM",
    "SEATING",
    "FACE",
    "IMAGE",
    "REGARD",
    "STANDING",
    "DYNASTY",
    "ENGROSS",
    "GIMMICK",
    "MILDEW"
  ],
  "adjacency_matrix": [
    [
      1.0,
      0.4391316771507263,
      0.39920011162757874,
      0.3440192639827728,
      0.25873884558677673,
      0.18494872748851776,
      0.2345295399427414,
      0.18483442068099976,
      0.4789108335971832,
      0.28409451246261597,
      0.32414013147354126,
      0.37591078877449036,
      0.2710218131542206,
      0.26110780239105225,
      0.3847501873970032,
      0.21504119038581848
    ],
    [
      0.4391316771507263,
      1.0,
      0.4076530635356903,
      0.4134712517261505,
      0.40790751576423645,
      0.23951973021030426,
      0.3457045257091522,
      0.2991795241832733,
      0.39337754249572754,
      0.3962371349334717,
      0.4177308976650238,
      0.5048115849494934,
      0.3498058021068573,
      0.37054312229156494,
      0.35064542293548584,
      0.16408318281173706
    ],
    [
      0.39920011162757874,
      0.4076530635356903,
      1.0,
      0.3636637032032013,
      0.3174855411052704,
      0.24677619338035583,
      0.3392886519432068,
      0.2175866812467575,
      0.43109217286109924,
      0.2801699638366699,
      0.24760958552360535,
      0.28175562620162964,
      0.23379693925380707,
      0.3685513138771057,
      0.2334122657775879,
      0.22441692650318146
    ],
    [
      0.3440192639827728,
      0.4134712517261505,
      0.3636637032032013,
      0.9999999403953552,
      0.2937881052494049,
      0.2550119459629059,
      0.3737846612930298,
      0.32378900051116943,
      0.35696789622306824,
      0.35111698508262634,
      0.2432752251625061,
      0.40410709381103516,
      0.3106789290904999,
      0.2948535978794098,
      0.1771618127822876,
      0.15301965177059174
    ],
    [
      0.25873884558677673,
      0.40790751576423645,
      0.3174855411052704,
      0.2937881052494049,
      1.0,
      0.2946271002292633,
      0.42977970838546753,
      0.4852679669857025,
      0.3703463673591614,
      0.34214380383491516,
      0.40481477975845337,
      0.43919557332992554,
      0.22554081678390503,
      0.4044547975063324,
      0.2650147080421448,
      0.13871166110038757
    ],
    [
      0.18494872748851776,
      0.23951973021030426,
      0.24677619338035583,
      0.2550119459629059,
      0.2946271002292633,
      1.0,
      0.4696049392223358,
      0.5227149724960327,
      0.26207593083381653,
      0.1980881541967392,
      0.19988666474819183,
      0.42873653769493103,
      0.20525406301021576,
      0.24963369965553284,
      0.19921070337295532,
      0.14182746410369873
    ],
    [
      0.2345295399427414,
      0.3457045257091522,
      0.3392886519432068,
      0.3737846612930298,
      0.42977970838546753,
      0.4696049392223358,
      0.9999999403953552,
      0.4828135073184967,
      0.43770942091941833,
      0.3601318895816803,
      0.280737966299057,
      0.44774261116981506,
      0.25298652052879333,
      0.3519294261932373,
      0.25647562742233276,
      0.27447688579559326
    ],
    [
      0.18483442068099976,
      0.2991795241832733,
      0.2175866812467575,
      0.32378900051116943,
      0.4852679669857025,
      0.5227149724960327,
      0.4828135073184967,
      1.0,
      0.28268343210220337,
      0.28987839818000793,
      0.23824545741081238,
      0.4974179267883301,
      0.18602095544338226,
      0.2618338465690613,
      0.23004361987113953,
      0.14566883444786072
    ],
    [
      0.4789108335971832,
      0.39337754249572754,
      0.43109217286109924,
      0.35696789622306824,
      0.3703463673591614,
      0.26207593083381653,
      0.43770942091941833,
      0.28268343210220337,
      1.0,
      0.4555802047252655,
      0.49393150210380554,
      0.5272426605224609,
      0.2469910830259323,
      0.37665286660194397,
      0.3446309566497803,
      0.20820742845535278
    ],
    [
      0.28409451246261597,
      0.3962371349334717,
      0.2801699638366699,
      0.35111698508262634,
      0.34214380383491516,
      0.1980881541967392,
      0.3601318895816803,
      0.28987839818000793,
      0.4555802047252655,
      1.0,
      0.3717022240161896,
      0.4518214762210846,
      0.2884102463722229,
      0.3406073749065399,
      0.3575259745121002,
      0.19380155205726624
    ],
    [
      0.32414013147354126,
      0.4177308976650238,
      0.24760958552360535,
      0.2432752251625061,
      0.40481477975845337,
      0.19988666474819183,
      0.280737966299057,
      0.23824545741081238,
      0.49393150210380554,
      0.3717022240161896,
      0.9999999403953552,
      0.46257728338241577,
      0.22066441178321838,
      0.40704381465911865,
      0.30604079365730286,
      0.17816989123821259
    ],
    [
      0.37591078877449036,
      0.5048115849494934,
      0.28175562620162964,
      0.40410709381103516,
      0.43919557332992554,
      0.42873653769493103,
      0.44774261116981506,
      0.4974179267883301,
      0.5272426605224609,
      0.4518214762210846,
      0.46257728338241577,
      1.0,
      0.314300000667572,
      0.3355269432067871,
      0.28337591886520386,
      0.1561683565378189
    ],
    [
      0.2710218131542206,
      0.3498058021068573,
      0.23379693925380707,
      0.3106789290904999,
      0.22554081678390503,
      0.20525406301021576,
      0.25298652052879333,
      0.18602095544338226,
      0.2469910830259323,
      0.2884102463722229,
      0.22066441178321838,
      0.314300000667572,
      1.0,
      0.28416138887405396,
      0.21832558512687683,
      0.20584319531917572
    ],
    [
      0.26110780239105225,
      0.37054312229156494,
      0.3685513138771057,
      0.2948535978794098,
      0.4044547975063324,
      0.24963369965553284,
      0.3519294261932373,
      0.2618338465690613,
      0.37665286660194397,
      0.3406073749065399,
      0.40704381465911865,
      0.3355269432067871,
      0.28416138887405396,
      1.0,
      0.2572808563709259,
      0.2174474000930786
    ],
    [
      0.3847501873970032,
      0.35064542293548584,
      0.2334122657775879,
      0.1771618127822876,
      0.2650147080421448,
      0.19921070337295532,
      0.25647562742233276,
      0.23004361987113953,
      0.3446309566497803,
      0.3575259745121002,
      0.30604079365730286,
      0.28337591886520386,
      0.21832558512687683,
      0.2572808563709259,
      1.0000001192092896,
      0.09990454465150833
    ],
    [
      0.21504119038581848,
      0.16408318281173706,
      0.22441692650318146,
      0.15301965177059174,
      0.13871166110038757,
      0.14182746410369873,
      0.27447688579559326,
      0.14566883444786072,
      0.20820742845535278,
      0.19380155205726624,
      0.17816989123821259,
      0.1561683565378189,
      0.20584319531917572,
      0.2174474000930786,
      0.09990454465150833,
      1.0
    ]
  ]
}