{
  "game_number": 600,
  "words": [
    "BAKED",
    "BLAZED",
    "HIGH",
    "LIT",
    "BIO",
    "CHEM",
    "GOV",
    "STATS",
    "CLASS",
    "DOMAIN",
    "FAMILY",
    "ORDER",
    "KEYBOARD",
    "MONITOR",
    "MOUSE",
    "SPEAKER"
  ],
  "adjacency_matrix": [
    [
      1.0,
      0.38999971747398376,
      0.33684274554252625,
      0.411860853433609,
      0.14431405067443848,
      0.15729542076587677,
      0.11888300627470016,
      0.18738088011741638,
      0.22542402148246765,
      0.2549644708633423,
      0.2250451147556305,
      0.2588876783847809,
      0.18261653184890747,
      0.19191041588783264,
      0.235409677028656,
      0.24348001182079315
    ],
    [
      0.38999971747398376,
      1.0,
      0.3843845725059509,
      0.5607660412788391,
      0.1473202407360077,
      0.24070854485034943,
      0.11007635295391083,
      0.18770237267017365,
      0.18587510287761688,
      0.17856602370738983,
      0.1540279984474182,
      0.17436735332012177,
      0.15491844713687897,
      0.2147514969110489,
      0.21341824531555176,
      0.1357698291540146
    ],
    [
      0.33684274554252625,
      0.3843845725059509,
      1.0,
      0.4083293378353119,
      0.23598234355449677,
      0.2548283040523529,
      0.26169344782829285,
      0.334661602973938,
      0.4259670674800873,
      0.3635782301425934,
      0.3652270436286926,
      0.40006810426712036,
      0.272517591714859,
      0.3071534335613251,
      0.22670820355415344,
      0.32367169857025146
    ],
    [
      0.411860853433609,
      0.5607660412788391,
      0.4083293378353119,
      1.0,
      0.21162769198417664,
      0.27269190549850464,
      0.18849384784698486,
      0.20630747079849243,
      0.24829086661338806,
      0.225800022482872,
      0.21478411555290222,
      0.268714040517807,
      0.2091512531042099,
      0.30472078919410706,
      0.2502453923225403,
      0.31096351146698
    ],
    [
      0.14431405067443848,
      0.1473202407360077,
      0.23598234355449677,
      0.21162769198417664,
      1.0,
      0.47733452916145325,
      0.3141920566558838,
      0.433747261762619,
      0.31572744250297546,
      0.28179848194122314,
      0.3361131548881531,
      0.3046359419822693,
      0.2910657525062561,
      0.27787625789642334,
      0.22697792947292328,
      0.32896122336387634
    ],
    [
      0.15729542076587677,
      0.24070854485034943,
      0.2548283040523529,
      0.27269190549850464,
      0.47733452916145325,
      0.9999999403953552,
      0.389056921005249,
      0.33176013827323914,
      0.3882162868976593,
      0.25389257073402405,
      0.1783992201089859,
      0.21213333308696747,
      0.24573853611946106,
      0.23736055195331573,
      0.18674655258655548,
      0.175165057182312
    ],
    [
      0.11888300627470016,
      0.11007635295391083,
      0.26169344782829285,
      0.18849384784698486,
      0.3141920566558838,
      0.389056921005249,
      1.0,
      0.2914794981479645,
      0.18453502655029297,
      0.34586846828460693,
      0.28081947565078735,
      0.20539788901805878,
      0.14708277583122253,
      0.23554062843322754,
      0.14750106632709503,
      0.2719462513923645
    ],
    [
      0.18738088011741638,
      0.18770237267017365,
      0.334661602973938,
      0.20630747079849243,
      0.433747261762619,
      0.33176013827323914,
      0.2914794981479645,
      1.0,
      0.322670042514801,
      0.2581169009208679,
      0.25295230746269226,
      0.30203041434288025,
      0.2321004569530487,
      0.34121325612068176,
      0.22309908270835876,
      0.23602394759655
    ],
    [
      0.22542402148246765,
      0.18587510287761688,
      0.4259670674800873,
      0.24829086661338806,
      0.31572744250297546,
      0.3882162868976593,
      0.18453502655029297,
      0.322670042514801,
      1.0,
      0.4302988648414612,
      0.4912876486778259,
      0.43865108489990234,
      0.30172520875930786,
      0.3188306391239166,
      0.23441505432128906,
      0.38867780566215515
    ],
    [
      0.2549644708633423,
      0.17856602370738983,
      0.3635782301425934,
      0.225800022482872,
      0.28179848194122314,
      0.25389257073402405,
      0.34586846828460693,
      0.2581169009208679,
      0.4302988648414612,
      1.0,
      0.4688453674316406,
      0.41047173738479614,
      0.27047738432884216,
      0.25942662358283997,
      0.30182281136512756,
      0.3526384234428406
    ],
    [
      0.2250451147556305,
      0.1540279984474182,
      0.3652270436286926,
      0.21478411555290222,
      0.3361131548881531,
      0.1783992201089859,
      0.28081947565078735,
      0.25295230746269226,
      0.4912876486778259,
      0.4688453674316406,
      1.0,
      0.40062209963798523,
      0.28366565704345703,
      0.29573020339012146,
      0.29190683364868164,
      0.3746801018714905
    ],
    [
      0.2588876783847809,
      0.17436735332012177,
      0.40006810426712036,
      0.268714040517807,
      0.3046359419822693,
      0.21213333308696747,
      0.20539788901805878,
      0.30203041434288025,
      0.43865108489990234,
      0.41047173738479614,
      0.40062209963798523,
      1.0,
      0.23258742690086365,
      0.3837208151817322,
      0.1654549390077591,
      0.3467788100242615
    ],
    [
      0.18261653184890747,
      0.15491844713687897,
      0.272517591714859,
      0.2091512531042099,
      0.2910657525062561,
      0.24573853611946106,
      0.14708277583122253,
      0.2321004569530487,
      0.30172520875930786,
      0.27047738432884216,
      0.28366565704345703,
      0.23258742690086365,
      1.0000001192092896,
      0.4447268545627594,
      0.6149151921272278,
      0.364043265581131
    ],
    [
      0.19191041588783264,
      0.2147514969110489,
      0.3071534335613251,
      0.30472078919410706,
      0.27787625789642334,
      0.23736055195331573,
      0.23554062843322754,
      0.34121325612068176,
      0.3188306391239166,
      0.25942662358283997,
      0.29573020339012146,
      0.3837208151817322,
      0.4447268545627594,
      1.0,
      0.3980526626110077,
      0.3815414309501648
    ],
    [
      0.235409677028656,
      0.21341824531555176,
      0.22670820355415344,
      0.2502453923225403,
      0.22697792947292328,
      0.18674655258655548,
      0.14750106632709503,
      0.22309908270835876,
      0.23441505432128906,
      0.30182281136512756,
      0.29190683364868164,
      0.1654549390077591,
      0.6149151921272278,
      0.3980526626110077,
      1.0,
      0.27338874340057373
    ],
    [
      0.24348001182079315,
      0.1357698291540146,
      0.32367169857025146,
      0.31096351146698,
      0.32896122336387634,
      0.175165057182312,
      0.2719462513923645,
      0.23602394759655,
      0.38867780566215515,
      0.3526384234428406,
      0.3746801018714905,
      0.3467788100242615,
      0.364043265581131,
      0.3815414309501648,
      0.27338874340057373,
      1.0
    ]
  ]
}