{
  "game_number": 576,
  "words": [
    "DRIVE",
    "NEUTRAL",
    "PARK",
    "REVERSE",
    "COMB",
    "GEAR",
    "SAW",
    "ZIPPER",
    "FIRST",
    "FOLDING",
    "HIGH",
    "LAWN",
    "COW",
    "DOE",
    "HEN",
    "MARE"
  ],
  "adjacency_matrix": [
    [
      1.0,
      0.3420379161834717,
      0.5031958222389221,
      0.5053665041923523,
      0.3753948509693146,
      0.5103463530540466,
      0.45042741298675537,
      0.2936042249202728,
      0.421003133058548,
      0.3072173297405243,
      0.43367311358451843,
      0.3694553077220917,
      0.3368702232837677,
      0.18550483882427216,
      0.17120280861854553,
      0.3222081959247589
    ],
    [
      0.3420379161834717,
      0.9999999403953552,
      0.29540178179740906,
      0.38548246026039124,
      0.2486795336008072,
      0.3571392893791199,
      0.2748349905014038,
      0.22383201122283936,
      0.4209161102771759,
      0.23535051941871643,
      0.46946918964385986,
      0.26703277230262756,
      0.19777587056159973,
      0.08605830371379852,
      0.1904425173997879,
      0.18923431634902954
    ],
    [
      0.5031958222389221,
      0.29540178179740906,
      1.0,
      0.2786687910556793,
      0.2766629457473755,
      0.372369647026062,
      0.3130466938018799,
      0.32076573371887207,
      0.3554014265537262,
      0.2587365210056305,
      0.3269825279712677,
      0.5176481604576111,
      0.33250612020492554,
      0.17170105874538422,
      0.1945822387933731,
      0.27517396211624146
    ],
    [
      0.5053665041923523,
      0.38548246026039124,
      0.2786687910556793,
      1.0,
      0.3723446726799011,
      0.4525134861469269,
      0.4074554443359375,
      0.33276209235191345,
      0.447101891040802,
      0.3852342367172241,
      0.3621138334274292,
      0.27001887559890747,
      0.26873597502708435,
      0.1719578057527542,
      0.16402657330036163,
      0.17789237201213837
    ],
    [
      0.3753948509693146,
      0.2486795336008072,
      0.2766629457473755,
      0.3723446726799011,
      1.0,
      0.38998955488204956,
      0.3207703232765198,
      0.3805728554725647,
      0.28385719656944275,
      0.3035248816013336,
      0.3022296726703644,
      0.3566629886627197,
      0.3348645865917206,
      0.22180157899856567,
      0.38938066363334656,
      0.3085675835609436
    ],
    [
      0.5103463530540466,
      0.3571392893791199,
      0.372369647026062,
      0.4525134861469269,
      0.38998955488204956,
      1.0,
      0.3134888708591461,
      0.44771963357925415,
      0.3638695776462555,
      0.3416357934474945,
      0.3872949182987213,
      0.3350391089916229,
      0.272896945476532,
      0.11926385015249252,
      0.1890142858028412,
      0.23808543384075165
    ],
    [
      0.45042741298675537,
      0.2748349905014038,
      0.3130466938018799,
      0.4074554443359375,
      0.3207703232765198,
      0.3134888708591461,
      1.0,
      0.20027586817741394,
      0.4824317991733551,
      0.2716982066631317,
      0.3195377588272095,
      0.25835704803466797,
      0.2139858901500702,
      0.26660481095314026,
      0.259711891412735,
      0.2181096076965332
    ],
    [
      0.2936042249202728,
      0.22383201122283936,
      0.32076573371887207,
      0.33276209235191345,
      0.3805728554725647,
      0.44771963357925415,
      0.20027586817741394,
      1.0,
      0.27932310104370117,
      0.47073033452033997,
      0.2639103829860687,
      0.25375014543533325,
      0.2371031641960144,
      0.10376857221126556,
      0.18778590857982635,
      0.1826137751340866
    ],
    [
      0.421003133058548,
      0.4209161102771759,
      0.3554014265537262,
      0.447101891040802,
      0.28385719656944275,
      0.3638695776462555,
      0.4824317991733551,
      0.27932310104370117,
      1.0,
      0.29104554653167725,
      0.45103803277015686,
      0.2938545048236847,
      0.23064744472503662,
      0.11160432547330856,
      0.24852903187274933,
      0.25938379764556885
    ],
    [
      0.3072173297405243,
      0.23535051941871643,
      0.2587365210056305,
      0.3852342367172241,
      0.3035248816013336,
      0.3416357934474945,
      0.2716982066631317,
      0.47073033452033997,
      0.29104554653167725,
      1.0,
      0.31426581740379333,
      0.295579731464386,
      0.21151265501976013,
      0.10020158439874649,
      0.18453529477119446,
      0.17660541832447052
    ],
    [
      0.43367311358451843,
      0.46946918964385986,
      0.3269825279712677,
      0.3621138334274292,
      0.3022296726703644,
      0.3872949182987213,
      0.3195377588272095,
      0.2639103829860687,
      0.45103803277015686,
      0.31426581740379333,
      1.0,
      0.2987695336341858,
      0.277601957321167,
      0.07190040498971939,
      0.18654648959636688,
      0.28688037395477295
    ],
    [
      0.3694553077220917,
      0.26703277230262756,
      0.5176481604576111,
      0.27001887559890747,
      0.3566629886627197,
      0.3350391089916229,
      0.25835704803466797,
      0.25375014543533325,
      0.2938545048236847,
      0.295579731464386,
      0.2987695336341858,
      1.0,
      0.37533190846443176,
      0.15376533567905426,
      0.2470121532678604,
      0.2229003757238388
    ],
    [
      0.3368702232837677,
      0.19777587056159973,
      0.33250612020492554,
      0.26873597502708435,
      0.3348645865917206,
      0.272896945476532,
      0.2139858901500702,
      0.2371031641960144,
      0.23064744472503662,
      0.21151265501976013,
      0.277601957321167,
      0.37533190846443176,
      1.0,
      0.32883965969085693,
      0.4135713577270508,
      0.5096923112869263
    ],
    [
      0.18550483882427216,
      0.08605830371379852,
      0.17170105874538422,
      0.1719578057527542,
      0.22180157899856567,
      0.11926385015249252,
      0.26660481095314026,
      0.10376857221126556,
      0.11160432547330856,
      0.10020158439874649,
      0.07190040498971939,
      0.15376533567905426,
      0.32883965969085693,
      0.9999999403953552,
      0.3480568826198578,
      0.2436647117137909
    ],
    [
      0.17120280861854553,
      0.1904425173997879,
      0.1945822387933731,
      0.16402657330036163,
      0.38938066363334656,
      0.1890142858028412,
      0.259711891412735,
      0.18778590857982635,
      0.24852903187274933,
      0.18453529477119446,
      0.18654648959636688,
      0.2470121532678604,
      0.4135713577270508,
      0.3480568826198578,
      0.9999999403953552,
      0.3703620135784149
    ],
    [
      0.3222081959247589,
      0.18923431634902954,
      0.27517396211624146,
      0.17789237201213837,
      0.3085675835609436,
      0.23808543384075165,
      0.2181096076965332,
      0.1826137751340866,
      0.25938379764556885,
      0.17660541832447052,
      0.28688037395477295,
      0.2229003757238388,
      0.5096923112869263,
      0.2436647117137909,
      0.3703620135784149,
      0.9999999403953552
    ]
  ]
}