{
  "game_number": 313,
  "words": [
    "DESSERT",
    "MAIN",
    "SIDE",
    "STARTER",
    "BARE",
    "DEAR",
    "MOUSSE",
    "NEW",
    "CARPET",
    "DELICIOUS",
    "MEAT",
    "TAPE",
    "EASY",
    "ENOUGH",
    "RELAX",
    "QUIET"
  ],
  "adjacency_matrix": [
    [
      1.0,
      0.3783002197742462,
      0.33466076850891113,
      0.3542574942111969,
      0.22932840883731842,
      0.2815031111240387,
      0.5209253430366516,
      0.3231406509876251,
      0.33756569027900696,
      0.5718367099761963,
      0.42729395627975464,
      0.25052154064178467,
      0.3043389916419983,
      0.3108563721179962,
      0.2697262167930603,
      0.28565070033073425
    ],
    [
      0.3783002197742462,
      1.0000001192092896,
      0.5662093162536621,
      0.48242825269699097,
      0.4904150366783142,
      0.4107643663883209,
      0.18800483644008636,
      0.6460349559783936,
      0.34128090739250183,
      0.35442355275154114,
      0.4264797568321228,
      0.3276526629924774,
      0.39817461371421814,
      0.3978250324726105,
      0.28204143047332764,
      0.4429652988910675
    ],
    [
      0.33466076850891113,
      0.5662093162536621,
      1.0,
      0.4362216293811798,
      0.3763462007045746,
      0.3636213541030884,
      0.24250191450119019,
      0.45818623900413513,
      0.3776390552520752,
      0.30679452419281006,
      0.4034065008163452,
      0.37889015674591064,
      0.3765760362148285,
      0.3787594139575958,
      0.3167319893836975,
      0.44499507546424866
    ],
    [
      0.3542574942111969,
      0.48242825269699097,
      0.4362216293811798,
      1.0,
      0.29078933596611023,
      0.26665252447128296,
      0.2584572732448578,
      0.46834415197372437,
      0.28882932662963867,
      0.3011198937892914,
      0.3422504663467407,
      0.31911221146583557,
      0.36275920271873474,
      0.41100701689720154,
      0.25872573256492615,
      0.3211335837841034
    ],
    [
      0.22932840883731842,
      0.4904150366783142,
      0.3763462007045746,
      0.29078933596611023,
      1.0,
      0.42551547288894653,
      0.2551943063735962,
      0.4310378134250641,
      0.37786945700645447,
      0.4015471637248993,
      0.43258264660835266,
      0.29877689480781555,
      0.36215952038764954,
      0.44234222173690796,
      0.3162006437778473,
      0.44403836131095886
    ],
    [
      0.2815031111240387,
      0.4107643663883209,
      0.3636213541030884,
      0.26665252447128296,
      0.42551547288894653,
      1.0,
      0.18687470257282257,
      0.4536180794239044,
      0.2387964278459549,
      0.4594458341598511,
      0.31431451439857483,
      0.2054966539144516,
      0.44789525866508484,
      0.42143940925598145,
      0.38094672560691833,
      0.4642450213432312
    ],
    [
      0.5209253430366516,
      0.18800483644008636,
      0.24250191450119019,
      0.2584572732448578,
      0.2551943063735962,
      0.18687470257282257,
      1.0,
      0.19215691089630127,
      0.3135932981967926,
      0.4418204724788666,
      0.346647709608078,
      0.27331972122192383,
      0.23213057219982147,
      0.23213359713554382,
      0.20089539885520935,
      0.16425511240959167
    ],
    [
      0.3231406509876251,
      0.6460349559783936,
      0.45818623900413513,
      0.46834415197372437,
      0.4310378134250641,
      0.4536180794239044,
      0.19215691089630127,
      0.9999999403953552,
      0.38890770077705383,
      0.49311167001724243,
      0.37279456853866577,
      0.3316293954849243,
      0.4536605775356293,
      0.43894580006599426,
      0.30772146582603455,
      0.5007829070091248
    ],
    [
      0.33756569027900696,
      0.34128090739250183,
      0.3776390552520752,
      0.28882932662963867,
      0.37786945700645447,
      0.2387964278459549,
      0.3135932981967926,
      0.38890770077705383,
      1.0,
      0.2725723385810852,
      0.3696794807910919,
      0.4484460949897766,
      0.269573837518692,
      0.2724705934524536,
      0.2899404466152191,
      0.312962144613266
    ],
    [
      0.5718367099761963,
      0.35442355275154114,
      0.30679452419281006,
      0.3011198937892914,
      0.4015471637248993,
      0.4594458341598511,
      0.4418204724788666,
      0.49311167001724243,
      0.2725723385810852,
      1.0,
      0.5180084109306335,
      0.22211432456970215,
      0.5304381847381592,
      0.4811578691005707,
      0.3409733474254608,
      0.5030653476715088
    ],
    [
      0.42729395627975464,
      0.4264797568321228,
      0.4034065008163452,
      0.3422504663467407,
      0.43258264660835266,
      0.31431451439857483,
      0.346647709608078,
      0.37279456853866577,
      0.3696794807910919,
      0.5180084109306335,
      1.0,
      0.36762747168540955,
      0.29832643270492554,
      0.4155927896499634,
      0.2549915313720703,
      0.33198094367980957
    ],
    [
      0.25052154064178467,
      0.3276526629924774,
      0.37889015674591064,
      0.31911221146583557,
      0.29877689480781555,
      0.2054966539144516,
      0.27331972122192383,
      0.3316293954849243,
      0.4484460949897766,
      0.22211432456970215,
      0.36762747168540955,
      1.0000001192092896,
      0.25932997465133667,
      0.30601420998573303,
      0.2651817202568054,
      0.2988796532154083
    ],
    [
      0.3043389916419983,
      0.39817461371421814,
      0.3765760362148285,
      0.36275920271873474,
      0.36215952038764954,
      0.44789525866508484,
      0.23213057219982147,
      0.4536605775356293,
      0.269573837518692,
      0.5304381847381592,
      0.29832643270492554,
      0.25932997465133667,
      1.0,
      0.5963422656059265,
      0.4211464524269104,
      0.5709139704704285
    ],
    [
      0.3108563721179962,
      0.3978250324726105,
      0.3787594139575958,
      0.41100701689720154,
      0.44234222173690796,
      0.42143940925598145,
      0.23213359713554382,
      0.43894580006599426,
      0.2724705934524536,
      0.4811578691005707,
      0.4155927896499634,
      0.30601420998573303,
      0.5963422656059265,
      1.0,
      0.38452014327049255,
      0.48418930172920227
    ],
    [
      0.2697262167930603,
      0.28204143047332764,
      0.3167319893836975,
      0.25872573256492615,
      0.3162006437778473,
      0.38094672560691833,
      0.20089539885520935,
      0.30772146582603455,
      0.2899404466152191,
      0.3409733474254608,
      0.2549915313720703,
      0.2651817202568054,
      0.4211464524269104,
      0.38452014327049255,
      0.9999999403953552,
      0.5141944885253906
    ],
    [
      0.28565070033073425,
      0.4429652988910675,
      0.44499507546424866,
      0.3211335837841034,
      0.44403836131095886,
      0.4642450213432312,
      0.16425511240959167,
      0.5007829070091248,
      0.312962144613266,
      0.5030653476715088,
      0.33198094367980957,
      0.2988796532154083,
      0.5709139704704285,
      0.48418930172920227,
      0.5141944885253906,
      1.0
    ]
  ]
}