{
  "game_number": 635,
  "words": [
    "CAMI",
    "HALTER",
    "TANK",
    "TEE",
    "BEET",
    "CARROT",
    "CORN",
    "ONION",
    "ANT",
    "BEETLE",
    "MANTIS",
    "TERMITE",
    "BACKGAMMON",
    "CHECKERS",
    "CHESS",
    "GO"
  ],
  "adjacency_matrix": [
    [
      1.0,
      0.4558882713317871,
      0.34196943044662476,
      0.4051930606365204,
      0.3357619047164917,
      0.31608718633651733,
      0.2643432319164276,
      0.42854544520378113,
      0.3138759136199951,
      0.2710105776786804,
      0.3173930048942566,
      0.2290702760219574,
      0.24935609102249146,
      0.23084989190101624,
      0.21147342026233673,
      0.31962355971336365
    ],
    [
      0.4558882713317871,
      1.0,
      0.30167070031166077,
      0.3615250587463379,
      0.2926276922225952,
      0.36985135078430176,
      0.3520469665527344,
      0.28975775837898254,
      0.2941148281097412,
      0.22506584227085114,
      0.2811959683895111,
      0.31166014075279236,
      0.25925713777542114,
      0.22356724739074707,
      0.23965279757976532,
      0.3743138313293457
    ],
    [
      0.34196943044662476,
      0.30167070031166077,
      1.0,
      0.31302666664123535,
      0.3281751871109009,
      0.232402503490448,
      0.30742204189300537,
      0.352179616689682,
      0.3334164619445801,
      0.360524445772171,
      0.2738874554634094,
      0.3288820683956146,
      0.23036764562129974,
      0.2344016283750534,
      0.3109246790409088,
      0.2783399224281311
    ],
    [
      0.4051930606365204,
      0.3615250587463379,
      0.31302666664123535,
      1.0,
      0.29394105076789856,
      0.2709149718284607,
      0.25071799755096436,
      0.23521052300930023,
      0.258115291595459,
      0.2083156406879425,
      0.2409304529428482,
      0.24976696074008942,
      0.2534066438674927,
      0.25416070222854614,
      0.24106046557426453,
      0.3704100549221039
    ],
    [
      0.3357619047164917,
      0.2926276922225952,
      0.3281751871109009,
      0.29394105076789856,
      1.0,
      0.5280646681785583,
      0.5953546762466431,
      0.5413393378257751,
      0.4051225185394287,
      0.555939257144928,
      0.3511587083339691,
      0.3164149224758148,
      0.2676847279071808,
      0.2710389792919159,
      0.31448066234588623,
      0.2753509283065796
    ],
    [
      0.31608718633651733,
      0.36985135078430176,
      0.232402503490448,
      0.2709149718284607,
      0.5280646681785583,
      1.0,
      0.4012080430984497,
      0.4535333812236786,
      0.37515634298324585,
      0.42736145853996277,
      0.36875924468040466,
      0.3453366458415985,
      0.2890753746032715,
      0.28194767236709595,
      0.29231202602386475,
      0.30729570984840393
    ],
    [
      0.2643432319164276,
      0.3520469665527344,
      0.30742204189300537,
      0.25071799755096436,
      0.5953546762466431,
      0.4012080430984497,
      1.0,
      0.4481222629547119,
      0.3282199203968048,
      0.40616002678871155,
      0.28865450620651245,
      0.30209779739379883,
      0.2293531745672226,
      0.20620064437389374,
      0.2559329867362976,
      0.25844159722328186
    ],
    [
      0.42854544520378113,
      0.28975775837898254,
      0.352179616689682,
      0.23521052300930023,
      0.5413393378257751,
      0.4535333812236786,
      0.4481222629547119,
      1.0,
      0.3002890348434448,
      0.3127289414405823,
      0.330851286649704,
      0.27585840225219727,
      0.21961477398872375,
      0.1849692165851593,
      0.2223852276802063,
      0.21028561890125275
    ],
    [
      0.3138759136199951,
      0.2941148281097412,
      0.3334164619445801,
      0.258115291595459,
      0.4051225185394287,
      0.37515634298324585,
      0.3282199203968048,
      0.3002890348434448,
      1.0,
      0.579919159412384,
      0.45397520065307617,
      0.6281746625900269,
      0.21984024345874786,
      0.3492647707462311,
      0.3272513151168823,
      0.280936598777771
    ],
    [
      0.2710105776786804,
      0.22506584227085114,
      0.360524445772171,
      0.2083156406879425,
      0.555939257144928,
      0.42736145853996277,
      0.40616002678871155,
      0.3127289414405823,
      0.579919159412384,
      1.0,
      0.5160535573959351,
      0.5326233506202698,
      0.2562919557094574,
      0.2786542475223541,
      0.34396472573280334,
      0.19000588357448578
    ],
    [
      0.3173930048942566,
      0.2811959683895111,
      0.2738874554634094,
      0.2409304529428482,
      0.3511587083339691,
      0.36875924468040466,
      0.28865450620651245,
      0.330851286649704,
      0.45397520065307617,
      0.5160535573959351,
      1.0,
      0.4041112959384918,
      0.2599005699157715,
      0.2557351291179657,
      0.28570613265037537,
      0.15571047365665436
    ],
    [
      0.2290702760219574,
      0.31166014075279236,
      0.3288820683956146,
      0.24976696074008942,
      0.3164149224758148,
      0.3453366458415985,
      0.30209779739379883,
      0.27585840225219727,
      0.6281746625900269,
      0.5326233506202698,
      0.4041112959384918,
      0.9999999403953552,
      0.22939853370189667,
      0.2990581691265106,
      0.2633601725101471,
      0.2440234124660492
    ],
    [
      0.24935609102249146,
      0.25925713777542114,
      0.23036764562129974,
      0.2534066438674927,
      0.2676847279071808,
      0.2890753746032715,
      0.2293531745672226,
      0.21961477398872375,
      0.21984024345874786,
      0.2562919557094574,
      0.2599005699157715,
      0.22939853370189667,
      1.0,
      0.5524341464042664,
      0.739230215549469,
      0.2372628152370453
    ],
    [
      0.23084989190101624,
      0.22356724739074707,
      0.2344016283750534,
      0.25416070222854614,
      0.2710389792919159,
      0.28194767236709595,
      0.20620064437389374,
      0.1849692165851593,
      0.3492647707462311,
      0.2786542475223541,
      0.2557351291179657,
      0.2990581691265106,
      0.5524341464042664,
      1.0,
      0.5531046986579895,
      0.3241906464099884
    ],
    [
      0.21147342026233673,
      0.23965279757976532,
      0.3109246790409088,
      0.24106046557426453,
      0.31448066234588623,
      0.29231202602386475,
      0.2559329867362976,
      0.2223852276802063,
      0.3272513151168823,
      0.34396472573280334,
      0.28570613265037537,
      0.2633601725101471,
      0.739230215549469,
      0.5531046986579895,
      1.0,
      0.24008208513259888
    ],
    [
      0.31962355971336365,
      0.3743138313293457,
      0.2783399224281311,
      0.3704100549221039,
      0.2753509283065796,
      0.30729570984840393,
      0.25844159722328186,
      0.21028561890125275,
      0.280936598777771,
      0.19000588357448578,
      0.15571047365665436,
      0.2440234124660492,
      0.2372628152370453,
      0.3241906464099884,
      0.24008208513259888,
      1.0
    ]
  ]
}