{
  "game_number": 91,
  "words": [
    "BATTER",
    "DOUGH",
    "MIXTURE",
    "PASTE",
    "CANDLESTICK",
    "PITCHER",
    "PLACEMAT",
    "PLATE",
    "LADDER",
    "MOUNTAIN",
    "ROPE",
    "TREE",
    "GEMSTONE",
    "INFIELD",
    "RHOMBUS",
    "SUIT"
  ],
  "adjacency_matrix": [
    [
      1.0,
      0.4693702757358551,
      0.37125277519226074,
      0.2962326407432556,
      0.3908986449241638,
      0.6256610751152039,
      0.34187668561935425,
      0.513046383857727,
      0.36698117852211,
      0.3466484844684601,
      0.327757865190506,
      0.2852844297885895,
      0.2261953353881836,
      0.490619421005249,
      0.253467321395874,
      0.30377963185310364
    ],
    [
      0.4693702757358551,
      0.9999999403953552,
      0.5251797437667847,
      0.4206164479255676,
      0.37943142652511597,
      0.3166753649711609,
      0.3008039593696594,
      0.42962899804115295,
      0.31222963333129883,
      0.33246830105781555,
      0.35443708300590515,
      0.251407653093338,
      0.2271842509508133,
      0.32057225704193115,
      0.1963634192943573,
      0.2731028199195862
    ],
    [
      0.37125277519226074,
      0.5251797437667847,
      1.0,
      0.41798004508018494,
      0.33675098419189453,
      0.26761099696159363,
      0.34420716762542725,
      0.39939671754837036,
      0.26392242312431335,
      0.3278422951698303,
      0.33554351329803467,
      0.33362188935279846,
      0.3089098334312439,
      0.34993502497673035,
      0.30563288927078247,
      0.37383055686950684
    ],
    [
      0.2962326407432556,
      0.4206164479255676,
      0.41798004508018494,
      1.0,
      0.2872393727302551,
      0.18981574475765228,
      0.39359548687934875,
      0.3568234443664551,
      0.23188164830207825,
      0.2534015476703644,
      0.3488084673881531,
      0.296821653842926,
      0.3444068729877472,
      0.19661030173301697,
      0.2258954495191574,
      0.2863476574420929
    ],
    [
      0.3908986449241638,
      0.37943142652511597,
      0.33675098419189453,
      0.2872393727302551,
      1.0,
      0.36542749404907227,
      0.4522053003311157,
      0.41547253727912903,
      0.40584295988082886,
      0.36200281977653503,
      0.41252100467681885,
      0.4579116404056549,
      0.3446783423423767,
      0.2180342972278595,
      0.24890254437923431,
      0.3135445713996887
    ],
    [
      0.6256610751152039,
      0.3166753649711609,
      0.26761099696159363,
      0.18981574475765228,
      0.36542749404907227,
      1.0,
      0.36179932951927185,
      0.5013041496276855,
      0.3397050201892853,
      0.3803998529911041,
      0.2726196348667145,
      0.3576963245868683,
      0.32285991311073303,
      0.5160107016563416,
      0.20169509947299957,
      0.25321099162101746
    ],
    [
      0.34187668561935425,
      0.3008039593696594,
      0.34420716762542725,
      0.39359548687934875,
      0.4522053003311157,
      0.36179932951927185,
      1.0,
      0.5281709432601929,
      0.36664167046546936,
      0.36483606696128845,
      0.3648183345794678,
      0.3922313153743744,
      0.37034592032432556,
      0.25134894251823425,
      0.290802925825119,
      0.4168653190135956
    ],
    [
      0.513046383857727,
      0.42962899804115295,
      0.39939671754837036,
      0.3568234443664551,
      0.41547253727912903,
      0.5013041496276855,
      0.5281709432601929,
      0.9999999403953552,
      0.4245377779006958,
      0.4231542646884918,
      0.32108545303344727,
      0.33297204971313477,
      0.3295650780200958,
      0.4177592098712921,
      0.29169899225234985,
      0.3777705729007721
    ],
    [
      0.36698117852211,
      0.31222963333129883,
      0.26392242312431335,
      0.23188164830207825,
      0.40584295988082886,
      0.3397050201892853,
      0.36664167046546936,
      0.4245377779006958,
      0.9999999403953552,
      0.43323761224746704,
      0.5519965887069702,
      0.4911872446537018,
      0.2333284318447113,
      0.24208372831344604,
      0.22478044033050537,
      0.27439239621162415
    ],
    [
      0.3466484844684601,
      0.33246830105781555,
      0.3278422951698303,
      0.2534015476703644,
      0.36200281977653503,
      0.3803998529911041,
      0.36483606696128845,
      0.4231542646884918,
      0.43323761224746704,
      0.9999999403953552,
      0.43033596873283386,
      0.5065748691558838,
      0.37806618213653564,
      0.3035544157028198,
      0.26582732796669006,
      0.3133906126022339
    ],
    [
      0.327757865190506,
      0.35443708300590515,
      0.33554351329803467,
      0.3488084673881531,
      0.41252100467681885,
      0.2726196348667145,
      0.3648183345794678,
      0.32108545303344727,
      0.5519965887069702,
      0.43033596873283386,
      1.0,
      0.46733224391937256,
      0.3017866015434265,
      0.2741432189941406,
      0.2691637873649597,
      0.2980222702026367
    ],
    [
      0.2852844297885895,
      0.251407653093338,
      0.33362188935279846,
      0.296821653842926,
      0.4579116404056549,
      0.3576963245868683,
      0.3922313153743744,
      0.33297204971313477,
      0.4911872446537018,
      0.5065748691558838,
      0.46733224391937256,
      1.0,
      0.35474956035614014,
      0.26957985758781433,
      0.32189202308654785,
      0.2864479124546051
    ],
    [
      0.2261953353881836,
      0.2271842509508133,
      0.3089098334312439,
      0.3444068729877472,
      0.3446783423423767,
      0.32285991311073303,
      0.37034592032432556,
      0.3295650780200958,
      0.2333284318447113,
      0.37806618213653564,
      0.3017866015434265,
      0.35474956035614014,
      1.0,
      0.19358965754508972,
      0.3487171232700348,
      0.28091469407081604
    ],
    [
      0.490619421005249,
      0.32057225704193115,
      0.34993502497673035,
      0.19661030173301697,
      0.2180342972278595,
      0.5160107016563416,
      0.25134894251823425,
      0.4177592098712921,
      0.24208372831344604,
      0.3035544157028198,
      0.2741432189941406,
      0.26957985758781433,
      0.19358965754508972,
      1.0,
      0.21180638670921326,
      0.229573592543602
    ],
    [
      0.253467321395874,
      0.1963634192943573,
      0.30563288927078247,
      0.2258954495191574,
      0.24890254437923431,
      0.20169509947299957,
      0.290802925825119,
      0.29169899225234985,
      0.22478044033050537,
      0.26582732796669006,
      0.2691637873649597,
      0.32189202308654785,
      0.3487171232700348,
      0.21180638670921326,
      1.0,
      0.15781699120998383
    ],
    [
      0.30377963185310364,
      0.2731028199195862,
      0.37383055686950684,
      0.2863476574420929,
      0.3135445713996887,
      0.25321099162101746,
      0.4168653190135956,
      0.3777705729007721,
      0.27439239621162415,
      0.3133906126022339,
      0.2980222702026367,
      0.2864479124546051,
      0.28091469407081604,
      0.229573592543602,
      0.15781699120998383,
      1.0000001192092896
    ]
  ]
}