{
  "game_number": 86,
  "words": [
    "COAST",
    "CRUISE",
    "DRIFT",
    "FLOAT",
    "BAT",
    "CAPE",
    "CASTLE",
    "FANG",
    "FLATTEN",
    "LEVEL",
    "PLATEAU",
    "SETTLE",
    "BATON",
    "CIGAR",
    "HOAGIE",
    "TORPEDO"
  ],
  "adjacency_matrix": [
    [
      0.9999999403953552,
      0.5021114349365234,
      0.43548449873924255,
      0.3315449059009552,
      0.2544298768043518,
      0.5046942234039307,
      0.4328559339046478,
      0.16870234906673431,
      0.340351402759552,
      0.35606855154037476,
      0.4704192578792572,
      0.3544498383998871,
      0.19783072173595428,
      0.20475895702838898,
      0.22765332460403442,
      0.28751710057258606
    ],
    [
      0.5021114349365234,
      0.9999999403953552,
      0.4705173671245575,
      0.4555622339248657,
      0.2657891809940338,
      0.344058096408844,
      0.3544958829879761,
      0.22058632969856262,
      0.2743358016014099,
      0.3414932191371918,
      0.3255665898323059,
      0.3653053641319275,
      0.2975001931190491,
      0.33047133684158325,
      0.33060750365257263,
      0.4545186161994934
    ],
    [
      0.43548449873924255,
      0.4705173671245575,
      1.0,
      0.5547993779182434,
      0.2888902723789215,
      0.3557656407356262,
      0.28924092650413513,
      0.28429707884788513,
      0.4222436845302582,
      0.40443602204322815,
      0.35983556509017944,
      0.48620325326919556,
      0.31216636300086975,
      0.2468288391828537,
      0.28141582012176514,
      0.41901567578315735
    ],
    [
      0.3315449059009552,
      0.4555622339248657,
      0.5547993779182434,
      1.0,
      0.27177000045776367,
      0.4157235026359558,
      0.33882012963294983,
      0.29997920989990234,
      0.5065007209777832,
      0.3274745047092438,
      0.28026294708251953,
      0.48535796999931335,
      0.34084007143974304,
      0.2510552406311035,
      0.2527495324611664,
      0.3718564212322235
    ],
    [
      0.2544298768043518,
      0.2657891809940338,
      0.2888902723789215,
      0.27177000045776367,
      0.9999999403953552,
      0.43547511100769043,
      0.30761611461639404,
      0.43607860803604126,
      0.32264265418052673,
      0.332937628030777,
      0.28831738233566284,
      0.2594922184944153,
      0.3784584105014801,
      0.32400089502334595,
      0.24319496750831604,
      0.361889123916626
    ],
    [
      0.5046942234039307,
      0.344058096408844,
      0.3557656407356262,
      0.4157235026359558,
      0.43547511100769043,
      0.9999999403953552,
      0.4584561884403229,
      0.392581969499588,
      0.3314979076385498,
      0.26967695355415344,
      0.3955700695514679,
      0.3094233572483063,
      0.3701916038990021,
      0.33332547545433044,
      0.3577537536621094,
      0.30805566906929016
    ],
    [
      0.4328559339046478,
      0.3544958829879761,
      0.28924092650413513,
      0.33882012963294983,
      0.30761611461639404,
      0.4584561884403229,
      1.0,
      0.32646384835243225,
      0.3539872169494629,
      0.36830708384513855,
      0.481823593378067,
      0.36482661962509155,
      0.25195762515068054,
      0.2836052477359772,
      0.2482699602842331,
      0.2627250850200653
    ],
    [
      0.16870234906673431,
      0.22058632969856262,
      0.28429707884788513,
      0.29997920989990234,
      0.43607860803604126,
      0.392581969499588,
      0.32646384835243225,
      1.0,
      0.33814212679862976,
      0.2692955434322357,
      0.26384666562080383,
      0.1923527717590332,
      0.3100234270095825,
      0.2606671154499054,
      0.32307639718055725,
      0.3499184846878052
    ],
    [
      0.340351402759552,
      0.2743358016014099,
      0.4222436845302582,
      0.5065007209777832,
      0.32264265418052673,
      0.3314979076385498,
      0.3539872169494629,
      0.33814212679862976,
      1.0,
      0.39367762207984924,
      0.38251084089279175,
      0.4596204459667206,
      0.2968631088733673,
      0.2841913402080536,
      0.24869666993618011,
      0.3313165009021759
    ],
    [
      0.35606855154037476,
      0.3414932191371918,
      0.40443602204322815,
      0.3274745047092438,
      0.332937628030777,
      0.26967695355415344,
      0.36830708384513855,
      0.2692955434322357,
      0.39367762207984924,
      1.0,
      0.49997153878211975,
      0.3521471917629242,
      0.2748355269432068,
      0.25058281421661377,
      0.18816904723644257,
      0.2808826267719269
    ],
    [
      0.4704192578792572,
      0.3255665898323059,
      0.35983556509017944,
      0.28026294708251953,
      0.28831738233566284,
      0.3955700695514679,
      0.481823593378067,
      0.26384666562080383,
      0.38251084089279175,
      0.49997153878211975,
      1.0,
      0.40003931522369385,
      0.19995556771755219,
      0.2180231213569641,
      0.2398243546485901,
      0.23274581134319305
    ],
    [
      0.3544498383998871,
      0.3653053641319275,
      0.48620325326919556,
      0.48535796999931335,
      0.2594922184944153,
      0.3094233572483063,
      0.36482661962509155,
      0.1923527717590332,
      0.4596204459667206,
      0.3521471917629242,
      0.40003931522369385,
      1.0,
      0.24406698346138,
      0.2275894731283188,
      0.2383158802986145,
      0.2619345486164093
    ],
    [
      0.19783072173595428,
      0.2975001931190491,
      0.31216636300086975,
      0.34084007143974304,
      0.3784584105014801,
      0.3701916038990021,
      0.25195762515068054,
      0.3100234270095825,
      0.2968631088733673,
      0.2748355269432068,
      0.19995556771755219,
      0.24406698346138,
      1.0,
      0.2995682954788208,
      0.245850071310997,
      0.2869640588760376
    ],
    [
      0.20475895702838898,
      0.33047133684158325,
      0.2468288391828537,
      0.2510552406311035,
      0.32400089502334595,
      0.33332547545433044,
      0.2836052477359772,
      0.2606671154499054,
      0.2841913402080536,
      0.25058281421661377,
      0.2180231213569641,
      0.2275894731283188,
      0.2995682954788208,
      1.0,
      0.441346138715744,
      0.37647348642349243
    ],
    [
      0.22765332460403442,
      0.33060750365257263,
      0.28141582012176514,
      0.2527495324611664,
      0.24319496750831604,
      0.3577537536621094,
      0.2482699602842331,
      0.32307639718055725,
      0.24869666993618011,
      0.18816904723644257,
      0.2398243546485901,
      0.2383158802986145,
      0.245850071310997,
      0.441346138715744,
      0.9999999403953552,
      0.3684203028678894
    ],
    [
      0.28751710057258606,
      0.4545186161994934,
      0.41901567578315735,
      0.3718564212322235,
      0.361889123916626,
      0.30805566906929016,
      0.2627250850200653,
      0.3499184846878052,
      0.3313165009021759,
      0.2808826267719269,
      0.23274581134319305,
      0.2619345486164093,
      0.2869640588760376,
      0.37647348642349243,
      0.3684203028678894,
      1.0
    ]
  ]
}