{
  "game_number": 258,
  "words": [
    "BEYOND",
    "EXTRA",
    "OVER",
    "TOO",
    "POUND",
    "REAL",
    "WON",
    "YEN",
    "ARROW",
    "BLOCK",
    "FORE",
    "KNUCKLE",
    "CURIOUS",
    "FUNNY",
    "OFF",
    "WEIRD"
  ],
  "adjacency_matrix": [
    [
      1.0,
      0.37886422872543335,
      0.5878893136978149,
      0.47487717866897583,
      0.20840732753276825,
      0.46228572726249695,
      0.23676122725009918,
      0.10256043821573257,
      0.3198433518409729,
      0.3885187804698944,
      0.47204020619392395,
      0.23070068657398224,
      0.3417840003967285,
      0.28367453813552856,
      0.508916437625885,
      0.3682582378387451
    ],
    [
      0.37886422872543335,
      1.0,
      0.4115075170993805,
      0.3609609603881836,
      0.45816168189048767,
      0.4741341173648834,
      0.31313836574554443,
      0.26180076599121094,
      0.3348029553890228,
      0.3701399266719818,
      0.379093199968338,
      0.24830329418182373,
      0.31549686193466187,
      0.3201031982898712,
      0.40562793612480164,
      0.42325615882873535
    ],
    [
      0.5878893136978149,
      0.4115075170993805,
      1.0,
      0.42281782627105713,
      0.40373918414115906,
      0.43663570284843445,
      0.44108206033706665,
      0.21169781684875488,
      0.34254103899002075,
      0.4251119792461395,
      0.4391125738620758,
      0.31166547536849976,
      0.3041602075099945,
      0.25349143147468567,
      0.6782572269439697,
      0.32172855734825134
    ],
    [
      0.47487717866897583,
      0.3609609603881836,
      0.42281782627105713,
      0.9999999403953552,
      0.19832976162433624,
      0.48490503430366516,
      0.3878934681415558,
      0.058273907750844955,
      0.2783178389072418,
      0.33450618386268616,
      0.3931102156639099,
      0.24372325837612152,
      0.5283175110816956,
      0.5393730401992798,
      0.4584084451198578,
      0.5423745512962341
    ],
    [
      0.20840732753276825,
      0.45816168189048767,
      0.40373918414115906,
      0.19832976162433624,
      1.0,
      0.3331512212753296,
      0.27501150965690613,
      0.4480381906032562,
      0.3345872163772583,
      0.33179953694343567,
      0.2946101129055023,
      0.39367830753326416,
      0.1658170074224472,
      0.21259060502052307,
      0.40493878722190857,
      0.18201462924480438
    ],
    [
      0.46228572726249695,
      0.4741341173648834,
      0.43663570284843445,
      0.48490503430366516,
      0.3331512212753296,
      0.9999998807907104,
      0.26864302158355713,
      0.14665955305099487,
      0.3373279273509979,
      0.36148855090141296,
      0.42670756578445435,
      0.29054051637649536,
      0.4885147511959076,
      0.5475448369979858,
      0.4396335482597351,
      0.57633376121521
    ],
    [
      0.23676122725009918,
      0.31313836574554443,
      0.44108206033706665,
      0.3878934681415558,
      0.27501150965690613,
      0.26864302158355713,
      1.0,
      0.0991220623254776,
      0.258092999458313,
      0.3000929057598114,
      0.24894259870052338,
      0.13788148760795593,
      0.11998770385980606,
      0.2383832186460495,
      0.3684667944908142,
      0.21267570555210114
    ],
    [
      0.10256043821573257,
      0.26180076599121094,
      0.21169781684875488,
      0.058273907750844955,
      0.4480381906032562,
      0.14665955305099487,
      0.0991220623254776,
      1.0,
      0.1240106001496315,
      0.14736038446426392,
      0.11033612489700317,
      0.10930449515581131,
      0.06106860563158989,
      0.08682158589363098,
      0.17605790495872498,
      0.09706041216850281
    ],
    [
      0.3198433518409729,
      0.3348029553890228,
      0.34254103899002075,
      0.2783178389072418,
      0.3345872163772583,
      0.3373279273509979,
      0.258092999458313,
      0.1240106001496315,
      1.0,
      0.41111186146736145,
      0.4190872609615326,
      0.44155383110046387,
      0.30094826221466064,
      0.2467445284128189,
      0.42022159695625305,
      0.30824020504951477
    ],
    [
      0.3885187804698944,
      0.3701399266719818,
      0.4251119792461395,
      0.33450618386268616,
      0.33179953694343567,
      0.36148855090141296,
      0.3000929057598114,
      0.14736038446426392,
      0.41111186146736145,
      1.0,
      0.3574071526527405,
      0.32412824034690857,
      0.25541770458221436,
      0.3020861744880676,
      0.47792166471481323,
      0.3200709819793701
    ],
    [
      0.47204020619392395,
      0.379093199968338,
      0.4391125738620758,
      0.3931102156639099,
      0.2946101129055023,
      0.42670756578445435,
      0.24894259870052338,
      0.11033612489700317,
      0.4190872609615326,
      0.3574071526527405,
      1.0,
      0.38212740421295166,
      0.3014240562915802,
      0.24505405128002167,
      0.4826146066188812,
      0.26176443696022034
    ],
    [
      0.23070068657398224,
      0.24830329418182373,
      0.31166547536849976,
      0.24372325837612152,
      0.39367830753326416,
      0.29054051637649536,
      0.13788148760795593,
      0.10930449515581131,
      0.44155383110046387,
      0.32412824034690857,
      0.38212740421295166,
      1.0,
      0.2780814468860626,
      0.26378506422042847,
      0.3948042690753937,
      0.26260221004486084
    ],
    [
      0.3417840003967285,
      0.31549686193466187,
      0.3041602075099945,
      0.5283175110816956,
      0.1658170074224472,
      0.4885147511959076,
      0.11998770385980606,
      0.06106860563158989,
      0.30094826221466064,
      0.25541770458221436,
      0.3014240562915802,
      0.2780814468860626,
      1.0,
      0.5884696841239929,
      0.33173704147338867,
      0.6985813975334167
    ],
    [
      0.28367453813552856,
      0.3201031982898712,
      0.25349143147468567,
      0.5393730401992798,
      0.21259060502052307,
      0.5475448369979858,
      0.2383832186460495,
      0.08682158589363098,
      0.2467445284128189,
      0.3020861744880676,
      0.24505405128002167,
      0.26378506422042847,
      0.5884696841239929,
      1.0,
      0.33035412430763245,
      0.7505903244018555
    ],
    [
      0.508916437625885,
      0.40562793612480164,
      0.6782572269439697,
      0.4584084451198578,
      0.40493878722190857,
      0.4396335482597351,
      0.3684667944908142,
      0.17605790495872498,
      0.42022159695625305,
      0.47792166471481323,
      0.4826146066188812,
      0.3948042690753937,
      0.33173704147338867,
      0.33035412430763245,
      1.0,
      0.36993086338043213
    ],
    [
      0.3682582378387451,
      0.42325615882873535,
      0.32172855734825134,
      0.5423745512962341,
      0.18201462924480438,
      0.57633376121521,
      0.21267570555210114,
      0.09706041216850281,
      0.30824020504951477,
      0.3200709819793701,
      0.26176443696022034,
      0.26260221004486084,
      0.6985813975334167,
      0.7505903244018555,
      0.36993086338043213,
      1.0
    ]
  ]
}