{
  "game_number": 457,
  "words": [
    "PINCH",
    "ROB",
    "STEAL",
    "SWIPE",
    "BUCK",
    "BULL",
    "JACK",
    "TOM",
    "JEAN",
    "PANT",
    "SHORT",
    "TIGHT",
    "BADGE",
    "INVITE",
    "PASS",
    "TICKET"
  ],
  "adjacency_matrix": [
    [
      0.9999999403953552,
      0.36812514066696167,
      0.4512423276901245,
      0.5091657042503357,
      0.37947019934654236,
      0.30806851387023926,
      0.3822804391384125,
      0.3235209882259369,
      0.262522429227829,
      0.46096810698509216,
      0.35522836446762085,
      0.4802732765674591,
      0.24782516062259674,
      0.30577296018600464,
      0.3897096812725067,
      0.32625770568847656
    ],
    [
      0.36812514066696167,
      1.0,
      0.7147873044013977,
      0.42789480090141296,
      0.32529935240745544,
      0.33941447734832764,
      0.3975159823894501,
      0.38141798973083496,
      0.2921980023384094,
      0.3120550513267517,
      0.2801034152507782,
      0.24858616292476654,
      0.2421441227197647,
      0.4000011384487152,
      0.413374125957489,
      0.2649863064289093
    ],
    [
      0.4512423276901245,
      0.7147873044013977,
      1.0,
      0.5658999085426331,
      0.39475399255752563,
      0.3613711893558502,
      0.36503273248672485,
      0.3139539957046509,
      0.23889441788196564,
      0.33052802085876465,
      0.33939898014068604,
      0.2842901051044464,
      0.3549537658691406,
      0.46105486154556274,
      0.5078384280204773,
      0.3172522485256195
    ],
    [
      0.5091657042503357,
      0.42789480090141296,
      0.5658999085426331,
      1.0,
      0.38933318853378296,
      0.37964263558387756,
      0.3936161398887634,
      0.31175148487091064,
      0.18313367664813995,
      0.3452373147010803,
      0.31849241256713867,
      0.3005226254463196,
      0.42266541719436646,
      0.39567407965660095,
      0.5122284293174744,
      0.41516053676605225
    ],
    [
      0.37947019934654236,
      0.32529935240745544,
      0.39475399255752563,
      0.38933318853378296,
      0.9999999403953552,
      0.4969918131828308,
      0.39934441447257996,
      0.36099591851234436,
      0.2557153105735779,
      0.3551265597343445,
      0.3166259825229645,
      0.32312414050102234,
      0.31859299540519714,
      0.2407553642988205,
      0.5543635487556458,
      0.3509688377380371
    ],
    [
      0.30806851387023926,
      0.33941447734832764,
      0.3613711893558502,
      0.37964263558387756,
      0.4969918131828308,
      1.0,
      0.40694716572761536,
      0.4374503195285797,
      0.2596937119960785,
      0.39289137721061707,
      0.36458680033683777,
      0.2984974980354309,
      0.3754175901412964,
      0.21676979959011078,
      0.41196009516716003,
      0.35255590081214905
    ],
    [
      0.3822804391384125,
      0.3975159823894501,
      0.36503273248672485,
      0.3936161398887634,
      0.39934441447257996,
      0.40694716572761536,
      1.0,
      0.5278478264808655,
      0.4962995946407318,
      0.4258529245853424,
      0.3024676442146301,
      0.30540767312049866,
      0.43902021646499634,
      0.2038714587688446,
      0.32162538170814514,
      0.33461323380470276
    ],
    [
      0.3235209882259369,
      0.38141798973083496,
      0.3139539957046509,
      0.31175148487091064,
      0.36099591851234436,
      0.4374503195285797,
      0.5278478264808655,
      1.0,
      0.4230121672153473,
      0.4159535765647888,
      0.3045749366283417,
      0.24639089405536652,
      0.26692262291908264,
      0.31646427512168884,
      0.2763166129589081,
      0.28955814242362976
    ],
    [
      0.262522429227829,
      0.2921980023384094,
      0.23889441788196564,
      0.18313367664813995,
      0.2557153105735779,
      0.2596937119960785,
      0.4962995946407318,
      0.4230121672153473,
      1.0,
      0.5576542615890503,
      0.3415825664997101,
      0.40048620104789734,
      0.27269265055656433,
      0.12920430302619934,
      0.19352808594703674,
      0.22817914187908173
    ],
    [
      0.46096810698509216,
      0.3120550513267517,
      0.33052802085876465,
      0.3452373147010803,
      0.3551265597343445,
      0.39289137721061707,
      0.4258529245853424,
      0.4159535765647888,
      0.5576542615890503,
      1.0,
      0.4469296634197235,
      0.48246675729751587,
      0.36385488510131836,
      0.23797887563705444,
      0.3105112910270691,
      0.32434290647506714
    ],
    [
      0.35522836446762085,
      0.2801034152507782,
      0.33939898014068604,
      0.31849241256713867,
      0.3166259825229645,
      0.36458680033683777,
      0.3024676442146301,
      0.3045749366283417,
      0.3415825664997101,
      0.4469296634197235,
      1.0,
      0.5981440544128418,
      0.31715938448905945,
      0.3087365925312042,
      0.4591650664806366,
      0.32259202003479004
    ],
    [
      0.4802732765674591,
      0.24858616292476654,
      0.2842901051044464,
      0.3005226254463196,
      0.32312414050102234,
      0.2984974980354309,
      0.30540767312049866,
      0.24639089405536652,
      0.40048620104789734,
      0.48246675729751587,
      0.5981440544128418,
      0.9999999403953552,
      0.2680582106113434,
      0.21417507529258728,
      0.38835689425468445,
      0.30989378690719604
    ],
    [
      0.24782516062259674,
      0.2421441227197647,
      0.3549537658691406,
      0.42266541719436646,
      0.31859299540519714,
      0.3754175901412964,
      0.43902021646499634,
      0.26692262291908264,
      0.27269265055656433,
      0.36385488510131836,
      0.31715938448905945,
      0.2680582106113434,
      1.0,
      0.24325743317604065,
      0.3772636651992798,
      0.4593068063259125
    ],
    [
      0.30577296018600464,
      0.4000011384487152,
      0.46105486154556274,
      0.39567407965660095,
      0.2407553642988205,
      0.21676979959011078,
      0.2038714587688446,
      0.31646427512168884,
      0.12920430302619934,
      0.23797887563705444,
      0.3087365925312042,
      0.21417507529258728,
      0.24325743317604065,
      0.9999999403953552,
      0.4226161539554596,
      0.23597097396850586
    ],
    [
      0.3897096812725067,
      0.413374125957489,
      0.5078384280204773,
      0.5122284293174744,
      0.5543635487556458,
      0.41196009516716003,
      0.32162538170814514,
      0.2763166129589081,
      0.19352808594703674,
      0.3105112910270691,
      0.4591650664806366,
      0.38835689425468445,
      0.3772636651992798,
      0.4226161539554596,
      1.0,
      0.45502209663391113
    ],
    [
      0.32625770568847656,
      0.2649863064289093,
      0.3172522485256195,
      0.41516053676605225,
      0.3509688377380371,
      0.35255590081214905,
      0.33461323380470276,
      0.28955814242362976,
      0.22817914187908173,
      0.32434290647506714,
      0.32259202003479004,
      0.30989378690719604,
      0.4593068063259125,
      0.23597097396850586,
      0.45502209663391113,
      0.9999999403953552
    ]
  ]
}