{
  "game_number": 11,
  "words": [
    "BOTTLE",
    "CARAFE",
    "DECANTER",
    "GLASS",
    "CLEFT",
    "RENT",
    "SPLIT",
    "TORN",
    "CORAL",
    "GARTER",
    "KING",
    "RATTLE",
    "BOOTY",
    "CLOSE",
    "COLD",
    "CURTAIN"
  ],
  "adjacency_matrix": [
    [
      1.0,
      0.6753173470497131,
      0.6653682589530945,
      0.6718420386314392,
      0.3527753949165344,
      0.348009318113327,
      0.3305189311504364,
      0.2700771689414978,
      0.3105925917625427,
      0.3989242613315582,
      0.28251805901527405,
      0.42484578490257263,
      0.2730758786201477,
      0.30925166606903076,
      0.3704986870288849,
      0.3745883107185364
    ],
    [
      0.6753173470497131,
      1.0,
      0.7394080758094788,
      0.6677371859550476,
      0.3629728853702545,
      0.32045799493789673,
      0.28766289353370667,
      0.26327377557754517,
      0.3777806758880615,
      0.3239162862300873,
      0.2929297685623169,
      0.3514237701892853,
      0.28448423743247986,
      0.3625267446041107,
      0.41924601793289185,
      0.39671024680137634
    ],
    [
      0.6653682589530945,
      0.7394080758094788,
      1.0,
      0.6622791290283203,
      0.3579120934009552,
      0.3133785128593445,
      0.3543292284011841,
      0.2615090608596802,
      0.3240867257118225,
      0.3901563584804535,
      0.35329821705818176,
      0.3645874559879303,
      0.2673490047454834,
      0.3273542523384094,
      0.33007270097732544,
      0.4201716482639313
    ],
    [
      0.6718420386314392,
      0.6677371859550476,
      0.6622791290283203,
      1.0,
      0.3407536447048187,
      0.3358864486217499,
      0.3182865381240845,
      0.3536835014820099,
      0.4656144976615906,
      0.35902145504951477,
      0.2604385018348694,
      0.4151442050933838,
      0.24583762884140015,
      0.2843557894229889,
      0.4203663468360901,
      0.44857197999954224
    ],
    [
      0.3527753949165344,
      0.3629728853702545,
      0.3579120934009552,
      0.3407536447048187,
      1.0,
      0.29310885071754456,
      0.44540879130363464,
      0.3974999487400055,
      0.36737263202667236,
      0.2678714096546173,
      0.30265235900878906,
      0.29740020632743835,
      0.23622173070907593,
      0.4300629794597626,
      0.31686604022979736,
      0.3676488995552063
    ],
    [
      0.348009318113327,
      0.32045799493789673,
      0.3133785128593445,
      0.3358864486217499,
      0.29310885071754456,
      0.9999999403953552,
      0.3968302011489868,
      0.3371926248073578,
      0.25412487983703613,
      0.21922186017036438,
      0.29864823818206787,
      0.26946014165878296,
      0.33939531445503235,
      0.36872339248657227,
      0.3361409604549408,
      0.3425140380859375
    ],
    [
      0.3305189311504364,
      0.28766289353370667,
      0.3543292284011841,
      0.3182865381240845,
      0.44540879130363464,
      0.3968302011489868,
      1.0,
      0.48104190826416016,
      0.23304112255573273,
      0.1736726611852646,
      0.2645411491394043,
      0.3104593753814697,
      0.30509689450263977,
      0.5393007397651672,
      0.32969921827316284,
      0.38184821605682373
    ],
    [
      0.2700771689414978,
      0.26327377557754517,
      0.2615090608596802,
      0.3536835014820099,
      0.3974999487400055,
      0.3371926248073578,
      0.48104190826416016,
      0.9999999403953552,
      0.29621535539627075,
      0.3147903084754944,
      0.24081969261169434,
      0.35716956853866577,
      0.2651185989379883,
      0.37253889441490173,
      0.39605259895324707,
      0.3874846398830414
    ],
    [
      0.3105925917625427,
      0.3777806758880615,
      0.3240867257118225,
      0.4656144976615906,
      0.36737263202667236,
      0.25412487983703613,
      0.23304112255573273,
      0.29621535539627075,
      0.9999999403953552,
      0.3754795789718628,
      0.3047826886177063,
      0.3317672610282898,
      0.2726008892059326,
      0.23781877756118774,
      0.32007986307144165,
      0.2995765209197998
    ],
    [
      0.3989242613315582,
      0.3239162862300873,
      0.3901563584804535,
      0.35902145504951477,
      0.2678714096546173,
      0.21922186017036438,
      0.1736726611852646,
      0.3147903084754944,
      0.3754795789718628,
      1.0,
      0.4399193227291107,
      0.3878363370895386,
      0.28145304322242737,
      0.18981163203716278,
      0.231223925948143,
      0.3499568700790405
    ],
    [
      0.28251805901527405,
      0.2929297685623169,
      0.35329821705818176,
      0.2604385018348694,
      0.30265235900878906,
      0.29864823818206787,
      0.2645411491394043,
      0.24081969261169434,
      0.3047826886177063,
      0.4399193227291107,
      1.0,
      0.2740806043148041,
      0.4059193730354309,
      0.27696970105171204,
      0.2594963312149048,
      0.26529842615127563
    ],
    [
      0.42484578490257263,
      0.3514237701892853,
      0.3645874559879303,
      0.4151442050933838,
      0.29740020632743835,
      0.26946014165878296,
      0.3104593753814697,
      0.35716956853866577,
      0.3317672610282898,
      0.3878363370895386,
      0.2740806043148041,
      1.0,
      0.320038378238678,
      0.35585203766822815,
      0.3612205982208252,
      0.3688123822212219
    ],
    [
      0.2730758786201477,
      0.28448423743247986,
      0.2673490047454834,
      0.24583762884140015,
      0.23622173070907593,
      0.33939531445503235,
      0.30509689450263977,
      0.2651185989379883,
      0.2726008892059326,
      0.28145304322242737,
      0.4059193730354309,
      0.320038378238678,
      1.0,
      0.2041369378566742,
      0.26403355598449707,
      0.18755485117435455
    ],
    [
      0.30925166606903076,
      0.3625267446041107,
      0.3273542523384094,
      0.2843557894229889,
      0.4300629794597626,
      0.36872339248657227,
      0.5393007397651672,
      0.37253889441490173,
      0.23781877756118774,
      0.18981163203716278,
      0.27696970105171204,
      0.35585203766822815,
      0.2041369378566742,
      1.0,
      0.47227227687835693,
      0.4566642940044403
    ],
    [
      0.3704986870288849,
      0.41924601793289185,
      0.33007270097732544,
      0.4203663468360901,
      0.31686604022979736,
      0.3361409604549408,
      0.32969921827316284,
      0.39605259895324707,
      0.32007986307144165,
      0.231223925948143,
      0.2594963312149048,
      0.3612205982208252,
      0.26403355598449707,
      0.47227227687835693,
      1.0,
      0.37139633297920227
    ],
    [
      0.3745883107185364,
      0.39671024680137634,
      0.4201716482639313,
      0.44857197999954224,
      0.3676488995552063,
      0.3425140380859375,
      0.38184821605682373,
      0.3874846398830414,
      0.2995765209197998,
      0.3499568700790405,
      0.26529842615127563,
      0.3688123822212219,
      0.18755485117435455,
      0.4566642940044403,
      0.37139633297920227,
      1.0
    ]
  ]
}