{
  "game_number": 397,
  "words": [
    "AFFECT",
    "AIRS",
    "CHARADE",
    "FRONT",
    "BERRY",
    "KING",
    "PAGE",
    "WATERS",
    "FIDDLE",
    "GUESS",
    "NATURE",
    "WIND",
    "CYCLE",
    "PHASE",
    "ROUND",
    "STAGE"
  ],
  "adjacency_matrix": [
    [
      1.0,
      0.2780073285102844,
      0.2600639760494232,
      0.3795756995677948,
      0.2974033057689667,
      0.28523489832878113,
      0.38434699177742004,
      0.3675834536552429,
      0.3349238634109497,
      0.3910082280635834,
      0.5186702013015747,
      0.42122361063957214,
      0.3715660870075226,
      0.3968232572078705,
      0.3310190439224243,
      0.3917781114578247
    ],
    [
      0.2780073285102844,
      1.0,
      0.2680569291114807,
      0.255883127450943,
      0.18496741354465485,
      0.23159092664718628,
      0.25837621092796326,
      0.41660597920417786,
      0.24096105992794037,
      0.17717218399047852,
      0.36806944012641907,
      0.3790777921676636,
      0.2527601420879364,
      0.27336156368255615,
      0.30235928297042847,
      0.29298481345176697
    ],
    [
      0.2600639760494232,
      0.2680569291114807,
      1.0,
      0.40974047780036926,
      0.17918021976947784,
      0.33126509189605713,
      0.3016672134399414,
      0.2517927885055542,
      0.37591978907585144,
      0.3396134674549103,
      0.37064042687416077,
      0.30271002650260925,
      0.3948686420917511,
      0.3977879583835602,
      0.41901543736457825,
      0.43877458572387695
    ],
    [
      0.3795756995677948,
      0.255883127450943,
      0.40974047780036926,
      1.0000001192092896,
      0.2601223289966583,
      0.3072124719619751,
      0.5300748944282532,
      0.33024734258651733,
      0.35005050897598267,
      0.2900933027267456,
      0.3737906217575073,
      0.42258477210998535,
      0.3731347918510437,
      0.42041856050491333,
      0.49693816900253296,
      0.5782470107078552
    ],
    [
      0.2974033057689667,
      0.18496741354465485,
      0.17918021976947784,
      0.2601223289966583,
      0.9999999403953552,
      0.25722238421440125,
      0.191551074385643,
      0.3172036111354828,
      0.2968183159828186,
      0.19123268127441406,
      0.39230087399482727,
      0.3416629731655121,
      0.2507380247116089,
      0.2822995185852051,
      0.3071027398109436,
      0.25941476225852966
    ],
    [
      0.28523489832878113,
      0.23159092664718628,
      0.33126509189605713,
      0.3072124719619751,
      0.25722238421440125,
      1.0,
      0.29937443137168884,
      0.32009753584861755,
      0.3167126178741455,
      0.28603285551071167,
      0.3591936230659485,
      0.2953844368457794,
      0.2897549569606781,
      0.2815804183483124,
      0.27176177501678467,
      0.31807079911231995
    ],
    [
      0.38434699177742004,
      0.25837621092796326,
      0.3016672134399414,
      0.5300748944282532,
      0.191551074385643,
      0.29937443137168884,
      1.0,
      0.33495986461639404,
      0.3099425435066223,
      0.3290526270866394,
      0.39882904291152954,
      0.2659322917461395,
      0.36226674914360046,
      0.35135504603385925,
      0.3496478796005249,
      0.423132985830307
    ],
    [
      0.3675834536552429,
      0.41660597920417786,
      0.2517927885055542,
      0.33024734258651733,
      0.3172036111354828,
      0.32009753584861755,
      0.33495986461639404,
      1.0,
      0.22672037780284882,
      0.19111646711826324,
      0.4662575423717499,
      0.45117583870887756,
      0.30771389603614807,
      0.3340443968772888,
      0.2942170798778534,
      0.2944553792476654
    ],
    [
      0.3349238634109497,
      0.24096105992794037,
      0.37591978907585144,
      0.35005050897598267,
      0.2968183159828186,
      0.3167126178741455,
      0.3099425435066223,
      0.22672037780284882,
      1.0,
      0.37882378697395325,
      0.3764025568962097,
      0.44473421573638916,
      0.31582656502723694,
      0.2844125032424927,
      0.4225021302700043,
      0.377499520778656
    ],
    [
      0.3910082280635834,
      0.17717218399047852,
      0.3396134674549103,
      0.2900933027267456,
      0.19123268127441406,
      0.28603285551071167,
      0.3290526270866394,
      0.19111646711826324,
      0.37882378697395325,
      1.0,
      0.37773147225379944,
      0.2882997393608093,
      0.2633102238178253,
      0.32503923773765564,
      0.33873891830444336,
      0.3132430613040924
    ],
    [
      0.5186702013015747,
      0.36806944012641907,
      0.37064042687416077,
      0.3737906217575073,
      0.39230087399482727,
      0.3591936230659485,
      0.39882904291152954,
      0.4662575423717499,
      0.3764025568962097,
      0.37773147225379944,
      1.0,
      0.46046164631843567,
      0.44333508610725403,
      0.4792659878730774,
      0.31544503569602966,
      0.42407965660095215
    ],
    [
      0.42122361063957214,
      0.3790777921676636,
      0.30271002650260925,
      0.42258477210998535,
      0.3416629731655121,
      0.2953844368457794,
      0.2659322917461395,
      0.45117583870887756,
      0.44473421573638916,
      0.2882997393608093,
      0.46046164631843567,
      1.0000001192092896,
      0.41453632712364197,
      0.3910425007343292,
      0.42428550124168396,
      0.3718796670436859
    ],
    [
      0.3715660870075226,
      0.2527601420879364,
      0.3948686420917511,
      0.3731347918510437,
      0.2507380247116089,
      0.2897549569606781,
      0.36226674914360046,
      0.30771389603614807,
      0.31582656502723694,
      0.2633102238178253,
      0.44333508610725403,
      0.41453632712364197,
      1.0,
      0.6320111155509949,
      0.4516391456127167,
      0.5625964999198914
    ],
    [
      0.3968232572078705,
      0.27336156368255615,
      0.3977879583835602,
      0.42041856050491333,
      0.2822995185852051,
      0.2815804183483124,
      0.35135504603385925,
      0.3340443968772888,
      0.2844125032424927,
      0.32503923773765564,
      0.4792659878730774,
      0.3910425007343292,
      0.6320111155509949,
      1.0,
      0.5088781714439392,
      0.6818477511405945
    ],
    [
      0.3310190439224243,
      0.30235928297042847,
      0.41901543736457825,
      0.49693816900253296,
      0.3071027398109436,
      0.27176177501678467,
      0.3496478796005249,
      0.2942170798778534,
      0.4225021302700043,
      0.33873891830444336,
      0.31544503569602966,
      0.42428550124168396,
      0.4516391456127167,
      0.5088781714439392,
      0.9999999403953552,
      0.5525415539741516
    ],
    [
      0.3917781114578247,
      0.29298481345176697,
      0.43877458572387695,
      0.5782470107078552,
      0.25941476225852966,
      0.31807079911231995,
      0.423132985830307,
      0.2944553792476654,
      0.377499520778656,
      0.3132430613040924,
      0.42407965660095215,
      0.3718796670436859,
      0.5625964999198914,
      0.6818477511405945,
      0.5525415539741516,
      1.0
    ]
  ]
}