{
  "game_number": 360,
  "words": [
    "LINE",
    "PLANE",
    "POINT",
    "SOLID",
    "FILE",
    "HISTORY",
    "VIEW",
    "WINDOW",
    "ANIMAL",
    "DOOR",
    "KINK",
    "SUPREME",
    "AIOLI",
    "BARBECUE",
    "MARINARA",
    "RANCH"
  ],
  "adjacency_matrix": [
    [
      1.0,
      0.5015491843223572,
      0.5855306386947632,
      0.4567333459854126,
      0.4859335422515869,
      0.44704633951187134,
      0.479287326335907,
      0.46090903878211975,
      0.39874979853630066,
      0.4197311997413635,
      0.46020907163619995,
      0.3784731328487396,
      0.17743974924087524,
      0.3049297630786896,
      0.35559356212615967,
      0.36885836720466614
    ],
    [
      0.5015491843223572,
      1.0,
      0.4660579264163971,
      0.3420269787311554,
      0.3516972064971924,
      0.319711297750473,
      0.3842322826385498,
      0.4316655397415161,
      0.359095960855484,
      0.3971918523311615,
      0.35606881976127625,
      0.2999398708343506,
      0.11585303395986557,
      0.30235791206359863,
      0.2770251929759979,
      0.363421767950058
    ],
    [
      0.5855306386947632,
      0.4660579264163971,
      1.0000001192092896,
      0.43294858932495117,
      0.37906309962272644,
      0.44206491112709045,
      0.702592134475708,
      0.40455350279808044,
      0.3011552691459656,
      0.4067525565624237,
      0.39534130692481995,
      0.38647013902664185,
      0.10562509298324585,
      0.2926753759384155,
      0.23738564550876617,
      0.31027713418006897
    ],
    [
      0.4567333459854126,
      0.3420269787311554,
      0.43294858932495117,
      1.0,
      0.2944626808166504,
      0.35250186920166016,
      0.33630692958831787,
      0.30639344453811646,
      0.39272990822792053,
      0.26993870735168457,
      0.3110494017601013,
      0.3853769302368164,
      0.19224302470684052,
      0.2842479944229126,
      0.32770615816116333,
      0.21242952346801758
    ],
    [
      0.4859335422515869,
      0.3516972064971924,
      0.37906309962272644,
      0.2944626808166504,
      1.0,
      0.42515528202056885,
      0.41855496168136597,
      0.4602194130420685,
      0.3279581069946289,
      0.3596954941749573,
      0.28662097454071045,
      0.27343618869781494,
      0.1463475376367569,
      0.2941184937953949,
      0.31743964552879333,
      0.3139246106147766
    ],
    [
      0.44704633951187134,
      0.319711297750473,
      0.44206491112709045,
      0.35250186920166016,
      0.42515528202056885,
      1.0,
      0.522510826587677,
      0.3860664665699005,
      0.4020601212978363,
      0.24397410452365875,
      0.28650417923927307,
      0.4036199748516083,
      0.08970357477664948,
      0.330218106508255,
      0.28004190325737,
      0.3061506450176239
    ],
    [
      0.479287326335907,
      0.3842322826385498,
      0.702592134475708,
      0.33630692958831787,
      0.41855496168136597,
      0.522510826587677,
      0.9999999403953552,
      0.47173210978507996,
      0.30612826347351074,
      0.35626086592674255,
      0.3573792278766632,
      0.3944965600967407,
      0.044297266751527786,
      0.2718413174152374,
      0.18617156147956848,
      0.30423974990844727
    ],
    [
      0.46090903878211975,
      0.4316655397415161,
      0.40455350279808044,
      0.30639344453811646,
      0.4602194130420685,
      0.3860664665699005,
      0.47173210978507996,
      1.0,
      0.30054324865341187,
      0.6737550497055054,
      0.30235520005226135,
      0.2574942111968994,
      0.15009255707263947,
      0.30716779828071594,
      0.24488861858844757,
      0.3175024688243866
    ],
    [
      0.39874979853630066,
      0.359095960855484,
      0.3011552691459656,
      0.39272990822792053,
      0.3279581069946289,
      0.4020601212978363,
      0.30612826347351074,
      0.30054324865341187,
      0.9999998807907104,
      0.2799399495124817,
      0.3190578520298004,
      0.36783480644226074,
      0.09195926785469055,
      0.31640562415122986,
      0.3310958743095398,
      0.3720477819442749
    ],
    [
      0.4197311997413635,
      0.3971918523311615,
      0.4067525565624237,
      0.26993870735168457,
      0.3596954941749573,
      0.24397410452365875,
      0.35626086592674255,
      0.6737550497055054,
      0.2799399495124817,
      1.0,
      0.2900161147117615,
      0.2512246072292328,
      0.13666492700576782,
      0.33310505747795105,
      0.22801810503005981,
      0.3267594277858734
    ],
    [
      0.46020907163619995,
      0.35606881976127625,
      0.39534130692481995,
      0.3110494017601013,
      0.28662097454071045,
      0.28650417923927307,
      0.3573792278766632,
      0.30235520005226135,
      0.3190578520298004,
      0.2900161147117615,
      1.0,
      0.28244954347610474,
      0.16808827221393585,
      0.34598273038864136,
      0.29996663331985474,
      0.23499558866024017
    ],
    [
      0.3784731328487396,
      0.2999398708343506,
      0.38647013902664185,
      0.3853769302368164,
      0.27343618869781494,
      0.4036199748516083,
      0.3944965600967407,
      0.2574942111968994,
      0.36783480644226074,
      0.2512246072292328,
      0.28244954347610474,
      1.0,
      0.20147623121738434,
      0.30777403712272644,
      0.30798956751823425,
      0.27821338176727295
    ],
    [
      0.17743974924087524,
      0.11585303395986557,
      0.10562509298324585,
      0.19224302470684052,
      0.1463475376367569,
      0.08970357477664948,
      0.044297266751527786,
      0.15009255707263947,
      0.09195926785469055,
      0.13666492700576782,
      0.16808827221393585,
      0.20147623121738434,
      0.9999999403953552,
      0.33023974299430847,
      0.689018726348877,
      0.11222187429666519
    ],
    [
      0.3049297630786896,
      0.30235791206359863,
      0.2926753759384155,
      0.2842479944229126,
      0.2941184937953949,
      0.330218106508255,
      0.2718413174152374,
      0.30716779828071594,
      0.31640562415122986,
      0.33310505747795105,
      0.34598273038864136,
      0.30777403712272644,
      0.33023974299430847,
      1.0,
      0.4506601095199585,
      0.4232480823993683
    ],
    [
      0.35559356212615967,
      0.2770251929759979,
      0.23738564550876617,
      0.32770615816116333,
      0.31743964552879333,
      0.28004190325737,
      0.18617156147956848,
      0.24488861858844757,
      0.3310958743095398,
      0.22801810503005981,
      0.29996663331985474,
      0.30798956751823425,
      0.689018726348877,
      0.4506601095199585,
      0.9999999403953552,
      0.23618178069591522
    ],
    [
      0.36885836720466614,
      0.363421767950058,
      0.31027713418006897,
      0.21242952346801758,
      0.3139246106147766,
      0.3061506450176239,
      0.30423974990844727,
      0.3175024688243866,
      0.3720477819442749,
      0.3267594277858734,
      0.23499558866024017,
      0.27821338176727295,
      0.11222187429666519,
      0.4232480823993683,
      0.23618178069591522,
      1.0
    ]
  ]
}