{
  "game_number": 494,
  "words": [
    "BET",
    "E",
    "HALLMARK",
    "USA",
    "ALFA",
    "BRAVO",
    "ROMEO",
    "TANGO",
    "BOO",
    "POM",
    "TOM",
    "YO",
    "CLEF",
    "NOTE",
    "REST",
    "STAFF"
  ],
  "adjacency_matrix": [
    [
      1.0,
      -0.021562419831752777,
      0.22901780903339386,
      0.2697945535182953,
      0.08808846026659012,
      0.30175501108169556,
      0.2499532550573349,
      0.3074135184288025,
      0.3215610384941101,
      0.1605091392993927,
      0.31563377380371094,
      0.2857166528701782,
      0.2073698788881302,
      0.4187089204788208,
      0.4372009336948395,
      0.19950509071350098
    ],
    [
      -0.021562419831752777,
      1.0,
      -0.11108803749084473,
      0.02867049165070057,
      0.3209328353404999,
      0.06571997702121735,
      0.1036021038889885,
      0.0029067411087453365,
      0.1278550624847412,
      0.2681064009666443,
      0.09805761277675629,
      0.35702580213546753,
      0.16955457627773285,
      -0.01194495428353548,
      -0.16325116157531738,
      -0.09973029047250748
    ],
    [
      0.22901780903339386,
      -0.11108803749084473,
      1.0,
      0.20217759907245636,
      0.08906789124011993,
      0.2738465368747711,
      0.15551897883415222,
      0.29452812671661377,
      0.23800353705883026,
      0.043173015117645264,
      0.261272132396698,
      0.022894740104675293,
      0.1581907719373703,
      0.36995795369148254,
      0.38445478677749634,
      0.33542391657829285
    ],
    [
      0.2697945535182953,
      0.02867049165070057,
      0.20217759907245636,
      1.0,
      0.3767000734806061,
      0.3788806200027466,
      0.4159639775753021,
      0.24379977583885193,
      0.31414565443992615,
      0.25979968905448914,
      0.401478111743927,
      0.36268237233161926,
      0.1651218682527542,
      0.19929993152618408,
      0.28286096453666687,
      0.2141280621290207
    ],
    [
      0.08808846026659012,
      0.3209328353404999,
      0.08906789124011993,
      0.3767000734806061,
      1.0,
      0.29547110199928284,
      0.44455450773239136,
      0.21394293010234833,
      0.15422987937927246,
      0.2253941148519516,
      0.2606053054332733,
      0.25600340962409973,
      0.2503935694694519,
      0.026571862399578094,
      0.09134179353713989,
      0.03788045421242714
    ],
    [
      0.30175501108169556,
      0.06571997702121735,
      0.2738465368747711,
      0.3788806200027466,
      0.29547110199928284,
      1.0,
      0.4697711765766144,
      0.33650124073028564,
      0.3888012170791626,
      0.27784261107444763,
      0.36479416489601135,
      0.3301088511943817,
      0.20716455578804016,
      0.27681684494018555,
      0.28059685230255127,
      0.22904039919376373
    ],
    [
      0.2499532550573349,
      0.1036021038889885,
      0.15551897883415222,
      0.4159639775753021,
      0.44455450773239136,
      0.4697711765766144,
      1.0,
      0.3897703289985657,
      0.3794550895690918,
      0.31930676102638245,
      0.46644315123558044,
      0.36528483033180237,
      0.36145538091659546,
      0.2054096907377243,
      0.23883457481861115,
      0.21579715609550476
    ],
    [
      0.3074135184288025,
      0.0029067411087453365,
      0.29452812671661377,
      0.24379977583885193,
      0.21394293010234833,
      0.33650124073028564,
      0.3897703289985657,
      1.0,
      0.2166161835193634,
      0.17472457885742188,
      0.250387579202652,
      0.21489061415195465,
      0.20451681315898895,
      0.26658597588539124,
      0.2716900706291199,
      0.13531389832496643
    ],
    [
      0.3215610384941101,
      0.1278550624847412,
      0.23800353705883026,
      0.31414565443992615,
      0.15422987937927246,
      0.3888012170791626,
      0.3794550895690918,
      0.2166161835193634,
      1.0,
      0.35979780554771423,
      0.39481329917907715,
      0.3455420136451721,
      0.18850989639759064,
      0.2443501353263855,
      0.3100937306880951,
      0.2427733987569809
    ],
    [
      0.1605091392993927,
      0.2681064009666443,
      0.043173015117645264,
      0.25979968905448914,
      0.2253941148519516,
      0.27784261107444763,
      0.31930676102638245,
      0.17472457885742188,
      0.35979780554771423,
      1.0,
      0.2667601704597473,
      0.3135509788990021,
      0.1407768875360489,
      0.07688476145267487,
      0.0518193356692791,
      0.10625077784061432
    ],
    [
      0.31563377380371094,
      0.09805761277675629,
      0.261272132396698,
      0.401478111743927,
      0.2606053054332733,
      0.36479416489601135,
      0.46644315123558044,
      0.250387579202652,
      0.39481329917907715,
      0.2667601704597473,
      1.0,
      0.36310887336730957,
      0.32627007365226746,
      0.29298150539398193,
      0.28412342071533203,
      0.2217615693807602
    ],
    [
      0.2857166528701782,
      0.35702580213546753,
      0.022894740104675293,
      0.36268237233161926,
      0.25600340962409973,
      0.3301088511943817,
      0.36528483033180237,
      0.21489061415195465,
      0.3455420136451721,
      0.3135509788990021,
      0.36310887336730957,
      1.0,
      0.1458457112312317,
      0.19406674802303314,
      0.13762572407722473,
      0.03834005445241928
    ],
    [
      0.2073698788881302,
      0.16955457627773285,
      0.1581907719373703,
      0.1651218682527542,
      0.2503935694694519,
      0.20716455578804016,
      0.36145538091659546,
      0.20451681315898895,
      0.18850989639759064,
      0.1407768875360489,
      0.32627007365226746,
      0.1458457112312317,
      0.9999999403953552,
      0.27554449439048767,
      0.10398999601602554,
      0.1084844321012497
    ],
    [
      0.4187089204788208,
      -0.01194495428353548,
      0.36995795369148254,
      0.19929993152618408,
      0.026571862399578094,
      0.27681684494018555,
      0.2054096907377243,
      0.26658597588539124,
      0.2443501353263855,
      0.07688476145267487,
      0.29298150539398193,
      0.19406674802303314,
      0.27554449439048767,
      1.0,
      0.4514737129211426,
      0.3182528018951416
    ],
    [
      0.4372009336948395,
      -0.16325116157531738,
      0.38445478677749634,
      0.28286096453666687,
      0.09134179353713989,
      0.28059685230255127,
      0.23883457481861115,
      0.2716900706291199,
      0.3100937306880951,
      0.0518193356692791,
      0.28412342071533203,
      0.13762572407722473,
      0.10398999601602554,
      0.4514737129211426,
      1.0,
      0.40021374821662903
    ],
    [
      0.19950509071350098,
      -0.09973029047250748,
      0.33542391657829285,
      0.2141280621290207,
      0.03788045421242714,
      0.22904039919376373,
      0.21579715609550476,
      0.13531389832496643,
      0.2427733987569809,
      0.10625077784061432,
      0.2217615693807602,
      0.03834005445241928,
      0.1084844321012497,
      0.3182528018951416,
      0.40021374821662903,
      1.0
    ]
  ]
}