{
  "game_number": 178,
  "words": [
    "BOAT",
    "CREW",
    "SCOOP",
    "V",
    "GRAND",
    "K",
    "M",
    "THOU",
    "8",
    "BOWL",
    "GLUE",
    "TUESDAY",
    "COCONUT",
    "CROWN",
    "DOME",
    "SKULL"
  ],
  "adjacency_matrix": [
    [
      0.9999998807907104,
      0.5521215200424194,
      0.4218074083328247,
      -0.008876670151948929,
      0.38267552852630615,
      -0.04396699368953705,
      -0.010714946314692497,
      0.19746318459510803,
      -0.031915903091430664,
      0.401658833026886,
      0.336464524269104,
      0.2139146775007248,
      0.3475566506385803,
      0.310014933347702,
      0.31854668259620667,
      0.28629767894744873
    ],
    [
      0.5521215200424194,
      1.0,
      0.30884888768196106,
      -0.057029012590646744,
      0.28427547216415405,
      -0.08608250319957733,
      -0.04292662441730499,
      0.16269034147262573,
      -0.0074874176643788815,
      0.26510804891586304,
      0.24741965532302856,
      0.1155475303530693,
      0.193669393658638,
      0.24769537150859833,
      0.30190154910087585,
      0.21052755415439606
    ],
    [
      0.4218074083328247,
      0.30884888768196106,
      1.0,
      -0.058490216732025146,
      0.35697129368782043,
      -0.04853091016411781,
      -0.06630038470029831,
      0.12844248116016388,
      -0.04690629243850708,
      0.5018513798713684,
      0.3321518003940582,
      0.25418567657470703,
      0.3852182626724243,
      0.39300045371055603,
      0.3616030812263489,
      0.30930599570274353
    ],
    [
      -0.008876670151948929,
      -0.057029012590646744,
      -0.058490216732025146,
      1.0000001192092896,
      -0.08378347009420395,
      0.7587809562683105,
      0.6434912085533142,
      0.13444609940052032,
      0.6240571737289429,
      -0.014628563076257706,
      -0.0179542675614357,
      0.09799306094646454,
      0.020767541602253914,
      -0.06138679012656212,
      -0.04450416937470436,
      -0.0504588857293129
    ],
    [
      0.38267552852630615,
      0.28427547216415405,
      0.35697129368782043,
      -0.08378347009420395,
      1.0,
      -0.05431753769516945,
      -0.06111444905400276,
      0.19643276929855347,
      -0.05913953110575676,
      0.3886018991470337,
      0.19800902903079987,
      0.2797580659389496,
      0.2619480490684509,
      0.48710793256759644,
      0.37514474987983704,
      0.2561468780040741
    ],
    [
      -0.04396699368953705,
      -0.08608250319957733,
      -0.04853091016411781,
      0.7587809562683105,
      -0.05431753769516945,
      1.0,
      0.749722421169281,
      0.1053917333483696,
      0.6722232699394226,
      -0.06873991340398788,
      -0.046944793313741684,
      0.1320887804031372,
      0.060822345316410065,
      -0.09106311202049255,
      -0.03967408835887909,
      -0.04233936965465546
    ],
    [
      -0.010714946314692497,
      -0.04292662441730499,
      -0.06630038470029831,
      0.6434912085533142,
      -0.06111444905400276,
      0.749722421169281,
      1.0,
      0.11765341460704803,
      0.6470449566841125,
      -0.08873561024665833,
      -0.07349412143230438,
      0.08613725006580353,
      0.026932235807180405,
      -0.1387251615524292,
      -0.019988643005490303,
      -0.07575246691703796
    ],
    [
      0.19746318459510803,
      0.16269034147262573,
      0.12844248116016388,
      0.13444609940052032,
      0.19643276929855347,
      0.1053917333483696,
      0.11765341460704803,
      0.9999999403953552,
      0.06666722148656845,
      0.24796703457832336,
      0.1918790340423584,
      0.189287930727005,
      0.15553227066993713,
      0.22981476783752441,
      0.132942795753479,
      0.08137472718954086
    ],
    [
      -0.031915903091430664,
      -0.0074874176643788815,
      -0.04690629243850708,
      0.6240571737289429,
      -0.05913953110575676,
      0.6722232699394226,
      0.6470449566841125,
      0.06666722148656845,
      0.9999999403953552,
      -0.013342555612325668,
      -0.06263859570026398,
      0.1507907509803772,
      0.007682094816118479,
      -0.12319809943437576,
      -0.006621537730097771,
      -0.05207476019859314
    ],
    [
      0.401658833026886,
      0.26510804891586304,
      0.5018513798713684,
      -0.014628563076257706,
      0.3886018991470337,
      -0.06873991340398788,
      -0.08873561024665833,
      0.24796703457832336,
      -0.013342555612325668,
      1.0,
      0.3607836961746216,
      0.1979134976863861,
      0.44277065992355347,
      0.39688923954963684,
      0.45908576250076294,
      0.3715816140174866
    ],
    [
      0.336464524269104,
      0.24741965532302856,
      0.3321518003940582,
      -0.0179542675614357,
      0.19800902903079987,
      -0.046944793313741684,
      -0.07349412143230438,
      0.1918790340423584,
      -0.06263859570026398,
      0.3607836961746216,
      1.0,
      0.13633492588996887,
      0.3961467146873474,
      0.33191701769828796,
      0.32462838292121887,
      0.36382395029067993
    ],
    [
      0.2139146775007248,
      0.1155475303530693,
      0.25418567657470703,
      0.09799306094646454,
      0.2797580659389496,
      0.1320887804031372,
      0.08613725006580353,
      0.189287930727005,
      0.1507907509803772,
      0.1979134976863861,
      0.13633492588996887,
      1.0000001192092896,
      0.17641836404800415,
      0.1655954122543335,
      0.16557244956493378,
      0.15282200276851654
    ],
    [
      0.3475566506385803,
      0.193669393658638,
      0.3852182626724243,
      0.020767541602253914,
      0.2619480490684509,
      0.060822345316410065,
      0.026932235807180405,
      0.15553227066993713,
      0.007682094816118479,
      0.44277065992355347,
      0.3961467146873474,
      0.17641836404800415,
      1.0,
      0.37092551589012146,
      0.3360099792480469,
      0.3606458604335785
    ],
    [
      0.310014933347702,
      0.24769537150859833,
      0.39300045371055603,
      -0.06138679012656212,
      0.48710793256759644,
      -0.09106311202049255,
      -0.1387251615524292,
      0.22981476783752441,
      -0.12319809943437576,
      0.39688923954963684,
      0.33191701769828796,
      0.1655954122543335,
      0.37092551589012146,
      1.0,
      0.4766455292701721,
      0.439216673374176
    ],
    [
      0.31854668259620667,
      0.30190154910087585,
      0.3616030812263489,
      -0.04450416937470436,
      0.37514474987983704,
      -0.03967408835887909,
      -0.019988643005490303,
      0.132942795753479,
      -0.006621537730097771,
      0.45908576250076294,
      0.32462838292121887,
      0.16557244956493378,
      0.3360099792480469,
      0.4766455292701721,
      0.9999999403953552,
      0.39202064275741577
    ],
    [
      0.28629767894744873,
      0.21052755415439606,
      0.30930599570274353,
      -0.0504588857293129,
      0.2561468780040741,
      -0.04233936965465546,
      -0.07575246691703796,
      0.08137472718954086,
      -0.05207476019859314,
      0.3715816140174866,
      0.36382395029067993,
      0.15282200276851654,
      0.3606458604335785,
      0.439216673374176,
      0.39202064275741577,
      1.0
    ]
  ]
}