{
  "game_number": 236,
  "words": [
    "DAB",
    "DASH",
    "DOLLOP",
    "DROP",
    "DAISY",
    "DALE",
    "DOC",
    "DORY",
    "DELIVERY",
    "DINNER",
    "DREAM",
    "DUE",
    "JUICE",
    "MILK",
    "PUNCH",
    "SODA"
  ],
  "adjacency_matrix": [
    [
      1.0,
      0.2991282045841217,
      0.3251670300960541,
      0.2394900768995285,
      0.24007786810398102,
      0.17675180733203888,
      0.3023066520690918,
      0.2587789297103882,
      0.1251153200864792,
      0.23187068104743958,
      0.18968744575977325,
      0.09270418435335159,
      0.19069065153598785,
      0.20993874967098236,
      0.20374424755573273,
      0.14172916114330292
    ],
    [
      0.2991282045841217,
      1.0,
      0.42709067463874817,
      0.43218421936035156,
      0.3229389190673828,
      0.25699666142463684,
      0.3061867952346802,
      0.29756292700767517,
      0.25555419921875,
      0.32302698493003845,
      0.3186386823654175,
      0.20805658400058746,
      0.33570730686187744,
      0.23802782595157623,
      0.4387863874435425,
      0.31225836277008057
    ],
    [
      0.3251670300960541,
      0.42709067463874817,
      1.0,
      0.41917669773101807,
      0.31281501054763794,
      0.24673572182655334,
      0.19336149096488953,
      0.30552658438682556,
      0.33954545855522156,
      0.324647456407547,
      0.2936681807041168,
      0.19143271446228027,
      0.44866740703582764,
      0.44354838132858276,
      0.4140068292617798,
      0.36025625467300415
    ],
    [
      0.2394900768995285,
      0.43218421936035156,
      0.41917669773101807,
      1.0,
      0.2505887448787689,
      0.276397168636322,
      0.30687960982322693,
      0.1626662164926529,
      0.40194299817085266,
      0.3566294312477112,
      0.29908233880996704,
      0.4482450783252716,
      0.38365042209625244,
      0.34152477979660034,
      0.5141459107398987,
      0.36378681659698486
    ],
    [
      0.24007786810398102,
      0.3229389190673828,
      0.31281501054763794,
      0.2505887448787689,
      1.0,
      0.34028175473213196,
      0.22494466602802277,
      0.37798306345939636,
      0.21383458375930786,
      0.24477581679821014,
      0.2735535800457001,
      0.1390465646982193,
      0.3167716860771179,
      0.320449560880661,
      0.2680511772632599,
      0.32906633615493774
    ],
    [
      0.17675180733203888,
      0.25699666142463684,
      0.24673572182655334,
      0.276397168636322,
      0.34028175473213196,
      1.0,
      0.2608020007610321,
      0.32012954354286194,
      0.21021027863025665,
      0.188271626830101,
      0.2708421051502228,
      0.1632268875837326,
      0.19296923279762268,
      0.2701258957386017,
      0.1958724707365036,
      0.23511815071105957
    ],
    [
      0.3023066520690918,
      0.3061867952346802,
      0.19336149096488953,
      0.30687960982322693,
      0.22494466602802277,
      0.2608020007610321,
      0.9999999403953552,
      0.28289198875427246,
      0.24376346170902252,
      0.2959512770175934,
      0.2909618318080902,
      0.18846340477466583,
      0.25151461362838745,
      0.1940946727991104,
      0.25363388657569885,
      0.1729709357023239
    ],
    [
      0.2587789297103882,
      0.29756292700767517,
      0.30552658438682556,
      0.1626662164926529,
      0.37798306345939636,
      0.32012954354286194,
      0.28289198875427246,
      1.0,
      0.1626347303390503,
      0.2292841672897339,
      0.2306322157382965,
      0.10572031140327454,
      0.23248256742954254,
      0.2127031683921814,
      0.2187432050704956,
      0.23998670279979706
    ],
    [
      0.1251153200864792,
      0.25555419921875,
      0.33954545855522156,
      0.40194299817085266,
      0.21383458375930786,
      0.21021027863025665,
      0.24376346170902252,
      0.1626347303390503,
      0.9999999403953552,
      0.3596406877040863,
      0.3054487407207489,
      0.44201257824897766,
      0.29033488035202026,
      0.40801793336868286,
      0.4237295091152191,
      0.2672780454158783
    ],
    [
      0.23187068104743958,
      0.32302698493003845,
      0.324647456407547,
      0.3566294312477112,
      0.24477581679821014,
      0.188271626830101,
      0.2959512770175934,
      0.2292841672897339,
      0.3596406877040863,
      1.0,
      0.32683268189430237,
      0.2874988615512848,
      0.33444127440452576,
      0.32016584277153015,
      0.35628852248191833,
      0.32569512724876404
    ],
    [
      0.18968744575977325,
      0.3186386823654175,
      0.2936681807041168,
      0.29908233880996704,
      0.2735535800457001,
      0.2708421051502228,
      0.2909618318080902,
      0.2306322157382965,
      0.3054487407207489,
      0.32683268189430237,
      1.0,
      0.25680747628211975,
      0.29171761870384216,
      0.27002647519111633,
      0.25349095463752747,
      0.22423450648784637
    ],
    [
      0.09270418435335159,
      0.20805658400058746,
      0.19143271446228027,
      0.4482450783252716,
      0.1390465646982193,
      0.1632268875837326,
      0.18846340477466583,
      0.10572031140327454,
      0.44201257824897766,
      0.2874988615512848,
      0.25680747628211975,
      1.0,
      0.2325252890586853,
      0.2232288271188736,
      0.31186985969543457,
      0.1492568552494049
    ],
    [
      0.19069065153598785,
      0.33570730686187744,
      0.44866740703582764,
      0.38365042209625244,
      0.3167716860771179,
      0.19296923279762268,
      0.25151461362838745,
      0.23248256742954254,
      0.29033488035202026,
      0.33444127440452576,
      0.29171761870384216,
      0.2325252890586853,
      1.0,
      0.6034242510795593,
      0.4543037712574005,
      0.5669652819633484
    ],
    [
      0.20993874967098236,
      0.23802782595157623,
      0.44354838132858276,
      0.34152477979660034,
      0.320449560880661,
      0.2701258957386017,
      0.1940946727991104,
      0.2127031683921814,
      0.40801793336868286,
      0.32016584277153015,
      0.27002647519111633,
      0.2232288271188736,
      0.6034242510795593,
      1.0,
      0.3330762982368469,
      0.49526476860046387
    ],
    [
      0.20374424755573273,
      0.4387863874435425,
      0.4140068292617798,
      0.5141459107398987,
      0.2680511772632599,
      0.1958724707365036,
      0.25363388657569885,
      0.2187432050704956,
      0.4237295091152191,
      0.35628852248191833,
      0.25349095463752747,
      0.31186985969543457,
      0.4543037712574005,
      0.3330762982368469,
      1.0,
      0.37107643485069275
    ],
    [
      0.14172916114330292,
      0.31225836277008057,
      0.36025625467300415,
      0.36378681659698486,
      0.32906633615493774,
      0.23511815071105957,
      0.1729709357023239,
      0.23998670279979706,
      0.2672780454158783,
      0.32569512724876404,
      0.22423450648784637,
      0.1492568552494049,
      0.5669652819633484,
      0.49526476860046387,
      0.37107643485069275,
      1.0000001192092896
    ]
  ]
}