{
  "game_number": 4,
  "words": [
    "BLEW",
    "BROKE",
    "BURST",
    "SPLIT",
    "SHADE",
    "SPECTER",
    "SPIRIT",
    "WIGHT",
    "CALL",
    "DIVINE",
    "FORECAST",
    "READ",
    "AMERICANA",
    "CHORAL",
    "JAZZ",
    "RAP"
  ],
  "adjacency_matrix": [
    [
      1.0,
      0.6504673361778259,
      0.53791743516922,
      0.44134265184402466,
      0.2560718357563019,
      0.249526709318161,
      0.27528345584869385,
      0.24666465818881989,
      0.344261109828949,
      0.2516730725765228,
      0.31082141399383545,
      0.3144339621067047,
      0.046053916215896606,
      0.21376276016235352,
      0.21280500292778015,
      0.2922423779964447
    ],
    [
      0.6504673361778259,
      1.0,
      0.4924781918525696,
      0.5577331185340881,
      0.21728113293647766,
      0.19026362895965576,
      0.33548736572265625,
      0.18486140668392181,
      0.32651740312576294,
      0.2292056828737259,
      0.2688964307308197,
      0.37049445509910583,
      0.037199728190898895,
      0.18743322789669037,
      0.20995178818702698,
      0.3129025399684906
    ],
    [
      0.53791743516922,
      0.4924781918525696,
      1.0,
      0.468862384557724,
      0.34303781390190125,
      0.28832221031188965,
      0.3746359050273895,
      0.2805057466030121,
      0.4000200927257538,
      0.3618665337562561,
      0.3354521691799164,
      0.3153192698955536,
      0.13515423238277435,
      0.35765424370765686,
      0.22955819964408875,
      0.3244028687477112
    ],
    [
      0.44134265184402466,
      0.5577331185340881,
      0.468862384557724,
      1.0,
      0.3570932447910309,
      0.23504860699176788,
      0.2863692343235016,
      0.2799578011035919,
      0.4586714506149292,
      0.3036283552646637,
      0.3441186845302582,
      0.35421228408813477,
      0.11317170411348343,
      0.2732680141925812,
      0.25777968764305115,
      0.344257116317749
    ],
    [
      0.2560718357563019,
      0.21728113293647766,
      0.34303781390190125,
      0.3570932447910309,
      1.0,
      0.3259694576263428,
      0.35982418060302734,
      0.4501800239086151,
      0.3918166756629944,
      0.4068114161491394,
      0.37095677852630615,
      0.2924860417842865,
      0.2343997061252594,
      0.25154414772987366,
      0.2899208068847656,
      0.28729891777038574
    ],
    [
      0.249526709318161,
      0.19026362895965576,
      0.28832221031188965,
      0.23504860699176788,
      0.3259694576263428,
      1.0,
      0.3806861639022827,
      0.32918933033943176,
      0.3386020362377167,
      0.3279043138027191,
      0.315047025680542,
      0.21961204707622528,
      0.2270360141992569,
      0.26020804047584534,
      0.25180917978286743,
      0.27215543389320374
    ],
    [
      0.27528345584869385,
      0.33548736572265625,
      0.3746359050273895,
      0.2863692343235016,
      0.35982418060302734,
      0.3806861639022827,
      1.0,
      0.37538760900497437,
      0.36023107171058655,
      0.5503203868865967,
      0.2788224518299103,
      0.30597102642059326,
      0.24965375661849976,
      0.35336780548095703,
      0.37253281474113464,
      0.3533882200717926
    ],
    [
      0.24666465818881989,
      0.18486140668392181,
      0.2805057466030121,
      0.2799578011035919,
      0.4501800239086151,
      0.32918933033943176,
      0.37538760900497437,
      1.0,
      0.32785725593566895,
      0.3763967752456665,
      0.229654461145401,
      0.24551518261432648,
      0.2591584026813507,
      0.29019832611083984,
      0.2274034321308136,
      0.3047608733177185
    ],
    [
      0.344261109828949,
      0.32651740312576294,
      0.4000200927257538,
      0.4586714506149292,
      0.3918166756629944,
      0.3386020362377167,
      0.36023107171058655,
      0.32785725593566895,
      1.0,
      0.4099448025226593,
      0.4618474543094635,
      0.4853253662586212,
      0.09052139520645142,
      0.29284611344337463,
      0.2754187285900116,
      0.37434861063957214
    ],
    [
      0.2516730725765228,
      0.2292056828737259,
      0.3618665337562561,
      0.3036283552646637,
      0.4068114161491394,
      0.3279043138027191,
      0.5503203868865967,
      0.3763967752456665,
      0.4099448025226593,
      1.0,
      0.34114640951156616,
      0.2299005091190338,
      0.2424028068780899,
      0.4355672001838684,
      0.3518490493297577,
      0.31299373507499695
    ],
    [
      0.31082141399383545,
      0.2688964307308197,
      0.3354521691799164,
      0.3441186845302582,
      0.37095677852630615,
      0.315047025680542,
      0.2788224518299103,
      0.229654461145401,
      0.4618474543094635,
      0.34114640951156616,
      1.0,
      0.3662858307361603,
      0.07570425420999527,
      0.24257490038871765,
      0.20565932989120483,
      0.27801960706710815
    ],
    [
      0.3144339621067047,
      0.37049445509910583,
      0.3153192698955536,
      0.35421228408813477,
      0.2924860417842865,
      0.21961204707622528,
      0.30597102642059326,
      0.24551518261432648,
      0.4853253662586212,
      0.2299005091190338,
      0.3662858307361603,
      1.0,
      0.07109532505273819,
      0.2597201466560364,
      0.1963169276714325,
      0.2897912859916687
    ],
    [
      0.046053916215896606,
      0.037199728190898895,
      0.13515423238277435,
      0.11317170411348343,
      0.2343997061252594,
      0.2270360141992569,
      0.24965375661849976,
      0.2591584026813507,
      0.09052139520645142,
      0.2424028068780899,
      0.07570425420999527,
      0.07109532505273819,
      1.0,
      0.26289254426956177,
      0.375864714384079,
      0.27211758494377136
    ],
    [
      0.21376276016235352,
      0.18743322789669037,
      0.35765424370765686,
      0.2732680141925812,
      0.25154414772987366,
      0.26020804047584534,
      0.35336780548095703,
      0.29019832611083984,
      0.29284611344337463,
      0.4355672001838684,
      0.24257490038871765,
      0.2597201466560364,
      0.26289254426956177,
      1.0,
      0.5026757121086121,
      0.37312501668930054
    ],
    [
      0.21280500292778015,
      0.20995178818702698,
      0.22955819964408875,
      0.25777968764305115,
      0.2899208068847656,
      0.25180917978286743,
      0.37253281474113464,
      0.2274034321308136,
      0.2754187285900116,
      0.3518490493297577,
      0.20565932989120483,
      0.1963169276714325,
      0.375864714384079,
      0.5026757121086121,
      1.0,
      0.5413150191307068
    ],
    [
      0.2922423779964447,
      0.3129025399684906,
      0.3244028687477112,
      0.344257116317749,
      0.28729891777038574,
      0.27215543389320374,
      0.3533882200717926,
      0.3047608733177185,
      0.37434861063957214,
      0.31299373507499695,
      0.27801960706710815,
      0.2897912859916687,
      0.27211758494377136,
      0.37312501668930054,
      0.5413150191307068,
      1.0
    ]
  ]
}