{
  "game_number": 346,
  "words": [
    "MEADOW",
    "PLAIN",
    "PRAIRIE",
    "SAVANNA",
    "DIRECT",
    "FRANK",
    "OPEN",
    "STRAIGHT",
    "AURA",
    "BUCK",
    "DOGE",
    "HODA",
    "DRAFT",
    "OUTLINE",
    "PLAN",
    "SKETCH"
  ],
  "adjacency_matrix": [
    [
      1.0000001192092896,
      0.4543744921684265,
      0.5728134512901306,
      0.4474475383758545,
      0.2483648657798767,
      0.21474719047546387,
      0.36295461654663086,
      0.31774207949638367,
      0.28647372126579285,
      0.22733595967292786,
      0.2396813929080963,
      0.2982543110847473,
      0.22434282302856445,
      0.2825421094894409,
      0.33419540524482727,
      0.31855469942092896
    ],
    [
      0.4543744921684265,
      1.0,
      0.3984212875366211,
      0.4230515658855438,
      0.45298051834106445,
      0.4280003309249878,
      0.45953303575515747,
      0.5666930675506592,
      0.28767603635787964,
      0.28029221296310425,
      0.2656216621398926,
      0.2423505187034607,
      0.2919974625110626,
      0.4876715838909149,
      0.38039717078208923,
      0.38471490144729614
    ],
    [
      0.5728134512901306,
      0.3984212875366211,
      1.0,
      0.5536316633224487,
      0.2013685554265976,
      0.23484289646148682,
      0.2374442219734192,
      0.28635692596435547,
      0.2824096977710724,
      0.23451556265354156,
      0.16161297261714935,
      0.1954832822084427,
      0.20568428933620453,
      0.2586941421031952,
      0.2934998571872711,
      0.2782532572746277
    ],
    [
      0.4474475383758545,
      0.4230515658855438,
      0.5536316633224487,
      1.0,
      0.20220033824443817,
      0.20443668961524963,
      0.3338066637516022,
      0.24495235085487366,
      0.2940475344657898,
      0.17637433111667633,
      0.1588449627161026,
      0.22607563436031342,
      0.22605521976947784,
      0.28330621123313904,
      0.23775899410247803,
      0.2464122772216797
    ],
    [
      0.2483648657798767,
      0.45298051834106445,
      0.2013685554265976,
      0.20220033824443817,
      1.0,
      0.42799654603004456,
      0.556627631187439,
      0.5361731648445129,
      0.2591131329536438,
      0.33200711011886597,
      0.2404407262802124,
      0.19783352315425873,
      0.3356316089630127,
      0.46737560629844666,
      0.4444913864135742,
      0.41900336742401123
    ],
    [
      0.21474719047546387,
      0.4280003309249878,
      0.23484289646148682,
      0.20443668961524963,
      0.42799654603004456,
      1.0,
      0.4914270341396332,
      0.40608152747154236,
      0.2663569748401642,
      0.19405598938465118,
      0.24460382759571075,
      0.26527729630470276,
      0.2638663053512573,
      0.3207642436027527,
      0.2964475452899933,
      0.35142529010772705
    ],
    [
      0.36295461654663086,
      0.45953303575515747,
      0.2374442219734192,
      0.3338066637516022,
      0.556627631187439,
      0.4914270341396332,
      1.0,
      0.5602563619613647,
      0.1480705738067627,
      0.2822352945804596,
      0.11880570650100708,
      0.10238678008317947,
      0.37033411860466003,
      0.41187888383865356,
      0.3800497353076935,
      0.35112881660461426
    ],
    [
      0.31774207949638367,
      0.5666930675506592,
      0.28635692596435547,
      0.24495235085487366,
      0.5361731648445129,
      0.40608152747154236,
      0.5602563619613647,
      1.0,
      0.18376342952251434,
      0.41666725277900696,
      0.1355273425579071,
      0.12808915972709656,
      0.3599661886692047,
      0.42209094762802124,
      0.38173291087150574,
      0.34278038144111633
    ],
    [
      0.28647372126579285,
      0.28767603635787964,
      0.2824096977710724,
      0.2940475344657898,
      0.2591131329536438,
      0.2663569748401642,
      0.1480705738067627,
      0.18376342952251434,
      1.0,
      0.14823013544082642,
      0.24698121845722198,
      0.3794763386249542,
      0.09938059002161026,
      0.21559718251228333,
      0.20141248404979706,
      0.1503124237060547
    ],
    [
      0.22733595967292786,
      0.28029221296310425,
      0.23451556265354156,
      0.17637433111667633,
      0.33200711011886597,
      0.19405598938465118,
      0.2822352945804596,
      0.41666725277900696,
      0.14823013544082642,
      0.9999999403953552,
      0.24247054755687714,
      0.1445384919643402,
      0.2393227368593216,
      0.22645534574985504,
      0.3033711314201355,
      0.23014378547668457
    ],
    [
      0.2396813929080963,
      0.2656216621398926,
      0.16161297261714935,
      0.1588449627161026,
      0.2404407262802124,
      0.24460382759571075,
      0.11880570650100708,
      0.1355273425579071,
      0.24698121845722198,
      0.24247054755687714,
      1.0,
      0.29629871249198914,
      0.18771514296531677,
      0.14858165383338928,
      0.21537193655967712,
      0.23064695298671722
    ],
    [
      0.2982543110847473,
      0.2423505187034607,
      0.1954832822084427,
      0.22607563436031342,
      0.19783352315425873,
      0.26527729630470276,
      0.10238678008317947,
      0.12808915972709656,
      0.3794763386249542,
      0.1445384919643402,
      0.29629871249198914,
      1.0,
      0.07184665650129318,
      0.15067994594573975,
      0.16226720809936523,
      0.2271120399236679
    ],
    [
      0.22434282302856445,
      0.2919974625110626,
      0.20568428933620453,
      0.22605521976947784,
      0.3356316089630127,
      0.2638663053512573,
      0.37033411860466003,
      0.3599661886692047,
      0.09938059002161026,
      0.2393227368593216,
      0.18771514296531677,
      0.07184665650129318,
      1.0,
      0.5191991329193115,
      0.5310593843460083,
      0.4680691361427307
    ],
    [
      0.2825421094894409,
      0.4876715838909149,
      0.2586941421031952,
      0.28330621123313904,
      0.46737560629844666,
      0.3207642436027527,
      0.41187888383865356,
      0.42209094762802124,
      0.21559718251228333,
      0.22645534574985504,
      0.14858165383338928,
      0.15067994594573975,
      0.5191991329193115,
      1.0,
      0.6058225035667419,
      0.6599419116973877
    ],
    [
      0.33419540524482727,
      0.38039717078208923,
      0.2934998571872711,
      0.23775899410247803,
      0.4444913864135742,
      0.2964475452899933,
      0.3800497353076935,
      0.38173291087150574,
      0.20141248404979706,
      0.3033711314201355,
      0.21537193655967712,
      0.16226720809936523,
      0.5310593843460083,
      0.6058225035667419,
      1.0,
      0.5378231406211853
    ],
    [
      0.31855469942092896,
      0.38471490144729614,
      0.2782532572746277,
      0.2464122772216797,
      0.41900336742401123,
      0.35142529010772705,
      0.35112881660461426,
      0.34278038144111633,
      0.1503124237060547,
      0.23014378547668457,
      0.23064695298671722,
      0.2271120399236679,
      0.4680691361427307,
      0.6599419116973877,
      0.5378231406211853,
      1.0
    ]
  ]
}