{
  "game_number": 622,
  "words": [
    "COPY",
    "ECHO",
    "MIMIC",
    "PARROT",
    "CRUISE",
    "HOLLAND",
    "PETTY",
    "WAITS",
    "DILL",
    "LIVID",
    "MILD",
    "MIX",
    "CHEESECAKE",
    "FLAN",
    "MOUSSE",
    "TIRAMISU"
  ],
  "adjacency_matrix": [
    [
      1.0,
      0.3697930574417114,
      0.42119327187538147,
      0.344346284866333,
      0.29120275378227234,
      0.25664258003234863,
      0.2555947005748749,
      0.3291965425014496,
      0.23381422460079193,
      0.24272404611110687,
      0.23606149852275848,
      0.38610029220581055,
      0.33862975239753723,
      0.2741161286830902,
      0.2705347537994385,
      0.2333674430847168
    ],
    [
      0.3697930574417114,
      1.0,
      0.4456775486469269,
      0.3642072379589081,
      0.26088327169418335,
      0.23350687325000763,
      0.2711156904697418,
      0.3439588248729706,
      0.2972826063632965,
      0.276912659406662,
      0.3392246663570404,
      0.37309083342552185,
      0.2109382599592209,
      0.23665158450603485,
      0.157606303691864,
      0.17654064297676086
    ],
    [
      0.42119327187538147,
      0.4456775486469269,
      1.0,
      0.4153537154197693,
      0.2626667320728302,
      0.28827807307243347,
      0.2618255019187927,
      0.3015999495983124,
      0.23558543622493744,
      0.21857185661792755,
      0.3766292631626129,
      0.4034477770328522,
      0.30171263217926025,
      0.34100979566574097,
      0.2527191936969757,
      0.23472075164318085
    ],
    [
      0.344346284866333,
      0.3642072379589081,
      0.4153537154197693,
      1.0,
      0.2734827995300293,
      0.35496005415916443,
      0.30583062767982483,
      0.30568379163742065,
      0.3065205216407776,
      0.23764587938785553,
      0.21569795906543732,
      0.32947003841400146,
      0.3177834749221802,
      0.39217403531074524,
      0.31099140644073486,
      0.2782287001609802
    ],
    [
      0.29120275378227234,
      0.26088327169418335,
      0.2626667320728302,
      0.2734827995300293,
      0.9999999403953552,
      0.3655184507369995,
      0.2697761356830597,
      0.25834205746650696,
      0.1736402064561844,
      0.14993761479854584,
      0.2939969301223755,
      0.3744407296180725,
      0.3775090277194977,
      0.2018088847398758,
      0.2608017921447754,
      0.2507096230983734
    ],
    [
      0.25664258003234863,
      0.23350687325000763,
      0.28827807307243347,
      0.35496005415916443,
      0.3655184507369995,
      1.0,
      0.2512310743331909,
      0.32886210083961487,
      0.3669067919254303,
      0.29934245347976685,
      0.3092775046825409,
      0.34229812026023865,
      0.37301674485206604,
      0.37961405515670776,
      0.3344864845275879,
      0.2604541480541229
    ],
    [
      0.2555947005748749,
      0.2711156904697418,
      0.2618255019187927,
      0.30583062767982483,
      0.2697761356830597,
      0.2512310743331909,
      1.0,
      0.24340051412582397,
      0.35739508271217346,
      0.369158536195755,
      0.46537506580352783,
      0.26341333985328674,
      0.2696017324924469,
      0.2793305516242981,
      0.17775101959705353,
      0.23657159507274628
    ],
    [
      0.3291965425014496,
      0.3439588248729706,
      0.3015999495983124,
      0.30568379163742065,
      0.25834205746650696,
      0.32886210083961487,
      0.24340051412582397,
      1.0,
      0.24020037055015564,
      0.2586909532546997,
      0.24191498756408691,
      0.2792723476886749,
      0.30297866463661194,
      0.27033841609954834,
      0.21028034389019012,
      0.2398923933506012
    ],
    [
      0.23381422460079193,
      0.2972826063632965,
      0.23558543622493744,
      0.3065205216407776,
      0.1736402064561844,
      0.3669067919254303,
      0.35739508271217346,
      0.24020037055015564,
      1.0,
      0.24049030244350433,
      0.34744855761528015,
      0.39850136637687683,
      0.3488852381706238,
      0.40262988209724426,
      0.37764909863471985,
      0.3489960730075836
    ],
    [
      0.24272404611110687,
      0.276912659406662,
      0.21857185661792755,
      0.23764587938785553,
      0.14993761479854584,
      0.29934245347976685,
      0.369158536195755,
      0.2586909532546997,
      0.24049030244350433,
      1.0,
      0.3430140018463135,
      0.24632325768470764,
      0.1838066428899765,
      0.28297290205955505,
      0.17884951829910278,
      0.17696791887283325
    ],
    [
      0.23606149852275848,
      0.3392246663570404,
      0.3766292631626129,
      0.21569795906543732,
      0.2939969301223755,
      0.3092775046825409,
      0.46537506580352783,
      0.24191498756408691,
      0.34744855761528015,
      0.3430140018463135,
      1.0,
      0.34122833609580994,
      0.33676788210868835,
      0.3250628411769867,
      0.30291125178337097,
      0.314208060503006
    ],
    [
      0.38610029220581055,
      0.37309083342552185,
      0.4034477770328522,
      0.32947003841400146,
      0.3744407296180725,
      0.34229812026023865,
      0.26341333985328674,
      0.2792723476886749,
      0.39850136637687683,
      0.24632325768470764,
      0.34122833609580994,
      1.0,
      0.35537442564964294,
      0.3609526455402374,
      0.3452673554420471,
      0.31696876883506775
    ],
    [
      0.33862975239753723,
      0.2109382599592209,
      0.30171263217926025,
      0.3177834749221802,
      0.3775090277194977,
      0.37301674485206604,
      0.2696017324924469,
      0.30297866463661194,
      0.3488852381706238,
      0.1838066428899765,
      0.33676788210868835,
      0.35537442564964294,
      1.0,
      0.5302346348762512,
      0.5343557596206665,
      0.5026098489761353
    ],
    [
      0.2741161286830902,
      0.23665158450603485,
      0.34100979566574097,
      0.39217403531074524,
      0.2018088847398758,
      0.37961405515670776,
      0.2793305516242981,
      0.27033841609954834,
      0.40262988209724426,
      0.28297290205955505,
      0.3250628411769867,
      0.3609526455402374,
      0.5302346348762512,
      1.0,
      0.6080806851387024,
      0.5471479892730713
    ],
    [
      0.2705347537994385,
      0.157606303691864,
      0.2527191936969757,
      0.31099140644073486,
      0.2608017921447754,
      0.3344864845275879,
      0.17775101959705353,
      0.21028034389019012,
      0.37764909863471985,
      0.17884951829910278,
      0.30291125178337097,
      0.3452673554420471,
      0.5343557596206665,
      0.6080806851387024,
      1.0,
      0.5527287125587463
    ],
    [
      0.2333674430847168,
      0.17654064297676086,
      0.23472075164318085,
      0.2782287001609802,
      0.2507096230983734,
      0.2604541480541229,
      0.23657159507274628,
      0.2398923933506012,
      0.3489960730075836,
      0.17696791887283325,
      0.314208060503006,
      0.31696876883506775,
      0.5026098489761353,
      0.5471479892730713,
      0.5527287125587463,
      0.9999999403953552
    ]
  ]
}