{
  "game_number": 43,
  "words": [
    "HUB",
    "RIM",
    "SPOKE",
    "TIRE",
    "CAMO",
    "DRAB",
    "FATIGUE",
    "KHAKI",
    "DUCT",
    "EXHAUST",
    "HOSE",
    "PIPE",
    "BLOW",
    "LOSE",
    "MISS",
    "WASTE"
  ],
  "adjacency_matrix": [
    [
      1.0,
      0.3457982838153839,
      0.34069544076919556,
      0.3271813988685608,
      0.2112010419368744,
      0.22285225987434387,
      0.2626371681690216,
      0.14676347374916077,
      0.3061961233615875,
      0.25249698758125305,
      0.24714979529380798,
      0.3566298484802246,
      0.2908800542354584,
      0.2601158916950226,
      0.2569727599620819,
      0.2938796877861023
    ],
    [
      0.3457982838153839,
      0.9999999403953552,
      0.2054567039012909,
      0.44178506731987,
      0.2759544849395752,
      0.19794611632823944,
      0.2661118805408478,
      0.2231561690568924,
      0.3213801383972168,
      0.32775717973709106,
      0.2697465419769287,
      0.36199596524238586,
      0.29680562019348145,
      0.2088506519794464,
      0.25733086466789246,
      0.20194247364997864
    ],
    [
      0.34069544076919556,
      0.2054567039012909,
      1.0,
      0.25980520248413086,
      0.17178848385810852,
      0.2405567616224289,
      0.24080760776996613,
      0.15536142885684967,
      0.13510897755622864,
      0.22582104802131653,
      0.288133442401886,
      0.23211805522441864,
      0.3287372887134552,
      0.3373316824436188,
      0.3346307873725891,
      0.20422028005123138
    ],
    [
      0.3271813988685608,
      0.44178506731987,
      0.25980520248413086,
      1.0,
      0.3266613781452179,
      0.33042439818382263,
      0.55199134349823,
      0.22373662889003754,
      0.31380677223205566,
      0.5457780957221985,
      0.4438364803791046,
      0.429995059967041,
      0.4428234100341797,
      0.44504091143608093,
      0.44215238094329834,
      0.514572024345398
    ],
    [
      0.2112010419368744,
      0.2759544849395752,
      0.17178848385810852,
      0.3266613781452179,
      1.0,
      0.38477903604507446,
      0.27967360615730286,
      0.5753905773162842,
      0.22861184179782867,
      0.26865649223327637,
      0.36872434616088867,
      0.2768094539642334,
      0.2460336834192276,
      0.23583337664604187,
      0.26596638560295105,
      0.1948326677083969
    ],
    [
      0.22285225987434387,
      0.19794611632823944,
      0.2405567616224289,
      0.33042439818382263,
      0.38477903604507446,
      1.0,
      0.29903945326805115,
      0.528384804725647,
      0.15383540093898773,
      0.29252564907073975,
      0.2690281271934509,
      0.2409813404083252,
      0.2904589772224426,
      0.3236219882965088,
      0.2684822976589203,
      0.36630117893218994
    ],
    [
      0.2626371681690216,
      0.2661118805408478,
      0.24080760776996613,
      0.55199134349823,
      0.27967360615730286,
      0.29903945326805115,
      1.0,
      0.2680465579032898,
      0.24948884546756744,
      0.3972250819206238,
      0.20866775512695312,
      0.2714071571826935,
      0.33299872279167175,
      0.3797706663608551,
      0.3552345931529999,
      0.4290238320827484
    ],
    [
      0.14676347374916077,
      0.2231561690568924,
      0.15536142885684967,
      0.22373662889003754,
      0.5753905773162842,
      0.528384804725647,
      0.2680465579032898,
      0.9999999403953552,
      0.12988777458667755,
      0.18301509320735931,
      0.30532321333885193,
      0.2761351764202118,
      0.14137837290763855,
      0.10586024820804596,
      0.08299337327480316,
      0.16157501935958862
    ],
    [
      0.3061961233615875,
      0.3213801383972168,
      0.13510897755622864,
      0.31380677223205566,
      0.22861184179782867,
      0.15383540093898773,
      0.24948884546756744,
      0.12988777458667755,
      1.0,
      0.4111042618751526,
      0.45554932951927185,
      0.5016453266143799,
      0.2968989610671997,
      0.14807374775409698,
      0.1728459745645523,
      0.3302235007286072
    ],
    [
      0.25249698758125305,
      0.32775717973709106,
      0.22582104802131653,
      0.5457780957221985,
      0.26865649223327637,
      0.29252564907073975,
      0.3972250819206238,
      0.18301509320735931,
      0.4111042618751526,
      1.0,
      0.5495837330818176,
      0.43262773752212524,
      0.4702100157737732,
      0.42337071895599365,
      0.3729330599308014,
      0.46273478865623474
    ],
    [
      0.24714979529380798,
      0.2697465419769287,
      0.288133442401886,
      0.4438364803791046,
      0.36872434616088867,
      0.2690281271934509,
      0.20866775512695312,
      0.30532321333885193,
      0.45554932951927185,
      0.5495837330818176,
      1.0,
      0.5981264114379883,
      0.4175530970096588,
      0.31080004572868347,
      0.2708984315395355,
      0.30592241883277893
    ],
    [
      0.3566298484802246,
      0.36199596524238586,
      0.23211805522441864,
      0.429995059967041,
      0.2768094539642334,
      0.2409813404083252,
      0.2714071571826935,
      0.2761351764202118,
      0.5016453266143799,
      0.43262773752212524,
      0.5981264114379883,
      1.0,
      0.47372713685035706,
      0.23054443299770355,
      0.29073992371559143,
      0.4021013379096985
    ],
    [
      0.2908800542354584,
      0.29680562019348145,
      0.3287372887134552,
      0.4428234100341797,
      0.2460336834192276,
      0.2904589772224426,
      0.33299872279167175,
      0.14137837290763855,
      0.2968989610671997,
      0.4702100157737732,
      0.4175530970096588,
      0.47372713685035706,
      1.0,
      0.5024177432060242,
      0.5144742727279663,
      0.4043390154838562
    ],
    [
      0.2601158916950226,
      0.2088506519794464,
      0.3373316824436188,
      0.44504091143608093,
      0.23583337664604187,
      0.3236219882965088,
      0.3797706663608551,
      0.10586024820804596,
      0.14807374775409698,
      0.42337071895599365,
      0.31080004572868347,
      0.23054443299770355,
      0.5024177432060242,
      1.0,
      0.618658185005188,
      0.4167258143424988
    ],
    [
      0.2569727599620819,
      0.25733086466789246,
      0.3346307873725891,
      0.44215238094329834,
      0.26596638560295105,
      0.2684822976589203,
      0.3552345931529999,
      0.08299337327480316,
      0.1728459745645523,
      0.3729330599308014,
      0.2708984315395355,
      0.29073992371559143,
      0.5144742727279663,
      0.618658185005188,
      1.0,
      0.3855355381965637
    ],
    [
      0.2938796877861023,
      0.20194247364997864,
      0.20422028005123138,
      0.514572024345398,
      0.1948326677083969,
      0.36630117893218994,
      0.4290238320827484,
      0.16157501935958862,
      0.3302235007286072,
      0.46273478865623474,
      0.30592241883277893,
      0.4021013379096985,
      0.4043390154838562,
      0.4167258143424988,
      0.3855355381965637,
      1.0
    ]
  ]
}