{
  "game_number": 609,
  "words": [
    "BREW",
    "JAVA",
    "JOE",
    "MUD",
    "CUBA",
    "JAPAN",
    "MALTA",
    "PALAU",
    "LUCKY",
    "POP",
    "SAM",
    "TONY",
    "BASSOON",
    "CLARINET",
    "FLUTE",
    "OBOE"
  ],
  "adjacency_matrix": [
    [
      1.0,
      0.3776220679283142,
      0.2237320840358734,
      0.3111887276172638,
      0.20586979389190674,
      0.13922539353370667,
      0.353434681892395,
      0.21398821473121643,
      0.2644243538379669,
      0.34057149291038513,
      0.26194795966148376,
      0.2517722249031067,
      0.22426161170005798,
      0.23343752324581146,
      0.32739943265914917,
      0.17044921219348907
    ],
    [
      0.3776220679283142,
      1.0,
      0.36077848076820374,
      0.2821604013442993,
      0.38007956743240356,
      0.2884151339530945,
      0.35057640075683594,
      0.3760416805744171,
      0.188370019197464,
      0.3652394115924835,
      0.32924017310142517,
      0.23301708698272705,
      0.1965956687927246,
      0.22733557224273682,
      0.3133281171321869,
      0.2141363024711609
    ],
    [
      0.2237320840358734,
      0.36077848076820374,
      1.0,
      0.15905581414699554,
      0.2623535096645355,
      0.2302563637495041,
      0.24617289006710052,
      0.14783181250095367,
      0.23127786815166473,
      0.16924048960208893,
      0.52255779504776,
      0.3752361238002777,
      0.13935820758342743,
      0.14284704625606537,
      0.14992330968379974,
      0.12627094984054565
    ],
    [
      0.3111887276172638,
      0.2821604013442993,
      0.15905581414699554,
      1.0,
      0.2157471925020218,
      0.15327057242393494,
      0.2841483950614929,
      0.3054778575897217,
      0.25846531987190247,
      0.3025955557823181,
      0.33139315247535706,
      0.2841033935546875,
      0.20952199399471283,
      0.23726186156272888,
      0.31405073404312134,
      0.1501689851284027
    ],
    [
      0.20586979389190674,
      0.38007956743240356,
      0.2623535096645355,
      0.2157471925020218,
      1.0,
      0.5176011323928833,
      0.5238908529281616,
      0.4635631740093231,
      0.16964824497699738,
      0.2735435664653778,
      0.36513617634773254,
      0.41557589173316956,
      0.21765825152397156,
      0.22604812681674957,
      0.19160597026348114,
      0.16042307019233704
    ],
    [
      0.13922539353370667,
      0.2884151339530945,
      0.2302563637495041,
      0.15327057242393494,
      0.5176011323928833,
      1.0,
      0.42099422216415405,
      0.393691748380661,
      0.18536090850830078,
      0.2866213619709015,
      0.2844906151294708,
      0.32800692319869995,
      0.19717289507389069,
      0.21369516849517822,
      0.2228584587574005,
      0.22357675433158875
    ],
    [
      0.353434681892395,
      0.35057640075683594,
      0.24617289006710052,
      0.2841483950614929,
      0.5238908529281616,
      0.42099422216415405,
      1.0,
      0.5678864121437073,
      0.21833358705043793,
      0.32952412962913513,
      0.3354836702346802,
      0.389211505651474,
      0.245993509888649,
      0.22725290060043335,
      0.2980828881263733,
      0.22254665195941925
    ],
    [
      0.21398821473121643,
      0.3760416805744171,
      0.14783181250095367,
      0.3054778575897217,
      0.4635631740093231,
      0.393691748380661,
      0.5678864121437073,
      1.0,
      0.22251535952091217,
      0.33938658237457275,
      0.3047711253166199,
      0.32752886414527893,
      0.3307252526283264,
      0.2878395915031433,
      0.3508656322956085,
      0.334204763174057
    ],
    [
      0.2644243538379669,
      0.188370019197464,
      0.23127786815166473,
      0.25846531987190247,
      0.16964824497699738,
      0.18536090850830078,
      0.21833358705043793,
      0.22251535952091217,
      0.9999999403953552,
      0.29619622230529785,
      0.28134796023368835,
      0.2962258458137512,
      0.2150203138589859,
      0.24055728316307068,
      0.25814536213874817,
      0.05644664168357849
    ],
    [
      0.34057149291038513,
      0.3652394115924835,
      0.16924048960208893,
      0.3025955557823181,
      0.2735435664653778,
      0.2866213619709015,
      0.32952412962913513,
      0.33938658237457275,
      0.29619622230529785,
      0.9999999403953552,
      0.21975097060203552,
      0.28749600052833557,
      0.25673553347587585,
      0.30707937479019165,
      0.32832255959510803,
      0.19682221114635468
    ],
    [
      0.26194795966148376,
      0.32924017310142517,
      0.52255779504776,
      0.33139315247535706,
      0.36513617634773254,
      0.2844906151294708,
      0.3354836702346802,
      0.3047711253166199,
      0.28134796023368835,
      0.21975097060203552,
      1.0,
      0.40652868151664734,
      0.22301404178142548,
      0.2310248166322708,
      0.24840258061885834,
      0.20629051327705383
    ],
    [
      0.2517722249031067,
      0.23301708698272705,
      0.3752361238002777,
      0.2841033935546875,
      0.41557589173316956,
      0.32800692319869995,
      0.389211505651474,
      0.32752886414527893,
      0.2962258458137512,
      0.28749600052833557,
      0.40652868151664734,
      1.0,
      0.2925630211830139,
      0.3003983497619629,
      0.26356446743011475,
      0.20586374402046204
    ],
    [
      0.22426161170005798,
      0.1965956687927246,
      0.13935820758342743,
      0.20952199399471283,
      0.21765825152397156,
      0.19717289507389069,
      0.245993509888649,
      0.3307252526283264,
      0.2150203138589859,
      0.25673553347587585,
      0.22301404178142548,
      0.2925630211830139,
      1.0,
      0.7565535306930542,
      0.7128742337226868,
      0.7599998712539673
    ],
    [
      0.23343752324581146,
      0.22733557224273682,
      0.14284704625606537,
      0.23726186156272888,
      0.22604812681674957,
      0.21369516849517822,
      0.22725290060043335,
      0.2878395915031433,
      0.24055728316307068,
      0.30707937479019165,
      0.2310248166322708,
      0.3003983497619629,
      0.7565535306930542,
      1.0,
      0.7309473156929016,
      0.720879077911377
    ],
    [
      0.32739943265914917,
      0.3133281171321869,
      0.14992330968379974,
      0.31405073404312134,
      0.19160597026348114,
      0.2228584587574005,
      0.2980828881263733,
      0.3508656322956085,
      0.25814536213874817,
      0.32832255959510803,
      0.24840258061885834,
      0.26356446743011475,
      0.7128742337226868,
      0.7309473156929016,
      1.0,
      0.7317585349082947
    ],
    [
      0.17044921219348907,
      0.2141363024711609,
      0.12627094984054565,
      0.1501689851284027,
      0.16042307019233704,
      0.22357675433158875,
      0.22254665195941925,
      0.334204763174057,
      0.05644664168357849,
      0.19682221114635468,
      0.20629051327705383,
      0.20586374402046204,
      0.7599998712539673,
      0.720879077911377,
      0.7317585349082947,
      1.0
    ]
  ]
}