{
  "game_number": 355,
  "words": [
    "BOTHER",
    "HANDFUL",
    "PAIN",
    "PEST",
    "FEW",
    "MANY",
    "SEVERAL",
    "SOME",
    "FOOL",
    "LOVERS",
    "MAGICIAN",
    "TOWER",
    "BENEFIT",
    "FRUIT",
    "RETURN",
    "REWARD"
  ],
  "adjacency_matrix": [
    [
      1.0,
      0.39953020215034485,
      0.4174819886684418,
      0.24689792096614838,
      0.4290614426136017,
      0.46891313791275024,
      0.381430059671402,
      0.45917314291000366,
      0.48028117418289185,
      0.3374422490596771,
      0.18565252423286438,
      0.1671053171157837,
      0.4123779535293579,
      0.19793879985809326,
      0.3794167637825012,
      0.3580602705478668
    ],
    [
      0.39953020215034485,
      1.0000001192092896,
      0.31091395020484924,
      0.2767019271850586,
      0.8195585608482361,
      0.7063027620315552,
      0.6677680015563965,
      0.6551196575164795,
      0.3914821743965149,
      0.36201542615890503,
      0.2716360092163086,
      0.2539185881614685,
      0.38599175214767456,
      0.3438909947872162,
      0.31648680567741394,
      0.33570390939712524
    ],
    [
      0.4174819886684418,
      0.31091395020484924,
      1.0,
      0.36190399527549744,
      0.27556368708610535,
      0.35494694113731384,
      0.31719326972961426,
      0.3996654748916626,
      0.3218405246734619,
      0.3377476930618286,
      0.22110386192798615,
      0.24986064434051514,
      0.47542431950569153,
      0.36815977096557617,
      0.38248297572135925,
      0.4408191740512848
    ],
    [
      0.24689792096614838,
      0.2767019271850586,
      0.36190399527549744,
      1.0,
      0.1970684826374054,
      0.2728661596775055,
      0.2881656885147095,
      0.30348527431488037,
      0.38434216380119324,
      0.2839151620864868,
      0.3454264998435974,
      0.3098011612892151,
      0.3415938913822174,
      0.4356854557991028,
      0.2701910436153412,
      0.2826980948448181
    ],
    [
      0.4290614426136017,
      0.8195585608482361,
      0.27556368708610535,
      0.1970684826374054,
      0.9999999403953552,
      0.8093340396881104,
      0.7477456331253052,
      0.7307298183441162,
      0.3270852863788605,
      0.3324376940727234,
      0.18796099722385406,
      0.19895631074905396,
      0.37589871883392334,
      0.2562426030635834,
      0.313744455575943,
      0.3115026652812958
    ],
    [
      0.46891313791275024,
      0.7063027620315552,
      0.35494694113731384,
      0.2728661596775055,
      0.8093340396881104,
      1.0,
      0.8439682126045227,
      0.8091052174568176,
      0.3638278841972351,
      0.44055184721946716,
      0.22957301139831543,
      0.26602619886398315,
      0.4536460340023041,
      0.3056409955024719,
      0.36041563749313354,
      0.3532593548297882
    ],
    [
      0.381430059671402,
      0.6677680015563965,
      0.31719326972961426,
      0.2881656885147095,
      0.7477456331253052,
      0.8439682126045227,
      1.0,
      0.787407398223877,
      0.28672581911087036,
      0.36228540539741516,
      0.2574968636035919,
      0.30783507227897644,
      0.39269348978996277,
      0.29269489645957947,
      0.3450586199760437,
      0.3034902811050415
    ],
    [
      0.45917314291000366,
      0.6551196575164795,
      0.3996654748916626,
      0.30348527431488037,
      0.7307298183441162,
      0.8091052174568176,
      0.787407398223877,
      0.9999999403953552,
      0.37739211320877075,
      0.37517622113227844,
      0.2359296679496765,
      0.31777986884117126,
      0.5041579604148865,
      0.34617745876312256,
      0.4347693622112274,
      0.40746262669563293
    ],
    [
      0.48028117418289185,
      0.3914821743965149,
      0.3218405246734619,
      0.38434216380119324,
      0.3270852863788605,
      0.3638278841972351,
      0.28672581911087036,
      0.37739211320877075,
      0.9999999403953552,
      0.4094964861869812,
      0.455615371465683,
      0.259583979845047,
      0.41549932956695557,
      0.2793702185153961,
      0.3035907745361328,
      0.36614990234375
    ],
    [
      0.3374422490596771,
      0.36201542615890503,
      0.3377476930618286,
      0.2839151620864868,
      0.3324376940727234,
      0.44055184721946716,
      0.36228540539741516,
      0.37517622113227844,
      0.4094964861869812,
      1.0,
      0.3452630043029785,
      0.24001765251159668,
      0.3955371379852295,
      0.33541902899742126,
      0.2956843078136444,
      0.3467596769332886
    ],
    [
      0.18565252423286438,
      0.2716360092163086,
      0.22110386192798615,
      0.3454264998435974,
      0.18796099722385406,
      0.22957301139831543,
      0.2574968636035919,
      0.2359296679496765,
      0.455615371465683,
      0.3452630043029785,
      1.0,
      0.3080664277076721,
      0.28612586855888367,
      0.2372317612171173,
      0.26844367384910583,
      0.2642609775066376
    ],
    [
      0.1671053171157837,
      0.2539185881614685,
      0.24986064434051514,
      0.3098011612892151,
      0.19895631074905396,
      0.26602619886398315,
      0.30783507227897644,
      0.31777986884117126,
      0.259583979845047,
      0.24001765251159668,
      0.3080664277076721,
      0.9999999403953552,
      0.30521029233932495,
      0.31039392948150635,
      0.32708659768104553,
      0.27503547072410583
    ],
    [
      0.4123779535293579,
      0.38599175214767456,
      0.47542431950569153,
      0.3415938913822174,
      0.37589871883392334,
      0.4536460340023041,
      0.39269348978996277,
      0.5041579604148865,
      0.41549932956695557,
      0.3955371379852295,
      0.28612586855888367,
      0.30521029233932495,
      1.0,
      0.39869749546051025,
      0.5407184958457947,
      0.6080381274223328
    ],
    [
      0.19793879985809326,
      0.3438909947872162,
      0.36815977096557617,
      0.4356854557991028,
      0.2562426030635834,
      0.3056409955024719,
      0.29269489645957947,
      0.34617745876312256,
      0.2793702185153961,
      0.33541902899742126,
      0.2372317612171173,
      0.31039392948150635,
      0.39869749546051025,
      1.0,
      0.35512682795524597,
      0.4143981337547302
    ],
    [
      0.3794167637825012,
      0.31648680567741394,
      0.38248297572135925,
      0.2701910436153412,
      0.313744455575943,
      0.36041563749313354,
      0.3450586199760437,
      0.4347693622112274,
      0.3035907745361328,
      0.2956843078136444,
      0.26844367384910583,
      0.32708659768104553,
      0.5407184958457947,
      0.35512682795524597,
      1.0,
      0.549432635307312
    ],
    [
      0.3580602705478668,
      0.33570390939712524,
      0.4408191740512848,
      0.2826980948448181,
      0.3115026652812958,
      0.3532593548297882,
      0.3034902811050415,
      0.40746262669563293,
      0.36614990234375,
      0.3467596769332886,
      0.2642609775066376,
      0.27503547072410583,
      0.6080381274223328,
      0.4143981337547302,
      0.549432635307312,
      1.0
    ]
  ]
}