{
  "game_number": 377,
  "words": [
    "LION",
    "SCARECROW",
    "WITCH",
    "WIZARD",
    "HAIR",
    "MAKEUP",
    "PROPS",
    "WARDROBE",
    "JOKER",
    "LOVER",
    "SINNER",
    "SMOKER",
    "CLEAN",
    "NEAT",
    "TIDY",
    "TRIM"
  ],
  "adjacency_matrix": [
    [
      1.0,
      0.3812441825866699,
      0.39783141016960144,
      0.36146485805511475,
      0.3210287392139435,
      0.2834624648094177,
      0.25500181317329407,
      0.3057411313056946,
      0.3284298777580261,
      0.4026332199573517,
      0.2978963851928711,
      0.3146054148674011,
      0.2671399414539337,
      0.15174958109855652,
      0.20111195743083954,
      0.285599946975708
    ],
    [
      0.3812441825866699,
      0.9999999403953552,
      0.5757477283477783,
      0.5261127352714539,
      0.34228718280792236,
      0.3743097186088562,
      0.43939825892448425,
      0.3440346121788025,
      0.464132696390152,
      0.4076903462409973,
      0.30273234844207764,
      0.3492124378681183,
      0.3311728239059448,
      0.3485994338989258,
      0.3634119927883148,
      0.3416053056716919
    ],
    [
      0.39783141016960144,
      0.5757477283477783,
      0.9999999403953552,
      0.5957903861999512,
      0.3802018165588379,
      0.3471512198448181,
      0.29467931389808655,
      0.34736084938049316,
      0.41125500202178955,
      0.4781627953052521,
      0.44186657667160034,
      0.3243410587310791,
      0.3072385787963867,
      0.23021817207336426,
      0.24072441458702087,
      0.2781212031841278
    ],
    [
      0.36146485805511475,
      0.5261127352714539,
      0.5957903861999512,
      1.0,
      0.30612310767173767,
      0.3604993224143982,
      0.318846732378006,
      0.3851471543312073,
      0.4628630578517914,
      0.3865746855735779,
      0.3095143437385559,
      0.24657046794891357,
      0.2294287234544754,
      0.2362775057554245,
      0.2396697700023651,
      0.2766552269458771
    ],
    [
      0.3210287392139435,
      0.34228718280792236,
      0.3802018165588379,
      0.30612310767173767,
      1.0,
      0.605796217918396,
      0.3223108649253845,
      0.4903011620044708,
      0.3027450740337372,
      0.35345274209976196,
      0.24483142793178558,
      0.2635349929332733,
      0.3818475604057312,
      0.3279033899307251,
      0.35045385360717773,
      0.4604858160018921
    ],
    [
      0.2834624648094177,
      0.3743097186088562,
      0.3471512198448181,
      0.3604993224143982,
      0.605796217918396,
      1.0,
      0.44037437438964844,
      0.5966311097145081,
      0.4067654013633728,
      0.2653241455554962,
      0.196157768368721,
      0.28422027826309204,
      0.37213629484176636,
      0.3289050757884979,
      0.3045418858528137,
      0.389430969953537
    ],
    [
      0.25500181317329407,
      0.43939825892448425,
      0.29467931389808655,
      0.318846732378006,
      0.3223108649253845,
      0.44037437438964844,
      1.0,
      0.4605594277381897,
      0.3573459982872009,
      0.2389262318611145,
      0.11100658774375916,
      0.2074955254793167,
      0.3746899664402008,
      0.36130115389823914,
      0.3072626292705536,
      0.3347432613372803
    ],
    [
      0.3057411313056946,
      0.3440346121788025,
      0.34736084938049316,
      0.3851471543312073,
      0.4903011620044708,
      0.5966311097145081,
      0.4605594277381897,
      0.9999999403953552,
      0.41538310050964355,
      0.3339554965496063,
      0.2251807302236557,
      0.2801344394683838,
      0.3071044087409973,
      0.2939353585243225,
      0.384928822517395,
      0.42392855882644653
    ],
    [
      0.3284298777580261,
      0.464132696390152,
      0.41125500202178955,
      0.4628630578517914,
      0.3027450740337372,
      0.4067654013633728,
      0.3573459982872009,
      0.41538310050964355,
      1.0,
      0.4249896705150604,
      0.39579880237579346,
      0.46533021330833435,
      0.24599458277225494,
      0.263027161359787,
      0.26540228724479675,
      0.2563912570476532
    ],
    [
      0.4026332199573517,
      0.4076903462409973,
      0.4781627953052521,
      0.3865746855735779,
      0.35345274209976196,
      0.2653241455554962,
      0.2389262318611145,
      0.3339554965496063,
      0.4249896705150604,
      1.0,
      0.5020396113395691,
      0.42263519763946533,
      0.30384233593940735,
      0.24375584721565247,
      0.2715176045894623,
      0.27275550365448
    ],
    [
      0.2978963851928711,
      0.30273234844207764,
      0.44186657667160034,
      0.3095143437385559,
      0.24483142793178558,
      0.196157768368721,
      0.11100658774375916,
      0.2251807302236557,
      0.39579880237579346,
      0.5020396113395691,
      1.0,
      0.42230039834976196,
      0.3130885660648346,
      0.16163550317287445,
      0.22151866555213928,
      0.19718347489833832
    ],
    [
      0.3146054148674011,
      0.3492124378681183,
      0.3243410587310791,
      0.24657046794891357,
      0.2635349929332733,
      0.28422027826309204,
      0.2074955254793167,
      0.2801344394683838,
      0.46533021330833435,
      0.42263519763946533,
      0.42230039834976196,
      0.9999999403953552,
      0.24021252989768982,
      0.12132006138563156,
      0.19206024706363678,
      0.2637534737586975
    ],
    [
      0.2671399414539337,
      0.3311728239059448,
      0.3072385787963867,
      0.2294287234544754,
      0.3818475604057312,
      0.37213629484176636,
      0.3746899664402008,
      0.3071044087409973,
      0.24599458277225494,
      0.30384233593940735,
      0.3130885660648346,
      0.24021252989768982,
      1.0,
      0.643740177154541,
      0.734491765499115,
      0.5122725963592529
    ],
    [
      0.15174958109855652,
      0.3485994338989258,
      0.23021817207336426,
      0.2362775057554245,
      0.3279033899307251,
      0.3289050757884979,
      0.36130115389823914,
      0.2939353585243225,
      0.263027161359787,
      0.24375584721565247,
      0.16163550317287445,
      0.12132006138563156,
      0.643740177154541,
      1.0,
      0.7494439482688904,
      0.38900503516197205
    ],
    [
      0.20111195743083954,
      0.3634119927883148,
      0.24072441458702087,
      0.2396697700023651,
      0.35045385360717773,
      0.3045418858528137,
      0.3072626292705536,
      0.384928822517395,
      0.26540228724479675,
      0.2715176045894623,
      0.22151866555213928,
      0.19206024706363678,
      0.734491765499115,
      0.7494439482688904,
      1.0,
      0.5143001675605774
    ],
    [
      0.285599946975708,
      0.3416053056716919,
      0.2781212031841278,
      0.2766552269458771,
      0.4604858160018921,
      0.389430969953537,
      0.3347432613372803,
      0.42392855882644653,
      0.2563912570476532,
      0.27275550365448,
      0.19718347489833832,
      0.2637534737586975,
      0.5122725963592529,
      0.38900503516197205,
      0.5143001675605774,
      1.0
    ]
  ]
}