{
  "game_number": 574,
  "words": [
    "FRAMED",
    "RABBIT",
    "ROGER",
    "WHO",
    "HARRY",
    "MET",
    "SALLY",
    "WHEN",
    "FURY",
    "MAD",
    "MAX",
    "ROAD",
    "GNOME",
    "GOBLIN",
    "OGRE",
    "TROLL"
  ],
  "adjacency_matrix": [
    [
      1.0000001192092896,
      0.23487983644008636,
      0.16029377281665802,
      0.30533212423324585,
      0.18803735077381134,
      0.4234277606010437,
      0.2539307177066803,
      0.2888301610946655,
      0.15513870120048523,
      0.2554185390472412,
      0.18187616765499115,
      0.25105977058410645,
      0.16711005568504333,
      0.22166483104228973,
      0.1253989040851593,
      0.27353349328041077
    ],
    [
      0.23487983644008636,
      1.0,
      0.3919302821159363,
      0.2727223038673401,
      0.4032270014286041,
      0.2012820541858673,
      0.3280629813671112,
      0.22098572552204132,
      0.28668412566185,
      0.40431374311447144,
      0.21854378283023834,
      0.3494793474674225,
      0.4465405344963074,
      0.4621298611164093,
      0.44097700715065,
      0.45042306184768677
    ],
    [
      0.16029377281665802,
      0.3919302821159363,
      0.9999999403953552,
      0.2761180102825165,
      0.4945123493671417,
      0.23081360757350922,
      0.3975388705730438,
      0.21192465722560883,
      0.27417582273483276,
      0.43950754404067993,
      0.3299761116504669,
      0.18118080496788025,
      0.28663456439971924,
      0.37145325541496277,
      0.319472998380661,
      0.3489748537540436
    ],
    [
      0.30533212423324585,
      0.2727223038673401,
      0.2761180102825165,
      1.0,
      0.3044074773788452,
      0.400793194770813,
      0.3018372058868408,
      0.35944175720214844,
      0.23191408812999725,
      0.3652600646018982,
      0.1475570797920227,
      0.22811885178089142,
      0.29432380199432373,
      0.3184743821620941,
      0.22984351217746735,
      0.34786418080329895
    ],
    [
      0.18803735077381134,
      0.4032270014286041,
      0.4945123493671417,
      0.3044074773788452,
      1.0,
      0.2920094430446625,
      0.4968302547931671,
      0.29340463876724243,
      0.3635862469673157,
      0.42655739188194275,
      0.3512795865535736,
      0.316845178604126,
      0.2792678773403168,
      0.4539780914783478,
      0.2990190088748932,
      0.46250951290130615
    ],
    [
      0.4234277606010437,
      0.2012820541858673,
      0.23081360757350922,
      0.400793194770813,
      0.2920094430446625,
      0.9999999403953552,
      0.3512783646583557,
      0.3316924273967743,
      0.24840852618217468,
      0.36179113388061523,
      0.19268059730529785,
      0.33968889713287354,
      0.19157256186008453,
      0.22887124121189117,
      0.19287624955177307,
      0.25981295108795166
    ],
    [
      0.2539307177066803,
      0.3280629813671112,
      0.3975388705730438,
      0.3018372058868408,
      0.4968302547931671,
      0.3512783646583557,
      0.9999999403953552,
      0.30390310287475586,
      0.37686410546302795,
      0.3938710391521454,
      0.2629425525665283,
      0.31468695402145386,
      0.33959707617759705,
      0.3533528745174408,
      0.25299447774887085,
      0.4225963354110718
    ],
    [
      0.2888301610946655,
      0.22098572552204132,
      0.21192465722560883,
      0.35944175720214844,
      0.29340463876724243,
      0.3316924273967743,
      0.30390310287475586,
      1.0,
      0.30644702911376953,
      0.3120003342628479,
      0.213292196393013,
      0.31569549441337585,
      0.16892452538013458,
      0.19497960805892944,
      0.18145249783992767,
      0.2175198495388031
    ],
    [
      0.15513870120048523,
      0.28668412566185,
      0.27417582273483276,
      0.23191408812999725,
      0.3635862469673157,
      0.24840852618217468,
      0.37686410546302795,
      0.30644702911376953,
      1.0,
      0.5933681130409241,
      0.2927738428115845,
      0.2691130042076111,
      0.2464764416217804,
      0.36879265308380127,
      0.356187105178833,
      0.38382208347320557
    ],
    [
      0.2554185390472412,
      0.40431374311447144,
      0.43950754404067993,
      0.3652600646018982,
      0.42655739188194275,
      0.36179113388061523,
      0.3938710391521454,
      0.3120003342628479,
      0.5933681130409241,
      1.0,
      0.2552792727947235,
      0.3024294674396515,
      0.38277438282966614,
      0.4196673035621643,
      0.4077509641647339,
      0.45093443989753723
    ],
    [
      0.18187616765499115,
      0.21854378283023834,
      0.3299761116504669,
      0.1475570797920227,
      0.3512795865535736,
      0.19268059730529785,
      0.2629425525665283,
      0.213292196393013,
      0.2927738428115845,
      0.2552792727947235,
      1.0000001192092896,
      0.20819826424121857,
      0.19928103685379028,
      0.22594933211803436,
      0.15173490345478058,
      0.2605346441268921
    ],
    [
      0.25105977058410645,
      0.3494793474674225,
      0.18118080496788025,
      0.22811885178089142,
      0.316845178604126,
      0.33968889713287354,
      0.31468695402145386,
      0.31569549441337585,
      0.2691130042076111,
      0.3024294674396515,
      0.20819826424121857,
      0.9999999403953552,
      0.24557183682918549,
      0.25406530499458313,
      0.11979927122592926,
      0.33099210262298584
    ],
    [
      0.16711005568504333,
      0.4465405344963074,
      0.28663456439971924,
      0.29432380199432373,
      0.2792678773403168,
      0.19157256186008453,
      0.33959707617759705,
      0.16892452538013458,
      0.2464764416217804,
      0.38277438282966614,
      0.19928103685379028,
      0.24557183682918549,
      1.0,
      0.5520830154418945,
      0.41954994201660156,
      0.5097019672393799
    ],
    [
      0.22166483104228973,
      0.4621298611164093,
      0.37145325541496277,
      0.3184743821620941,
      0.4539780914783478,
      0.22887124121189117,
      0.3533528745174408,
      0.19497960805892944,
      0.36879265308380127,
      0.4196673035621643,
      0.22594933211803436,
      0.25406530499458313,
      0.5520830154418945,
      1.0,
      0.6495152711868286,
      0.5382398962974548
    ],
    [
      0.1253989040851593,
      0.44097700715065,
      0.319472998380661,
      0.22984351217746735,
      0.2990190088748932,
      0.19287624955177307,
      0.25299447774887085,
      0.18145249783992767,
      0.356187105178833,
      0.4077509641647339,
      0.15173490345478058,
      0.11979927122592926,
      0.41954994201660156,
      0.6495152711868286,
      0.9999999403953552,
      0.44438812136650085
    ],
    [
      0.27353349328041077,
      0.45042306184768677,
      0.3489748537540436,
      0.34786418080329895,
      0.46250951290130615,
      0.25981295108795166,
      0.4225963354110718,
      0.2175198495388031,
      0.38382208347320557,
      0.45093443989753723,
      0.2605346441268921,
      0.33099210262298584,
      0.5097019672393799,
      0.5382398962974548,
      0.44438812136650085,
      1.0
    ]
  ]
}