{
  "game_number": 272,
  "words": [
    "BEST",
    "CHAMP",
    "GOAT",
    "LEGEND",
    "ABOUT",
    "CONCERNING",
    "ON",
    "TOWARD",
    "HARE",
    "I",
    "MUSSEL",
    "NAVAL",
    "DEVIL",
    "MARS",
    "ROSE",
    "STRAWBERRY"
  ],
  "adjacency_matrix": [
    [
      1.0,
      0.3549915850162506,
      0.29222869873046875,
      0.36432698369026184,
      0.441608190536499,
      0.4356625974178314,
      0.3841257691383362,
      0.3596383333206177,
      0.31746259331703186,
      -0.08674003928899765,
      0.2151646614074707,
      0.31018155813217163,
      0.3498009443283081,
      0.22848640382289886,
      0.2789144217967987,
      0.3054201602935791
    ],
    [
      0.3549915850162506,
      1.0,
      0.23628966510295868,
      0.404834121465683,
      0.2291451245546341,
      0.22737838327884674,
      0.23704779148101807,
      0.22624343633651733,
      0.24876713752746582,
      -0.03017914667725563,
      0.2418397217988968,
      0.2849395275115967,
      0.32905301451683044,
      0.31772640347480774,
      0.2914249002933502,
      0.28482916951179504
    ],
    [
      0.29222869873046875,
      0.23628966510295868,
      1.0,
      0.35817795991897583,
      0.254699170589447,
      0.21834370493888855,
      0.24096719920635223,
      0.2048889547586441,
      0.4635646641254425,
      -0.044656794518232346,
      0.36282649636268616,
      0.19739243388175964,
      0.46687281131744385,
      0.23763491213321686,
      0.2763533294200897,
      0.3890197277069092
    ],
    [
      0.36432698369026184,
      0.404834121465683,
      0.35817795991897583,
      1.0000001192092896,
      0.3544304370880127,
      0.4156399369239807,
      0.3599577248096466,
      0.19705507159233093,
      0.33777642250061035,
      -0.08035282790660858,
      0.22260144352912903,
      0.312203049659729,
      0.46781212091445923,
      0.30453941226005554,
      0.3642983138561249,
      0.314190149307251
    ],
    [
      0.441608190536499,
      0.2291451245546341,
      0.254699170589447,
      0.3544304370880127,
      1.0,
      0.7305869460105896,
      0.5752929449081421,
      0.496820330619812,
      0.31751811504364014,
      -0.07421077787876129,
      0.21195684373378754,
      0.2595826983451843,
      0.3259003162384033,
      0.33654913306236267,
      0.26769715547561646,
      0.22255150973796844
    ],
    [
      0.4356625974178314,
      0.22737838327884674,
      0.21834370493888855,
      0.4156399369239807,
      0.7305869460105896,
      0.9999999403953552,
      0.575245201587677,
      0.4910278618335724,
      0.28895682096481323,
      -0.10976240038871765,
      0.2046571671962738,
      0.3521154224872589,
      0.3235221207141876,
      0.29137733578681946,
      0.2813822031021118,
      0.23528584837913513
    ],
    [
      0.3841257691383362,
      0.23704779148101807,
      0.24096719920635223,
      0.3599577248096466,
      0.5752929449081421,
      0.575245201587677,
      1.0,
      0.5685862898826599,
      0.31514692306518555,
      -0.12553980946540833,
      0.1969502717256546,
      0.27722403407096863,
      0.2870904505252838,
      0.3431849181652069,
      0.31769657135009766,
      0.2110712081193924
    ],
    [
      0.3596383333206177,
      0.22624343633651733,
      0.2048889547586441,
      0.19705507159233093,
      0.496820330619812,
      0.4910278618335724,
      0.5685862898826599,
      1.0,
      0.30551719665527344,
      -0.09307649731636047,
      0.1566796600818634,
      0.2620585858821869,
      0.244166761636734,
      0.29107680916786194,
      0.2391347587108612,
      0.1762690544128418
    ],
    [
      0.31746259331703186,
      0.24876713752746582,
      0.4635646641254425,
      0.33777642250061035,
      0.31751811504364014,
      0.28895682096481323,
      0.31514692306518555,
      0.30551719665527344,
      1.0,
      -0.01607062853872776,
      0.28971734642982483,
      0.18028618395328522,
      0.4197922646999359,
      0.26525768637657166,
      0.36727607250213623,
      0.3230787515640259
    ],
    [
      -0.08674003928899765,
      -0.03017914667725563,
      -0.044656794518232346,
      -0.08035282790660858,
      -0.07421077787876129,
      -0.10976240038871765,
      -0.12553980946540833,
      -0.09307649731636047,
      -0.01607062853872776,
      1.0,
      -0.056209996342659,
      -0.07236296683549881,
      -0.0314333476126194,
      -0.059826646000146866,
      -0.09665136784315109,
      0.00747491093352437
    ],
    [
      0.2151646614074707,
      0.2418397217988968,
      0.36282649636268616,
      0.22260144352912903,
      0.21195684373378754,
      0.2046571671962738,
      0.1969502717256546,
      0.1566796600818634,
      0.28971734642982483,
      -0.056209996342659,
      1.0,
      0.34375038743019104,
      0.2798188030719757,
      0.2802632749080658,
      0.2641901671886444,
      0.4911555051803589
    ],
    [
      0.31018155813217163,
      0.2849395275115967,
      0.19739243388175964,
      0.312203049659729,
      0.2595826983451843,
      0.3521154224872589,
      0.27722403407096863,
      0.2620585858821869,
      0.18028618395328522,
      -0.07236296683549881,
      0.34375038743019104,
      0.9999999403953552,
      0.29870909452438354,
      0.2830069959163666,
      0.2896585762500763,
      0.3444390892982483
    ],
    [
      0.3498009443283081,
      0.32905301451683044,
      0.46687281131744385,
      0.46781212091445923,
      0.3259003162384033,
      0.3235221207141876,
      0.2870904505252838,
      0.244166761636734,
      0.4197922646999359,
      -0.0314333476126194,
      0.2798188030719757,
      0.29870909452438354,
      1.0,
      0.28812041878700256,
      0.3482876420021057,
      0.3401896357536316
    ],
    [
      0.22848640382289886,
      0.31772640347480774,
      0.23763491213321686,
      0.30453941226005554,
      0.33654913306236267,
      0.29137733578681946,
      0.3431849181652069,
      0.29107680916786194,
      0.26525768637657166,
      -0.059826646000146866,
      0.2802632749080658,
      0.2830069959163666,
      0.28812041878700256,
      1.0,
      0.26030978560447693,
      0.29103997349739075
    ],
    [
      0.2789144217967987,
      0.2914249002933502,
      0.2763533294200897,
      0.3642983138561249,
      0.26769715547561646,
      0.2813822031021118,
      0.31769657135009766,
      0.2391347587108612,
      0.36727607250213623,
      -0.09665136784315109,
      0.2641901671886444,
      0.2896585762500763,
      0.3482876420021057,
      0.26030978560447693,
      1.0,
      0.4046279191970825
    ],
    [
      0.3054201602935791,
      0.28482916951179504,
      0.3890197277069092,
      0.314190149307251,
      0.22255150973796844,
      0.23528584837913513,
      0.2110712081193924,
      0.1762690544128418,
      0.3230787515640259,
      0.00747491093352437,
      0.4911555051803589,
      0.3444390892982483,
      0.3401896357536316,
      0.29103997349739075,
      0.4046279191970825,
      1.0
    ]
  ]
}