{
  "game_number": 243,
  "words": [
    "BOOK",
    "CHARTER",
    "RESERVE",
    "SECURE",
    "BALLOON",
    "BANNER",
    "CONFETTI",
    "GARLAND",
    "AMBASSADOR",
    "INFLUENCER",
    "MODEL",
    "STREAMER",
    "BUMPY",
    "ROUGH",
    "RUGGED",
    "UNEVEN"
  ],
  "adjacency_matrix": [
    [
      0.9999999403953552,
      0.4276542067527771,
      0.3790643513202667,
      0.3359624147415161,
      0.3345663845539093,
      0.3987996578216553,
      0.16592100262641907,
      0.31772980093955994,
      0.3206101059913635,
      0.26260900497436523,
      0.45124876499176025,
      0.27629953622817993,
      0.2618827819824219,
      0.33201882243156433,
      0.2521733045578003,
      0.2915585935115814
    ],
    [
      0.4276542067527771,
      1.0,
      0.3500693440437317,
      0.34683758020401,
      0.35262489318847656,
      0.3857833743095398,
      0.21880467236042023,
      0.21815098822116852,
      0.346856027841568,
      0.27183738350868225,
      0.470601886510849,
      0.2827413082122803,
      0.20976947247982025,
      0.29217827320098877,
      0.18846395611763,
      0.17746733129024506
    ],
    [
      0.3790643513202667,
      0.3500693440437317,
      1.0,
      0.5213542580604553,
      0.33895018696784973,
      0.29592636227607727,
      0.1434512436389923,
      0.2811684012413025,
      0.27327409386634827,
      0.2570131719112396,
      0.3545721173286438,
      0.27579736709594727,
      0.1587543785572052,
      0.3806374967098236,
      0.3134908974170685,
      0.2653708755970001
    ],
    [
      0.3359624147415161,
      0.34683758020401,
      0.5213542580604553,
      1.0,
      0.2946907877922058,
      0.3134135603904724,
      0.14926883578300476,
      0.34028929471969604,
      0.2432296872138977,
      0.24135425686836243,
      0.34749823808670044,
      0.16797953844070435,
      0.3325358033180237,
      0.4618576169013977,
      0.486458420753479,
      0.35337454080581665
    ],
    [
      0.3345663845539093,
      0.35262489318847656,
      0.33895018696784973,
      0.2946907877922058,
      0.9999999403953552,
      0.39423808455467224,
      0.4222230315208435,
      0.398912250995636,
      0.21654559671878815,
      0.2459506243467331,
      0.36068829894065857,
      0.40138569474220276,
      0.28396546840667725,
      0.2554319202899933,
      0.21156829595565796,
      0.22476333379745483
    ],
    [
      0.3987996578216553,
      0.3857833743095398,
      0.29592636227607727,
      0.3134135603904724,
      0.39423808455467224,
      1.0,
      0.3530210256576538,
      0.4315909147262573,
      0.3188305199146271,
      0.2907986640930176,
      0.3946148753166199,
      0.4597298204898834,
      0.2032894492149353,
      0.25278225541114807,
      0.21010711789131165,
      0.2700784504413605
    ],
    [
      0.16592100262641907,
      0.21880467236042023,
      0.1434512436389923,
      0.14926883578300476,
      0.4222230315208435,
      0.3530210256576538,
      1.0,
      0.4809093773365021,
      0.11943937093019485,
      0.14965805411338806,
      0.19150398671627045,
      0.3222203552722931,
      0.2364543229341507,
      0.20492863655090332,
      0.09045783430337906,
      0.21962137520313263
    ],
    [
      0.31772980093955994,
      0.21815098822116852,
      0.2811684012413025,
      0.34028929471969604,
      0.398912250995636,
      0.4315909147262573,
      0.4809093773365021,
      0.9999999403953552,
      0.2335178405046463,
      0.25540319085121155,
      0.297687292098999,
      0.39183107018470764,
      0.251819908618927,
      0.27735233306884766,
      0.297152578830719,
      0.22130213677883148
    ],
    [
      0.3206101059913635,
      0.346856027841568,
      0.27327409386634827,
      0.2432296872138977,
      0.21654559671878815,
      0.3188305199146271,
      0.11943937093019485,
      0.2335178405046463,
      1.0,
      0.48796749114990234,
      0.4046170711517334,
      0.20947155356407166,
      0.11921282857656479,
      0.16861823201179504,
      0.14908161759376526,
      0.12556107342243195
    ],
    [
      0.26260900497436523,
      0.27183738350868225,
      0.2570131719112396,
      0.24135425686836243,
      0.2459506243467331,
      0.2907986640930176,
      0.14965805411338806,
      0.25540319085121155,
      0.48796749114990234,
      1.0,
      0.45693105459213257,
      0.3387356698513031,
      0.1461673229932785,
      0.2037421315908432,
      0.21940293908119202,
      0.21397918462753296
    ],
    [
      0.45124876499176025,
      0.470601886510849,
      0.3545721173286438,
      0.34749823808670044,
      0.36068829894065857,
      0.3946148753166199,
      0.19150398671627045,
      0.297687292098999,
      0.4046170711517334,
      0.45693105459213257,
      1.0,
      0.38850879669189453,
      0.26827558875083923,
      0.3597358763217926,
      0.3314362168312073,
      0.2801743149757385
    ],
    [
      0.27629953622817993,
      0.2827413082122803,
      0.27579736709594727,
      0.16797953844070435,
      0.40138569474220276,
      0.4597298204898834,
      0.3222203552722931,
      0.39183107018470764,
      0.20947155356407166,
      0.3387356698513031,
      0.38850879669189453,
      0.9999999403953552,
      0.18535012006759644,
      0.22858625650405884,
      0.2206328809261322,
      0.20583444833755493
    ],
    [
      0.2618827819824219,
      0.20976947247982025,
      0.1587543785572052,
      0.3325358033180237,
      0.28396546840667725,
      0.2032894492149353,
      0.2364543229341507,
      0.251819908618927,
      0.11921282857656479,
      0.1461673229932785,
      0.26827558875083923,
      0.18535012006759644,
      1.0,
      0.6652565002441406,
      0.4761202037334442,
      0.6396647095680237
    ],
    [
      0.33201882243156433,
      0.29217827320098877,
      0.3806374967098236,
      0.4618576169013977,
      0.2554319202899933,
      0.25278225541114807,
      0.20492863655090332,
      0.27735233306884766,
      0.16861823201179504,
      0.2037421315908432,
      0.3597358763217926,
      0.22858625650405884,
      0.6652565002441406,
      1.0,
      0.5957939028739929,
      0.5983762145042419
    ],
    [
      0.2521733045578003,
      0.18846395611763,
      0.3134908974170685,
      0.486458420753479,
      0.21156829595565796,
      0.21010711789131165,
      0.09045783430337906,
      0.297152578830719,
      0.14908161759376526,
      0.21940293908119202,
      0.3314362168312073,
      0.2206328809261322,
      0.4761202037334442,
      0.5957939028739929,
      1.0,
      0.44756898283958435
    ],
    [
      0.2915585935115814,
      0.17746733129024506,
      0.2653708755970001,
      0.35337454080581665,
      0.22476333379745483,
      0.2700784504413605,
      0.21962137520313263,
      0.22130213677883148,
      0.12556107342243195,
      0.21397918462753296,
      0.2801743149757385,
      0.20583444833755493,
      0.6396647095680237,
      0.5983762145042419,
      0.44756898283958435,
      1.0
    ]
  ]
}