{
  "game_number": 248,
  "words": [
    "FLAT",
    "MULE",
    "PUMP",
    "SLIDE",
    "CHAIR",
    "LEADER",
    "SPEAKER",
    "WHIP",
    "DUG",
    "MATTE",
    "MIC",
    "PEAT",
    "CHIEF",
    "PREMIER",
    "PRINCIPAL",
    "SUPREME"
  ],
  "adjacency_matrix": [
    [
      0.9999999403953552,
      0.319536417722702,
      0.3083716332912445,
      0.4863346517086029,
      0.36802828311920166,
      0.2463158369064331,
      0.2809886634349823,
      0.30115559697151184,
      0.2892695963382721,
      0.39906615018844604,
      0.3669698238372803,
      0.400684118270874,
      0.1964019238948822,
      0.29249754548072815,
      0.35024136304855347,
      0.27639323472976685
    ],
    [
      0.319536417722702,
      1.0,
      0.34866663813591003,
      0.3427666425704956,
      0.3047477900981903,
      0.3395702838897705,
      0.2715945541858673,
      0.46126222610473633,
      0.23221075534820557,
      0.26520460844039917,
      0.28021103143692017,
      0.3094126582145691,
      0.3323996067047119,
      0.23620425164699554,
      0.28651362657546997,
      0.2496286928653717
    ],
    [
      0.3083716332912445,
      0.34866663813591003,
      1.0,
      0.4139501452445984,
      0.26739075779914856,
      0.2508448362350464,
      0.31101587414741516,
      0.3280600607395172,
      0.3259681165218353,
      0.22491122782230377,
      0.32359328866004944,
      0.2920510172843933,
      0.26592734456062317,
      0.2141333520412445,
      0.24306710064411163,
      0.24381910264492035
    ],
    [
      0.4863346517086029,
      0.3427666425704956,
      0.4139501452445984,
      1.0,
      0.4045010209083557,
      0.30994707345962524,
      0.41135290265083313,
      0.3566987216472626,
      0.26108527183532715,
      0.3838425576686859,
      0.4057859480381012,
      0.3006477355957031,
      0.22898443043231964,
      0.32046401500701904,
      0.32768481969833374,
      0.2400369644165039
    ],
    [
      0.36802828311920166,
      0.3047477900981903,
      0.26739075779914856,
      0.4045010209083557,
      1.0,
      0.4971391558647156,
      0.5317829847335815,
      0.4650989770889282,
      0.1261105239391327,
      0.22766445577144623,
      0.3145512640476227,
      0.2087296098470688,
      0.4785790741443634,
      0.3934069573879242,
      0.4247792065143585,
      0.3430771231651306
    ],
    [
      0.2463158369064331,
      0.3395702838897705,
      0.2508448362350464,
      0.30994707345962524,
      0.4971391558647156,
      1.0,
      0.5748646855354309,
      0.4609675109386444,
      0.15668489038944244,
      0.15206791460514069,
      0.2925001382827759,
      0.16322726011276245,
      0.6312991976737976,
      0.6318042278289795,
      0.5473149418830872,
      0.541441798210144
    ],
    [
      0.2809886634349823,
      0.2715945541858673,
      0.31101587414741516,
      0.41135290265083313,
      0.5317829847335815,
      0.5748646855354309,
      1.0,
      0.3675212562084198,
      0.12279040366411209,
      0.2522489130496979,
      0.4728805124759674,
      0.13634662330150604,
      0.46117791533470154,
      0.4412161707878113,
      0.43886274099349976,
      0.3631390929222107
    ],
    [
      0.30115559697151184,
      0.46126222610473633,
      0.3280600607395172,
      0.3566987216472626,
      0.4650989770889282,
      0.4609675109386444,
      0.3675212562084198,
      0.9999999403953552,
      0.20230266451835632,
      0.2445068359375,
      0.2887645363807678,
      0.22367754578590393,
      0.37525704503059387,
      0.34064412117004395,
      0.3068256378173828,
      0.3474947512149811
    ],
    [
      0.2892695963382721,
      0.23221075534820557,
      0.3259681165218353,
      0.26108527183532715,
      0.1261105239391327,
      0.15668489038944244,
      0.12279040366411209,
      0.20230266451835632,
      1.0,
      0.16183796525001526,
      0.17822952568531036,
      0.3401578366756439,
      0.13686640560626984,
      0.12466895580291748,
      0.12209213525056839,
      0.13286446034908295
    ],
    [
      0.39906615018844604,
      0.26520460844039917,
      0.22491122782230377,
      0.3838425576686859,
      0.22766445577144623,
      0.15206791460514069,
      0.2522489130496979,
      0.2445068359375,
      0.16183796525001526,
      1.0,
      0.28637993335723877,
      0.32447269558906555,
      0.14029155671596527,
      0.23767127096652985,
      0.24182800948619843,
      0.24129721522331238
    ],
    [
      0.3669698238372803,
      0.28021103143692017,
      0.32359328866004944,
      0.4057859480381012,
      0.3145512640476227,
      0.2925001382827759,
      0.4728805124759674,
      0.2887645363807678,
      0.17822952568531036,
      0.28637993335723877,
      0.9999999403953552,
      0.25643548369407654,
      0.20322079956531525,
      0.2732580900192261,
      0.2676248848438263,
      0.2564558982849121
    ],
    [
      0.400684118270874,
      0.3094126582145691,
      0.2920510172843933,
      0.3006477355957031,
      0.2087296098470688,
      0.16322726011276245,
      0.13634662330150604,
      0.22367754578590393,
      0.3401578366756439,
      0.32447269558906555,
      0.25643548369407654,
      1.0,
      0.17491210997104645,
      0.16253319382667542,
      0.22252897918224335,
      0.21404224634170532
    ],
    [
      0.1964019238948822,
      0.3323996067047119,
      0.26592734456062317,
      0.22898443043231964,
      0.4785790741443634,
      0.6312991976737976,
      0.46117791533470154,
      0.37525704503059387,
      0.13686640560626984,
      0.14029155671596527,
      0.20322079956531525,
      0.17491210997104645,
      1.0,
      0.5429577231407166,
      0.6993777751922607,
      0.5863303542137146
    ],
    [
      0.29249754548072815,
      0.23620425164699554,
      0.2141333520412445,
      0.32046401500701904,
      0.3934069573879242,
      0.6318042278289795,
      0.4412161707878113,
      0.34064412117004395,
      0.12466895580291748,
      0.23767127096652985,
      0.2732580900192261,
      0.16253319382667542,
      0.5429577231407166,
      0.9999999403953552,
      0.5087113380432129,
      0.5380337238311768
    ],
    [
      0.35024136304855347,
      0.28651362657546997,
      0.24306710064411163,
      0.32768481969833374,
      0.4247792065143585,
      0.5473149418830872,
      0.43886274099349976,
      0.3068256378173828,
      0.12209213525056839,
      0.24182800948619843,
      0.2676248848438263,
      0.22252897918224335,
      0.6993777751922607,
      0.5087113380432129,
      1.0000001192092896,
      0.5105925798416138
    ],
    [
      0.27639323472976685,
      0.2496286928653717,
      0.24381910264492035,
      0.2400369644165039,
      0.3430771231651306,
      0.541441798210144,
      0.3631390929222107,
      0.3474947512149811,
      0.13286446034908295,
      0.24129721522331238,
      0.2564558982849121,
      0.21404224634170532,
      0.5863303542137146,
      0.5380337238311768,
      0.5105925798416138,
      1.0
    ]
  ]
}