{
  "game_number": 278,
  "words": [
    "MIX",
    "SAMPLE",
    "SCRATCH",
    "SPIN",
    "DIRECT",
    "IRREGULAR",
    "POSSESSIVE",
    "PRESENT",
    "ECOLOGICAL",
    "JEALOUS",
    "LUSH",
    "NAUSEOUS",
    "HYPE",
    "MARKET",
    "PITCH",
    "SELL"
  ],
  "adjacency_matrix": [
    [
      1.0,
      0.5384486317634583,
      0.45804843306541443,
      0.5172776579856873,
      0.43811720609664917,
      0.3168235123157501,
      0.259664922952652,
      0.4551866352558136,
      0.30628445744514465,
      0.25211527943611145,
      0.38463056087493896,
      0.2269473671913147,
      0.39976900815963745,
      0.4976145327091217,
      0.4714750349521637,
      0.44378167390823364
    ],
    [
      0.5384486317634583,
      1.0,
      0.40902605652809143,
      0.36674410104751587,
      0.4135856330394745,
      0.34510043263435364,
      0.20379219949245453,
      0.4597279131412506,
      0.29874387383461,
      0.16287308931350708,
      0.28368911147117615,
      0.16236676275730133,
      0.23823291063308716,
      0.412435919046402,
      0.3633870482444763,
      0.34471485018730164
    ],
    [
      0.45804843306541443,
      0.40902605652809143,
      1.0000001192092896,
      0.39522653818130493,
      0.4222398102283478,
      0.30858325958251953,
      0.24747854471206665,
      0.4332834780216217,
      0.2009257674217224,
      0.2671560049057007,
      0.2479691505432129,
      0.2780505418777466,
      0.266539067029953,
      0.37520647048950195,
      0.4551495909690857,
      0.39421606063842773
    ],
    [
      0.5172776579856873,
      0.36674410104751587,
      0.39522653818130493,
      0.9999999403953552,
      0.4101109504699707,
      0.31363630294799805,
      0.21739542484283447,
      0.3474346399307251,
      0.27064070105552673,
      0.25630223751068115,
      0.28987476229667664,
      0.32101184129714966,
      0.4925459623336792,
      0.3792925477027893,
      0.4966520667076111,
      0.4033398926258087
    ],
    [
      0.43811720609664917,
      0.4135856330394745,
      0.4222398102283478,
      0.4101109504699707,
      1.0,
      0.3965528905391693,
      0.37733155488967896,
      0.569881021976471,
      0.3939948081970215,
      0.3054533898830414,
      0.29635685682296753,
      0.22214077413082123,
      0.27982091903686523,
      0.4152241051197052,
      0.41777580976486206,
      0.42664864659309387
    ],
    [
      0.3168235123157501,
      0.34510043263435364,
      0.30858325958251953,
      0.31363630294799805,
      0.3965528905391693,
      1.0,
      0.44007977843284607,
      0.3763101398944855,
      0.3660639226436615,
      0.35440146923065186,
      0.4029315710067749,
      0.3736211955547333,
      0.20973138511180878,
      0.34424376487731934,
      0.33506596088409424,
      0.22342166304588318
    ],
    [
      0.259664922952652,
      0.20379219949245453,
      0.24747854471206665,
      0.21739542484283447,
      0.37733155488967896,
      0.44007977843284607,
      1.0,
      0.38489940762519836,
      0.27820277214050293,
      0.5207085609436035,
      0.288413405418396,
      0.3642715811729431,
      0.1379745900630951,
      0.22180822491645813,
      0.2286624014377594,
      0.25395098328590393
    ],
    [
      0.4551866352558136,
      0.4597279131412506,
      0.4332834780216217,
      0.3474346399307251,
      0.569881021976471,
      0.3763101398944855,
      0.38489940762519836,
      0.9999999403953552,
      0.355940043926239,
      0.26280277967453003,
      0.2331048548221588,
      0.24705934524536133,
      0.28164905309677124,
      0.4256950914859772,
      0.42606207728385925,
      0.4132973849773407
    ],
    [
      0.30628445744514465,
      0.29874387383461,
      0.2009257674217224,
      0.27064070105552673,
      0.3939948081970215,
      0.3660639226436615,
      0.27820277214050293,
      0.355940043926239,
      1.0,
      0.2760816812515259,
      0.4148905873298645,
      0.27053743600845337,
      0.3303487300872803,
      0.4194425046443939,
      0.29691267013549805,
      0.18901070952415466
    ],
    [
      0.25211527943611145,
      0.16287308931350708,
      0.2671560049057007,
      0.25630223751068115,
      0.3054533898830414,
      0.35440146923065186,
      0.5207085609436035,
      0.26280277967453003,
      0.2760816812515259,
      1.0,
      0.3127872943878174,
      0.4560414254665375,
      0.3514827489852905,
      0.25534525513648987,
      0.23582807183265686,
      0.234922394156456
    ],
    [
      0.38463056087493896,
      0.28368911147117615,
      0.2479691505432129,
      0.28987476229667664,
      0.29635685682296753,
      0.4029315710067749,
      0.288413405418396,
      0.2331048548221588,
      0.4148905873298645,
      0.3127872943878174,
      1.0,
      0.3097505569458008,
      0.33972352743148804,
      0.25179678201675415,
      0.31295356154441833,
      0.2490997165441513
    ],
    [
      0.2269473671913147,
      0.16236676275730133,
      0.2780505418777466,
      0.32101184129714966,
      0.22214077413082123,
      0.3736211955547333,
      0.3642715811729431,
      0.24705934524536133,
      0.27053743600845337,
      0.4560414254665375,
      0.3097505569458008,
      1.0,
      0.3061758577823639,
      0.20548807084560394,
      0.25865334272384644,
      0.24600940942764282
    ],
    [
      0.39976900815963745,
      0.23823291063308716,
      0.266539067029953,
      0.4925459623336792,
      0.27982091903686523,
      0.20973138511180878,
      0.1379745900630951,
      0.28164905309677124,
      0.3303487300872803,
      0.3514827489852905,
      0.33972352743148804,
      0.3061758577823639,
      1.0,
      0.42852362990379333,
      0.36108478903770447,
      0.3541680872440338
    ],
    [
      0.4976145327091217,
      0.412435919046402,
      0.37520647048950195,
      0.3792925477027893,
      0.4152241051197052,
      0.34424376487731934,
      0.22180822491645813,
      0.4256950914859772,
      0.4194425046443939,
      0.25534525513648987,
      0.25179678201675415,
      0.20548807084560394,
      0.42852362990379333,
      1.0,
      0.43871715664863586,
      0.5594660043716431
    ],
    [
      0.4714750349521637,
      0.3633870482444763,
      0.4551495909690857,
      0.4966520667076111,
      0.41777580976486206,
      0.33506596088409424,
      0.2286624014377594,
      0.42606207728385925,
      0.29691267013549805,
      0.23582807183265686,
      0.31295356154441833,
      0.25865334272384644,
      0.36108478903770447,
      0.43871715664863586,
      1.0,
      0.44121214747428894
    ],
    [
      0.44378167390823364,
      0.34471485018730164,
      0.39421606063842773,
      0.4033398926258087,
      0.42664864659309387,
      0.22342166304588318,
      0.25395098328590393,
      0.4132973849773407,
      0.18901070952415466,
      0.234922394156456,
      0.2490997165441513,
      0.24600940942764282,
      0.3541680872440338,
      0.5594660043716431,
      0.44121214747428894,
      1.0
    ]
  ]
}