{
  "game_number": 141,
  "words": [
    "BUNCH",
    "GATHER",
    "RUFFLE",
    "PUCKER",
    "LATER",
    "NOW",
    "SOON",
    "THEN",
    "FAST",
    "FINGER",
    "JUNK",
    "SOUL",
    "DIRECT",
    "HEAD",
    "LEAD",
    "RUN"
  ],
  "adjacency_matrix": [
    [
      0.9999999403953552,
      0.423933744430542,
      0.31021013855934143,
      0.3699777126312256,
      0.31814125180244446,
      0.35782068967819214,
      0.33012449741363525,
      0.32455530762672424,
      0.37610945105552673,
      0.3385370969772339,
      0.46493417024612427,
      0.3147895634174347,
      0.32677170634269714,
      0.38360172510147095,
      0.3891860544681549,
      0.4070889949798584
    ],
    [
      0.423933744430542,
      1.0,
      0.3087422549724579,
      0.17662636935710907,
      0.3413582146167755,
      0.432970255613327,
      0.38782593607902527,
      0.4288187325000763,
      0.35134467482566833,
      0.2932314872741699,
      0.314617782831192,
      0.2501417100429535,
      0.403950959444046,
      0.36050868034362793,
      0.4072844684123993,
      0.4382869601249695
    ],
    [
      0.31021013855934143,
      0.3087422549724579,
      1.0,
      0.4030948877334595,
      0.205054372549057,
      0.2036948949098587,
      0.27451035380363464,
      0.20283158123493195,
      0.22165364027023315,
      0.37435483932495117,
      0.1946907639503479,
      0.20908844470977783,
      0.28387191891670227,
      0.3615444302558899,
      0.31489068269729614,
      0.26202839612960815
    ],
    [
      0.3699777126312256,
      0.17662636935710907,
      0.4030948877334595,
      1.0,
      0.24228116869926453,
      0.15536248683929443,
      0.22860175371170044,
      0.22008848190307617,
      0.2500649690628052,
      0.48756733536720276,
      0.25337693095207214,
      0.31418782472610474,
      0.2958051562309265,
      0.35533371567726135,
      0.25765466690063477,
      0.19528962671756744
    ],
    [
      0.31814125180244446,
      0.3413582146167755,
      0.205054372549057,
      0.24228116869926453,
      1.0,
      0.6013482213020325,
      0.6637302041053772,
      0.6494306921958923,
      0.314117968082428,
      0.2635366916656494,
      0.2966088056564331,
      0.26654869318008423,
      0.41988810896873474,
      0.41150137782096863,
      0.5102232098579407,
      0.46517544984817505
    ],
    [
      0.35782068967819214,
      0.432970255613327,
      0.2036948949098587,
      0.15536248683929443,
      0.6013482213020325,
      0.9999999403953552,
      0.6855447292327881,
      0.7131215333938599,
      0.38244423270225525,
      0.284563809633255,
      0.3360044062137604,
      0.2847784757614136,
      0.36192798614501953,
      0.40512731671333313,
      0.4485909342765808,
      0.500148594379425
    ],
    [
      0.33012449741363525,
      0.38782593607902527,
      0.27451035380363464,
      0.22860175371170044,
      0.6637302041053772,
      0.6855447292327881,
      1.0,
      0.6427847743034363,
      0.46768465638160706,
      0.2250005155801773,
      0.27688297629356384,
      0.2316872924566269,
      0.33791878819465637,
      0.3396906852722168,
      0.43048208951950073,
      0.457806259393692
    ],
    [
      0.32455530762672424,
      0.4288187325000763,
      0.20283158123493195,
      0.22008848190307617,
      0.6494306921958923,
      0.7131215333938599,
      0.6427847743034363,
      0.9999999403953552,
      0.3463224470615387,
      0.3176655173301697,
      0.30945494771003723,
      0.34997570514678955,
      0.41412776708602905,
      0.4278852641582489,
      0.48994776606559753,
      0.4970296025276184
    ],
    [
      0.37610945105552673,
      0.35134467482566833,
      0.22165364027023315,
      0.2500649690628052,
      0.314117968082428,
      0.38244423270225525,
      0.46768465638160706,
      0.3463224470615387,
      1.0,
      0.3608296811580658,
      0.34276920557022095,
      0.3291788101196289,
      0.4579944312572479,
      0.3279664218425751,
      0.40287595987319946,
      0.5013473033905029
    ],
    [
      0.3385370969772339,
      0.2932314872741699,
      0.37435483932495117,
      0.48756733536720276,
      0.2635366916656494,
      0.284563809633255,
      0.2250005155801773,
      0.3176655173301697,
      0.3608296811580658,
      1.0,
      0.24903646111488342,
      0.36723434925079346,
      0.42657172679901123,
      0.5231409072875977,
      0.385011225938797,
      0.3360140025615692
    ],
    [
      0.46493417024612427,
      0.314617782831192,
      0.1946907639503479,
      0.25337693095207214,
      0.2966088056564331,
      0.3360044062137604,
      0.27688297629356384,
      0.30945494771003723,
      0.34276920557022095,
      0.24903646111488342,
      1.0,
      0.3463117182254791,
      0.3298894166946411,
      0.2928944230079651,
      0.3173469305038452,
      0.32366859912872314
    ],
    [
      0.3147895634174347,
      0.2501417100429535,
      0.20908844470977783,
      0.31418782472610474,
      0.26654869318008423,
      0.2847784757614136,
      0.2316872924566269,
      0.34997570514678955,
      0.3291788101196289,
      0.36723434925079346,
      0.3463117182254791,
      1.0,
      0.3525123596191406,
      0.39556533098220825,
      0.34404659271240234,
      0.2383105605840683
    ],
    [
      0.32677170634269714,
      0.403950959444046,
      0.28387191891670227,
      0.2958051562309265,
      0.41988810896873474,
      0.36192798614501953,
      0.33791878819465637,
      0.41412776708602905,
      0.4579944312572479,
      0.42657172679901123,
      0.3298894166946411,
      0.3525123596191406,
      1.0,
      0.5021235346794128,
      0.5771968364715576,
      0.5058919787406921
    ],
    [
      0.38360172510147095,
      0.36050868034362793,
      0.3615444302558899,
      0.35533371567726135,
      0.41150137782096863,
      0.40512731671333313,
      0.3396906852722168,
      0.4278852641582489,
      0.3279664218425751,
      0.5231409072875977,
      0.2928944230079651,
      0.39556533098220825,
      0.5021235346794128,
      1.0,
      0.5896058678627014,
      0.532622754573822
    ],
    [
      0.3891860544681549,
      0.4072844684123993,
      0.31489068269729614,
      0.25765466690063477,
      0.5102232098579407,
      0.4485909342765808,
      0.43048208951950073,
      0.48994776606559753,
      0.40287595987319946,
      0.385011225938797,
      0.3173469305038452,
      0.34404659271240234,
      0.5771968364715576,
      0.5896058678627014,
      1.0,
      0.5662394762039185
    ],
    [
      0.4070889949798584,
      0.4382869601249695,
      0.26202839612960815,
      0.19528962671756744,
      0.46517544984817505,
      0.500148594379425,
      0.457806259393692,
      0.4970296025276184,
      0.5013473033905029,
      0.3360140025615692,
      0.32366859912872314,
      0.2383105605840683,
      0.5058919787406921,
      0.532622754573822,
      0.5662394762039185,
      1.0
    ]
  ]
}