{
  "game_number": 205,
  "words": [
    "GROOVE",
    "JAM",
    "ROCK",
    "SHRED",
    "TAX",
    "TIP",
    "TOTAL",
    "SIGNATURE",
    "CUBE",
    "GRAIN",
    "POWDER",
    "SYRUP",
    "CANARY",
    "LEMON",
    "MINION",
    "MUSTARD"
  ],
  "adjacency_matrix": [
    [
      1.0,
      0.4619259238243103,
      0.528115451335907,
      0.29321208596229553,
      0.2990749478340149,
      0.40463852882385254,
      0.3025035560131073,
      0.3909633159637451,
      0.38568949699401855,
      0.33123475313186646,
      0.364950567483902,
      0.2873176336288452,
      0.24621325731277466,
      0.2975832223892212,
      0.313541054725647,
      0.24318762123584747
    ],
    [
      0.4619259238243103,
      1.0,
      0.4396089017391205,
      0.29514965415000916,
      0.28801894187927246,
      0.3057820498943329,
      0.16732841730117798,
      0.22987908124923706,
      0.3456250727176666,
      0.3302189111709595,
      0.41439491510391235,
      0.40902528166770935,
      0.23074908554553986,
      0.44335252046585083,
      0.21669097244739532,
      0.2952509820461273
    ],
    [
      0.528115451335907,
      0.4396089017391205,
      1.0,
      0.3518810272216797,
      0.3749842941761017,
      0.34063810110092163,
      0.30462467670440674,
      0.3503313660621643,
      0.42333993315696716,
      0.4299420714378357,
      0.45122861862182617,
      0.26116469502449036,
      0.3928920030593872,
      0.36574459075927734,
      0.3449097275733948,
      0.3093371093273163
    ],
    [
      0.29321208596229553,
      0.29514965415000916,
      0.3518810272216797,
      1.0,
      0.3244563639163971,
      0.33947476744651794,
      0.307125985622406,
      0.36166656017303467,
      0.24897639453411102,
      0.3389064371585846,
      0.3012616038322449,
      0.18882973492145538,
      0.20416326820850372,
      0.3426821827888489,
      0.2699371874332428,
      0.3283206820487976
    ],
    [
      0.2990749478340149,
      0.28801894187927246,
      0.3749842941761017,
      0.3244563639163971,
      1.0,
      0.36926865577697754,
      0.39073944091796875,
      0.3840872049331665,
      0.3097759187221527,
      0.3630879521369934,
      0.35818177461624146,
      0.31285613775253296,
      0.1735927015542984,
      0.3407616913318634,
      0.3287225067615509,
      0.33107471466064453
    ],
    [
      0.40463852882385254,
      0.3057820498943329,
      0.34063810110092163,
      0.33947476744651794,
      0.36926865577697754,
      0.9999999403953552,
      0.2960999608039856,
      0.3463948965072632,
      0.31408047676086426,
      0.3037876784801483,
      0.373306006193161,
      0.22168461978435516,
      0.25475284457206726,
      0.32646307349205017,
      0.28458523750305176,
      0.2270672470331192
    ],
    [
      0.3025035560131073,
      0.16732841730117798,
      0.30462467670440674,
      0.307125985622406,
      0.39073944091796875,
      0.2960999608039856,
      1.0000001192092896,
      0.31285133957862854,
      0.3705472946166992,
      0.39577963948249817,
      0.2995867133140564,
      0.190792515873909,
      0.237459197640419,
      0.28019586205482483,
      0.32952961325645447,
      0.25332140922546387
    ],
    [
      0.3909633159637451,
      0.22987908124923706,
      0.3503313660621643,
      0.36166656017303467,
      0.3840872049331665,
      0.3463948965072632,
      0.31285133957862854,
      1.0,
      0.2564202845096588,
      0.24615035951137543,
      0.31074002385139465,
      0.22755646705627441,
      0.2712826132774353,
      0.2832818031311035,
      0.36020663380622864,
      0.31060290336608887
    ],
    [
      0.38568949699401855,
      0.3456250727176666,
      0.42333993315696716,
      0.24897639453411102,
      0.3097759187221527,
      0.31408047676086426,
      0.3705472946166992,
      0.2564202845096588,
      0.9999999403953552,
      0.4067211151123047,
      0.4066915214061737,
      0.45548784732818604,
      0.3493767976760864,
      0.451882928609848,
      0.35182785987854004,
      0.3070918321609497
    ],
    [
      0.33123475313186646,
      0.3302189111709595,
      0.4299420714378357,
      0.3389064371585846,
      0.3630879521369934,
      0.3037876784801483,
      0.39577963948249817,
      0.24615035951137543,
      0.4067211151123047,
      0.9999999403953552,
      0.49115926027297974,
      0.38378968834877014,
      0.32107454538345337,
      0.2965603768825531,
      0.3206564486026764,
      0.4264109134674072
    ],
    [
      0.364950567483902,
      0.41439491510391235,
      0.45122861862182617,
      0.3012616038322449,
      0.35818177461624146,
      0.373306006193161,
      0.2995867133140564,
      0.31074002385139465,
      0.4066915214061737,
      0.49115926027297974,
      1.0,
      0.511908769607544,
      0.29770344495773315,
      0.3658648431301117,
      0.33586385846138,
      0.4245484471321106
    ],
    [
      0.2873176336288452,
      0.40902528166770935,
      0.26116469502449036,
      0.18882973492145538,
      0.31285613775253296,
      0.22168461978435516,
      0.190792515873909,
      0.22755646705627441,
      0.45548784732818604,
      0.38378968834877014,
      0.511908769607544,
      1.0,
      0.23239193856716156,
      0.5028807520866394,
      0.2212207019329071,
      0.38699647784233093
    ],
    [
      0.24621325731277466,
      0.23074908554553986,
      0.3928920030593872,
      0.20416326820850372,
      0.1735927015542984,
      0.25475284457206726,
      0.237459197640419,
      0.2712826132774353,
      0.3493767976760864,
      0.32107454538345337,
      0.29770344495773315,
      0.23239193856716156,
      1.0,
      0.3899921178817749,
      0.37809911370277405,
      0.38282519578933716
    ],
    [
      0.2975832223892212,
      0.44335252046585083,
      0.36574459075927734,
      0.3426821827888489,
      0.3407616913318634,
      0.32646307349205017,
      0.28019586205482483,
      0.2832818031311035,
      0.451882928609848,
      0.2965603768825531,
      0.3658648431301117,
      0.5028807520866394,
      0.3899921178817749,
      1.0,
      0.26218289136886597,
      0.4732077419757843
    ],
    [
      0.313541054725647,
      0.21669097244739532,
      0.3449097275733948,
      0.2699371874332428,
      0.3287225067615509,
      0.28458523750305176,
      0.32952961325645447,
      0.36020663380622864,
      0.35182785987854004,
      0.3206564486026764,
      0.33586385846138,
      0.2212207019329071,
      0.37809911370277405,
      0.26218289136886597,
      0.9999999403953552,
      0.26035305857658386
    ],
    [
      0.24318762123584747,
      0.2952509820461273,
      0.3093371093273163,
      0.3283206820487976,
      0.33107471466064453,
      0.2270672470331192,
      0.25332140922546387,
      0.31060290336608887,
      0.3070918321609497,
      0.4264109134674072,
      0.4245484471321106,
      0.38699647784233093,
      0.38282519578933716,
      0.4732077419757843,
      0.26035305857658386,
      1.0
    ]
  ]
}