{
  "game_number": 196,
  "words": [
    "IDEA",
    "PERSON",
    "PLACE",
    "THING",
    "AMBIENT",
    "HOUSE",
    "JUNGLE",
    "TRANCE",
    "BLOND",
    "TRAY",
    "TREE",
    "WEDNESDAY",
    "ACCOUNT",
    "CHRONICLE",
    "DESCRIPTION",
    "STORY"
  ],
  "adjacency_matrix": [
    [
      0.9999999403953552,
      0.4378201961517334,
      0.5110653638839722,
      0.6573517918586731,
      0.2915189862251282,
      0.3558710217475891,
      0.26457804441452026,
      0.32404276728630066,
      0.25614094734191895,
      0.33840399980545044,
      0.3579443395137787,
      0.22776444256305695,
      0.4738682210445404,
      0.27408114075660706,
      0.5016738772392273,
      0.49515625834465027
    ],
    [
      0.4378201961517334,
      1.0,
      0.5099867582321167,
      0.5444942116737366,
      0.23911724984645844,
      0.4714038074016571,
      0.2368049919605255,
      0.34613654017448425,
      0.3834379017353058,
      0.3424294590950012,
      0.3834584951400757,
      0.26809754967689514,
      0.4768541157245636,
      0.2937030494213104,
      0.3932553827762604,
      0.41652336716651917
    ],
    [
      0.5110653638839722,
      0.5099867582321167,
      1.0,
      0.5688031911849976,
      0.3538359999656677,
      0.5541447401046753,
      0.3546682298183441,
      0.3814779222011566,
      0.23129692673683167,
      0.4487791955471039,
      0.4121464788913727,
      0.29305848479270935,
      0.5016111731529236,
      0.34351345896720886,
      0.44925457239151,
      0.41788914799690247
    ],
    [
      0.6573517918586731,
      0.5444942116737366,
      0.5688031911849976,
      1.0,
      0.26145705580711365,
      0.38424989581108093,
      0.2999929189682007,
      0.344611257314682,
      0.34562304615974426,
      0.3919840157032013,
      0.3590063452720642,
      0.3367071747779846,
      0.4296274185180664,
      0.31640738248825073,
      0.46854138374328613,
      0.5371412634849548
    ],
    [
      0.2915189862251282,
      0.23911724984645844,
      0.3538359999656677,
      0.26145705580711365,
      1.0,
      0.3500702679157257,
      0.3751864731311798,
      0.48567500710487366,
      0.26714053750038147,
      0.2899901866912842,
      0.27746328711509705,
      0.1611328423023224,
      0.2690154016017914,
      0.26280778646469116,
      0.30348706245422363,
      0.23641088604927063
    ],
    [
      0.3558710217475891,
      0.4714038074016571,
      0.5541447401046753,
      0.38424989581108093,
      0.3500702679157257,
      0.9999999403953552,
      0.4099840223789215,
      0.4179437458515167,
      0.26053929328918457,
      0.3659679889678955,
      0.4984344244003296,
      0.36155006289482117,
      0.38679295778274536,
      0.3089987635612488,
      0.39399465918540955,
      0.4263274073600769
    ],
    [
      0.26457804441452026,
      0.2368049919605255,
      0.3546682298183441,
      0.2999929189682007,
      0.3751864731311798,
      0.4099840223789215,
      1.0,
      0.4507814347743988,
      0.21701523661613464,
      0.22602719068527222,
      0.463324636220932,
      0.21963706612586975,
      0.23433314263820648,
      0.2488865703344345,
      0.24443629384040833,
      0.3407320976257324
    ],
    [
      0.32404276728630066,
      0.34613654017448425,
      0.3814779222011566,
      0.344611257314682,
      0.48567500710487366,
      0.4179437458515167,
      0.4507814347743988,
      1.0,
      0.24812863767147064,
      0.28016403317451477,
      0.3012021481990814,
      0.26687362790107727,
      0.2930682897567749,
      0.23669053614139557,
      0.33918124437332153,
      0.29520899057388306
    ],
    [
      0.25614094734191895,
      0.3834379017353058,
      0.23129692673683167,
      0.34562304615974426,
      0.26714053750038147,
      0.26053929328918457,
      0.21701523661613464,
      0.24812863767147064,
      0.9999999403953552,
      0.20767506957054138,
      0.2771766483783722,
      0.2192843109369278,
      0.24770760536193848,
      0.2228907197713852,
      0.3172082304954529,
      0.3039013743400574
    ],
    [
      0.33840399980545044,
      0.3424294590950012,
      0.4487791955471039,
      0.3919840157032013,
      0.2899901866912842,
      0.3659679889678955,
      0.22602719068527222,
      0.28016403317451477,
      0.20767506957054138,
      1.0,
      0.38556739687919617,
      0.18199840188026428,
      0.29840436577796936,
      0.14391201734542847,
      0.3259471356868744,
      0.2973922789096832
    ],
    [
      0.3579443395137787,
      0.3834584951400757,
      0.4121464788913727,
      0.3590063452720642,
      0.27746328711509705,
      0.4984344244003296,
      0.463324636220932,
      0.3012021481990814,
      0.2771766483783722,
      0.38556739687919617,
      1.0,
      0.23227879405021667,
      0.3294190466403961,
      0.25722983479499817,
      0.3757992088794708,
      0.40441516041755676
    ],
    [
      0.22776444256305695,
      0.26809754967689514,
      0.29305848479270935,
      0.3367071747779846,
      0.1611328423023224,
      0.36155006289482117,
      0.21963706612586975,
      0.26687362790107727,
      0.2192843109369278,
      0.18199840188026428,
      0.23227879405021667,
      1.0,
      0.23581594228744507,
      0.26536235213279724,
      0.23548607528209686,
      0.3095874488353729
    ],
    [
      0.4738682210445404,
      0.4768541157245636,
      0.5016111731529236,
      0.4296274185180664,
      0.2690154016017914,
      0.38679295778274536,
      0.23433314263820648,
      0.2930682897567749,
      0.24770760536193848,
      0.29840436577796936,
      0.3294190466403961,
      0.23581594228744507,
      1.0,
      0.46720561385154724,
      0.5174962878227234,
      0.45856520533561707
    ],
    [
      0.27408114075660706,
      0.2937030494213104,
      0.34351345896720886,
      0.31640738248825073,
      0.26280778646469116,
      0.3089987635612488,
      0.2488865703344345,
      0.23669053614139557,
      0.2228907197713852,
      0.14391201734542847,
      0.25722983479499817,
      0.26536235213279724,
      0.46720561385154724,
      1.0,
      0.4939645528793335,
      0.6205426454544067
    ],
    [
      0.5016738772392273,
      0.3932553827762604,
      0.44925457239151,
      0.46854138374328613,
      0.30348706245422363,
      0.39399465918540955,
      0.24443629384040833,
      0.33918124437332153,
      0.3172082304954529,
      0.3259471356868744,
      0.3757992088794708,
      0.23548607528209686,
      0.5174962878227234,
      0.4939645528793335,
      0.9999999403953552,
      0.550134539604187
    ],
    [
      0.49515625834465027,
      0.41652336716651917,
      0.41788914799690247,
      0.5371412634849548,
      0.23641088604927063,
      0.4263274073600769,
      0.3407320976257324,
      0.29520899057388306,
      0.3039013743400574,
      0.2973922789096832,
      0.40441516041755676,
      0.3095874488353729,
      0.45856520533561707,
      0.6205426454544067,
      0.550134539604187,
      1.0
    ]
  ]
}