{
  "game_number": 625,
  "words": [
    "BARON",
    "EARL",
    "KING",
    "PRINCE",
    "BROWN",
    "DUKE",
    "HOWARD",
    "RICE",
    "BONG",
    "FORD",
    "LEE",
    "STONE",
    "CREAM",
    "EGGSHELL",
    "IVORY",
    "VANILLA"
  ],
  "adjacency_matrix": [
    [
      1.0000001192092896,
      0.6190522313117981,
      0.5212282538414001,
      0.5619878768920898,
      0.3491162955760956,
      0.6050103902816772,
      0.3458351492881775,
      0.32597815990448,
      0.2992406487464905,
      0.35021114349365234,
      0.3239462077617645,
      0.30323487520217896,
      0.13847677409648895,
      0.19628289341926575,
      0.25824862718582153,
      0.22828586399555206
    ],
    [
      0.6190522313117981,
      1.0,
      0.5007908940315247,
      0.525047779083252,
      0.3261222541332245,
      0.6083197593688965,
      0.47363272309303284,
      0.3316091001033783,
      0.1796335130929947,
      0.3858918845653534,
      0.4180040955543518,
      0.2551017701625824,
      0.1695723831653595,
      0.21403606235980988,
      0.1672946810722351,
      0.16985675692558289
    ],
    [
      0.5212282538414001,
      0.5007908940315247,
      1.0,
      0.7700966596603394,
      0.3260546922683716,
      0.5933805704116821,
      0.3649902045726776,
      0.3441561460494995,
      0.2582029700279236,
      0.365459680557251,
      0.2902620732784271,
      0.3801659643650055,
      0.25083139538764954,
      0.19874830543994904,
      0.30658388137817383,
      0.22950710356235504
    ],
    [
      0.5619878768920898,
      0.525047779083252,
      0.7700966596603394,
      1.0,
      0.34546351432800293,
      0.6886658072471619,
      0.35345980525016785,
      0.27125921845436096,
      0.24386025965213776,
      0.317487508058548,
      0.2881394922733307,
      0.35383155941963196,
      0.26345306634902954,
      0.22925721108913422,
      0.28454986214637756,
      0.2087618112564087
    ],
    [
      0.3491162955760956,
      0.3261222541332245,
      0.3260546922683716,
      0.34546351432800293,
      1.0,
      0.25508710741996765,
      0.3613464832305908,
      0.47678273916244507,
      0.34761983156204224,
      0.3434484899044037,
      0.3623785078525543,
      0.4678826332092285,
      0.5285360813140869,
      0.46757936477661133,
      0.43950438499450684,
      0.4510096311569214
    ],
    [
      0.6050103902816772,
      0.6083197593688965,
      0.5933805704116821,
      0.6886658072471619,
      0.25508710741996765,
      1.0000001192092896,
      0.29448091983795166,
      0.26144593954086304,
      0.207824245095253,
      0.3050400912761688,
      0.28313225507736206,
      0.19236956536769867,
      0.17444109916687012,
      0.1441795974969864,
      0.1790211796760559,
      0.19595518708229065
    ],
    [
      0.3458351492881775,
      0.47363272309303284,
      0.3649902045726776,
      0.35345980525016785,
      0.3613464832305908,
      0.29448091983795166,
      1.0,
      0.3022672235965729,
      0.3163207173347473,
      0.3949441909790039,
      0.5048970580101013,
      0.2653767466545105,
      0.1652761697769165,
      0.21493233740329742,
      0.17701274156570435,
      0.1860182285308838
    ],
    [
      0.32597815990448,
      0.3316091001033783,
      0.3441561460494995,
      0.27125921845436096,
      0.47678273916244507,
      0.26144593954086304,
      0.3022672235965729,
      1.0,
      0.38072603940963745,
      0.2622760832309723,
      0.3269188404083252,
      0.3685079514980316,
      0.4302464425563812,
      0.303300142288208,
      0.4437691271305084,
      0.4749220609664917
    ],
    [
      0.2992406487464905,
      0.1796335130929947,
      0.2582029700279236,
      0.24386025965213776,
      0.34761983156204224,
      0.207824245095253,
      0.3163207173347473,
      0.38072603940963745,
      1.0,
      0.2567844092845917,
      0.3496614396572113,
      0.322595477104187,
      0.2755964398384094,
      0.21672536432743073,
      0.30285966396331787,
      0.2999434769153595
    ],
    [
      0.35021114349365234,
      0.3858918845653534,
      0.365459680557251,
      0.317487508058548,
      0.3434484899044037,
      0.3050400912761688,
      0.3949441909790039,
      0.2622760832309723,
      0.2567844092845917,
      1.0,
      0.49228018522262573,
      0.3485455811023712,
      0.24429674446582794,
      0.18533572554588318,
      0.19419458508491516,
      0.21024031937122345
    ],
    [
      0.3239462077617645,
      0.4180040955543518,
      0.2902620732784271,
      0.2881394922733307,
      0.3623785078525543,
      0.28313225507736206,
      0.5048970580101013,
      0.3269188404083252,
      0.3496614396572113,
      0.49228018522262573,
      1.0,
      0.3227766156196594,
      0.23748648166656494,
      0.23623792827129364,
      0.16729523241519928,
      0.2633969783782959
    ],
    [
      0.30323487520217896,
      0.2551017701625824,
      0.3801659643650055,
      0.35383155941963196,
      0.4678826332092285,
      0.19236956536769867,
      0.2653767466545105,
      0.3685079514980316,
      0.322595477104187,
      0.3485455811023712,
      0.3227766156196594,
      1.0,
      0.3977433741092682,
      0.4263889491558075,
      0.47151196002960205,
      0.25423285365104675
    ],
    [
      0.13847677409648895,
      0.1695723831653595,
      0.25083139538764954,
      0.26345306634902954,
      0.5285360813140869,
      0.17444109916687012,
      0.1652761697769165,
      0.4302464425563812,
      0.2755964398384094,
      0.24429674446582794,
      0.23748648166656494,
      0.3977433741092682,
      1.0,
      0.3370365798473358,
      0.36849427223205566,
      0.4979846179485321
    ],
    [
      0.19628289341926575,
      0.21403606235980988,
      0.19874830543994904,
      0.22925721108913422,
      0.46757936477661133,
      0.1441795974969864,
      0.21493233740329742,
      0.303300142288208,
      0.21672536432743073,
      0.18533572554588318,
      0.23623792827129364,
      0.4263889491558075,
      0.3370365798473358,
      1.0,
      0.41206642985343933,
      0.3270578980445862
    ],
    [
      0.25824862718582153,
      0.1672946810722351,
      0.30658388137817383,
      0.28454986214637756,
      0.43950438499450684,
      0.1790211796760559,
      0.17701274156570435,
      0.4437691271305084,
      0.30285966396331787,
      0.19419458508491516,
      0.16729523241519928,
      0.47151196002960205,
      0.36849427223205566,
      0.41206642985343933,
      1.0,
      0.3526741564273834
    ],
    [
      0.22828586399555206,
      0.16985675692558289,
      0.22950710356235504,
      0.2087618112564087,
      0.4510096311569214,
      0.19595518708229065,
      0.1860182285308838,
      0.4749220609664917,
      0.2999434769153595,
      0.21024031937122345,
      0.2633969783782959,
      0.25423285365104675,
      0.4979846179485321,
      0.3270578980445862,
      0.3526741564273834,
      1.0
    ]
  ]
}