{
  "game_number": 307,
  "words": [
    "CHARCOAL",
    "ELECTRIC",
    "GAS",
    "WOOD",
    "ASH",
    "CHERRY",
    "EBONY",
    "GUM",
    "FILTER",
    "HEATER",
    "JET",
    "PUMP",
    "TO",
    "TOO",
    "TUE",
    "TWO"
  ],
  "adjacency_matrix": [
    [
      1.0000001192092896,
      0.4352465569972992,
      0.4917754530906677,
      0.6513121724128723,
      0.5568669438362122,
      0.3361594080924988,
      0.47629088163375854,
      0.42649543285369873,
      0.39220699667930603,
      0.45464107394218445,
      0.3644275665283203,
      0.3292723000049591,
      0.26436281204223633,
      0.21100139617919922,
      0.21052192151546478,
      0.2930717170238495
    ],
    [
      0.4352465569972992,
      1.0,
      0.6084898710250854,
      0.4622354805469513,
      0.32092520594596863,
      0.3023558259010315,
      0.3588385581970215,
      0.21966423094272614,
      0.3241790533065796,
      0.543483555316925,
      0.44536492228507996,
      0.42924830317497253,
      0.22684906423091888,
      0.1875809133052826,
      0.14214655756950378,
      0.32517242431640625
    ],
    [
      0.4917754530906677,
      0.6084898710250854,
      0.9999999403953552,
      0.44186896085739136,
      0.4066525399684906,
      0.2618027925491333,
      0.21608825027942657,
      0.3796246647834778,
      0.38116908073425293,
      0.5458560585975647,
      0.5118355751037598,
      0.5024224519729614,
      0.2642536461353302,
      0.24268196523189545,
      0.12129770964384079,
      0.25868460536003113
    ],
    [
      0.6513121724128723,
      0.4622354805469513,
      0.44186896085739136,
      1.0,
      0.5336926579475403,
      0.43500351905822754,
      0.5907400846481323,
      0.43537113070487976,
      0.33380523324012756,
      0.39846327900886536,
      0.345762699842453,
      0.32373860478401184,
      0.2770196795463562,
      0.28086209297180176,
      0.1634906679391861,
      0.29825589060783386
    ],
    [
      0.5568669438362122,
      0.32092520594596863,
      0.4066525399684906,
      0.5336926579475403,
      1.0,
      0.43667545914649963,
      0.4038017690181732,
      0.41236045956611633,
      0.3517760634422302,
      0.3676374554634094,
      0.407275527715683,
      0.23497222363948822,
      0.2579292058944702,
      0.2352248579263687,
      0.20319028198719025,
      0.2093389928340912
    ],
    [
      0.3361594080924988,
      0.3023558259010315,
      0.2618027925491333,
      0.43500351905822754,
      0.43667545914649963,
      1.0,
      0.3967256546020508,
      0.4401194155216217,
      0.2977698743343353,
      0.21446968615055084,
      0.31107795238494873,
      0.22387373447418213,
      0.16954685747623444,
      0.21341806650161743,
      0.18857835233211517,
      0.21959063410758972
    ],
    [
      0.47629088163375854,
      0.3588385581970215,
      0.21608825027942657,
      0.5907400846481323,
      0.4038017690181732,
      0.3967256546020508,
      1.0,
      0.38991644978523254,
      0.26774972677230835,
      0.19301444292068481,
      0.33303311467170715,
      0.15363042056560516,
      0.1337323784828186,
      0.11885687708854675,
      0.18924707174301147,
      0.20444372296333313
    ],
    [
      0.42649543285369873,
      0.21966423094272614,
      0.3796246647834778,
      0.43537113070487976,
      0.41236045956611633,
      0.4401194155216217,
      0.38991644978523254,
      1.0,
      0.29393160343170166,
      0.2086503803730011,
      0.27554309368133545,
      0.23988255858421326,
      0.18049868941307068,
      0.12476948648691177,
      0.1410830020904541,
      0.15501651167869568
    ],
    [
      0.39220699667930603,
      0.3241790533065796,
      0.38116908073425293,
      0.33380523324012756,
      0.3517760634422302,
      0.2977698743343353,
      0.26774972677230835,
      0.29393160343170166,
      0.9999999403953552,
      0.43531349301338196,
      0.37301769852638245,
      0.4694899320602417,
      0.320026159286499,
      0.2768939435482025,
      0.1154196560382843,
      0.2418328821659088
    ],
    [
      0.45464107394218445,
      0.543483555316925,
      0.5458560585975647,
      0.39846327900886536,
      0.3676374554634094,
      0.21446968615055084,
      0.19301444292068481,
      0.2086503803730011,
      0.43531349301338196,
      1.0,
      0.461658775806427,
      0.49725496768951416,
      0.27018892765045166,
      0.24671627581119537,
      0.13214516639709473,
      0.29086267948150635
    ],
    [
      0.3644275665283203,
      0.44536492228507996,
      0.5118355751037598,
      0.345762699842453,
      0.407275527715683,
      0.31107795238494873,
      0.33303311467170715,
      0.27554309368133545,
      0.37301769852638245,
      0.461658775806427,
      1.0,
      0.40412890911102295,
      0.20331935584545135,
      0.12065917253494263,
      0.19378165900707245,
      0.22488616406917572
    ],
    [
      0.3292723000049591,
      0.42924830317497253,
      0.5024224519729614,
      0.32373860478401184,
      0.23497222363948822,
      0.22387373447418213,
      0.15363042056560516,
      0.23988255858421326,
      0.4694899320602417,
      0.49725496768951416,
      0.40412890911102295,
      1.0,
      0.3610714375972748,
      0.2528146803379059,
      0.19170430302619934,
      0.2816725969314575
    ],
    [
      0.26436281204223633,
      0.22684906423091888,
      0.2642536461353302,
      0.2770196795463562,
      0.2579292058944702,
      0.16954685747623444,
      0.1337323784828186,
      0.18049868941307068,
      0.320026159286499,
      0.27018892765045166,
      0.20331935584545135,
      0.3610714375972748,
      1.0,
      0.44194233417510986,
      0.16352412104606628,
      0.4179340898990631
    ],
    [
      0.21100139617919922,
      0.1875809133052826,
      0.24268196523189545,
      0.28086209297180176,
      0.2352248579263687,
      0.21341806650161743,
      0.11885687708854675,
      0.12476948648691177,
      0.2768939435482025,
      0.24671627581119537,
      0.12065917253494263,
      0.2528146803379059,
      0.44194233417510986,
      0.9999999403953552,
      0.19678978621959686,
      0.3826613128185272
    ],
    [
      0.21052192151546478,
      0.14214655756950378,
      0.12129770964384079,
      0.1634906679391861,
      0.20319028198719025,
      0.18857835233211517,
      0.18924707174301147,
      0.1410830020904541,
      0.1154196560382843,
      0.13214516639709473,
      0.19378165900707245,
      0.19170430302619934,
      0.16352412104606628,
      0.19678978621959686,
      1.0,
      0.13836051523685455
    ],
    [
      0.2930717170238495,
      0.32517242431640625,
      0.25868460536003113,
      0.29825589060783386,
      0.2093389928340912,
      0.21959063410758972,
      0.20444372296333313,
      0.15501651167869568,
      0.2418328821659088,
      0.29086267948150635,
      0.22488616406917572,
      0.2816725969314575,
      0.4179340898990631,
      0.3826613128185272,
      0.13836051523685455,
      0.9999999403953552
    ]
  ]
}