{
  "game_number": 581,
  "words": [
    "CLOUT",
    "PULL",
    "SWAY",
    "WEIGHT",
    "ANKH",
    "CROOK",
    "EYE",
    "SCARAB",
    "COURIER",
    "IMPACT",
    "PAPYRUS",
    "TIMES",
    "BOOK",
    "BOUNCE",
    "RUN",
    "SPLIT"
  ],
  "adjacency_matrix": [
    [
      1.0,
      0.4381084740161896,
      0.5432772040367126,
      0.4950629472732544,
      0.07194522768259048,
      0.3222790062427521,
      0.30870479345321655,
      0.2704751491546631,
      0.2913311719894409,
      0.4572826623916626,
      0.12411321699619293,
      0.27636387944221497,
      0.24199530482292175,
      0.3475100100040436,
      0.30356737971305847,
      0.2689942419528961
    ],
    [
      0.4381084740161896,
      1.0,
      0.5557445287704468,
      0.46731406450271606,
      0.04311255365610123,
      0.3579937219619751,
      0.34617477655410767,
      0.34890878200531006,
      0.24285262823104858,
      0.42819103598594666,
      0.14184166491031647,
      0.33416569232940674,
      0.3502030372619629,
      0.5316354036331177,
      0.5681103467941284,
      0.5065447092056274
    ],
    [
      0.5432772040367126,
      0.5557445287704468,
      1.0,
      0.5453121662139893,
      0.11780378967523575,
      0.3726997375488281,
      0.3972853720188141,
      0.3392609655857086,
      0.174419566988945,
      0.4690245985984802,
      0.1544104367494583,
      0.3433121144771576,
      0.2771092355251312,
      0.4771815538406372,
      0.44297704100608826,
      0.42599043250083923
    ],
    [
      0.4950629472732544,
      0.46731406450271606,
      0.5453121662139893,
      1.0,
      0.1858508288860321,
      0.23969806730747223,
      0.3055124580860138,
      0.369234561920166,
      0.2360314577817917,
      0.49496060609817505,
      0.2029990702867508,
      0.36386847496032715,
      0.308178186416626,
      0.37610307335853577,
      0.31347179412841797,
      0.3503483533859253
    ],
    [
      0.07194522768259048,
      0.04311255365610123,
      0.11780378967523575,
      0.1858508288860321,
      1.0,
      0.20011940598487854,
      0.2137567400932312,
      0.455443412065506,
      0.08807498216629028,
      0.052147071808576584,
      0.3709353804588318,
      0.045516032725572586,
      0.10080770403146744,
      0.12907075881958008,
      -0.03179503232240677,
      0.020007863640785217
    ],
    [
      0.3222790062427521,
      0.3579937219619751,
      0.3726997375488281,
      0.23969806730747223,
      0.20011940598487854,
      1.0,
      0.40853339433670044,
      0.31795424222946167,
      0.3564079701900482,
      0.1992138922214508,
      0.2017999291419983,
      0.18946954607963562,
      0.2736126780509949,
      0.273224413394928,
      0.31506583094596863,
      0.23767976462841034
    ],
    [
      0.30870479345321655,
      0.34617477655410767,
      0.3972853720188141,
      0.3055124580860138,
      0.2137567400932312,
      0.40853339433670044,
      1.0,
      0.3364170789718628,
      0.28386083245277405,
      0.3606485426425934,
      0.18786339461803436,
      0.2876043915748596,
      0.3328618109226227,
      0.36756807565689087,
      0.2863844633102417,
      0.29958435893058777
    ],
    [
      0.2704751491546631,
      0.34890878200531006,
      0.3392609655857086,
      0.369234561920166,
      0.455443412065506,
      0.31795424222946167,
      0.3364170789718628,
      1.0,
      0.2646377682685852,
      0.35029318928718567,
      0.41095203161239624,
      0.24944044649600983,
      0.3314506411552429,
      0.33127734065055847,
      0.2191106677055359,
      0.277397096157074
    ],
    [
      0.2913311719894409,
      0.24285262823104858,
      0.174419566988945,
      0.2360314577817917,
      0.08807498216629028,
      0.3564079701900482,
      0.28386083245277405,
      0.2646377682685852,
      0.9999999403953552,
      0.2144847959280014,
      0.2726106345653534,
      0.30630239844322205,
      0.34796205163002014,
      0.2396182119846344,
      0.2815501093864441,
      0.19547952711582184
    ],
    [
      0.4572826623916626,
      0.42819103598594666,
      0.4690245985984802,
      0.49496060609817505,
      0.052147071808576584,
      0.1992138922214508,
      0.3606485426425934,
      0.35029318928718567,
      0.2144847959280014,
      1.0,
      0.1889938861131668,
      0.39861243963241577,
      0.3698761761188507,
      0.4826662540435791,
      0.4085894227027893,
      0.41680535674095154
    ],
    [
      0.12411321699619293,
      0.14184166491031647,
      0.1544104367494583,
      0.2029990702867508,
      0.3709353804588318,
      0.2017999291419983,
      0.18786339461803436,
      0.41095203161239624,
      0.2726106345653534,
      0.1889938861131668,
      1.0,
      0.19387754797935486,
      0.4147040545940399,
      0.19073538482189178,
      0.16676153242588043,
      0.21112856268882751
    ],
    [
      0.27636387944221497,
      0.33416569232940674,
      0.3433121144771576,
      0.36386847496032715,
      0.045516032725572586,
      0.18946954607963562,
      0.2876043915748596,
      0.24944044649600983,
      0.30630239844322205,
      0.39861243963241577,
      0.19387754797935486,
      1.0,
      0.3424670398235321,
      0.3523973226547241,
      0.4328993260860443,
      0.298129677772522
    ],
    [
      0.24199530482292175,
      0.3502030372619629,
      0.2771092355251312,
      0.308178186416626,
      0.10080770403146744,
      0.2736126780509949,
      0.3328618109226227,
      0.3314506411552429,
      0.34796205163002014,
      0.3698761761188507,
      0.4147040545940399,
      0.3424670398235321,
      0.9999999403953552,
      0.30819785594940186,
      0.3937571942806244,
      0.3620782494544983
    ],
    [
      0.3475100100040436,
      0.5316354036331177,
      0.4771815538406372,
      0.37610307335853577,
      0.12907075881958008,
      0.273224413394928,
      0.36756807565689087,
      0.33127734065055847,
      0.2396182119846344,
      0.4826662540435791,
      0.19073538482189178,
      0.3523973226547241,
      0.30819785594940186,
      1.0000001192092896,
      0.5042163133621216,
      0.4438877999782562
    ],
    [
      0.30356737971305847,
      0.5681103467941284,
      0.44297704100608826,
      0.31347179412841797,
      -0.03179503232240677,
      0.31506583094596863,
      0.2863844633102417,
      0.2191106677055359,
      0.2815501093864441,
      0.4085894227027893,
      0.16676153242588043,
      0.4328993260860443,
      0.3937571942806244,
      0.5042163133621216,
      1.0,
      0.5416425466537476
    ],
    [
      0.2689942419528961,
      0.5065447092056274,
      0.42599043250083923,
      0.3503483533859253,
      0.020007863640785217,
      0.23767976462841034,
      0.29958435893058777,
      0.277397096157074,
      0.19547952711582184,
      0.41680535674095154,
      0.21112856268882751,
      0.298129677772522,
      0.3620782494544983,
      0.4438877999782562,
      0.5416425466537476,
      1.0
    ]
  ]
}