{
  "game_number": 116,
  "words": [
    "BALLET",
    "DEBUT",
    "RAPPORT",
    "TAROT",
    "MONSTER",
    "PSYCHO",
    "SEVEN",
    "ZODIAC",
    "DRACONIAN",
    "HYDRANT",
    "LEONARDO",
    "LIBRARY",
    "BARB",
    "BRISTLE",
    "NEEDLE",
    "SPINE"
  ],
  "adjacency_matrix": [
    [
      1.0,
      0.3423551619052887,
      0.25627201795578003,
      0.32650113105773926,
      0.3595242202281952,
      0.32623907923698425,
      0.23920762538909912,
      0.17618337273597717,
      0.23657800257205963,
      0.2858235239982605,
      0.2157970666885376,
      0.3402721881866455,
      0.18417055904865265,
      0.23702333867549896,
      0.31239521503448486,
      0.30976101756095886
    ],
    [
      0.3423551619052887,
      1.0,
      0.2769608199596405,
      0.1751575917005539,
      0.2986987829208374,
      0.23924122750759125,
      0.28884264826774597,
      0.10868516564369202,
      0.1996675282716751,
      0.1745043843984604,
      0.13428732752799988,
      0.2574654221534729,
      0.11254176497459412,
      0.23000292479991913,
      0.20221391320228577,
      0.23284949362277985
    ],
    [
      0.25627201795578003,
      0.2769608199596405,
      1.0,
      0.12875902652740479,
      0.25866883993148804,
      0.3395708203315735,
      0.1409245878458023,
      0.09700683504343033,
      0.17109112441539764,
      0.19586330652236938,
      0.14682595431804657,
      0.2859097123146057,
      0.21955706179141998,
      0.2380450963973999,
      0.306007444858551,
      0.26094719767570496
    ],
    [
      0.32650113105773926,
      0.1751575917005539,
      0.12875902652740479,
      1.0,
      0.300891250371933,
      0.31251367926597595,
      0.1889025717973709,
      0.3227326273918152,
      0.15137965977191925,
      0.20452769100666046,
      0.2509065270423889,
      0.2580545246601105,
      0.14152519404888153,
      0.14152660965919495,
      0.2984563410282135,
      0.27371811866760254
    ],
    [
      0.3595242202281952,
      0.2986987829208374,
      0.25866883993148804,
      0.300891250371933,
      1.0,
      0.519429624080658,
      0.28967031836509705,
      0.25669994950294495,
      0.3450095057487488,
      0.30299797654151917,
      0.28215348720550537,
      0.31457602977752686,
      0.252369225025177,
      0.28973183035850525,
      0.29135623574256897,
      0.38448959589004517
    ],
    [
      0.32623907923698425,
      0.23924122750759125,
      0.3395708203315735,
      0.31251367926597595,
      0.519429624080658,
      1.0,
      0.16147342324256897,
      0.23308171331882477,
      0.37195783853530884,
      0.2713027000427246,
      0.3191581666469574,
      0.3043490946292877,
      0.24015821516513824,
      0.19879935681819916,
      0.2760052978992462,
      0.3875521719455719
    ],
    [
      0.23920762538909912,
      0.28884264826774597,
      0.1409245878458023,
      0.1889025717973709,
      0.28967031836509705,
      0.16147342324256897,
      0.9999999403953552,
      0.222741037607193,
      0.275916188955307,
      0.2320443093776703,
      0.06926397234201431,
      0.24269352853298187,
      0.08065120875835419,
      0.23566025495529175,
      0.25668859481811523,
      0.28778183460235596
    ],
    [
      0.17618337273597717,
      0.10868516564369202,
      0.09700683504343033,
      0.3227326273918152,
      0.25669994950294495,
      0.23308171331882477,
      0.222741037607193,
      1.0,
      0.1409735381603241,
      0.3035469055175781,
      0.21888482570648193,
      0.1991933435201645,
      0.2285715639591217,
      0.18302157521247864,
      0.26976537704467773,
      0.28581807017326355
    ],
    [
      0.23657800257205963,
      0.1996675282716751,
      0.17109112441539764,
      0.15137965977191925,
      0.3450095057487488,
      0.37195783853530884,
      0.275916188955307,
      0.1409735381603241,
      1.0,
      0.15538018941879272,
      0.06407249718904495,
      0.25035035610198975,
      0.2632446587085724,
      0.3608115613460541,
      0.32239606976509094,
      0.2638920247554779
    ],
    [
      0.2858235239982605,
      0.1745043843984604,
      0.19586330652236938,
      0.20452769100666046,
      0.30299797654151917,
      0.2713027000427246,
      0.2320443093776703,
      0.3035469055175781,
      0.15538018941879272,
      1.0,
      0.13207313418388367,
      0.3142448663711548,
      0.3293294906616211,
      0.27495718002319336,
      0.39261624217033386,
      0.26736465096473694
    ],
    [
      0.2157970666885376,
      0.13428732752799988,
      0.14682595431804657,
      0.2509065270423889,
      0.28215348720550537,
      0.3191581666469574,
      0.06926397234201431,
      0.21888482570648193,
      0.06407249718904495,
      0.13207313418388367,
      1.0,
      0.16187091171741486,
      0.24438749253749847,
      0.23098279535770416,
      0.14579196274280548,
      0.19229617714881897
    ],
    [
      0.3402721881866455,
      0.2574654221534729,
      0.2859097123146057,
      0.2580545246601105,
      0.31457602977752686,
      0.3043490946292877,
      0.24269352853298187,
      0.1991933435201645,
      0.25035035610198975,
      0.3142448663711548,
      0.16187091171741486,
      1.0,
      0.07237687706947327,
      0.23287896811962128,
      0.29048097133636475,
      0.375519722700119
    ],
    [
      0.18417055904865265,
      0.11254176497459412,
      0.21955706179141998,
      0.14152519404888153,
      0.252369225025177,
      0.24015821516513824,
      0.08065120875835419,
      0.2285715639591217,
      0.2632446587085724,
      0.3293294906616211,
      0.24438749253749847,
      0.07237687706947327,
      0.9999999403953552,
      0.44048672914505005,
      0.45628976821899414,
      0.3323597013950348
    ],
    [
      0.23702333867549896,
      0.23000292479991913,
      0.2380450963973999,
      0.14152660965919495,
      0.28973183035850525,
      0.19879935681819916,
      0.23566025495529175,
      0.18302157521247864,
      0.3608115613460541,
      0.27495718002319336,
      0.23098279535770416,
      0.23287896811962128,
      0.44048672914505005,
      1.0000001192092896,
      0.4091244041919708,
      0.36835676431655884
    ],
    [
      0.31239521503448486,
      0.20221391320228577,
      0.306007444858551,
      0.2984563410282135,
      0.29135623574256897,
      0.2760052978992462,
      0.25668859481811523,
      0.26976537704467773,
      0.32239606976509094,
      0.39261624217033386,
      0.14579196274280548,
      0.29048097133636475,
      0.45628976821899414,
      0.4091244041919708,
      0.9999999403953552,
      0.456325501203537
    ],
    [
      0.30976101756095886,
      0.23284949362277985,
      0.26094719767570496,
      0.27371811866760254,
      0.38448959589004517,
      0.3875521719455719,
      0.28778183460235596,
      0.28581807017326355,
      0.2638920247554779,
      0.26736465096473694,
      0.19229617714881897,
      0.375519722700119,
      0.3323597013950348,
      0.36835676431655884,
      0.456325501203537,
      1.0
    ]
  ]
}