{
  "game_number": 75,
  "words": [
    "LEDGER",
    "LOG",
    "RECORD",
    "REGISTER",
    "BALE",
    "HORSE",
    "PITCHFORK",
    "TROUGH",
    "BROWN",
    "DREW",
    "HARDY",
    "HOLMES",
    "CANOPY",
    "DAY",
    "MURPHY",
    "WATER"
  ],
  "adjacency_matrix": [
    [
      0.9999999403953552,
      0.40804964303970337,
      0.4775720238685608,
      0.4034441113471985,
      0.22061049938201904,
      0.26772379875183105,
      0.2730161249637604,
      0.32574164867401123,
      0.293576717376709,
      0.28105252981185913,
      0.19589129090309143,
      0.24752740561962128,
      0.2193024605512619,
      0.33487647771835327,
      0.31957870721817017,
      0.2504829466342926
    ],
    [
      0.40804964303970337,
      1.0,
      0.48940595984458923,
      0.50588059425354,
      0.2601960599422455,
      0.216230109333992,
      0.35425031185150146,
      0.3517880439758301,
      0.246825709939003,
      0.2304408848285675,
      0.14373642206192017,
      0.31804436445236206,
      0.3161071240901947,
      0.3583970367908478,
      0.2768538296222687,
      0.24739637970924377
    ],
    [
      0.4775720238685608,
      0.48940595984458923,
      1.0,
      0.47631213068962097,
      0.2999865710735321,
      0.30198678374290466,
      0.33932438492774963,
      0.3586479127407074,
      0.32130029797554016,
      0.34966784715652466,
      0.22695708274841309,
      0.3211406469345093,
      0.32285964488983154,
      0.383142352104187,
      0.26584723591804504,
      0.32537558674812317
    ],
    [
      0.4034441113471985,
      0.50588059425354,
      0.47631213068962097,
      1.0,
      0.24382847547531128,
      0.3199165165424347,
      0.2769347131252289,
      0.28910017013549805,
      0.2762363851070404,
      0.27936410903930664,
      0.18623796105384827,
      0.3151387572288513,
      0.24096722900867462,
      0.32992154359817505,
      0.24740630388259888,
      0.2901718318462372
    ],
    [
      0.22061049938201904,
      0.2601960599422455,
      0.2999865710735321,
      0.24382847547531128,
      1.0,
      0.39745354652404785,
      0.3660529851913452,
      0.4312289357185364,
      0.3634513020515442,
      0.22188565135002136,
      0.3155677020549774,
      0.4011317789554596,
      0.37794315814971924,
      0.27738654613494873,
      0.4243965744972229,
      0.36205652356147766
    ],
    [
      0.26772379875183105,
      0.216230109333992,
      0.30198678374290466,
      0.3199165165424347,
      0.39745354652404785,
      1.0,
      0.36563941836357117,
      0.4327588975429535,
      0.4205837845802307,
      0.264333575963974,
      0.35726407170295715,
      0.3034161925315857,
      0.2668059170246124,
      0.34131354093551636,
      0.3412371277809143,
      0.42228034138679504
    ],
    [
      0.2730161249637604,
      0.35425031185150146,
      0.33932438492774963,
      0.2769347131252289,
      0.3660529851913452,
      0.36563941836357117,
      0.9999999403953552,
      0.4182819426059723,
      0.34088319540023804,
      0.30683988332748413,
      0.23101574182510376,
      0.3269657492637634,
      0.2507055699825287,
      0.22696265578269958,
      0.33199062943458557,
      0.2836490273475647
    ],
    [
      0.32574164867401123,
      0.3517880439758301,
      0.3586479127407074,
      0.28910017013549805,
      0.4312289357185364,
      0.4327588975429535,
      0.4182819426059723,
      0.9999999403953552,
      0.39507001638412476,
      0.31062081456184387,
      0.3021896183490753,
      0.33511853218078613,
      0.33214616775512695,
      0.40631237626075745,
      0.38508784770965576,
      0.47082287073135376
    ],
    [
      0.293576717376709,
      0.246825709939003,
      0.32130029797554016,
      0.2762363851070404,
      0.3634513020515442,
      0.4205837845802307,
      0.34088319540023804,
      0.39507001638412476,
      1.0,
      0.33518722653388977,
      0.4465666115283966,
      0.46051228046417236,
      0.3471205234527588,
      0.26574572920799255,
      0.49545738101005554,
      0.43990635871887207
    ],
    [
      0.28105252981185913,
      0.2304408848285675,
      0.34966784715652466,
      0.27936410903930664,
      0.22188565135002136,
      0.264333575963974,
      0.30683988332748413,
      0.31062081456184387,
      0.33518722653388977,
      0.9999999403953552,
      0.25799259543418884,
      0.3432263135910034,
      0.2422284185886383,
      0.2882782220840454,
      0.22235801815986633,
      0.3069987893104553
    ],
    [
      0.19589129090309143,
      0.14373642206192017,
      0.22695708274841309,
      0.18623796105384827,
      0.3155677020549774,
      0.35726407170295715,
      0.23101574182510376,
      0.3021896183490753,
      0.4465666115283966,
      0.25799259543418884,
      1.0,
      0.3551684617996216,
      0.2645341753959656,
      0.2506309151649475,
      0.35932672023773193,
      0.2857643663883209
    ],
    [
      0.24752740561962128,
      0.31804436445236206,
      0.3211406469345093,
      0.3151387572288513,
      0.4011317789554596,
      0.3034161925315857,
      0.3269657492637634,
      0.33511853218078613,
      0.46051228046417236,
      0.3432263135910034,
      0.3551684617996216,
      1.0,
      0.23563271760940552,
      0.2963342070579529,
      0.6563181281089783,
      0.31646955013275146
    ],
    [
      0.2193024605512619,
      0.3161071240901947,
      0.32285964488983154,
      0.24096722900867462,
      0.37794315814971924,
      0.2668059170246124,
      0.2507055699825287,
      0.33214616775512695,
      0.3471205234527588,
      0.2422284185886383,
      0.2645341753959656,
      0.23563271760940552,
      1.0,
      0.24133911728858948,
      0.26377546787261963,
      0.43119359016418457
    ],
    [
      0.33487647771835327,
      0.3583970367908478,
      0.383142352104187,
      0.32992154359817505,
      0.27738654613494873,
      0.34131354093551636,
      0.22696265578269958,
      0.40631237626075745,
      0.26574572920799255,
      0.2882782220840454,
      0.2506309151649475,
      0.2963342070579529,
      0.24133911728858948,
      0.9999999403953552,
      0.30102699995040894,
      0.34225788712501526
    ],
    [
      0.31957870721817017,
      0.2768538296222687,
      0.26584723591804504,
      0.24740630388259888,
      0.4243965744972229,
      0.3412371277809143,
      0.33199062943458557,
      0.38508784770965576,
      0.49545738101005554,
      0.22235801815986633,
      0.35932672023773193,
      0.6563181281089783,
      0.26377546787261963,
      0.30102699995040894,
      1.0,
      0.2915800213813782
    ],
    [
      0.2504829466342926,
      0.24739637970924377,
      0.32537558674812317,
      0.2901718318462372,
      0.36205652356147766,
      0.42228034138679504,
      0.2836490273475647,
      0.47082287073135376,
      0.43990635871887207,
      0.3069987893104553,
      0.2857643663883209,
      0.31646955013275146,
      0.43119359016418457,
      0.34225788712501526,
      0.2915800213813782,
      0.9999999403953552
    ]
  ]
}