{
  "game_number": 470,
  "words": [
    "CAESAR",
    "GREEK",
    "GREEN",
    "WEDGE",
    "FEUD",
    "MILLIONAIRE",
    "PYRAMID",
    "WHEEL",
    "WAY",
    "WEE",
    "WHY",
    "WHOA",
    "CLUB",
    "GROUP",
    "PARTY",
    "TEAM"
  ],
  "adjacency_matrix": [
    [
      1.0,
      0.3949798047542572,
      0.25111573934555054,
      0.3021610975265503,
      0.20613110065460205,
      0.20452050864696503,
      0.3272218108177185,
      0.24164043366909027,
      0.19435091316699982,
      0.20233963429927826,
      0.13271072506904602,
      0.23336492478847504,
      0.16321346163749695,
      0.14777632057666779,
      0.2569531798362732,
      0.1381152719259262
    ],
    [
      0.3949798047542572,
      1.0,
      0.39166367053985596,
      0.2856454849243164,
      0.2436234951019287,
      0.3457448482513428,
      0.33027616143226624,
      0.3114219307899475,
      0.3255385756492615,
      0.3005225658416748,
      0.26031816005706787,
      0.18940116465091705,
      0.37567320466041565,
      0.33631694316864014,
      0.3545302152633667,
      0.2951429784297943
    ],
    [
      0.25111573934555054,
      0.39166367053985596,
      1.0,
      0.4546184539794922,
      0.1840185523033142,
      0.3341689705848694,
      0.3770331144332886,
      0.3940907120704651,
      0.3818989098072052,
      0.32413220405578613,
      0.2564725875854492,
      0.18566536903381348,
      0.29496681690216064,
      0.3212844133377075,
      0.3939717411994934,
      0.3248033821582794
    ],
    [
      0.3021610975265503,
      0.2856454849243164,
      0.4546184539794922,
      1.0,
      0.27734237909317017,
      0.261066198348999,
      0.36633795499801636,
      0.4514290690422058,
      0.39080581068992615,
      0.2844458520412445,
      0.20704896748065948,
      0.14862005412578583,
      0.26949670910835266,
      0.286496102809906,
      0.3405223786830902,
      0.2570711672306061
    ],
    [
      0.20613110065460205,
      0.2436234951019287,
      0.1840185523033142,
      0.27734237909317017,
      0.9999999403953552,
      0.24831566214561462,
      0.19399279356002808,
      0.18258166313171387,
      0.2696359157562256,
      0.1963265985250473,
      0.18774178624153137,
      0.17990773916244507,
      0.31220293045043945,
      0.30420321226119995,
      0.3242410719394684,
      0.28874149918556213
    ],
    [
      0.20452050864696503,
      0.3457448482513428,
      0.3341689705848694,
      0.261066198348999,
      0.24831566214561462,
      1.0,
      0.30760669708251953,
      0.32545408606529236,
      0.2760150730609894,
      0.308106392621994,
      0.22729524970054626,
      0.19485466182231903,
      0.42162927985191345,
      0.4076938331127167,
      0.450545996427536,
      0.3901730477809906
    ],
    [
      0.3272218108177185,
      0.33027616143226624,
      0.3770331144332886,
      0.36633795499801636,
      0.19399279356002808,
      0.30760669708251953,
      1.0,
      0.35729148983955383,
      0.3173171877861023,
      0.16476216912269592,
      0.16681522130966187,
      0.08009113371372223,
      0.37527841329574585,
      0.40496283769607544,
      0.2938126027584076,
      0.3795236051082611
    ],
    [
      0.24164043366909027,
      0.3114219307899475,
      0.3940907120704651,
      0.4514290690422058,
      0.18258166313171387,
      0.32545408606529236,
      0.35729148983955383,
      1.0,
      0.3947533369064331,
      0.2811852991580963,
      0.23126254975795746,
      0.19508130848407745,
      0.31306731700897217,
      0.31287863850593567,
      0.3800548017024994,
      0.3220386803150177
    ],
    [
      0.19435091316699982,
      0.3255385756492615,
      0.3818989098072052,
      0.39080581068992615,
      0.2696359157562256,
      0.2760150730609894,
      0.3173171877861023,
      0.3947533369064331,
      1.0,
      0.3691932260990143,
      0.5352850556373596,
      0.2872093617916107,
      0.3936641812324524,
      0.45168501138687134,
      0.4580037295818329,
      0.4308907985687256
    ],
    [
      0.20233963429927826,
      0.3005225658416748,
      0.32413220405578613,
      0.2844458520412445,
      0.1963265985250473,
      0.308106392621994,
      0.16476216912269592,
      0.2811852991580963,
      0.3691932260990143,
      0.9999999403953552,
      0.2275938093662262,
      0.37960150837898254,
      0.2654743194580078,
      0.2823776602745056,
      0.3231903314590454,
      0.265559583902359
    ],
    [
      0.13271072506904602,
      0.26031816005706787,
      0.2564725875854492,
      0.20704896748065948,
      0.18774178624153137,
      0.22729524970054626,
      0.16681522130966187,
      0.23126254975795746,
      0.5352850556373596,
      0.2275938093662262,
      1.0,
      0.366477370262146,
      0.24141430854797363,
      0.23599350452423096,
      0.2634258270263672,
      0.23697428405284882
    ],
    [
      0.23336492478847504,
      0.18940116465091705,
      0.18566536903381348,
      0.14862005412578583,
      0.17990773916244507,
      0.19485466182231903,
      0.08009113371372223,
      0.19508130848407745,
      0.2872093617916107,
      0.37960150837898254,
      0.366477370262146,
      1.0,
      0.13154767453670502,
      0.15267689526081085,
      0.1606827825307846,
      0.1339792013168335
    ],
    [
      0.16321346163749695,
      0.37567320466041565,
      0.29496681690216064,
      0.26949670910835266,
      0.31220293045043945,
      0.42162927985191345,
      0.37527841329574585,
      0.31306731700897217,
      0.3936641812324524,
      0.2654743194580078,
      0.24141430854797363,
      0.13154767453670502,
      1.0,
      0.5902879238128662,
      0.5440798997879028,
      0.6390162110328674
    ],
    [
      0.14777632057666779,
      0.33631694316864014,
      0.3212844133377075,
      0.286496102809906,
      0.30420321226119995,
      0.4076938331127167,
      0.40496283769607544,
      0.31287863850593567,
      0.45168501138687134,
      0.2823776602745056,
      0.23599350452423096,
      0.15267689526081085,
      0.5902879238128662,
      1.0,
      0.6102333664894104,
      0.6712782382965088
    ],
    [
      0.2569531798362732,
      0.3545302152633667,
      0.3939717411994934,
      0.3405223786830902,
      0.3242410719394684,
      0.450545996427536,
      0.2938126027584076,
      0.3800548017024994,
      0.4580037295818329,
      0.3231903314590454,
      0.2634258270263672,
      0.1606827825307846,
      0.5440798997879028,
      0.6102333664894104,
      1.0,
      0.5149940252304077
    ],
    [
      0.1381152719259262,
      0.2951429784297943,
      0.3248033821582794,
      0.2570711672306061,
      0.28874149918556213,
      0.3901730477809906,
      0.3795236051082611,
      0.3220386803150177,
      0.4308907985687256,
      0.265559583902359,
      0.23697428405284882,
      0.1339792013168335,
      0.6390162110328674,
      0.6712782382965088,
      0.5149940252304077,
      1.0
    ]
  ]
}