{
  "game_number": 514,
  "words": [
    "O",
    "OK",
    "US",
    "W",
    "HAI",
    "JA",
    "SI",
    "DA",
    "OUI",
    "WE",
    "WEE",
    "WII",
    "ANGER",
    "FEAR",
    "HAPPINESS",
    "SURPRISE"
  ],
  "adjacency_matrix": [
    [
      1.0,
      0.11193455755710602,
      -0.07171294838190079,
      0.803398072719574,
      0.29950910806655884,
      0.30674979090690613,
      0.3596864938735962,
      0.3665938079357147,
      0.31807002425193787,
      0.017779061570763588,
      0.04065889120101929,
      0.3409377336502075,
      -0.026939913630485535,
      -0.05160953477025032,
      -0.003156975144520402,
      -0.029352571815252304
    ],
    [
      0.11193455755710602,
      0.9999999403953552,
      0.39550378918647766,
      0.023483745753765106,
      0.28248780965805054,
      0.20758897066116333,
      0.32046079635620117,
      0.2622118890285492,
      0.23439854383468628,
      0.466094434261322,
      0.344071626663208,
      0.22323830425739288,
      0.2765212655067444,
      0.3236329257488251,
      0.33033111691474915,
      0.3752259314060211
    ],
    [
      -0.07171294838190079,
      0.39550378918647766,
      1.0,
      -0.12981575727462769,
      0.142362579703331,
      -0.016289306804537773,
      0.08974570035934448,
      0.15685470402240753,
      0.11037109047174454,
      0.6267114877700806,
      0.38953980803489685,
      0.009321790188550949,
      0.3138619065284729,
      0.3900667130947113,
      0.36531656980514526,
      0.4126521944999695
    ],
    [
      0.803398072719574,
      0.023483745753765106,
      -0.12981575727462769,
      1.0,
      0.20040784776210785,
      0.262289434671402,
      0.27089276909828186,
      0.22760827839374542,
      0.2471562772989273,
      0.005899129435420036,
      -0.08648642152547836,
      0.3216359317302704,
      -0.0371217355132103,
      -0.06235435977578163,
      -0.01013009250164032,
      -0.07802969962358475
    ],
    [
      0.29950910806655884,
      0.28248780965805054,
      0.142362579703331,
      0.20040784776210785,
      1.0,
      0.41363003849983215,
      0.4372292459011078,
      0.3429889976978302,
      0.40043550729751587,
      0.10740472376346588,
      0.2668359875679016,
      0.2856966257095337,
      0.18898220360279083,
      0.20330576598644257,
      0.27510812878608704,
      0.20281337201595306
    ],
    [
      0.30674979090690613,
      0.20758897066116333,
      -0.016289306804537773,
      0.262289434671402,
      0.41363003849983215,
      1.0,
      0.514702558517456,
      0.4407532513141632,
      0.39168795943260193,
      0.013177028857171535,
      0.13202321529388428,
      0.29247021675109863,
      0.05325072258710861,
      0.008307415060698986,
      0.1194348931312561,
      0.08382841944694519
    ],
    [
      0.3596864938735962,
      0.32046079635620117,
      0.08974570035934448,
      0.27089276909828186,
      0.4372292459011078,
      0.514702558517456,
      1.0,
      0.44973111152648926,
      0.4277407228946686,
      0.12559790909290314,
      0.22185957431793213,
      0.28333809971809387,
      0.14201755821704865,
      0.1007704809308052,
      0.16400165855884552,
      0.13742713630199432
    ],
    [
      0.3665938079357147,
      0.2622118890285492,
      0.15685470402240753,
      0.22760827839374542,
      0.3429889976978302,
      0.4407532513141632,
      0.44973111152648926,
      1.0,
      0.3293589651584625,
      0.08657152950763702,
      0.19242504239082336,
      0.2324191778898239,
      0.08229459822177887,
      0.053663644939661026,
      0.11784043908119202,
      0.15385028719902039
    ],
    [
      0.31807002425193787,
      0.23439854383468628,
      0.11037109047174454,
      0.2471562772989273,
      0.40043550729751587,
      0.39168795943260193,
      0.4277407228946686,
      0.3293589651584625,
      1.0,
      0.14955805242061615,
      0.3419341444969177,
      0.2956465780735016,
      0.11957432329654694,
      0.0805179625749588,
      0.09717899560928345,
      0.20432300865650177
    ],
    [
      0.017779061570763588,
      0.466094434261322,
      0.6267114877700806,
      0.005899129435420036,
      0.10740472376346588,
      0.013177028857171535,
      0.12559790909290314,
      0.08657152950763702,
      0.14955805242061615,
      0.9999999403953552,
      0.3025454580783844,
      0.10684949159622192,
      0.22622811794281006,
      0.3231166899204254,
      0.2558482885360718,
      0.3198726177215576
    ],
    [
      0.04065889120101929,
      0.344071626663208,
      0.38953980803489685,
      -0.08648642152547836,
      0.2668359875679016,
      0.13202321529388428,
      0.22185957431793213,
      0.19242504239082336,
      0.3419341444969177,
      0.3025454580783844,
      0.9999999403953552,
      0.27216407656669617,
      0.22012066841125488,
      0.25911563634872437,
      0.24627789855003357,
      0.34854578971862793
    ],
    [
      0.3409377336502075,
      0.22323830425739288,
      0.009321790188550949,
      0.3216359317302704,
      0.2856966257095337,
      0.29247021675109863,
      0.28333809971809387,
      0.2324191778898239,
      0.2956465780735016,
      0.10684949159622192,
      0.27216407656669617,
      1.0,
      0.04689610004425049,
      0.04347320646047592,
      0.09719128161668777,
      0.05689862370491028
    ],
    [
      -0.026939913630485535,
      0.2765212655067444,
      0.3138619065284729,
      -0.0371217355132103,
      0.18898220360279083,
      0.05325072258710861,
      0.14201755821704865,
      0.08229459822177887,
      0.11957432329654694,
      0.22622811794281006,
      0.22012066841125488,
      0.04689610004425049,
      0.9999999403953552,
      0.6628298163414001,
      0.4549577236175537,
      0.4987625777721405
    ],
    [
      -0.05160953477025032,
      0.3236329257488251,
      0.3900667130947113,
      -0.06235435977578163,
      0.20330576598644257,
      0.008307415060698986,
      0.1007704809308052,
      0.053663644939661026,
      0.0805179625749588,
      0.3231166899204254,
      0.25911563634872437,
      0.04347320646047592,
      0.6628298163414001,
      1.0,
      0.5033732652664185,
      0.5526750087738037
    ],
    [
      -0.003156975144520402,
      0.33033111691474915,
      0.36531656980514526,
      -0.01013009250164032,
      0.27510812878608704,
      0.1194348931312561,
      0.16400165855884552,
      0.11784043908119202,
      0.09717899560928345,
      0.2558482885360718,
      0.24627789855003357,
      0.09719128161668777,
      0.4549577236175537,
      0.5033732652664185,
      0.9999999403953552,
      0.4674028158187866
    ],
    [
      -0.029352571815252304,
      0.3752259314060211,
      0.4126521944999695,
      -0.07802969962358475,
      0.20281337201595306,
      0.08382841944694519,
      0.13742713630199432,
      0.15385028719902039,
      0.20432300865650177,
      0.3198726177215576,
      0.34854578971862793,
      0.05689862370491028,
      0.4987625777721405,
      0.5526750087738037,
      0.4674028158187866,
      1.0
    ]
  ]
}