{
  "game_number": 50,
  "words": [
    "BALL",
    "BONE",
    "FRISBEE",
    "STICK",
    "DROVE",
    "HOST",
    "LOAD",
    "SCORE",
    "BOOT",
    "POINTS",
    "TICKET",
    "TOW",
    "BELL",
    "DIESEL",
    "SINGER",
    "WATT"
  ],
  "adjacency_matrix": [
    [
      1.0,
      0.4107031226158142,
      0.5586849451065063,
      0.5564394593238831,
      0.3317594826221466,
      0.38209280371665955,
      0.3630712628364563,
      0.45627105236053467,
      0.4975132346153259,
      0.3631809949874878,
      0.40821123123168945,
      0.4059118926525116,
      0.4077458679676056,
      0.2536731958389282,
      0.2785366475582123,
      0.19468459486961365
    ],
    [
      0.4107031226158142,
      1.0,
      0.27554821968078613,
      0.4690479636192322,
      0.23308175802230835,
      0.317579984664917,
      0.3638516068458557,
      0.3116590082645416,
      0.42602968215942383,
      0.38560426235198975,
      0.3653355836868286,
      0.3116828203201294,
      0.3866754174232483,
      0.2877722978591919,
      0.2799152433872223,
      0.1579551249742508
    ],
    [
      0.5586849451065063,
      0.27554821968078613,
      1.0000001192092896,
      0.3546207547187805,
      0.2021607756614685,
      0.24752715229988098,
      0.22916564345359802,
      0.1985594928264618,
      0.34829896688461304,
      0.15686911344528198,
      0.2760595679283142,
      0.2807016372680664,
      0.23630531132221222,
      0.16384024918079376,
      0.22424571216106415,
      0.21281957626342773
    ],
    [
      0.5564394593238831,
      0.4690479636192322,
      0.3546207547187805,
      1.0,
      0.4047757685184479,
      0.3585963249206543,
      0.424872487783432,
      0.4316183924674988,
      0.526203989982605,
      0.39392325282096863,
      0.42071694135665894,
      0.4620448648929596,
      0.4067704379558563,
      0.23979565501213074,
      0.26320889592170715,
      0.22100116312503815
    ],
    [
      0.3317594826221466,
      0.23308175802230835,
      0.2021607756614685,
      0.4047757685184479,
      1.0,
      0.3607078194618225,
      0.3902136981487274,
      0.37897443771362305,
      0.36024531722068787,
      0.3540348708629608,
      0.31571900844573975,
      0.46071159839630127,
      0.290444940328598,
      0.35424986481666565,
      0.31550177931785583,
      0.15239264070987701
    ],
    [
      0.38209280371665955,
      0.317579984664917,
      0.24752715229988098,
      0.3585963249206543,
      0.3607078194618225,
      1.0,
      0.3947843015193939,
      0.3800957500934601,
      0.42319440841674805,
      0.3521776497364044,
      0.35789889097213745,
      0.358277827501297,
      0.29796385765075684,
      0.18808703124523163,
      0.44110989570617676,
      0.2151455581188202
    ],
    [
      0.3630712628364563,
      0.3638516068458557,
      0.22916564345359802,
      0.424872487783432,
      0.3902136981487274,
      0.3947843015193939,
      1.0000001192092896,
      0.42032453417778015,
      0.4574071764945984,
      0.33696895837783813,
      0.3186399042606354,
      0.46737608313560486,
      0.3175564110279083,
      0.3663977086544037,
      0.22308629751205444,
      0.29350006580352783
    ],
    [
      0.45627105236053467,
      0.3116590082645416,
      0.1985594928264618,
      0.4316183924674988,
      0.37897443771362305,
      0.3800957500934601,
      0.42032453417778015,
      1.0,
      0.3876485824584961,
      0.5399754047393799,
      0.3923748731613159,
      0.3561798632144928,
      0.34504976868629456,
      0.23847535252571106,
      0.3452106714248657,
      0.15920908749103546
    ],
    [
      0.4975132346153259,
      0.42602968215942383,
      0.34829896688461304,
      0.526203989982605,
      0.36024531722068787,
      0.42319440841674805,
      0.4574071764945984,
      0.3876485824584961,
      1.0,
      0.3390604257583618,
      0.4548896551132202,
      0.45271414518356323,
      0.3429613411426544,
      0.33182820677757263,
      0.25390926003456116,
      0.23100416362285614
    ],
    [
      0.3631809949874878,
      0.38560426235198975,
      0.15686911344528198,
      0.39392325282096863,
      0.3540348708629608,
      0.3521776497364044,
      0.33696895837783813,
      0.5399754047393799,
      0.3390604257583618,
      1.0000001192092896,
      0.3710642457008362,
      0.35173672437667847,
      0.33979448676109314,
      0.2053820639848709,
      0.22244003415107727,
      0.20949505269527435
    ],
    [
      0.40821123123168945,
      0.3653355836868286,
      0.2760595679283142,
      0.42071694135665894,
      0.31571900844573975,
      0.35789889097213745,
      0.3186399042606354,
      0.3923748731613159,
      0.4548896551132202,
      0.3710642457008362,
      0.9999999403953552,
      0.3138341009616852,
      0.3501134216785431,
      0.3382183313369751,
      0.32749903202056885,
      0.14934316277503967
    ],
    [
      0.4059118926525116,
      0.3116828203201294,
      0.2807016372680664,
      0.4620448648929596,
      0.46071159839630127,
      0.358277827501297,
      0.46737608313560486,
      0.3561798632144928,
      0.45271414518356323,
      0.35173672437667847,
      0.3138341009616852,
      1.0,
      0.38972729444503784,
      0.426971435546875,
      0.2930051386356354,
      0.21433000266551971
    ],
    [
      0.4077458679676056,
      0.3866754174232483,
      0.23630531132221222,
      0.4067704379558563,
      0.290444940328598,
      0.29796385765075684,
      0.3175564110279083,
      0.34504976868629456,
      0.3429613411426544,
      0.33979448676109314,
      0.3501134216785431,
      0.38972729444503784,
      0.9999999403953552,
      0.2970169484615326,
      0.35354891419410706,
      0.29396817088127136
    ],
    [
      0.2536731958389282,
      0.2877722978591919,
      0.16384024918079376,
      0.23979565501213074,
      0.35424986481666565,
      0.18808703124523163,
      0.3663977086544037,
      0.23847535252571106,
      0.33182820677757263,
      0.2053820639848709,
      0.3382183313369751,
      0.426971435546875,
      0.2970169484615326,
      1.0,
      0.25693070888519287,
      0.31903305649757385
    ],
    [
      0.2785366475582123,
      0.2799152433872223,
      0.22424571216106415,
      0.26320889592170715,
      0.31550177931785583,
      0.44110989570617676,
      0.22308629751205444,
      0.3452106714248657,
      0.25390926003456116,
      0.22244003415107727,
      0.32749903202056885,
      0.2930051386356354,
      0.35354891419410706,
      0.25693070888519287,
      1.0,
      0.22867520153522491
    ],
    [
      0.19468459486961365,
      0.1579551249742508,
      0.21281957626342773,
      0.22100116312503815,
      0.15239264070987701,
      0.2151455581188202,
      0.29350006580352783,
      0.15920908749103546,
      0.23100416362285614,
      0.20949505269527435,
      0.14934316277503967,
      0.21433000266551971,
      0.29396817088127136,
      0.31903305649757385,
      0.22867520153522491,
      1.0
    ]
  ]
}