{
  "game_number": 503,
  "words": [
    "COUNT",
    "GROSS",
    "SUM",
    "TOTAL",
    "LIME",
    "MINT",
    "RUM",
    "SODA",
    "GLUE",
    "GUM",
    "TAPE",
    "STICK",
    "CITY",
    "COUNTY",
    "TOWN",
    "VILLAGE"
  ],
  "adjacency_matrix": [
    [
      1.0,
      0.39317193627357483,
      0.48089414834976196,
      0.5503638386726379,
      0.26576635241508484,
      0.3126329779624939,
      0.21138493716716766,
      0.228600412607193,
      0.21138609945774078,
      0.14913305640220642,
      0.3401121497154236,
      0.4326202869415283,
      0.3755040168762207,
      0.39788320660591125,
      0.33528074622154236,
      0.32152339816093445
    ],
    [
      0.39317193627357483,
      0.9999999403953552,
      0.48819488286972046,
      0.633394181728363,
      0.2583615183830261,
      0.21296167373657227,
      0.2499808818101883,
      0.2336382418870926,
      0.2708108723163605,
      0.19331584870815277,
      0.22958379983901978,
      0.3060055375099182,
      0.249564990401268,
      0.20679917931556702,
      0.1941099315881729,
      0.20681633055210114
    ],
    [
      0.48089414834976196,
      0.48819488286972046,
      1.0,
      0.5947561860084534,
      0.2840212285518646,
      0.32248616218566895,
      0.2750248312950134,
      0.24990147352218628,
      0.3017195463180542,
      0.21877652406692505,
      0.25580349564552307,
      0.3415415287017822,
      0.3139982521533966,
      0.2852604389190674,
      0.2820148169994354,
      0.2880384922027588
    ],
    [
      0.5503638386726379,
      0.633394181728363,
      0.5947561860084534,
      1.0000001192092896,
      0.3060225546360016,
      0.25705665349960327,
      0.22512894868850708,
      0.24794869124889374,
      0.25567740201950073,
      0.19298741221427917,
      0.28032025694847107,
      0.25309956073760986,
      0.38184455037117004,
      0.37156379222869873,
      0.3345198929309845,
      0.31582462787628174
    ],
    [
      0.26576635241508484,
      0.2583615183830261,
      0.2840212285518646,
      0.3060225546360016,
      1.0,
      0.4429638683795929,
      0.47782453894615173,
      0.5130655169487,
      0.38344666361808777,
      0.3839988708496094,
      0.3416081666946411,
      0.3642396032810211,
      0.29533958435058594,
      0.2749902307987213,
      0.3352399468421936,
      0.26344698667526245
    ],
    [
      0.3126329779624939,
      0.21296167373657227,
      0.32248616218566895,
      0.25705665349960327,
      0.4429638683795929,
      1.0,
      0.3988472819328308,
      0.3966967463493347,
      0.3444474935531616,
      0.4309847354888916,
      0.2874930202960968,
      0.3257603347301483,
      0.4244389533996582,
      0.3740350306034088,
      0.41835054755210876,
      0.3191364109516144
    ],
    [
      0.21138493716716766,
      0.2499808818101883,
      0.2750248312950134,
      0.22512894868850708,
      0.47782453894615173,
      0.3988472819328308,
      1.0,
      0.5164502263069153,
      0.3488067388534546,
      0.3971865475177765,
      0.292998731136322,
      0.3351137936115265,
      0.21241910755634308,
      0.18877074122428894,
      0.2626402974128723,
      0.2424524426460266
    ],
    [
      0.228600412607193,
      0.2336382418870926,
      0.24990147352218628,
      0.24794869124889374,
      0.5130655169487,
      0.3966967463493347,
      0.5164502263069153,
      1.0000001192092896,
      0.3811878263950348,
      0.5431758165359497,
      0.32030507922172546,
      0.34332048892974854,
      0.31823423504829407,
      0.23862282931804657,
      0.3202873766422272,
      0.21990914642810822
    ],
    [
      0.21138609945774078,
      0.2708108723163605,
      0.3017195463180542,
      0.25567740201950073,
      0.38344666361808777,
      0.3444474935531616,
      0.3488067388534546,
      0.3811878263950348,
      1.0,
      0.5064936876296997,
      0.49660953879356384,
      0.544758141040802,
      0.26069918274879456,
      0.23572254180908203,
      0.2608084976673126,
      0.22310136258602142
    ],
    [
      0.14913305640220642,
      0.19331584870815277,
      0.21877652406692505,
      0.19298741221427917,
      0.3839988708496094,
      0.4309847354888916,
      0.3971865475177765,
      0.5431758165359497,
      0.5064936876296997,
      1.0,
      0.3680514991283417,
      0.41546687483787537,
      0.1925021857023239,
      0.11973513662815094,
      0.2227189987897873,
      0.1742807775735855
    ],
    [
      0.3401121497154236,
      0.22958379983901978,
      0.25580349564552307,
      0.28032025694847107,
      0.3416081666946411,
      0.2874930202960968,
      0.292998731136322,
      0.32030507922172546,
      0.49660953879356384,
      0.3680514991283417,
      1.0000001192092896,
      0.4426896572113037,
      0.2713000774383545,
      0.23705531656742096,
      0.2566858232021332,
      0.2142699956893921
    ],
    [
      0.4326202869415283,
      0.3060055375099182,
      0.3415415287017822,
      0.25309956073760986,
      0.3642396032810211,
      0.3257603347301483,
      0.3351137936115265,
      0.34332048892974854,
      0.544758141040802,
      0.41546687483787537,
      0.4426896572113037,
      1.0,
      0.3350129723548889,
      0.2512170076370239,
      0.33265379071235657,
      0.3143441379070282
    ],
    [
      0.3755040168762207,
      0.249564990401268,
      0.3139982521533966,
      0.38184455037117004,
      0.29533958435058594,
      0.4244389533996582,
      0.21241910755634308,
      0.31823423504829407,
      0.26069918274879456,
      0.1925021857023239,
      0.2713000774383545,
      0.3350129723548889,
      1.0,
      0.6692767143249512,
      0.8222965598106384,
      0.6240585446357727
    ],
    [
      0.39788320660591125,
      0.20679917931556702,
      0.2852604389190674,
      0.37156379222869873,
      0.2749902307987213,
      0.3740350306034088,
      0.18877074122428894,
      0.23862282931804657,
      0.23572254180908203,
      0.11973513662815094,
      0.23705531656742096,
      0.2512170076370239,
      0.6692767143249512,
      1.0,
      0.6511436700820923,
      0.5507887601852417
    ],
    [
      0.33528074622154236,
      0.1941099315881729,
      0.2820148169994354,
      0.3345198929309845,
      0.3352399468421936,
      0.41835054755210876,
      0.2626402974128723,
      0.3202873766422272,
      0.2608084976673126,
      0.2227189987897873,
      0.2566858232021332,
      0.33265379071235657,
      0.8222965598106384,
      0.6511436700820923,
      1.0,
      0.8082801699638367
    ],
    [
      0.32152339816093445,
      0.20681633055210114,
      0.2880384922027588,
      0.31582462787628174,
      0.26344698667526245,
      0.3191364109516144,
      0.2424524426460266,
      0.21990914642810822,
      0.22310136258602142,
      0.1742807775735855,
      0.2142699956893921,
      0.3143441379070282,
      0.6240585446357727,
      0.5507887601852417,
      0.8082801699638367,
      1.0
    ]
  ]
}