{
  "game_number": 376,
  "words": [
    "DRILL",
    "EXERCISE",
    "PRACTICE",
    "ROUTINE",
    "AMERICAN",
    "FRONTIER",
    "SPIRIT",
    "UNITED",
    "FRIAR",
    "MONKEY",
    "SUNDRY",
    "WEDDING",
    "CLOWN",
    "RING",
    "TENT",
    "TRAPEZE"
  ],
  "adjacency_matrix": [
    [
      1.0,
      0.5173571109771729,
      0.4850226044654846,
      0.5172373652458191,
      0.2607852816581726,
      0.34109658002853394,
      0.30751296877861023,
      0.238288015127182,
      0.18572577834129333,
      0.3443901240825653,
      0.29979074001312256,
      0.3173378109931946,
      0.3393867611885071,
      0.34700024127960205,
      0.31684261560440063,
      0.3392315208911896
    ],
    [
      0.5173571109771729,
      1.0,
      0.5982808470726013,
      0.6046352386474609,
      0.2534430921077728,
      0.2982877492904663,
      0.4416162967681885,
      0.29305705428123474,
      0.24914774298667908,
      0.31826528906822205,
      0.3229038119316101,
      0.25059670209884644,
      0.3657228946685791,
      0.3150266408920288,
      0.27786222100257874,
      0.3720752000808716
    ],
    [
      0.4850226044654846,
      0.5982808470726013,
      1.0,
      0.6123355627059937,
      0.3127332329750061,
      0.4163872301578522,
      0.4980974793434143,
      0.34218379855155945,
      0.2740768492221832,
      0.3014073669910431,
      0.3310949206352234,
      0.36988213658332825,
      0.3296526074409485,
      0.3622419238090515,
      0.3722994327545166,
      0.35891544818878174
    ],
    [
      0.5172373652458191,
      0.6046352386474609,
      0.6123355627059937,
      1.0,
      0.2530800700187683,
      0.39976900815963745,
      0.37923282384872437,
      0.26451772451400757,
      0.2661799490451813,
      0.3742402195930481,
      0.38589921593666077,
      0.37510251998901367,
      0.4236799478530884,
      0.4140894114971161,
      0.2913786470890045,
      0.38599643111228943
    ],
    [
      0.2607852816581726,
      0.2534430921077728,
      0.3127332329750061,
      0.2530800700187683,
      1.0,
      0.3474377691745758,
      0.31971412897109985,
      0.3581438362598419,
      0.2106686681509018,
      0.345331072807312,
      0.3145149350166321,
      0.24825729429721832,
      0.4291374981403351,
      0.21982713043689728,
      0.2206612229347229,
      0.2877608835697174
    ],
    [
      0.34109658002853394,
      0.2982877492904663,
      0.4163872301578522,
      0.39976900815963745,
      0.3474377691745758,
      1.0,
      0.4125472605228424,
      0.38824039697647095,
      0.28450027108192444,
      0.29009783267974854,
      0.3099139630794525,
      0.2856014370918274,
      0.28773728013038635,
      0.33685994148254395,
      0.38414859771728516,
      0.2553788721561432
    ],
    [
      0.30751296877861023,
      0.4416162967681885,
      0.4980974793434143,
      0.37923282384872437,
      0.31971412897109985,
      0.4125472605228424,
      1.0,
      0.44223856925964355,
      0.35438647866249084,
      0.32747337222099304,
      0.32376155257225037,
      0.2877430319786072,
      0.37546107172966003,
      0.28551003336906433,
      0.3649945855140686,
      0.2837924361228943
    ],
    [
      0.238288015127182,
      0.29305705428123474,
      0.34218379855155945,
      0.26451772451400757,
      0.3581438362598419,
      0.38824039697647095,
      0.44223856925964355,
      1.0,
      0.2667323350906372,
      0.24494487047195435,
      0.3288506269454956,
      0.29320478439331055,
      0.33855703473091125,
      0.3624834418296814,
      0.37162500619888306,
      0.25384625792503357
    ],
    [
      0.18572577834129333,
      0.24914774298667908,
      0.2740768492221832,
      0.2661799490451813,
      0.2106686681509018,
      0.28450027108192444,
      0.35438647866249084,
      0.2667323350906372,
      1.0,
      0.39166459441185,
      0.2955875098705292,
      0.21732015907764435,
      0.39892107248306274,
      0.26344743371009827,
      0.2688097357749939,
      0.19857795536518097
    ],
    [
      0.3443901240825653,
      0.31826528906822205,
      0.3014073669910431,
      0.3742402195930481,
      0.345331072807312,
      0.29009783267974854,
      0.32747337222099304,
      0.24494487047195435,
      0.39166459441185,
      0.9999999403953552,
      0.2991429269313812,
      0.2874189019203186,
      0.6085226535797119,
      0.3656313717365265,
      0.34125593304634094,
      0.3688652813434601
    ],
    [
      0.29979074001312256,
      0.3229038119316101,
      0.3310949206352234,
      0.38589921593666077,
      0.3145149350166321,
      0.3099139630794525,
      0.32376155257225037,
      0.3288506269454956,
      0.2955875098705292,
      0.2991429269313812,
      1.0,
      0.32275456190109253,
      0.3488489091396332,
      0.2789433002471924,
      0.3085450828075409,
      0.2591244876384735
    ],
    [
      0.3173378109931946,
      0.25059670209884644,
      0.36988213658332825,
      0.37510251998901367,
      0.24825729429721832,
      0.2856014370918274,
      0.2877430319786072,
      0.29320478439331055,
      0.21732015907764435,
      0.2874189019203186,
      0.32275456190109253,
      1.0,
      0.32938575744628906,
      0.4465455710887909,
      0.3862674832344055,
      0.3372558355331421
    ],
    [
      0.3393867611885071,
      0.3657228946685791,
      0.3296526074409485,
      0.4236799478530884,
      0.4291374981403351,
      0.28773728013038635,
      0.37546107172966003,
      0.33855703473091125,
      0.39892107248306274,
      0.6085226535797119,
      0.3488489091396332,
      0.32938575744628906,
      1.0,
      0.40611881017684937,
      0.3643248975276947,
      0.5324733853340149
    ],
    [
      0.34700024127960205,
      0.3150266408920288,
      0.3622419238090515,
      0.4140894114971161,
      0.21982713043689728,
      0.33685994148254395,
      0.28551003336906433,
      0.3624834418296814,
      0.26344743371009827,
      0.3656313717365265,
      0.2789433002471924,
      0.4465455710887909,
      0.40611881017684937,
      1.0,
      0.3668479323387146,
      0.3551677167415619
    ],
    [
      0.31684261560440063,
      0.27786222100257874,
      0.3722994327545166,
      0.2913786470890045,
      0.2206612229347229,
      0.38414859771728516,
      0.3649945855140686,
      0.37162500619888306,
      0.2688097357749939,
      0.34125593304634094,
      0.3085450828075409,
      0.3862674832344055,
      0.3643248975276947,
      0.3668479323387146,
      0.9999999403953552,
      0.336848646402359
    ],
    [
      0.3392315208911896,
      0.3720752000808716,
      0.35891544818878174,
      0.38599643111228943,
      0.2877608835697174,
      0.2553788721561432,
      0.2837924361228943,
      0.25384625792503357,
      0.19857795536518097,
      0.3688652813434601,
      0.2591244876384735,
      0.3372558355331421,
      0.5324733853340149,
      0.3551677167415619,
      0.336848646402359,
      0.9999999403953552
    ]
  ]
}