{
  "game_number": 257,
  "words": [
    "BED",
    "BOWL",
    "COLLAR",
    "CRATE",
    "CATER",
    "HOST",
    "THROW",
    "PLAN",
    "BRACE",
    "CARET",
    "HASH",
    "STAR",
    "EXCUSE",
    "PARDON",
    "SAVE",
    "SPARE"
  ],
  "adjacency_matrix": [
    [
      0.9999999403953552,
      0.45317041873931885,
      0.3662344813346863,
      0.4706087112426758,
      0.2627318501472473,
      0.37436532974243164,
      0.3783433735370636,
      0.40364423394203186,
      0.3553638160228729,
      0.3142623007297516,
      0.30940884351730347,
      0.3477960526943207,
      0.3318272829055786,
      0.26860445737838745,
      0.33616533875465393,
      0.3518477976322174
    ],
    [
      0.45317041873931885,
      1.0,
      0.31791818141937256,
      0.4497690796852112,
      0.30459368228912354,
      0.3793821632862091,
      0.4228198528289795,
      0.33517739176750183,
      0.30812475085258484,
      0.2754286229610443,
      0.31976017355918884,
      0.37338587641716003,
      0.27408894896507263,
      0.1718563586473465,
      0.28573763370513916,
      0.35914382338523865
    ],
    [
      0.3662344813346863,
      0.31791818141937256,
      1.0,
      0.43892717361450195,
      0.22180192172527313,
      0.24506531655788422,
      0.3148323893547058,
      0.2760927081108093,
      0.4640708565711975,
      0.38932958245277405,
      0.21564893424510956,
      0.38798555731773376,
      0.24824802577495575,
      0.2663862705230713,
      0.32425275444984436,
      0.3534521758556366
    ],
    [
      0.4706087112426758,
      0.4497690796852112,
      0.43892717361450195,
      1.0,
      0.22444429993629456,
      0.37132149934768677,
      0.44346487522125244,
      0.34260293841362,
      0.34964439272880554,
      0.30803006887435913,
      0.3807005286216736,
      0.3797849714756012,
      0.2995232939720154,
      0.2239181250333786,
      0.39121490716934204,
      0.4623096287250519
    ],
    [
      0.2627318501472473,
      0.30459368228912354,
      0.22180192172527313,
      0.22444429993629456,
      1.0000001192092896,
      0.3904074728488922,
      0.34964287281036377,
      0.3416646420955658,
      0.2906643748283386,
      0.22364525496959686,
      0.18379050493240356,
      0.2741851806640625,
      0.3693331480026245,
      0.22877174615859985,
      0.3285079300403595,
      0.3641062378883362
    ],
    [
      0.37436532974243164,
      0.3793821632862091,
      0.24506531655788422,
      0.37132149934768677,
      0.3904074728488922,
      1.0,
      0.3783089518547058,
      0.3617590069770813,
      0.3479939103126526,
      0.23868314921855927,
      0.3759912848472595,
      0.5057430863380432,
      0.3583081364631653,
      0.23940183222293854,
      0.3980806767940521,
      0.3957275450229645
    ],
    [
      0.3783433735370636,
      0.4228198528289795,
      0.3148323893547058,
      0.44346487522125244,
      0.34964287281036377,
      0.3783089518547058,
      1.0,
      0.35500839352607727,
      0.3914048969745636,
      0.3430772125720978,
      0.42773064970970154,
      0.3538813591003418,
      0.4337529242038727,
      0.3292730748653412,
      0.5502420663833618,
      0.4862392544746399
    ],
    [
      0.40364423394203186,
      0.33517739176750183,
      0.2760927081108093,
      0.34260293841362,
      0.3416646420955658,
      0.3617590069770813,
      0.35500839352607727,
      1.0,
      0.37233665585517883,
      0.2759668827056885,
      0.32900869846343994,
      0.31674063205718994,
      0.44043630361557007,
      0.308771550655365,
      0.44609448313713074,
      0.33529824018478394
    ],
    [
      0.3553638160228729,
      0.30812475085258484,
      0.4640708565711975,
      0.34964439272880554,
      0.2906643748283386,
      0.3479939103126526,
      0.3914048969745636,
      0.37233665585517883,
      1.0,
      0.46414005756378174,
      0.3469747006893158,
      0.3353908956050873,
      0.375570684671402,
      0.3113347887992859,
      0.49110981822013855,
      0.4440198838710785
    ],
    [
      0.3142623007297516,
      0.2754286229610443,
      0.38932958245277405,
      0.30803006887435913,
      0.22364525496959686,
      0.23868314921855927,
      0.3430772125720978,
      0.2759668827056885,
      0.46414005756378174,
      1.0,
      0.3450777530670166,
      0.38840049505233765,
      0.30808699131011963,
      0.2195681929588318,
      0.3658081293106079,
      0.26515647768974304
    ],
    [
      0.30940884351730347,
      0.31976017355918884,
      0.21564893424510956,
      0.3807005286216736,
      0.18379050493240356,
      0.3759912848472595,
      0.42773064970970154,
      0.32900869846343994,
      0.3469747006893158,
      0.3450777530670166,
      1.0,
      0.3228551745414734,
      0.2475462704896927,
      0.2833951413631439,
      0.3433547914028168,
      0.3050900995731354
    ],
    [
      0.3477960526943207,
      0.37338587641716003,
      0.38798555731773376,
      0.3797849714756012,
      0.2741851806640625,
      0.5057430863380432,
      0.3538813591003418,
      0.31674063205718994,
      0.3353908956050873,
      0.38840049505233765,
      0.3228551745414734,
      1.0,
      0.2973328232765198,
      0.2351408153772354,
      0.36245593428611755,
      0.31388619542121887
    ],
    [
      0.3318272829055786,
      0.27408894896507263,
      0.24824802577495575,
      0.2995232939720154,
      0.3693331480026245,
      0.3583081364631653,
      0.4337529242038727,
      0.44043630361557007,
      0.375570684671402,
      0.30808699131011963,
      0.2475462704896927,
      0.2973328232765198,
      0.9999999403953552,
      0.5465399026870728,
      0.4607594609260559,
      0.5109454989433289
    ],
    [
      0.26860445737838745,
      0.1718563586473465,
      0.2663862705230713,
      0.2239181250333786,
      0.22877174615859985,
      0.23940183222293854,
      0.3292730748653412,
      0.308771550655365,
      0.3113347887992859,
      0.2195681929588318,
      0.2833951413631439,
      0.2351408153772354,
      0.5465399026870728,
      0.9999999403953552,
      0.36120107769966125,
      0.39542683959007263
    ],
    [
      0.33616533875465393,
      0.28573763370513916,
      0.32425275444984436,
      0.39121490716934204,
      0.3285079300403595,
      0.3980806767940521,
      0.5502420663833618,
      0.44609448313713074,
      0.49110981822013855,
      0.3658081293106079,
      0.3433547914028168,
      0.36245593428611755,
      0.4607594609260559,
      0.36120107769966125,
      1.0,
      0.6471264362335205
    ],
    [
      0.3518477976322174,
      0.35914382338523865,
      0.3534521758556366,
      0.4623096287250519,
      0.3641062378883362,
      0.3957275450229645,
      0.4862392544746399,
      0.33529824018478394,
      0.4440198838710785,
      0.26515647768974304,
      0.3050900995731354,
      0.31388619542121887,
      0.5109454989433289,
      0.39542683959007263,
      0.6471264362335205,
      1.0
    ]
  ]
}