{
  "game_number": 526,
  "words": [
    "FLASH",
    "HEARTBEAT",
    "SECOND",
    "WINK",
    "BAMBOO",
    "DRAGON",
    "SEASON",
    "WIND",
    "BELLY",
    "HOT",
    "PANIC",
    "SNOOZE",
    "HASH",
    "JUMBLE",
    "MEDLEY",
    "STEW"
  ],
  "adjacency_matrix": [
    [
      1.0,
      0.39243805408477783,
      0.3886605203151703,
      0.41087576746940613,
      0.3058241903781891,
      0.4009646475315094,
      0.2882328927516937,
      0.4238665699958801,
      0.45086702704429626,
      0.509047269821167,
      0.46386781334877014,
      0.38843345642089844,
      0.3782396912574768,
      0.34018102288246155,
      0.3010263442993164,
      0.2837422490119934
    ],
    [
      0.39243805408477783,
      1.0,
      0.3527437448501587,
      0.317247211933136,
      0.20918571949005127,
      0.2938123047351837,
      0.25588974356651306,
      0.33028843998908997,
      0.43616268038749695,
      0.32043275237083435,
      0.3384842276573181,
      0.3803430497646332,
      0.24563683569431305,
      0.25678446888923645,
      0.24217958748340607,
      0.2543945610523224
    ],
    [
      0.3886605203151703,
      0.3527437448501587,
      0.9999999403953552,
      0.2752407491207123,
      0.20597922801971436,
      0.3200683891773224,
      0.4800317883491516,
      0.3287193179130554,
      0.3391711115837097,
      0.402828186750412,
      0.2868170738220215,
      0.25748059153556824,
      0.2867054343223572,
      0.3237471282482147,
      0.30086958408355713,
      0.1522015631198883
    ],
    [
      0.41087576746940613,
      0.317247211933136,
      0.2752407491207123,
      1.0,
      0.18149879574775696,
      0.23354806005954742,
      0.2017035037279129,
      0.338342547416687,
      0.3538523316383362,
      0.2827512323856354,
      0.24821744859218597,
      0.4711618423461914,
      0.23174698650836945,
      0.2624828517436981,
      0.28359878063201904,
      0.2806991934776306
    ],
    [
      0.3058241903781891,
      0.20918571949005127,
      0.20597922801971436,
      0.18149879574775696,
      1.0000001192092896,
      0.43665844202041626,
      0.18418991565704346,
      0.33737480640411377,
      0.3574325442314148,
      0.32657963037490845,
      0.1879378855228424,
      0.21294699609279633,
      0.23685164749622345,
      0.2701015770435333,
      0.2665320932865143,
      0.31083646416664124
    ],
    [
      0.4009646475315094,
      0.2938123047351837,
      0.3200683891773224,
      0.23354806005954742,
      0.43665844202041626,
      1.0,
      0.23893290758132935,
      0.4156957268714905,
      0.4973459541797638,
      0.3257664442062378,
      0.3247729241847992,
      0.3245185911655426,
      0.30729442834854126,
      0.2710435390472412,
      0.2933732867240906,
      0.3522240221500397
    ],
    [
      0.2882328927516937,
      0.25588974356651306,
      0.4800317883491516,
      0.2017035037279129,
      0.18418991565704346,
      0.23893290758132935,
      1.0,
      0.334060400724411,
      0.26112908124923706,
      0.33070629835128784,
      0.24955913424491882,
      0.23564641177654266,
      0.220230832695961,
      0.25278156995773315,
      0.29013630747795105,
      0.25720924139022827
    ],
    [
      0.4238665699958801,
      0.33028843998908997,
      0.3287193179130554,
      0.338342547416687,
      0.33737480640411377,
      0.4156957268714905,
      0.334060400724411,
      1.0000001192092896,
      0.34085312485694885,
      0.40708425641059875,
      0.3758980929851532,
      0.30175095796585083,
      0.23519760370254517,
      0.31998276710510254,
      0.23756244778633118,
      0.27091020345687866
    ],
    [
      0.45086702704429626,
      0.43616268038749695,
      0.3391711115837097,
      0.3538523316383362,
      0.3574325442314148,
      0.4973459541797638,
      0.26112908124923706,
      0.34085312485694885,
      0.9999999403953552,
      0.46299228072166443,
      0.34100985527038574,
      0.4157464802265167,
      0.32130545377731323,
      0.2622344493865967,
      0.2631814777851105,
      0.42647263407707214
    ],
    [
      0.509047269821167,
      0.32043275237083435,
      0.402828186750412,
      0.2827512323856354,
      0.32657963037490845,
      0.3257664442062378,
      0.33070629835128784,
      0.40708425641059875,
      0.46299228072166443,
      1.0,
      0.37142515182495117,
      0.41914522647857666,
      0.3227120339870453,
      0.3333321213722229,
      0.293332040309906,
      0.38643860816955566
    ],
    [
      0.46386781334877014,
      0.3384842276573181,
      0.2868170738220215,
      0.24821744859218597,
      0.1879378855228424,
      0.3247729241847992,
      0.24955913424491882,
      0.3758980929851532,
      0.34100985527038574,
      0.37142515182495117,
      0.9999999403953552,
      0.42590638995170593,
      0.2501860558986664,
      0.4186212122440338,
      0.23949271440505981,
      0.3291691839694977
    ],
    [
      0.38843345642089844,
      0.3803430497646332,
      0.25748059153556824,
      0.4711618423461914,
      0.21294699609279633,
      0.3245185911655426,
      0.23564641177654266,
      0.30175095796585083,
      0.4157464802265167,
      0.41914522647857666,
      0.42590638995170593,
      1.0,
      0.3020479083061218,
      0.30171844363212585,
      0.2545630931854248,
      0.31301742792129517
    ],
    [
      0.3782396912574768,
      0.24563683569431305,
      0.2867054343223572,
      0.23174698650836945,
      0.23685164749622345,
      0.30729442834854126,
      0.220230832695961,
      0.23519760370254517,
      0.32130545377731323,
      0.3227120339870453,
      0.2501860558986664,
      0.3020479083061218,
      1.0,
      0.3835015296936035,
      0.27901774644851685,
      0.4175492525100708
    ],
    [
      0.34018102288246155,
      0.25678446888923645,
      0.3237471282482147,
      0.2624828517436981,
      0.2701015770435333,
      0.2710435390472412,
      0.25278156995773315,
      0.31998276710510254,
      0.2622344493865967,
      0.3333321213722229,
      0.4186212122440338,
      0.30171844363212585,
      0.3835015296936035,
      0.9999999403953552,
      0.3851396441459656,
      0.41658833622932434
    ],
    [
      0.3010263442993164,
      0.24217958748340607,
      0.30086958408355713,
      0.28359878063201904,
      0.2665320932865143,
      0.2933732867240906,
      0.29013630747795105,
      0.23756244778633118,
      0.2631814777851105,
      0.293332040309906,
      0.23949271440505981,
      0.2545630931854248,
      0.27901774644851685,
      0.3851396441459656,
      1.0,
      0.3613651692867279
    ],
    [
      0.2837422490119934,
      0.2543945610523224,
      0.1522015631198883,
      0.2806991934776306,
      0.31083646416664124,
      0.3522240221500397,
      0.25720924139022827,
      0.27091020345687866,
      0.42647263407707214,
      0.38643860816955566,
      0.3291691839694977,
      0.31301742792129517,
      0.4175492525100708,
      0.41658833622932434,
      0.3613651692867279,
      1.0
    ]
  ]
}