{
  "game_number": 107,
  "words": [
    "BERMUDA",
    "BIKE",
    "BOXER",
    "CARGO",
    "CANAL",
    "MAN",
    "PANAMA",
    "PLAN",
    "BRAZIL",
    "CLUE",
    "COMMANDO",
    "WITNESS",
    "CHUCK",
    "PELT",
    "PITCH",
    "SLING"
  ],
  "adjacency_matrix": [
    [
      1.0,
      0.28796908259391785,
      0.27705827355384827,
      0.3646339178085327,
      0.33235347270965576,
      0.2548581659793854,
      0.591082751750946,
      0.254378080368042,
      0.4550890028476715,
      0.1785856932401657,
      0.26088231801986694,
      0.15512558817863464,
      0.3069244623184204,
      0.24706916511058807,
      0.33714723587036133,
      0.25963786244392395
    ],
    [
      0.28796908259391785,
      1.0,
      0.38280537724494934,
      0.35712453722953796,
      0.3116225600242615,
      0.39299336075782776,
      0.34705424308776855,
      0.3958900272846222,
      0.2771575152873993,
      0.25112342834472656,
      0.2978323698043823,
      0.2933309078216553,
      0.31380409002304077,
      0.25363025069236755,
      0.36886245012283325,
      0.3631291389465332
    ],
    [
      0.27705827355384827,
      0.38280537724494934,
      1.0,
      0.19297298789024353,
      0.26212337613105774,
      0.5412482023239136,
      0.36882078647613525,
      0.2274813950061798,
      0.2553788721561432,
      0.1956387311220169,
      0.35157930850982666,
      0.32946473360061646,
      0.2705901861190796,
      0.20323801040649414,
      0.29723697900772095,
      0.24614566564559937
    ],
    [
      0.3646339178085327,
      0.35712453722953796,
      0.19297298789024353,
      1.0,
      0.35872453451156616,
      0.32918238639831543,
      0.3748432397842407,
      0.2744123935699463,
      0.2760898768901825,
      0.2501606345176697,
      0.30617979168891907,
      0.25941500067710876,
      0.30171293020248413,
      0.310682088136673,
      0.3001899719238281,
      0.32294657826423645
    ],
    [
      0.33235347270965576,
      0.3116225600242615,
      0.26212337613105774,
      0.35872453451156616,
      1.0,
      0.37034177780151367,
      0.5300853848457336,
      0.4314325451850891,
      0.24991807341575623,
      0.22033515572547913,
      0.2588149905204773,
      0.25273531675338745,
      0.1987392008304596,
      0.22540175914764404,
      0.3423604965209961,
      0.28686949610710144
    ],
    [
      0.2548581659793854,
      0.39299336075782776,
      0.5412482023239136,
      0.32918238639831543,
      0.37034177780151367,
      1.0,
      0.35798245668411255,
      0.35313838720321655,
      0.2816641330718994,
      0.41936466097831726,
      0.44783034920692444,
      0.49879276752471924,
      0.4040711224079132,
      0.3189188539981842,
      0.38941460847854614,
      0.3213838040828705
    ],
    [
      0.591082751750946,
      0.34705424308776855,
      0.36882078647613525,
      0.3748432397842407,
      0.5300853848457336,
      0.35798245668411255,
      1.0,
      0.350181519985199,
      0.5366856455802917,
      0.2994011342525482,
      0.41084685921669006,
      0.2190435379743576,
      0.37698718905448914,
      0.2632024884223938,
      0.35804829001426697,
      0.33610689640045166
    ],
    [
      0.254378080368042,
      0.3958900272846222,
      0.2274813950061798,
      0.2744123935699463,
      0.4314325451850891,
      0.35313838720321655,
      0.350181519985199,
      1.0,
      0.26781344413757324,
      0.34720128774642944,
      0.37937214970588684,
      0.3643278479576111,
      0.32772424817085266,
      0.2113935500383377,
      0.44615620374679565,
      0.26911497116088867
    ],
    [
      0.4550890028476715,
      0.2771575152873993,
      0.2553788721561432,
      0.2760898768901825,
      0.24991807341575623,
      0.2816641330718994,
      0.5366856455802917,
      0.26781344413757324,
      1.0,
      0.21288318932056427,
      0.2575526237487793,
      0.21131274104118347,
      0.30640357732772827,
      0.2849189341068268,
      0.3248845636844635,
      0.13987620174884796
    ],
    [
      0.1785856932401657,
      0.25112342834472656,
      0.1956387311220169,
      0.2501606345176697,
      0.22033515572547913,
      0.41936466097831726,
      0.2994011342525482,
      0.34720128774642944,
      0.21288318932056427,
      1.0,
      0.2780171036720276,
      0.4117121994495392,
      0.36916807293891907,
      0.2108975052833557,
      0.3326300382614136,
      0.22639170289039612
    ],
    [
      0.26088231801986694,
      0.2978323698043823,
      0.35157930850982666,
      0.30617979168891907,
      0.2588149905204773,
      0.44783034920692444,
      0.41084685921669006,
      0.37937214970588684,
      0.2575526237487793,
      0.2780171036720276,
      1.0,
      0.29393860697746277,
      0.3247038722038269,
      0.18808124959468842,
      0.28969767689704895,
      0.2748643755912781
    ],
    [
      0.15512558817863464,
      0.2933309078216553,
      0.32946473360061646,
      0.25941500067710876,
      0.25273531675338745,
      0.49879276752471924,
      0.2190435379743576,
      0.3643278479576111,
      0.21131274104118347,
      0.4117121994495392,
      0.29393860697746277,
      1.0,
      0.28601551055908203,
      0.2866798937320709,
      0.381944864988327,
      0.22792688012123108
    ],
    [
      0.3069244623184204,
      0.31380409002304077,
      0.2705901861190796,
      0.30171293020248413,
      0.1987392008304596,
      0.4040711224079132,
      0.37698718905448914,
      0.32772424817085266,
      0.30640357732772827,
      0.36916807293891907,
      0.3247038722038269,
      0.28601551055908203,
      1.0,
      0.420553594827652,
      0.4468904137611389,
      0.5411327481269836
    ],
    [
      0.24706916511058807,
      0.25363025069236755,
      0.20323801040649414,
      0.310682088136673,
      0.22540175914764404,
      0.3189188539981842,
      0.2632024884223938,
      0.2113935500383377,
      0.2849189341068268,
      0.2108975052833557,
      0.18808124959468842,
      0.2866798937320709,
      0.420553594827652,
      1.0,
      0.31019270420074463,
      0.36155781149864197
    ],
    [
      0.33714723587036133,
      0.36886245012283325,
      0.29723697900772095,
      0.3001899719238281,
      0.3423604965209961,
      0.38941460847854614,
      0.35804829001426697,
      0.44615620374679565,
      0.3248845636844635,
      0.3326300382614136,
      0.28969767689704895,
      0.381944864988327,
      0.4468904137611389,
      0.31019270420074463,
      1.0,
      0.39827632904052734
    ],
    [
      0.25963786244392395,
      0.3631291389465332,
      0.24614566564559937,
      0.32294657826423645,
      0.28686949610710144,
      0.3213838040828705,
      0.33610689640045166,
      0.26911497116088867,
      0.13987620174884796,
      0.22639170289039612,
      0.2748643755912781,
      0.22792688012123108,
      0.5411327481269836,
      0.36155781149864197,
      0.39827632904052734,
      0.9999999403953552
    ]
  ]
}