{
  "game_number": 98,
  "words": [
    "ABSTAIN",
    "AVOID",
    "CEASE",
    "REFRAIN",
    "BRIDGE",
    "HEARTS",
    "SPEED",
    "SPOONS",
    "CHORUS",
    "HERO",
    "HUBRIS",
    "TRAGEDY",
    "BELL",
    "DARLING",
    "HOOK",
    "PAN"
  ],
  "adjacency_matrix": [
    [
      1.0,
      0.531241238117218,
      0.440113365650177,
      0.5616919994354248,
      0.14957377314567566,
      0.23015537858009338,
      0.22011783719062805,
      0.2112272083759308,
      0.18890491127967834,
      0.11827205121517181,
      0.22715765237808228,
      0.17846247553825378,
      0.19924552738666534,
      0.16423720121383667,
      0.23876041173934937,
      0.19978681206703186
    ],
    [
      0.531241238117218,
      1.0,
      0.46247681975364685,
      0.617165207862854,
      0.32653459906578064,
      0.1938442587852478,
      0.3750927448272705,
      0.17953749001026154,
      0.1866634339094162,
      0.25387677550315857,
      0.35292741656303406,
      0.3325033187866211,
      0.23136360943317413,
      0.2551760971546173,
      0.34074336290359497,
      0.2523646056652069
    ],
    [
      0.440113365650177,
      0.46247681975364685,
      1.0,
      0.5241121649742126,
      0.3010002076625824,
      0.22806903719902039,
      0.3051493167877197,
      0.207180917263031,
      0.25098249316215515,
      0.18963021039962769,
      0.23276683688163757,
      0.26784175634384155,
      0.29591983556747437,
      0.2544134557247162,
      0.2157115638256073,
      0.2745351195335388
    ],
    [
      0.5616919994354248,
      0.617165207862854,
      0.5241121649742126,
      0.9999999403953552,
      0.31473308801651,
      0.2571737766265869,
      0.2875070571899414,
      0.24222388863563538,
      0.4455804228782654,
      0.26699182391166687,
      0.3431278467178345,
      0.2922140955924988,
      0.30134931206703186,
      0.3067123591899872,
      0.326053649187088,
      0.24160470068454742
    ],
    [
      0.14957377314567566,
      0.32653459906578064,
      0.3010002076625824,
      0.31473308801651,
      1.0,
      0.27755478024482727,
      0.35907894372940063,
      0.2806137204170227,
      0.4199080169200897,
      0.32050570845603943,
      0.2282193899154663,
      0.3480626046657562,
      0.37430867552757263,
      0.2495022714138031,
      0.4280339777469635,
      0.3721170723438263
    ],
    [
      0.23015537858009338,
      0.1938442587852478,
      0.22806903719902039,
      0.2571737766265869,
      0.27755478024482727,
      0.9999999403953552,
      0.28661519289016724,
      0.36404183506965637,
      0.288694828748703,
      0.3233489692211151,
      0.25434452295303345,
      0.27789121866226196,
      0.27094584703445435,
      0.3878861665725708,
      0.25202909111976624,
      0.29320329427719116
    ],
    [
      0.22011783719062805,
      0.3750927448272705,
      0.3051493167877197,
      0.2875070571899414,
      0.35907894372940063,
      0.28661519289016724,
      1.0,
      0.23322495818138123,
      0.2434116154909134,
      0.3052828311920166,
      0.3156493306159973,
      0.29310351610183716,
      0.29367348551750183,
      0.22328977286815643,
      0.3532112240791321,
      0.34221887588500977
    ],
    [
      0.2112272083759308,
      0.17953749001026154,
      0.207180917263031,
      0.24222388863563538,
      0.2806137204170227,
      0.36404183506965637,
      0.23322495818138123,
      1.0,
      0.23009981215000153,
      0.201028972864151,
      0.23099716007709503,
      0.13690026104450226,
      0.32630792260169983,
      0.19932319223880768,
      0.33972176909446716,
      0.460766464471817
    ],
    [
      0.18890491127967834,
      0.1866634339094162,
      0.25098249316215515,
      0.4455804228782654,
      0.4199080169200897,
      0.288694828748703,
      0.2434116154909134,
      0.23009981215000153,
      1.0,
      0.34943583607673645,
      0.30933040380477905,
      0.3718133568763733,
      0.42721322178840637,
      0.35346025228500366,
      0.4172063171863556,
      0.28587305545806885
    ],
    [
      0.11827205121517181,
      0.25387677550315857,
      0.18963021039962769,
      0.26699182391166687,
      0.32050570845603943,
      0.3233489692211151,
      0.3052828311920166,
      0.201028972864151,
      0.34943583607673645,
      0.9999999403953552,
      0.4475806653499603,
      0.4676150977611542,
      0.3474465012550354,
      0.49851348996162415,
      0.3711268901824951,
      0.3174308240413666
    ],
    [
      0.22715765237808228,
      0.35292741656303406,
      0.23276683688163757,
      0.3431278467178345,
      0.2282193899154663,
      0.25434452295303345,
      0.3156493306159973,
      0.23099716007709503,
      0.30933040380477905,
      0.4475806653499603,
      0.9999999403953552,
      0.5204065442085266,
      0.2406579554080963,
      0.3591897785663605,
      0.2978397011756897,
      0.20788948237895966
    ],
    [
      0.17846247553825378,
      0.3325033187866211,
      0.26784175634384155,
      0.2922140955924988,
      0.3480626046657562,
      0.27789121866226196,
      0.29310351610183716,
      0.13690026104450226,
      0.3718133568763733,
      0.4676150977611542,
      0.5204065442085266,
      1.0,
      0.2704700529575348,
      0.30833035707473755,
      0.2777731716632843,
      0.28043901920318604
    ],
    [
      0.19924552738666534,
      0.23136360943317413,
      0.29591983556747437,
      0.30134931206703186,
      0.37430867552757263,
      0.27094584703445435,
      0.29367348551750183,
      0.32630792260169983,
      0.42721322178840637,
      0.3474465012550354,
      0.2406579554080963,
      0.2704700529575348,
      0.9999999403953552,
      0.3340510129928589,
      0.48701727390289307,
      0.3996654748916626
    ],
    [
      0.16423720121383667,
      0.2551760971546173,
      0.2544134557247162,
      0.3067123591899872,
      0.2495022714138031,
      0.3878861665725708,
      0.22328977286815643,
      0.19932319223880768,
      0.35346025228500366,
      0.49851348996162415,
      0.3591897785663605,
      0.30833035707473755,
      0.3340510129928589,
      0.9999999403953552,
      0.31923988461494446,
      0.2824292778968811
    ],
    [
      0.23876041173934937,
      0.34074336290359497,
      0.2157115638256073,
      0.326053649187088,
      0.4280339777469635,
      0.25202909111976624,
      0.3532112240791321,
      0.33972176909446716,
      0.4172063171863556,
      0.3711268901824951,
      0.2978397011756897,
      0.2777731716632843,
      0.48701727390289307,
      0.31923988461494446,
      1.0,
      0.3128563463687897
    ],
    [
      0.19978681206703186,
      0.2523646056652069,
      0.2745351195335388,
      0.24160470068454742,
      0.3721170723438263,
      0.29320329427719116,
      0.34221887588500977,
      0.460766464471817,
      0.28587305545806885,
      0.3174308240413666,
      0.20788948237895966,
      0.28043901920318604,
      0.3996654748916626,
      0.2824292778968811,
      0.3128563463687897,
      1.0
    ]
  ]
}