{
  "game_number": 244,
  "words": [
    "BED",
    "PARCEL",
    "PATCH",
    "PLOT",
    "CHIP",
    "ROCKY",
    "SCRATCHY",
    "STITCH",
    "AMUSEMENT",
    "NATIONAL",
    "PARALLEL",
    "SOUTH",
    "GRAYSCALE",
    "NEON",
    "NEUTRAL",
    "PASTEL"
  ],
  "adjacency_matrix": [
    [
      0.9999999403953552,
      0.3355441689491272,
      0.35757026076316833,
      0.31275713443756104,
      0.36726921796798706,
      0.3833117187023163,
      0.3144393563270569,
      0.3696737587451935,
      0.30619385838508606,
      0.32421642541885376,
      0.3902589678764343,
      0.3857848644256592,
      0.25803303718566895,
      0.24958853423595428,
      0.2479022592306137,
      0.3554389774799347
    ],
    [
      0.3355441689491272,
      0.9999999403953552,
      0.4225638508796692,
      0.4194662570953369,
      0.3400450050830841,
      0.27305546402931213,
      0.18768849968910217,
      0.2914827764034271,
      0.2535926401615143,
      0.2993665635585785,
      0.2910101115703583,
      0.34566572308540344,
      0.2301999181509018,
      0.1731167584657669,
      0.21071918308734894,
      0.2807050347328186
    ],
    [
      0.35757026076316833,
      0.4225638508796692,
      1.0,
      0.3850032091140747,
      0.507541298866272,
      0.37457871437072754,
      0.34575825929641724,
      0.5249693989753723,
      0.22825683653354645,
      0.2926207184791565,
      0.38951805233955383,
      0.3133520185947418,
      0.3687273859977722,
      0.2711743414402008,
      0.28939130902290344,
      0.3390490412712097
    ],
    [
      0.31275713443756104,
      0.4194662570953369,
      0.3850032091140747,
      1.0,
      0.33955153822898865,
      0.3249347507953644,
      0.19279925525188446,
      0.36452624201774597,
      0.325406014919281,
      0.29165172576904297,
      0.4212069809436798,
      0.29427841305732727,
      0.3741056025028229,
      0.16995452344417572,
      0.2695804536342621,
      0.24621139466762543
    ],
    [
      0.36726921796798706,
      0.3400450050830841,
      0.507541298866272,
      0.33955153822898865,
      0.9999999403953552,
      0.26821422576904297,
      0.2732701897621155,
      0.40325382351875305,
      0.23939721286296844,
      0.3447444438934326,
      0.37344756722450256,
      0.25889337062835693,
      0.3120115399360657,
      0.28932493925094604,
      0.23121994733810425,
      0.2848860025405884
    ],
    [
      0.3833117187023163,
      0.27305546402931213,
      0.37457871437072754,
      0.3249347507953644,
      0.26821422576904297,
      1.0,
      0.48400670289993286,
      0.2071220874786377,
      0.24124211072921753,
      0.33900049328804016,
      0.3691062033176422,
      0.3968924582004547,
      0.25904905796051025,
      0.25762858986854553,
      0.3874567747116089,
      0.3538222014904022
    ],
    [
      0.3144393563270569,
      0.18768849968910217,
      0.34575825929641724,
      0.19279925525188446,
      0.2732701897621155,
      0.48400670289993286,
      1.0000001192092896,
      0.3652947247028351,
      0.21841248869895935,
      0.32077091932296753,
      0.27656230330467224,
      0.18871282041072845,
      0.34246647357940674,
      0.29404932260513306,
      0.3625063896179199,
      0.4167121350765228
    ],
    [
      0.3696737587451935,
      0.2914827764034271,
      0.5249693989753723,
      0.36452624201774597,
      0.40325382351875305,
      0.2071220874786377,
      0.3652947247028351,
      0.9999999403953552,
      0.23129214346408844,
      0.2627401053905487,
      0.3894875645637512,
      0.2146039754152298,
      0.3229209780693054,
      0.2594473659992218,
      0.21921412646770477,
      0.3027494251728058
    ],
    [
      0.30619385838508606,
      0.2535926401615143,
      0.22825683653354645,
      0.325406014919281,
      0.23939721286296844,
      0.24124211072921753,
      0.21841248869895935,
      0.23129214346408844,
      1.0,
      0.3312082290649414,
      0.29338881373405457,
      0.22545357048511505,
      0.19713467359542847,
      0.2748308479785919,
      0.2772980332374573,
      0.2075229436159134
    ],
    [
      0.32421642541885376,
      0.2993665635585785,
      0.2926207184791565,
      0.29165172576904297,
      0.3447444438934326,
      0.33900049328804016,
      0.32077091932296753,
      0.2627401053905487,
      0.3312082290649414,
      1.0,
      0.46463504433631897,
      0.3116820156574249,
      0.3081561326980591,
      0.22244857251644135,
      0.46432408690452576,
      0.29497209191322327
    ],
    [
      0.3902589678764343,
      0.2910101115703583,
      0.38951805233955383,
      0.4212069809436798,
      0.37344756722450256,
      0.3691062033176422,
      0.27656230330467224,
      0.3894875645637512,
      0.29338881373405457,
      0.46463504433631897,
      1.0,
      0.45267167687416077,
      0.3731677532196045,
      0.21188350021839142,
      0.42496663331985474,
      0.26695144176483154
    ],
    [
      0.3857848644256592,
      0.34566572308540344,
      0.3133520185947418,
      0.29427841305732727,
      0.25889337062835693,
      0.3968924582004547,
      0.18871282041072845,
      0.2146039754152298,
      0.22545357048511505,
      0.3116820156574249,
      0.45267167687416077,
      1.0,
      0.19294895231723785,
      0.21806536614894867,
      0.2925848066806793,
      0.23648157715797424
    ],
    [
      0.25803303718566895,
      0.2301999181509018,
      0.3687273859977722,
      0.3741056025028229,
      0.3120115399360657,
      0.25904905796051025,
      0.34246647357940674,
      0.3229209780693054,
      0.19713467359542847,
      0.3081561326980591,
      0.3731677532196045,
      0.19294895231723785,
      1.0,
      0.3280493915081024,
      0.34465035796165466,
      0.48797616362571716
    ],
    [
      0.24958853423595428,
      0.1731167584657669,
      0.2711743414402008,
      0.16995452344417572,
      0.28932493925094604,
      0.25762858986854553,
      0.29404932260513306,
      0.2594473659992218,
      0.2748308479785919,
      0.22244857251644135,
      0.21188350021839142,
      0.21806536614894867,
      0.3280493915081024,
      1.0,
      0.2604973316192627,
      0.5195217132568359
    ],
    [
      0.2479022592306137,
      0.21071918308734894,
      0.28939130902290344,
      0.2695804536342621,
      0.23121994733810425,
      0.3874567747116089,
      0.3625063896179199,
      0.21921412646770477,
      0.2772980332374573,
      0.46432408690452576,
      0.42496663331985474,
      0.2925848066806793,
      0.34465035796165466,
      0.2604973316192627,
      0.9999999403953552,
      0.31376567482948303
    ],
    [
      0.3554389774799347,
      0.2807050347328186,
      0.3390490412712097,
      0.24621139466762543,
      0.2848860025405884,
      0.3538222014904022,
      0.4167121350765228,
      0.3027494251728058,
      0.2075229436159134,
      0.29497209191322327,
      0.26695144176483154,
      0.23648157715797424,
      0.48797616362571716,
      0.5195217132568359,
      0.31376567482948303,
      1.0
    ]
  ]
}