{
  "game_number": 396,
  "words": [
    "COW",
    "DOE",
    "EWE",
    "HEN",
    "BIB",
    "EYE",
    "GAG",
    "POP",
    "EAR",
    "MAR",
    "MER",
    "SAT",
    "ASTROTURF",
    "JUMBOTRON",
    "SCOREBOARD",
    "SKYBOX"
  ],
  "adjacency_matrix": [
    [
      1.0,
      0.32883965969085693,
      0.5952741503715515,
      0.4135713577270508,
      0.23814433813095093,
      0.3462192416191101,
      0.32125014066696167,
      0.30501317977905273,
      0.4040232300758362,
      0.31594011187553406,
      0.29873859882354736,
      0.25800150632858276,
      0.2562735974788666,
      0.33463528752326965,
      0.244028702378273,
      0.19576354324817657
    ],
    [
      0.32883965969085693,
      0.9999999403953552,
      0.41892585158348083,
      0.3480568826198578,
      0.1836950182914734,
      0.2371729165315628,
      0.13483135402202606,
      0.11296679079532623,
      0.1798931360244751,
      0.16189303994178772,
      0.2683039903640747,
      0.21500439941883087,
      0.07993270456790924,
      0.07351484894752502,
      0.09293657541275024,
      0.06755994260311127
    ],
    [
      0.5952741503715515,
      0.41892585158348083,
      1.0,
      0.4596230685710907,
      0.23152704536914825,
      0.2490735799074173,
      0.10762640833854675,
      0.15592660009860992,
      0.2980029881000519,
      0.21057850122451782,
      0.20552220940589905,
      0.14744891226291656,
      0.0696396753191948,
      0.06807935237884521,
      0.02128739468753338,
      -0.10068368911743164
    ],
    [
      0.4135713577270508,
      0.3480568826198578,
      0.4596230685710907,
      0.9999999403953552,
      0.2028145045042038,
      0.24081948399543762,
      0.18474659323692322,
      0.1509041041135788,
      0.2917726933956146,
      0.2221221923828125,
      0.32652226090431213,
      0.2545701861381531,
      0.10191764682531357,
      0.13531923294067383,
      0.048348452895879745,
      0.09114012122154236
    ],
    [
      0.23814433813095093,
      0.1836950182914734,
      0.23152704536914825,
      0.2028145045042038,
      1.0,
      0.21531115472316742,
      0.25858932733535767,
      0.1982433944940567,
      0.20469900965690613,
      0.2152581512928009,
      0.2185904085636139,
      0.14055101573467255,
      0.16420292854309082,
      0.2342749387025833,
      0.22453981637954712,
      0.1627945899963379
    ],
    [
      0.3462192416191101,
      0.2371729165315628,
      0.2490735799074173,
      0.24081948399543762,
      0.21531115472316742,
      1.0,
      0.27260053157806396,
      0.3298315107822418,
      0.6302183270454407,
      0.29305773973464966,
      0.2740713059902191,
      0.28384125232696533,
      0.268238365650177,
      0.3208993673324585,
      0.30850711464881897,
      0.3198102116584778
    ],
    [
      0.32125014066696167,
      0.13483135402202606,
      0.10762640833854675,
      0.18474659323692322,
      0.25858932733535767,
      0.27260053157806396,
      1.0,
      0.2813846170902252,
      0.23502886295318604,
      0.17309454083442688,
      0.21936805546283722,
      0.1738508939743042,
      0.2266862392425537,
      0.273892343044281,
      0.2660823464393616,
      0.23561033606529236
    ],
    [
      0.30501317977905273,
      0.11296679079532623,
      0.15592660009860992,
      0.1509041041135788,
      0.1982433944940567,
      0.3298315107822418,
      0.2813846170902252,
      0.9999999403953552,
      0.36684566736221313,
      0.2624495327472687,
      0.2728883624076843,
      0.23917743563652039,
      0.28189530968666077,
      0.38508108258247375,
      0.3362721800804138,
      0.2733018398284912
    ],
    [
      0.4040232300758362,
      0.1798931360244751,
      0.2980029881000519,
      0.2917726933956146,
      0.20469900965690613,
      0.6302183270454407,
      0.23502886295318604,
      0.36684566736221313,
      1.0,
      0.2403005063533783,
      0.30753201246261597,
      0.28324756026268005,
      0.23321561515331268,
      0.2721765339374542,
      0.23904548585414886,
      0.22363391518592834
    ],
    [
      0.31594011187553406,
      0.16189303994178772,
      0.21057850122451782,
      0.2221221923828125,
      0.2152581512928009,
      0.29305773973464966,
      0.17309454083442688,
      0.2624495327472687,
      0.2403005063533783,
      0.9999999403953552,
      0.44287925958633423,
      0.1486383080482483,
      0.21193140745162964,
      0.2590145170688629,
      0.24953193962574005,
      0.20840910077095032
    ],
    [
      0.29873859882354736,
      0.2683039903640747,
      0.20552220940589905,
      0.32652226090431213,
      0.2185904085636139,
      0.2740713059902191,
      0.21936805546283722,
      0.2728883624076843,
      0.30753201246261597,
      0.44287925958633423,
      1.0,
      0.2250896543264389,
      0.10224702954292297,
      0.24436268210411072,
      0.10073176771402359,
      0.21337348222732544
    ],
    [
      0.25800150632858276,
      0.21500439941883087,
      0.14744891226291656,
      0.2545701861381531,
      0.14055101573467255,
      0.28384125232696533,
      0.1738508939743042,
      0.23917743563652039,
      0.28324756026268005,
      0.1486383080482483,
      0.2250896543264389,
      1.0,
      0.1552232801914215,
      0.30047306418418884,
      0.3176940083503723,
      0.3389076292514801
    ],
    [
      0.2562735974788666,
      0.07993270456790924,
      0.0696396753191948,
      0.10191764682531357,
      0.16420292854309082,
      0.268238365650177,
      0.2266862392425537,
      0.28189530968666077,
      0.23321561515331268,
      0.21193140745162964,
      0.10224702954292297,
      0.1552232801914215,
      1.0,
      0.3789507746696472,
      0.36936333775520325,
      0.41005757451057434
    ],
    [
      0.33463528752326965,
      0.07351484894752502,
      0.06807935237884521,
      0.13531923294067383,
      0.2342749387025833,
      0.3208993673324585,
      0.273892343044281,
      0.38508108258247375,
      0.2721765339374542,
      0.2590145170688629,
      0.24436268210411072,
      0.30047306418418884,
      0.3789507746696472,
      0.9999999403953552,
      0.6128624677658081,
      0.6002464294433594
    ],
    [
      0.244028702378273,
      0.09293657541275024,
      0.02128739468753338,
      0.048348452895879745,
      0.22453981637954712,
      0.30850711464881897,
      0.2660823464393616,
      0.3362721800804138,
      0.23904548585414886,
      0.24953193962574005,
      0.10073176771402359,
      0.3176940083503723,
      0.36936333775520325,
      0.6128624677658081,
      1.0,
      0.5376317501068115
    ],
    [
      0.19576354324817657,
      0.06755994260311127,
      -0.10068368911743164,
      0.09114012122154236,
      0.1627945899963379,
      0.3198102116584778,
      0.23561033606529236,
      0.2733018398284912,
      0.22363391518592834,
      0.20840910077095032,
      0.21337348222732544,
      0.3389076292514801,
      0.41005757451057434,
      0.6002464294433594,
      0.5376317501068115,
      1.0
    ]
  ]
}