{
  "game_number": 296,
  "words": [
    "AVATAR",
    "CHARACTER",
    "FIGURE",
    "PERSONA",
    "APPEAR",
    "LOOK",
    "SEEM",
    "SOUND",
    "CASTLE",
    "HUSTLE",
    "LISTEN",
    "WITCH",
    "AUDITORIUM",
    "GYM",
    "LAB",
    "LIBRARY"
  ],
  "adjacency_matrix": [
    [
      0.9999999403953552,
      0.5384708046913147,
      0.4338688850402832,
      0.5861836075782776,
      0.3417592942714691,
      0.2996695637702942,
      0.2689678966999054,
      0.327253520488739,
      0.32902902364730835,
      0.20724500715732574,
      0.2520824670791626,
      0.43042469024658203,
      0.25004905462265015,
      0.2603149116039276,
      0.27826011180877686,
      0.2908575236797333
    ],
    [
      0.5384708046913147,
      1.0,
      0.4906569719314575,
      0.6188437938690186,
      0.3843739628791809,
      0.3936097025871277,
      0.25624799728393555,
      0.3926059603691101,
      0.37407055497169495,
      0.31291621923446655,
      0.25729864835739136,
      0.4274733066558838,
      0.2709430456161499,
      0.21958455443382263,
      0.2733193635940552,
      0.3662756383419037
    ],
    [
      0.4338688850402832,
      0.4906569719314575,
      0.9999999403953552,
      0.4122283160686493,
      0.4310144782066345,
      0.5244979858398438,
      0.3763177692890167,
      0.34163451194763184,
      0.3189147710800171,
      0.3310807943344116,
      0.34120848774909973,
      0.37918785214424133,
      0.27495965361595154,
      0.2291271835565567,
      0.2850464880466461,
      0.3041485548019409
    ],
    [
      0.5861836075782776,
      0.6188437938690186,
      0.4122283160686493,
      0.9999999403953552,
      0.3235299289226532,
      0.31033995747566223,
      0.29036426544189453,
      0.3537503480911255,
      0.2863699495792389,
      0.34846675395965576,
      0.23054906725883484,
      0.34073102474212646,
      0.28146710991859436,
      0.2504299283027649,
      0.2604888677597046,
      0.2571733295917511
    ],
    [
      0.3417592942714691,
      0.3843739628791809,
      0.4310144782066345,
      0.3235299289226532,
      1.0,
      0.5993798971176147,
      0.7960633039474487,
      0.4907923638820648,
      0.3184615671634674,
      0.26178205013275146,
      0.4307628273963928,
      0.3142339587211609,
      0.25592344999313354,
      0.20846204459667206,
      0.24894748628139496,
      0.24156467616558075
    ],
    [
      0.2996695637702942,
      0.3936097025871277,
      0.5244979858398438,
      0.31033995747566223,
      0.5993798971176147,
      1.0,
      0.6060640215873718,
      0.47778207063674927,
      0.3350032866001129,
      0.3245219588279724,
      0.5227624177932739,
      0.2984013557434082,
      0.25254514813423157,
      0.24410226941108704,
      0.2956162393093109,
      0.3047757148742676
    ],
    [
      0.2689678966999054,
      0.25624799728393555,
      0.3763177692890167,
      0.29036426544189453,
      0.7960633039474487,
      0.6060640215873718,
      1.0,
      0.4930010437965393,
      0.24287199974060059,
      0.27114585041999817,
      0.3704497218132019,
      0.23739618062973022,
      0.17414776980876923,
      0.1618519425392151,
      0.202383354306221,
      0.20224884152412415
    ],
    [
      0.327253520488739,
      0.3926059603691101,
      0.34163451194763184,
      0.3537503480911255,
      0.4907923638820648,
      0.47778207063674927,
      0.4930010437965393,
      1.0,
      0.3572913408279419,
      0.3288925290107727,
      0.4704693853855133,
      0.3294311463832855,
      0.3523465394973755,
      0.21823546290397644,
      0.2816918194293976,
      0.34022819995880127
    ],
    [
      0.32902902364730835,
      0.37407055497169495,
      0.3189147710800171,
      0.2863699495792389,
      0.3184615671634674,
      0.3350032866001129,
      0.24287199974060059,
      0.3572913408279419,
      1.0,
      0.2838020920753479,
      0.22431248426437378,
      0.44854170083999634,
      0.40176546573638916,
      0.3659493327140808,
      0.36663293838500977,
      0.46570757031440735
    ],
    [
      0.20724500715732574,
      0.31291621923446655,
      0.3310807943344116,
      0.34846675395965576,
      0.26178205013275146,
      0.3245219588279724,
      0.27114585041999817,
      0.3288925290107727,
      0.2838020920753479,
      1.0,
      0.316118061542511,
      0.24887293577194214,
      0.24314013123512268,
      0.3890402019023895,
      0.3158702254295349,
      0.2626631259918213
    ],
    [
      0.2520824670791626,
      0.25729864835739136,
      0.34120848774909973,
      0.23054906725883484,
      0.4307628273963928,
      0.5227624177932739,
      0.3704497218132019,
      0.4704693853855133,
      0.22431248426437378,
      0.316118061542511,
      1.0,
      0.25899848341941833,
      0.28956252336502075,
      0.14834333956241608,
      0.19661082327365875,
      0.24568653106689453
    ],
    [
      0.43042469024658203,
      0.4274733066558838,
      0.37918785214424133,
      0.34073102474212646,
      0.3142339587211609,
      0.2984013557434082,
      0.23739618062973022,
      0.3294311463832855,
      0.44854170083999634,
      0.24887293577194214,
      0.25899848341941833,
      0.9999999403953552,
      0.2449885755777359,
      0.29268142580986023,
      0.33813658356666565,
      0.3813224732875824
    ],
    [
      0.25004905462265015,
      0.2709430456161499,
      0.27495965361595154,
      0.28146710991859436,
      0.25592344999313354,
      0.25254514813423157,
      0.17414776980876923,
      0.3523465394973755,
      0.40176546573638916,
      0.24314013123512268,
      0.28956252336502075,
      0.2449885755777359,
      1.0,
      0.5330479145050049,
      0.4879136085510254,
      0.5401382446289062
    ],
    [
      0.2603149116039276,
      0.21958455443382263,
      0.2291271835565567,
      0.2504299283027649,
      0.20846204459667206,
      0.24410226941108704,
      0.1618519425392151,
      0.21823546290397644,
      0.3659493327140808,
      0.3890402019023895,
      0.14834333956241608,
      0.29268142580986023,
      0.5330479145050049,
      1.0,
      0.48659950494766235,
      0.49070748686790466
    ],
    [
      0.27826011180877686,
      0.2733193635940552,
      0.2850464880466461,
      0.2604888677597046,
      0.24894748628139496,
      0.2956162393093109,
      0.202383354306221,
      0.2816918194293976,
      0.36663293838500977,
      0.3158702254295349,
      0.19661082327365875,
      0.33813658356666565,
      0.4879136085510254,
      0.48659950494766235,
      1.0,
      0.5153639316558838
    ],
    [
      0.2908575236797333,
      0.3662756383419037,
      0.3041485548019409,
      0.2571733295917511,
      0.24156467616558075,
      0.3047757148742676,
      0.20224884152412415,
      0.34022819995880127,
      0.46570757031440735,
      0.2626631259918213,
      0.24568653106689453,
      0.3813224732875824,
      0.5401382446289062,
      0.49070748686790466,
      0.5153639316558838,
      1.0
    ]
  ]
}