{
  "game_number": 399,
  "words": [
    "ADVANCE",
    "MARCH",
    "PROGRESS",
    "PUSH",
    "CHEESE",
    "FEET",
    "GARBAGE",
    "SKUNK",
    "CUT",
    "FAKE",
    "FREEZE",
    "SIX",
    "CONTRACT",
    "LESSEN",
    "REDUCE",
    "SHRINK"
  ],
  "adjacency_matrix": [
    [
      0.9999999403953552,
      0.5035563111305237,
      0.6900195479393005,
      0.5977277755737305,
      0.257581502199173,
      0.22118838131427765,
      0.2959390878677368,
      0.1097380742430687,
      0.43167465925216675,
      0.3500748574733734,
      0.3963598906993866,
      0.2798110246658325,
      0.43173202872276306,
      0.41140609979629517,
      0.4816087484359741,
      0.3664526045322418
    ],
    [
      0.5035563111305237,
      1.0,
      0.4953414797782898,
      0.4496513903141022,
      0.22912901639938354,
      0.2754767835140228,
      0.27790963649749756,
      0.20457929372787476,
      0.3867075443267822,
      0.2719539701938629,
      0.3133417069911957,
      0.22284096479415894,
      0.3050706386566162,
      0.18089011311531067,
      0.2638717591762543,
      0.2995761036872864
    ],
    [
      0.6900195479393005,
      0.4953414797782898,
      0.9999999403953552,
      0.4937405288219452,
      0.28110358119010925,
      0.23246225714683533,
      0.3667142689228058,
      0.1464158445596695,
      0.37941715121269226,
      0.30664706230163574,
      0.3835025131702423,
      0.2953026294708252,
      0.39119917154312134,
      0.3979281783103943,
      0.42814603447914124,
      0.3664584755897522
    ],
    [
      0.5977277755737305,
      0.4496513903141022,
      0.4937405288219452,
      0.9999999403953552,
      0.2843695282936096,
      0.22388778626918793,
      0.3459888994693756,
      0.22150348126888275,
      0.5128974914550781,
      0.396391361951828,
      0.4533792734146118,
      0.27008235454559326,
      0.3745788037776947,
      0.40530794858932495,
      0.5241718888282776,
      0.4858130216598511
    ],
    [
      0.257581502199173,
      0.22912901639938354,
      0.28110358119010925,
      0.2843695282936096,
      1.0,
      0.23100930452346802,
      0.35730060935020447,
      0.3998962640762329,
      0.33896589279174805,
      0.3924349248409271,
      0.3557308614253998,
      0.2329130619764328,
      0.24586221575737,
      0.2045462429523468,
      0.2633398175239563,
      0.2659652531147003
    ],
    [
      0.22118838131427765,
      0.2754767835140228,
      0.23246225714683533,
      0.22388778626918793,
      0.23100930452346802,
      1.0,
      0.20066218078136444,
      0.22270701825618744,
      0.3080413341522217,
      0.25065749883651733,
      0.25347134470939636,
      0.3662354350090027,
      0.18744678795337677,
      0.2047419250011444,
      0.22198159992694855,
      0.2532927095890045
    ],
    [
      0.2959390878677368,
      0.27790963649749756,
      0.3667142689228058,
      0.3459888994693756,
      0.35730060935020447,
      0.20066218078136444,
      1.0,
      0.38990429043769836,
      0.38109561800956726,
      0.46214085817337036,
      0.2999732196331024,
      0.20540224015712738,
      0.32899609208106995,
      0.27558884024620056,
      0.35872626304626465,
      0.3030685484409332
    ],
    [
      0.1097380742430687,
      0.20457929372787476,
      0.1464158445596695,
      0.22150348126888275,
      0.3998962640762329,
      0.22270701825618744,
      0.38990429043769836,
      1.0,
      0.2728806138038635,
      0.3557068407535553,
      0.28826820850372314,
      0.15763607621192932,
      0.1623649001121521,
      0.2163989096879959,
      0.2582302689552307,
      0.2608475387096405
    ],
    [
      0.43167465925216675,
      0.3867075443267822,
      0.37941715121269226,
      0.5128974914550781,
      0.33896589279174805,
      0.3080413341522217,
      0.38109561800956726,
      0.2728806138038635,
      1.0,
      0.439293771982193,
      0.5320804715156555,
      0.33907273411750793,
      0.42681971192359924,
      0.44604936242103577,
      0.6437476277351379,
      0.5506618022918701
    ],
    [
      0.3500748574733734,
      0.2719539701938629,
      0.30664706230163574,
      0.396391361951828,
      0.3924349248409271,
      0.25065749883651733,
      0.46214085817337036,
      0.3557068407535553,
      0.439293771982193,
      1.0,
      0.40200772881507874,
      0.2885771095752716,
      0.3216709792613983,
      0.28757500648498535,
      0.4059953987598419,
      0.31234338879585266
    ],
    [
      0.3963598906993866,
      0.3133417069911957,
      0.3835025131702423,
      0.4533792734146118,
      0.3557308614253998,
      0.25347134470939636,
      0.2999732196331024,
      0.28826820850372314,
      0.5320804715156555,
      0.40200772881507874,
      1.0,
      0.23922057449817657,
      0.3878362774848938,
      0.38988056778907776,
      0.5028342008590698,
      0.48901596665382385
    ],
    [
      0.2798110246658325,
      0.22284096479415894,
      0.2953026294708252,
      0.27008235454559326,
      0.2329130619764328,
      0.3662354350090027,
      0.20540224015712738,
      0.15763607621192932,
      0.33907273411750793,
      0.2885771095752716,
      0.23922057449817657,
      1.0,
      0.2967343330383301,
      0.24964947998523712,
      0.30237650871276855,
      0.24171295762062073
    ],
    [
      0.43173202872276306,
      0.3050706386566162,
      0.39119917154312134,
      0.3745788037776947,
      0.24586221575737,
      0.18744678795337677,
      0.32899609208106995,
      0.1623649001121521,
      0.42681971192359924,
      0.3216709792613983,
      0.3878362774848938,
      0.2967343330383301,
      0.9999999403953552,
      0.21222040057182312,
      0.3441542983055115,
      0.3008885085582733
    ],
    [
      0.41140609979629517,
      0.18089011311531067,
      0.3979281783103943,
      0.40530794858932495,
      0.2045462429523468,
      0.2047419250011444,
      0.27558884024620056,
      0.2163989096879959,
      0.44604936242103577,
      0.28757500648498535,
      0.38988056778907776,
      0.24964947998523712,
      0.21222040057182312,
      1.0,
      0.7703700065612793,
      0.5159323215484619
    ],
    [
      0.4816087484359741,
      0.2638717591762543,
      0.42814603447914124,
      0.5241718888282776,
      0.2633398175239563,
      0.22198159992694855,
      0.35872626304626465,
      0.2582302689552307,
      0.6437476277351379,
      0.4059953987598419,
      0.5028342008590698,
      0.30237650871276855,
      0.3441542983055115,
      0.7703700065612793,
      1.0000001192092896,
      0.5930096507072449
    ],
    [
      0.3664526045322418,
      0.2995761036872864,
      0.3664584755897522,
      0.4858130216598511,
      0.2659652531147003,
      0.2532927095890045,
      0.3030685484409332,
      0.2608475387096405,
      0.5506618022918701,
      0.31234338879585266,
      0.48901596665382385,
      0.24171295762062073,
      0.3008885085582733,
      0.5159323215484619,
      0.5930096507072449,
      1.0
    ]
  ]
}