{
  "game_number": 345,
  "words": [
    "CINCH",
    "ICE",
    "LOCK",
    "SECURE",
    "BREEZE",
    "COAST",
    "GLIDE",
    "SAIL",
    "PICNIC",
    "SECURITY",
    "THROW",
    "WET",
    "ACT",
    "BILL",
    "MEASURE",
    "RESOLUTION"
  ],
  "adjacency_matrix": [
    [
      1.0,
      0.22062158584594727,
      0.4470444321632385,
      0.45899534225463867,
      0.42771708965301514,
      0.3155944347381592,
      0.31315937638282776,
      0.3649697005748749,
      0.3742475211620331,
      0.30820462107658386,
      0.3228195309638977,
      0.33127361536026,
      0.3044707775115967,
      0.31884223222732544,
      0.35642141103744507,
      0.24932250380516052
    ],
    [
      0.22062158584594727,
      1.0,
      0.4068918526172638,
      0.29170987010002136,
      0.3707120418548584,
      0.3657630383968353,
      0.3763676881790161,
      0.4039301872253418,
      0.306926965713501,
      0.34204477071762085,
      0.3418039083480835,
      0.43644481897354126,
      0.3367471992969513,
      0.26456552743911743,
      0.29105308651924133,
      0.1872883141040802
    ],
    [
      0.4470444321632385,
      0.4068918526172638,
      1.0,
      0.5399683713912964,
      0.3860299587249756,
      0.29529690742492676,
      0.38529857993125916,
      0.40512922406196594,
      0.3072039783000946,
      0.4721437394618988,
      0.4626410901546478,
      0.365011602640152,
      0.42143943905830383,
      0.37360262870788574,
      0.4042923152446747,
      0.28267157077789307
    ],
    [
      0.45899534225463867,
      0.29170987010002136,
      0.5399683713912964,
      1.0,
      0.29857131838798523,
      0.3340557813644409,
      0.33340349793434143,
      0.32930704951286316,
      0.32306692004203796,
      0.6125394701957703,
      0.34455373883247375,
      0.36904841661453247,
      0.4148860275745392,
      0.34554925560951233,
      0.4713071286678314,
      0.3411528766155243
    ],
    [
      0.42771708965301514,
      0.3707120418548584,
      0.3860299587249756,
      0.29857131838798523,
      1.0,
      0.4135902523994446,
      0.452781081199646,
      0.4777274429798126,
      0.3261010944843292,
      0.30975183844566345,
      0.4142751097679138,
      0.412672758102417,
      0.32247307896614075,
      0.26728013157844543,
      0.30788299441337585,
      0.26802724599838257
    ],
    [
      0.3155944347381592,
      0.3657630383968353,
      0.29529690742492676,
      0.3340557813644409,
      0.4135902523994446,
      0.9999999403953552,
      0.3567453920841217,
      0.4605455696582794,
      0.2720511257648468,
      0.32436099648475647,
      0.23984724283218384,
      0.34053435921669006,
      0.3222213089466095,
      0.26520130038261414,
      0.2725745439529419,
      0.19545505940914154
    ],
    [
      0.31315937638282776,
      0.3763676881790161,
      0.38529857993125916,
      0.33340349793434143,
      0.452781081199646,
      0.3567453920841217,
      1.0,
      0.48941293358802795,
      0.3441556394100189,
      0.2076234221458435,
      0.4086354970932007,
      0.352844774723053,
      0.3456244170665741,
      0.2383132129907608,
      0.3193088471889496,
      0.17392095923423767
    ],
    [
      0.3649697005748749,
      0.4039301872253418,
      0.40512922406196594,
      0.32930704951286316,
      0.4777274429798126,
      0.4605455696582794,
      0.48941293358802795,
      0.9999999403953552,
      0.3241746723651886,
      0.2330431044101715,
      0.41192901134490967,
      0.3338344097137451,
      0.35331547260284424,
      0.3134042024612427,
      0.30159491300582886,
      0.22074773907661438
    ],
    [
      0.3742475211620331,
      0.306926965713501,
      0.3072039783000946,
      0.32306692004203796,
      0.3261010944843292,
      0.2720511257648468,
      0.3441556394100189,
      0.3241746723651886,
      1.0,
      0.3482188284397125,
      0.36514073610305786,
      0.3734471797943115,
      0.3128044307231903,
      0.26173466444015503,
      0.2784530520439148,
      0.24402041733264923
    ],
    [
      0.30820462107658386,
      0.34204477071762085,
      0.4721437394618988,
      0.6125394701957703,
      0.30975183844566345,
      0.32436099648475647,
      0.2076234221458435,
      0.2330431044101715,
      0.3482188284397125,
      1.0,
      0.2474094033241272,
      0.20877234637737274,
      0.3947272002696991,
      0.3650294244289398,
      0.43050292134284973,
      0.38698917627334595
    ],
    [
      0.3228195309638977,
      0.3418039083480835,
      0.4626410901546478,
      0.34455373883247375,
      0.4142751097679138,
      0.23984724283218384,
      0.4086354970932007,
      0.41192901134490967,
      0.36514073610305786,
      0.2474094033241272,
      1.0,
      0.3099912703037262,
      0.46911269426345825,
      0.30173662304878235,
      0.368020236492157,
      0.21852216124534607
    ],
    [
      0.33127361536026,
      0.43644481897354126,
      0.365011602640152,
      0.36904841661453247,
      0.412672758102417,
      0.34053435921669006,
      0.352844774723053,
      0.3338344097137451,
      0.3734471797943115,
      0.20877234637737274,
      0.3099912703037262,
      1.0,
      0.2914960980415344,
      0.2532161772251129,
      0.25589945912361145,
      0.20135468244552612
    ],
    [
      0.3044707775115967,
      0.3367471992969513,
      0.42143943905830383,
      0.4148860275745392,
      0.32247307896614075,
      0.3222213089466095,
      0.3456244170665741,
      0.35331547260284424,
      0.3128044307231903,
      0.3947272002696991,
      0.46911269426345825,
      0.2914960980415344,
      1.0,
      0.5157615542411804,
      0.5327689051628113,
      0.43892645835876465
    ],
    [
      0.31884223222732544,
      0.26456552743911743,
      0.37360262870788574,
      0.34554925560951233,
      0.26728013157844543,
      0.26520130038261414,
      0.2383132129907608,
      0.3134042024612427,
      0.26173466444015503,
      0.3650294244289398,
      0.30173662304878235,
      0.2532161772251129,
      0.5157615542411804,
      1.0,
      0.4995916485786438,
      0.50734943151474
    ],
    [
      0.35642141103744507,
      0.29105308651924133,
      0.4042923152446747,
      0.4713071286678314,
      0.30788299441337585,
      0.2725745439529419,
      0.3193088471889496,
      0.30159491300582886,
      0.2784530520439148,
      0.43050292134284973,
      0.368020236492157,
      0.25589945912361145,
      0.5327689051628113,
      0.4995916485786438,
      1.0,
      0.517755925655365
    ],
    [
      0.24932250380516052,
      0.1872883141040802,
      0.28267157077789307,
      0.3411528766155243,
      0.26802724599838257,
      0.19545505940914154,
      0.17392095923423767,
      0.22074773907661438,
      0.24402041733264923,
      0.38698917627334595,
      0.21852216124534607,
      0.20135468244552612,
      0.43892645835876465,
      0.50734943151474,
      0.517755925655365,
      1.0
    ]
  ]
}