{
  "game_number": 301,
  "words": [
    "GRIT",
    "RESOLVE",
    "SPIRIT",
    "WILL",
    "FREQUENT",
    "HAUNT",
    "PATRONIZE",
    "VISIT",
    "CANINE",
    "FREIGHT",
    "OFTEN",
    "OZONE",
    "CONDENSE",
    "FREEZE",
    "MELT",
    "VAPORIZE"
  ],
  "adjacency_matrix": [
    [
      1.0,
      0.4371751844882965,
      0.47699254751205444,
      0.28656697273254395,
      0.28148284554481506,
      0.308406263589859,
      0.21761517226696014,
      0.20581233501434326,
      0.3534483313560486,
      0.32023340463638306,
      0.28238382935523987,
      0.22482459247112274,
      0.2760169208049774,
      0.3054616451263428,
      0.4190238416194916,
      0.3237949311733246
    ],
    [
      0.4371751844882965,
      1.0,
      0.4209211766719818,
      0.5048158168792725,
      0.34985873103141785,
      0.4004533588886261,
      0.41242700815200806,
      0.40314826369285583,
      0.31500327587127686,
      0.21304291486740112,
      0.4053013324737549,
      0.1795617640018463,
      0.34941691160202026,
      0.4557770788669586,
      0.38633501529693604,
      0.4365065097808838
    ],
    [
      0.47699254751205444,
      0.4209211766719818,
      1.0,
      0.27506223320961,
      0.2767139971256256,
      0.43083661794662476,
      0.303749680519104,
      0.31010201573371887,
      0.3905182480812073,
      0.3197040557861328,
      0.28895214200019836,
      0.23414528369903564,
      0.28673824667930603,
      0.32968869805336,
      0.29971587657928467,
      0.2831973433494568
    ],
    [
      0.28656697273254395,
      0.5048158168792725,
      0.27506223320961,
      0.9999999403953552,
      0.3093193769454956,
      0.4164471924304962,
      0.4518566429615021,
      0.4366607666015625,
      0.2722797691822052,
      0.22104257345199585,
      0.5879127383232117,
      0.11962135881185532,
      0.34410637617111206,
      0.4385356307029724,
      0.4138071537017822,
      0.4608478844165802
    ],
    [
      0.28148284554481506,
      0.34985873103141785,
      0.2767139971256256,
      0.3093193769454956,
      1.0,
      0.4531930983066559,
      0.40354448556900024,
      0.3946532607078552,
      0.36609670519828796,
      0.316976934671402,
      0.5930719375610352,
      0.2339453548192978,
      0.26998063921928406,
      0.29677990078926086,
      0.25080928206443787,
      0.22785797715187073
    ],
    [
      0.308406263589859,
      0.4004533588886261,
      0.43083661794662476,
      0.4164471924304962,
      0.4531930983066559,
      0.9999999403953552,
      0.49759259819984436,
      0.4654729962348938,
      0.2596076428890228,
      0.2571246325969696,
      0.39199331402778625,
      0.108091339468956,
      0.23157179355621338,
      0.3398090898990631,
      0.28765156865119934,
      0.30547264218330383
    ],
    [
      0.21761517226696014,
      0.41242700815200806,
      0.303749680519104,
      0.4518566429615021,
      0.40354448556900024,
      0.49759259819984436,
      1.0,
      0.46725064516067505,
      0.24408802390098572,
      0.2799139618873596,
      0.45413675904273987,
      0.06595548987388611,
      0.31759828329086304,
      0.3089878261089325,
      0.30162596702575684,
      0.3657103478908539
    ],
    [
      0.20581233501434326,
      0.40314826369285583,
      0.31010201573371887,
      0.4366607666015625,
      0.3946532607078552,
      0.4654729962348938,
      0.46725064516067505,
      1.0,
      0.21234631538391113,
      0.26921823620796204,
      0.40157806873321533,
      0.10490605980157852,
      0.23780885338783264,
      0.306931734085083,
      0.27297443151474,
      0.24485133588314056
    ],
    [
      0.3534483313560486,
      0.31500327587127686,
      0.3905182480812073,
      0.2722797691822052,
      0.36609670519828796,
      0.2596076428890228,
      0.24408802390098572,
      0.21234631538391113,
      1.0,
      0.23598352074623108,
      0.23583614826202393,
      0.2724611163139343,
      0.19854465126991272,
      0.23962076008319855,
      0.30458253622055054,
      0.2597782611846924
    ],
    [
      0.32023340463638306,
      0.21304291486740112,
      0.3197040557861328,
      0.22104257345199585,
      0.316976934671402,
      0.2571246325969696,
      0.2799139618873596,
      0.26921823620796204,
      0.23598352074623108,
      1.0,
      0.2598402500152588,
      0.24557839334011078,
      0.2781142294406891,
      0.30501922965049744,
      0.2814314365386963,
      0.2705650329589844
    ],
    [
      0.28238382935523987,
      0.4053013324737549,
      0.28895214200019836,
      0.5879127383232117,
      0.5930719375610352,
      0.39199331402778625,
      0.45413675904273987,
      0.40157806873321533,
      0.23583614826202393,
      0.2598402500152588,
      0.9999999403953552,
      0.15472643077373505,
      0.3689303696155548,
      0.32485431432724,
      0.29316022992134094,
      0.35649871826171875
    ],
    [
      0.22482459247112274,
      0.1795617640018463,
      0.23414528369903564,
      0.11962135881185532,
      0.2339453548192978,
      0.108091339468956,
      0.06595548987388611,
      0.10490605980157852,
      0.2724611163139343,
      0.24557839334011078,
      0.15472643077373505,
      1.0,
      0.23827962577342987,
      0.21292653679847717,
      0.2671146094799042,
      0.3279631435871124
    ],
    [
      0.2760169208049774,
      0.34941691160202026,
      0.28673824667930603,
      0.34410637617111206,
      0.26998063921928406,
      0.23157179355621338,
      0.31759828329086304,
      0.23780885338783264,
      0.19854465126991272,
      0.2781142294406891,
      0.3689303696155548,
      0.23827962577342987,
      1.0,
      0.4140758216381073,
      0.483915239572525,
      0.5420609712600708
    ],
    [
      0.3054616451263428,
      0.4557770788669586,
      0.32968869805336,
      0.4385356307029724,
      0.29677990078926086,
      0.3398090898990631,
      0.3089878261089325,
      0.306931734085083,
      0.23962076008319855,
      0.30501922965049744,
      0.32485431432724,
      0.21292653679847717,
      0.4140758216381073,
      1.0,
      0.579608142375946,
      0.4987146854400635
    ],
    [
      0.4190238416194916,
      0.38633501529693604,
      0.29971587657928467,
      0.4138071537017822,
      0.25080928206443787,
      0.28765156865119934,
      0.30162596702575684,
      0.27297443151474,
      0.30458253622055054,
      0.2814314365386963,
      0.29316022992134094,
      0.2671146094799042,
      0.483915239572525,
      0.579608142375946,
      1.0,
      0.6518549919128418
    ],
    [
      0.3237949311733246,
      0.4365065097808838,
      0.2831973433494568,
      0.4608478844165802,
      0.22785797715187073,
      0.30547264218330383,
      0.3657103478908539,
      0.24485133588314056,
      0.2597782611846924,
      0.2705650329589844,
      0.35649871826171875,
      0.3279631435871124,
      0.5420609712600708,
      0.4987146854400635,
      0.6518549919128418,
      1.0000001192092896
    ]
  ]
}