{
  "game_number": 417,
  "words": [
    "BRAVE",
    "CONFRONT",
    "FACE",
    "MEET",
    "KIND",
    "SORT",
    "TYPE",
    "VARIETY",
    "EXPRESSION",
    "MANNER",
    "ROMANTIC",
    "SURREAL",
    "LUMBER",
    "PLOD",
    "STOMP",
    "TRUDGE"
  ],
  "adjacency_matrix": [
    [
      0.9999999403953552,
      0.4221625328063965,
      0.4738682508468628,
      0.3330332040786743,
      0.5661805868148804,
      0.42602112889289856,
      0.32833337783813477,
      0.3189879059791565,
      0.38428995013237,
      0.37822407484054565,
      0.4556421935558319,
      0.4196372926235199,
      0.1851194053888321,
      0.3675006330013275,
      0.29004549980163574,
      0.3941959738731384
    ],
    [
      0.4221625328063965,
      1.0,
      0.6687830686569214,
      0.5688514709472656,
      0.3348250389099121,
      0.40705588459968567,
      0.31211307644844055,
      0.30024999380111694,
      0.3083410859107971,
      0.3343871533870697,
      0.23619282245635986,
      0.31848955154418945,
      0.19498910009860992,
      0.3424493074417114,
      0.37372905015945435,
      0.44533079862594604
    ],
    [
      0.4738682508468628,
      0.6687830686569214,
      1.0,
      0.5279626846313477,
      0.4738120138645172,
      0.4367969036102295,
      0.421441912651062,
      0.4158302843570709,
      0.4979110658168793,
      0.4282802939414978,
      0.28080129623413086,
      0.3789876401424408,
      0.2188549041748047,
      0.30515867471694946,
      0.3666774034500122,
      0.46988344192504883
    ],
    [
      0.3330332040786743,
      0.5688514709472656,
      0.5279626846313477,
      1.0,
      0.3684806227684021,
      0.36932846903800964,
      0.3431512117385864,
      0.33190062642097473,
      0.3025849163532257,
      0.2958770990371704,
      0.23276525735855103,
      0.2613402009010315,
      0.2265760749578476,
      0.22703155875205994,
      0.23890948295593262,
      0.37387239933013916
    ],
    [
      0.5661805868148804,
      0.3348250389099121,
      0.4738120138645172,
      0.3684806227684021,
      0.9999999403953552,
      0.8120303153991699,
      0.6637248992919922,
      0.572178304195404,
      0.5364524722099304,
      0.5575516819953918,
      0.5625455379486084,
      0.5444204211235046,
      0.345625102519989,
      0.30303090810775757,
      0.2684709131717682,
      0.32894623279571533
    ],
    [
      0.42602112889289856,
      0.40705588459968567,
      0.4367969036102295,
      0.36932846903800964,
      0.8120303153991699,
      1.0,
      0.6298767328262329,
      0.5243796706199646,
      0.4460581839084625,
      0.5107486248016357,
      0.47269195318222046,
      0.49746641516685486,
      0.34241917729377747,
      0.38356447219848633,
      0.36641696095466614,
      0.4359285235404968
    ],
    [
      0.32833337783813477,
      0.31211307644844055,
      0.421441912651062,
      0.3431512117385864,
      0.6637248992919922,
      0.6298767328262329,
      1.0000001192092896,
      0.5618653893470764,
      0.5030165910720825,
      0.44359245896339417,
      0.3927765488624573,
      0.29992058873176575,
      0.3432649075984955,
      0.23263554275035858,
      0.27513620257377625,
      0.23812831938266754
    ],
    [
      0.3189879059791565,
      0.30024999380111694,
      0.4158302843570709,
      0.33190062642097473,
      0.572178304195404,
      0.5243796706199646,
      0.5618653893470764,
      1.0,
      0.5032827854156494,
      0.4579782485961914,
      0.4370305836200714,
      0.41577455401420593,
      0.32379966974258423,
      0.14298275113105774,
      0.24856975674629211,
      0.23432879149913788
    ],
    [
      0.38428995013237,
      0.3083410859107971,
      0.4979110658168793,
      0.3025849163532257,
      0.5364524722099304,
      0.4460581839084625,
      0.5030165910720825,
      0.5032827854156494,
      0.9999999403953552,
      0.4745829999446869,
      0.36225369572639465,
      0.38185352087020874,
      0.2136419266462326,
      0.11667933315038681,
      0.22695504128932953,
      0.23215332627296448
    ],
    [
      0.37822407484054565,
      0.3343871533870697,
      0.4282802939414978,
      0.2958770990371704,
      0.5575516819953918,
      0.5107486248016357,
      0.44359245896339417,
      0.4579782485961914,
      0.4745829999446869,
      0.9999998807907104,
      0.36907172203063965,
      0.372887521982193,
      0.28175410628318787,
      0.2812875807285309,
      0.2867183983325958,
      0.3062381148338318
    ],
    [
      0.4556421935558319,
      0.23619282245635986,
      0.28080129623413086,
      0.23276525735855103,
      0.5625455379486084,
      0.47269195318222046,
      0.3927765488624573,
      0.4370305836200714,
      0.36225369572639465,
      0.36907172203063965,
      1.0,
      0.5628646016120911,
      0.23670853674411774,
      0.19928063452243805,
      0.23235958814620972,
      0.2938311994075775
    ],
    [
      0.4196372926235199,
      0.31848955154418945,
      0.3789876401424408,
      0.2613402009010315,
      0.5444204211235046,
      0.49746641516685486,
      0.29992058873176575,
      0.41577455401420593,
      0.38185352087020874,
      0.372887521982193,
      0.5628646016120911,
      1.0,
      0.17200304567813873,
      0.2311815768480301,
      0.23108026385307312,
      0.3582318425178528
    ],
    [
      0.1851194053888321,
      0.19498910009860992,
      0.2188549041748047,
      0.2265760749578476,
      0.345625102519989,
      0.34241917729377747,
      0.3432649075984955,
      0.32379966974258423,
      0.2136419266462326,
      0.28175410628318787,
      0.23670853674411774,
      0.17200304567813873,
      1.0,
      0.1930425614118576,
      0.30867594480514526,
      0.32014548778533936
    ],
    [
      0.3675006330013275,
      0.3424493074417114,
      0.30515867471694946,
      0.22703155875205994,
      0.30303090810775757,
      0.38356447219848633,
      0.23263554275035858,
      0.14298275113105774,
      0.11667933315038681,
      0.2812875807285309,
      0.19928063452243805,
      0.2311815768480301,
      0.1930425614118576,
      1.0,
      0.38927215337753296,
      0.5985556840896606
    ],
    [
      0.29004549980163574,
      0.37372905015945435,
      0.3666774034500122,
      0.23890948295593262,
      0.2684709131717682,
      0.36641696095466614,
      0.27513620257377625,
      0.24856975674629211,
      0.22695504128932953,
      0.2867183983325958,
      0.23235958814620972,
      0.23108026385307312,
      0.30867594480514526,
      0.38927215337753296,
      0.9999999403953552,
      0.48539644479751587
    ],
    [
      0.3941959738731384,
      0.44533079862594604,
      0.46988344192504883,
      0.37387239933013916,
      0.32894623279571533,
      0.4359285235404968,
      0.23812831938266754,
      0.23432879149913788,
      0.23215332627296448,
      0.3062381148338318,
      0.2938311994075775,
      0.3582318425178528,
      0.32014548778533936,
      0.5985556840896606,
      0.48539644479751587,
      1.0
    ]
  ]
}