{
  "game_number": 538,
  "words": [
    "BREEZE",
    "DRAFT",
    "GUST",
    "PUFF",
    "BITE",
    "KICK",
    "TANG",
    "ZIP",
    "BOXER",
    "GOGGLE",
    "PANT",
    "TONG",
    "BOO",
    "HISS",
    "JEER",
    "RASPBERRY"
  ],
  "adjacency_matrix": [
    [
      1.0,
      0.26794761419296265,
      0.5671214461326599,
      0.4793270230293274,
      0.3806626498699188,
      0.4076942801475525,
      0.45349830389022827,
      0.3649664521217346,
      0.20026634633541107,
      0.30991730093955994,
      0.428727388381958,
      0.30337169766426086,
      0.34798091650009155,
      0.41896817088127136,
      0.3471244275569916,
      0.4468022584915161
    ],
    [
      0.26794761419296265,
      1.0,
      0.175353541970253,
      0.28555184602737427,
      0.2399599701166153,
      0.31481480598449707,
      0.22299665212631226,
      0.19982486963272095,
      0.2850213050842285,
      0.21596205234527588,
      0.23772530257701874,
      0.2602527439594269,
      0.21950304508209229,
      0.18857191503047943,
      0.1368771195411682,
      0.11898703128099442
    ],
    [
      0.5671214461326599,
      0.175353541970253,
      1.0,
      0.40704259276390076,
      0.32228416204452515,
      0.3174220025539398,
      0.34967106580734253,
      0.3345324993133545,
      0.1711636483669281,
      0.2540064752101898,
      0.33378785848617554,
      0.2934856116771698,
      0.26873162388801575,
      0.40528562664985657,
      0.29912540316581726,
      0.398926705121994
    ],
    [
      0.4793270230293274,
      0.28555184602737427,
      0.40704259276390076,
      1.0,
      0.4317606985569,
      0.42281925678253174,
      0.38420090079307556,
      0.3471694886684418,
      0.22317539155483246,
      0.3081485331058502,
      0.47694727778434753,
      0.33714282512664795,
      0.3944852650165558,
      0.5058239698410034,
      0.33209237456321716,
      0.44881972670555115
    ],
    [
      0.3806626498699188,
      0.2399599701166153,
      0.32228416204452515,
      0.4317606985569,
      1.0,
      0.5604269504547119,
      0.4191276431083679,
      0.3471769094467163,
      0.22352106869220734,
      0.2810021936893463,
      0.40257176756858826,
      0.3487740755081177,
      0.35737520456314087,
      0.4675695300102234,
      0.3239893615245819,
      0.3898211419582367
    ],
    [
      0.4076942801475525,
      0.31481480598449707,
      0.3174220025539398,
      0.42281925678253174,
      0.5604269504547119,
      1.0,
      0.3904734253883362,
      0.3723441958427429,
      0.3394761085510254,
      0.3306340277194977,
      0.4584754407405853,
      0.3796382546424866,
      0.44255271553993225,
      0.4533875584602356,
      0.4285537004470825,
      0.30323201417922974
    ],
    [
      0.45349830389022827,
      0.22299665212631226,
      0.34967106580734253,
      0.38420090079307556,
      0.4191276431083679,
      0.3904734253883362,
      1.0,
      0.30894818902015686,
      0.3034765124320984,
      0.31794100999832153,
      0.4229426085948944,
      0.6212033033370972,
      0.3207399249076843,
      0.38539090752601624,
      0.24387770891189575,
      0.4285460114479065
    ],
    [
      0.3649664521217346,
      0.19982486963272095,
      0.3345324993133545,
      0.3471694886684418,
      0.3471769094467163,
      0.3723441958427429,
      0.30894818902015686,
      1.0,
      0.19828198850154877,
      0.2904359698295593,
      0.41970592737197876,
      0.28902918100357056,
      0.24686618149280548,
      0.29150769114494324,
      0.17695683240890503,
      0.3049747049808502
    ],
    [
      0.20026634633541107,
      0.2850213050842285,
      0.1711636483669281,
      0.22317539155483246,
      0.22352106869220734,
      0.3394761085510254,
      0.3034765124320984,
      0.19828198850154877,
      1.0,
      0.30962398648262024,
      0.3108077049255371,
      0.3439941108226776,
      0.24871881306171417,
      0.21069663763046265,
      0.24614760279655457,
      0.2269718497991562
    ],
    [
      0.30991730093955994,
      0.21596205234527588,
      0.2540064752101898,
      0.3081485331058502,
      0.2810021936893463,
      0.3306340277194977,
      0.31794100999832153,
      0.2904359698295593,
      0.30962398648262024,
      1.0,
      0.46593669056892395,
      0.25368639826774597,
      0.2538733184337616,
      0.2777450978755951,
      0.2170661836862564,
      0.3497202396392822
    ],
    [
      0.428727388381958,
      0.23772530257701874,
      0.33378785848617554,
      0.47694727778434753,
      0.40257176756858826,
      0.4584754407405853,
      0.4229426085948944,
      0.41970592737197876,
      0.3108077049255371,
      0.46593669056892395,
      1.0,
      0.3617802858352661,
      0.392647922039032,
      0.4413106441497803,
      0.35993844270706177,
      0.3828054964542389
    ],
    [
      0.30337169766426086,
      0.2602527439594269,
      0.2934856116771698,
      0.33714282512664795,
      0.3487740755081177,
      0.3796382546424866,
      0.6212033033370972,
      0.28902918100357056,
      0.3439941108226776,
      0.25368639826774597,
      0.3617802858352661,
      1.0,
      0.33528977632522583,
      0.3011772930622101,
      0.22244814038276672,
      0.2864178717136383
    ],
    [
      0.34798091650009155,
      0.21950304508209229,
      0.26873162388801575,
      0.3944852650165558,
      0.35737520456314087,
      0.44255271553993225,
      0.3207399249076843,
      0.24686618149280548,
      0.24871881306171417,
      0.2538733184337616,
      0.392647922039032,
      0.33528977632522583,
      1.0,
      0.6464541554450989,
      0.7037938237190247,
      0.34140509366989136
    ],
    [
      0.41896817088127136,
      0.18857191503047943,
      0.40528562664985657,
      0.5058239698410034,
      0.4675695300102234,
      0.4533875584602356,
      0.38539090752601624,
      0.29150769114494324,
      0.21069663763046265,
      0.2777450978755951,
      0.4413106441497803,
      0.3011772930622101,
      0.6464541554450989,
      1.0,
      0.6149744391441345,
      0.38122129440307617
    ],
    [
      0.3471244275569916,
      0.1368771195411682,
      0.29912540316581726,
      0.33209237456321716,
      0.3239893615245819,
      0.4285537004470825,
      0.24387770891189575,
      0.17695683240890503,
      0.24614760279655457,
      0.2170661836862564,
      0.35993844270706177,
      0.22244814038276672,
      0.7037938237190247,
      0.6149744391441345,
      1.0,
      0.3298077881336212
    ],
    [
      0.4468022584915161,
      0.11898703128099442,
      0.398926705121994,
      0.44881972670555115,
      0.3898211419582367,
      0.30323201417922974,
      0.4285460114479065,
      0.3049747049808502,
      0.2269718497991562,
      0.3497202396392822,
      0.3828054964542389,
      0.2864178717136383,
      0.34140509366989136,
      0.38122129440307617,
      0.3298077881336212,
      1.0000001192092896
    ]
  ]
}