{
  "game_number": 540,
  "words": [
    "ROT",
    "SOUR",
    "SPOIL",
    "TURN",
    "FESTER",
    "LURCH",
    "THING",
    "WEDNESDAY",
    "CAT",
    "CHANCE",
    "LIP",
    "TUESDAY",
    "FILE",
    "HAMMER",
    "LEVEL",
    "SAW"
  ],
  "adjacency_matrix": [
    [
      1.0,
      0.44827544689178467,
      0.4422058165073395,
      0.3977913558483124,
      0.5569788217544556,
      0.426382452249527,
      0.35182029008865356,
      0.21613237261772156,
      0.2444336712360382,
      0.31167757511138916,
      0.2985420823097229,
      0.19675035774707794,
      0.33618760108947754,
      0.36293932795524597,
      0.3207840919494629,
      0.2360517382621765
    ],
    [
      0.44827544689178467,
      1.0,
      0.4707346260547638,
      0.4687277376651764,
      0.43573516607284546,
      0.423801451921463,
      0.34902068972587585,
      0.23048697412014008,
      0.237695574760437,
      0.27959105372428894,
      0.34605762362480164,
      0.1947024166584015,
      0.25056925415992737,
      0.2764793634414673,
      0.280522882938385,
      0.23799638450145721
    ],
    [
      0.4422058165073395,
      0.4707346260547638,
      1.0,
      0.46106186509132385,
      0.36980268359184265,
      0.3087461292743683,
      0.4212990403175354,
      0.23176974058151245,
      0.2306026816368103,
      0.41706061363220215,
      0.30286169052124023,
      0.21337608993053436,
      0.31284448504447937,
      0.3478115499019623,
      0.30006346106529236,
      0.2886381447315216
    ],
    [
      0.3977913558483124,
      0.4687277376651764,
      0.46106186509132385,
      1.0,
      0.3563176095485687,
      0.5226427912712097,
      0.5122990608215332,
      0.3077491223812103,
      0.27759116888046265,
      0.5229158997535706,
      0.31480497121810913,
      0.24603977799415588,
      0.388231486082077,
      0.42298489809036255,
      0.4331408739089966,
      0.478005051612854
    ],
    [
      0.5569788217544556,
      0.43573516607284546,
      0.36980268359184265,
      0.3563176095485687,
      1.0,
      0.361947238445282,
      0.2203134000301361,
      0.1867702603340149,
      0.17189647257328033,
      0.23336738348007202,
      0.18058991432189941,
      0.1702064424753189,
      0.26260146498680115,
      0.2268272042274475,
      0.18505346775054932,
      0.15815524756908417
    ],
    [
      0.426382452249527,
      0.423801451921463,
      0.3087461292743683,
      0.5226427912712097,
      0.361947238445282,
      0.9999999403953552,
      0.3926646411418915,
      0.17303363978862762,
      0.236922025680542,
      0.34800711274147034,
      0.26082292199134827,
      0.09841619431972504,
      0.24972860515117645,
      0.3297651708126068,
      0.3111211955547333,
      0.3240281343460083
    ],
    [
      0.35182029008865356,
      0.34902068972587585,
      0.4212990403175354,
      0.5122990608215332,
      0.2203134000301361,
      0.3926646411418915,
      1.0,
      0.3367071747779846,
      0.35294827818870544,
      0.5200455188751221,
      0.281130313873291,
      0.32457563281059265,
      0.37276017665863037,
      0.3750153183937073,
      0.44202733039855957,
      0.47518107295036316
    ],
    [
      0.21613237261772156,
      0.23048697412014008,
      0.23176974058151245,
      0.3077491223812103,
      0.1867702603340149,
      0.17303363978862762,
      0.3367071747779846,
      1.0,
      0.23070304095745087,
      0.28449809551239014,
      0.15125712752342224,
      0.8678370118141174,
      0.2953880727291107,
      0.2450338900089264,
      0.2197219729423523,
      0.24757535755634308
    ],
    [
      0.2444336712360382,
      0.237695574760437,
      0.2306026816368103,
      0.27759116888046265,
      0.17189647257328033,
      0.236922025680542,
      0.35294827818870544,
      0.23070304095745087,
      1.0,
      0.25533729791641235,
      0.28959494829177856,
      0.22884230315685272,
      0.3530034124851227,
      0.32465362548828125,
      0.3081250488758087,
      0.27287474274635315
    ],
    [
      0.31167757511138916,
      0.27959105372428894,
      0.41706061363220215,
      0.5229158997535706,
      0.23336738348007202,
      0.34800711274147034,
      0.5200455188751221,
      0.28449809551239014,
      0.25533729791641235,
      0.9999999403953552,
      0.29653477668762207,
      0.24583204090595245,
      0.33407241106033325,
      0.3430527448654175,
      0.44218432903289795,
      0.4344887137413025
    ],
    [
      0.2985420823097229,
      0.34605762362480164,
      0.30286169052124023,
      0.31480497121810913,
      0.18058991432189941,
      0.26082292199134827,
      0.281130313873291,
      0.15125712752342224,
      0.28959494829177856,
      0.29653477668762207,
      1.0,
      0.10027186572551727,
      0.26428842544555664,
      0.33727335929870605,
      0.3686586916446686,
      0.18722334504127502
    ],
    [
      0.19675035774707794,
      0.1947024166584015,
      0.21337608993053436,
      0.24603977799415588,
      0.1702064424753189,
      0.09841619431972504,
      0.32457563281059265,
      0.8678370118141174,
      0.22884230315685272,
      0.24583204090595245,
      0.10027186572551727,
      1.0000001192092896,
      0.23281744122505188,
      0.22863055765628815,
      0.15690025687217712,
      0.16222217679023743
    ],
    [
      0.33618760108947754,
      0.25056925415992737,
      0.31284448504447937,
      0.388231486082077,
      0.26260146498680115,
      0.24972860515117645,
      0.37276017665863037,
      0.2953880727291107,
      0.3530034124851227,
      0.33407241106033325,
      0.26428842544555664,
      0.23281744122505188,
      1.0,
      0.31114110350608826,
      0.3800499737262726,
      0.3631100058555603
    ],
    [
      0.36293932795524597,
      0.2764793634414673,
      0.3478115499019623,
      0.42298489809036255,
      0.2268272042274475,
      0.3297651708126068,
      0.3750153183937073,
      0.2450338900089264,
      0.32465362548828125,
      0.3430527448654175,
      0.33727335929870605,
      0.22863055765628815,
      0.31114110350608826,
      1.0,
      0.38101109862327576,
      0.32396411895751953
    ],
    [
      0.3207840919494629,
      0.280522882938385,
      0.30006346106529236,
      0.4331408739089966,
      0.18505346775054932,
      0.3111211955547333,
      0.44202733039855957,
      0.2197219729423523,
      0.3081250488758087,
      0.44218432903289795,
      0.3686586916446686,
      0.15690025687217712,
      0.3800499737262726,
      0.38101109862327576,
      1.0,
      0.2710326910018921
    ],
    [
      0.2360517382621765,
      0.23799638450145721,
      0.2886381447315216,
      0.478005051612854,
      0.15815524756908417,
      0.3240281343460083,
      0.47518107295036316,
      0.24757535755634308,
      0.27287474274635315,
      0.4344887137413025,
      0.18722334504127502,
      0.16222217679023743,
      0.3631100058555603,
      0.32396411895751953,
      0.2710326910018921,
      1.0
    ]
  ]
}