{
  "game_number": 401,
  "words": [
    "APOLOGIES",
    "OOPS",
    "PARDON",
    "SORRY",
    "DEFENSE",
    "EXCUSE",
    "OUT",
    "REASON",
    "DATE",
    "DEAD",
    "DIRTY",
    "DOH",
    "HIT",
    "SMASH",
    "SUCCESS",
    "WINNER"
  ],
  "adjacency_matrix": [
    [
      0.9999999403953552,
      0.5060911774635315,
      0.5255882143974304,
      0.6155121326446533,
      0.3142549991607666,
      0.5506063103675842,
      0.3068787753582001,
      0.40574878454208374,
      0.33266401290893555,
      0.297669380903244,
      0.2971094846725464,
      0.20403936505317688,
      0.19429466128349304,
      0.15013115108013153,
      0.2521663308143616,
      0.23774078488349915
    ],
    [
      0.5060911774635315,
      1.0,
      0.34989267587661743,
      0.6003307104110718,
      0.19541703164577484,
      0.37828201055526733,
      0.2195855677127838,
      0.30271947383880615,
      0.21266281604766846,
      0.27854612469673157,
      0.29252704977989197,
      0.5967721939086914,
      0.25335878133773804,
      0.2325318455696106,
      0.14206399023532867,
      0.18865317106246948
    ],
    [
      0.5255882143974304,
      0.34989267587661743,
      0.9999999403953552,
      0.40569642186164856,
      0.29847362637519836,
      0.5465399026870728,
      0.2974421977996826,
      0.35281309485435486,
      0.3019520342350006,
      0.34435391426086426,
      0.27185195684432983,
      0.1538686752319336,
      0.2483222931623459,
      0.2632552981376648,
      0.29178252816200256,
      0.27424532175064087
    ],
    [
      0.6155121326446533,
      0.6003307104110718,
      0.40569642186164856,
      1.0,
      0.28049495816230774,
      0.5686975121498108,
      0.34510335326194763,
      0.48489657044410706,
      0.29758504033088684,
      0.3816176950931549,
      0.3656083643436432,
      0.3734770119190216,
      0.2756498456001282,
      0.2560834288597107,
      0.29553887248039246,
      0.18798917531967163
    ],
    [
      0.3142549991607666,
      0.19541703164577484,
      0.29847362637519836,
      0.28049495816230774,
      1.0,
      0.4434589743614197,
      0.34753116965293884,
      0.41928285360336304,
      0.30849218368530273,
      0.265908807516098,
      0.276538223028183,
      0.0425361730158329,
      0.33033812046051025,
      0.2591228485107422,
      0.3654105067253113,
      0.2658591866493225
    ],
    [
      0.5506063103675842,
      0.37828201055526733,
      0.5465399026870728,
      0.5686975121498108,
      0.4434589743614197,
      0.9999999403953552,
      0.40595024824142456,
      0.6815319061279297,
      0.3913785219192505,
      0.32782912254333496,
      0.3735257387161255,
      0.20953474938869476,
      0.30915185809135437,
      0.3335362374782562,
      0.37618938088417053,
      0.2591867744922638
    ],
    [
      0.3068787753582001,
      0.2195855677127838,
      0.2974421977996826,
      0.34510335326194763,
      0.34753116965293884,
      0.40595024824142456,
      0.9999999403953552,
      0.3739696145057678,
      0.48104357719421387,
      0.5005286931991577,
      0.4402867257595062,
      0.1110919713973999,
      0.4834901690483093,
      0.4302200675010681,
      0.39784228801727295,
      0.3530175983905792
    ],
    [
      0.40574878454208374,
      0.30271947383880615,
      0.35281309485435486,
      0.48489657044410706,
      0.41928285360336304,
      0.6815319061279297,
      0.3739696145057678,
      1.0,
      0.41989192366600037,
      0.33641892671585083,
      0.2689307928085327,
      0.13652700185775757,
      0.30485814809799194,
      0.23320594429969788,
      0.46166056394577026,
      0.3159227967262268
    ],
    [
      0.33266401290893555,
      0.21266281604766846,
      0.3019520342350006,
      0.29758504033088684,
      0.30849218368530273,
      0.3913785219192505,
      0.48104357719421387,
      0.41989192366600037,
      1.0,
      0.4197162687778473,
      0.2537086308002472,
      0.13048133254051208,
      0.38000252842903137,
      0.2986453175544739,
      0.45850256085395813,
      0.3864968717098236
    ],
    [
      0.297669380903244,
      0.27854612469673157,
      0.34435391426086426,
      0.3816176950931549,
      0.265908807516098,
      0.32782912254333496,
      0.5005286931991577,
      0.33641892671585083,
      0.4197162687778473,
      1.0,
      0.44680705666542053,
      0.11306018382310867,
      0.423124760389328,
      0.33883196115493774,
      0.3166622817516327,
      0.36856693029403687
    ],
    [
      0.2971094846725464,
      0.29252704977989197,
      0.27185195684432983,
      0.3656083643436432,
      0.276538223028183,
      0.3735257387161255,
      0.4402867257595062,
      0.2689307928085327,
      0.2537086308002472,
      0.44680705666542053,
      0.9999999403953552,
      0.19224725663661957,
      0.34969663619995117,
      0.3988081216812134,
      0.2590055763721466,
      0.2384483814239502
    ],
    [
      0.20403936505317688,
      0.5967721939086914,
      0.1538686752319336,
      0.3734770119190216,
      0.0425361730158329,
      0.20953474938869476,
      0.1110919713973999,
      0.13652700185775757,
      0.13048133254051208,
      0.11306018382310867,
      0.19224725663661957,
      1.0,
      0.16508351266384125,
      0.17130298912525177,
      0.010877786204218864,
      0.07573950290679932
    ],
    [
      0.19429466128349304,
      0.25335878133773804,
      0.2483222931623459,
      0.2756498456001282,
      0.33033812046051025,
      0.30915185809135437,
      0.4834901690483093,
      0.30485814809799194,
      0.38000252842903137,
      0.423124760389328,
      0.34969663619995117,
      0.16508351266384125,
      1.0,
      0.7188817858695984,
      0.4232328534126282,
      0.35975760221481323
    ],
    [
      0.15013115108013153,
      0.2325318455696106,
      0.2632552981376648,
      0.2560834288597107,
      0.2591228485107422,
      0.3335362374782562,
      0.4302200675010681,
      0.23320594429969788,
      0.2986453175544739,
      0.33883196115493774,
      0.3988081216812134,
      0.17130298912525177,
      0.7188817858695984,
      1.0,
      0.37807685136795044,
      0.3074421286582947
    ],
    [
      0.2521663308143616,
      0.14206399023532867,
      0.29178252816200256,
      0.29553887248039246,
      0.3654105067253113,
      0.37618938088417053,
      0.39784228801727295,
      0.46166056394577026,
      0.45850256085395813,
      0.3166622817516327,
      0.2590055763721466,
      0.010877786204218864,
      0.4232328534126282,
      0.37807685136795044,
      1.0,
      0.42875775694847107
    ],
    [
      0.23774078488349915,
      0.18865317106246948,
      0.27424532175064087,
      0.18798917531967163,
      0.2658591866493225,
      0.2591867744922638,
      0.3530175983905792,
      0.3159227967262268,
      0.3864968717098236,
      0.36856693029403687,
      0.2384483814239502,
      0.07573950290679932,
      0.35975760221481323,
      0.3074421286582947,
      0.42875775694847107,
      0.9999999403953552
    ]
  ]
}