{
  "game_number": 583,
  "words": [
    "BUSINESS",
    "NATIONAL",
    "OPINION",
    "STYLE",
    "ATLAS",
    "HERMES",
    "NIKE",
    "PARIS",
    "FOXY",
    "GUCCI",
    "KILLER",
    "NOTORIOUS",
    "BASH",
    "BLOWOUT",
    "PARTY",
    "SHINDIG"
  ],
  "adjacency_matrix": [
    [
      1.0,
      0.5089863538742065,
      0.44425374269485474,
      0.4733239710330963,
      0.24701152741909027,
      0.3423871099948883,
      0.20572395622730255,
      0.3078348636627197,
      0.24446508288383484,
      0.1667967587709427,
      0.3526606261730194,
      0.35678642988204956,
      0.3329430818557739,
      0.32363995909690857,
      0.5493925213813782,
      0.3983713388442993
    ],
    [
      0.5089863538742065,
      1.0,
      0.4265517592430115,
      0.4166140854358673,
      0.30211544036865234,
      0.26372990012168884,
      0.14198528230190277,
      0.24502229690551758,
      0.207365483045578,
      0.08492640405893326,
      0.28881826996803284,
      0.4001995921134949,
      0.2598085105419159,
      0.3020760416984558,
      0.49627605080604553,
      0.335133820772171
    ],
    [
      0.44425374269485474,
      0.4265517592430115,
      1.0,
      0.48395466804504395,
      0.2334820032119751,
      0.2874104976654053,
      0.14351558685302734,
      0.25455063581466675,
      0.26401951909065247,
      0.15562206506729126,
      0.3016495704650879,
      0.3760676085948944,
      0.341753214597702,
      0.25555938482284546,
      0.441453754901886,
      0.24703370034694672
    ],
    [
      0.4733239710330963,
      0.4166140854358673,
      0.48395466804504395,
      1.0,
      0.19298909604549408,
      0.31284138560295105,
      0.23562844097614288,
      0.25070813298225403,
      0.30572807788848877,
      0.18762433528900146,
      0.34103068709373474,
      0.32718953490257263,
      0.37888303399086,
      0.341806560754776,
      0.41355982422828674,
      0.2736060619354248
    ],
    [
      0.24701152741909027,
      0.30211544036865234,
      0.2334820032119751,
      0.19298909604549408,
      1.0,
      0.3244307041168213,
      0.22298377752304077,
      0.3490697145462036,
      0.11506221443414688,
      0.1864491105079651,
      0.22034183144569397,
      0.14476639032363892,
      0.1661994457244873,
      0.18885113298892975,
      0.20169055461883545,
      0.17310281097888947
    ],
    [
      0.3423871099948883,
      0.26372990012168884,
      0.2874104976654053,
      0.31284138560295105,
      0.3244307041168213,
      1.0,
      0.40050095319747925,
      0.4749053120613098,
      0.2825126647949219,
      0.4669420123100281,
      0.34946271777153015,
      0.32525718212127686,
      0.34644800424575806,
      0.24223080277442932,
      0.33701974153518677,
      0.262661337852478
    ],
    [
      0.20572395622730255,
      0.14198528230190277,
      0.14351558685302734,
      0.23562844097614288,
      0.22298377752304077,
      0.40050095319747925,
      1.0,
      0.3419680595397949,
      0.3353661000728607,
      0.577651858329773,
      0.22263549268245697,
      0.1538296937942505,
      0.319047749042511,
      0.17691570520401,
      0.15319475531578064,
      0.23976649343967438
    ],
    [
      0.3078348636627197,
      0.24502229690551758,
      0.25455063581466675,
      0.25070813298225403,
      0.3490697145462036,
      0.4749053120613098,
      0.3419680595397949,
      1.0,
      0.27495744824409485,
      0.34929925203323364,
      0.23098158836364746,
      0.21063533425331116,
      0.3675888776779175,
      0.22433403134346008,
      0.31287404894828796,
      0.31277701258659363
    ],
    [
      0.24446508288383484,
      0.207365483045578,
      0.26401951909065247,
      0.30572807788848877,
      0.11506221443414688,
      0.2825126647949219,
      0.3353661000728607,
      0.27495744824409485,
      1.0,
      0.4174107611179352,
      0.34985601902008057,
      0.35823681950569153,
      0.2747982144355774,
      0.15264414250850677,
      0.265349805355072,
      0.30519792437553406
    ],
    [
      0.1667967587709427,
      0.08492640405893326,
      0.15562206506729126,
      0.18762433528900146,
      0.1864491105079651,
      0.4669420123100281,
      0.577651858329773,
      0.34929925203323364,
      0.4174107611179352,
      1.0,
      0.2820466160774231,
      0.16946528851985931,
      0.2547636032104492,
      0.16130851209163666,
      0.15323176980018616,
      0.17765282094478607
    ],
    [
      0.3526606261730194,
      0.28881826996803284,
      0.3016495704650879,
      0.34103068709373474,
      0.22034183144569397,
      0.34946271777153015,
      0.22263549268245697,
      0.23098158836364746,
      0.34985601902008057,
      0.2820466160774231,
      0.9999999403953552,
      0.44466304779052734,
      0.3626488447189331,
      0.3576895594596863,
      0.3396588861942291,
      0.32156816124916077
    ],
    [
      0.35678642988204956,
      0.4001995921134949,
      0.3760676085948944,
      0.32718953490257263,
      0.14476639032363892,
      0.32525718212127686,
      0.1538296937942505,
      0.21063533425331116,
      0.35823681950569153,
      0.16946528851985931,
      0.44466304779052734,
      1.0,
      0.36332106590270996,
      0.3479554057121277,
      0.362974613904953,
      0.4019823968410492
    ],
    [
      0.3329430818557739,
      0.2598085105419159,
      0.341753214597702,
      0.37888303399086,
      0.1661994457244873,
      0.34644800424575806,
      0.319047749042511,
      0.3675888776779175,
      0.2747982144355774,
      0.2547636032104492,
      0.3626488447189331,
      0.36332106590270996,
      0.9999999403953552,
      0.4206496477127075,
      0.44794216752052307,
      0.6066198945045471
    ],
    [
      0.32363995909690857,
      0.3020760416984558,
      0.25555938482284546,
      0.341806560754776,
      0.18885113298892975,
      0.24223080277442932,
      0.17691570520401,
      0.22433403134346008,
      0.15264414250850677,
      0.16130851209163666,
      0.3576895594596863,
      0.3479554057121277,
      0.4206496477127075,
      1.0,
      0.38361844420433044,
      0.4590458273887634
    ],
    [
      0.5493925213813782,
      0.49627605080604553,
      0.441453754901886,
      0.41355982422828674,
      0.20169055461883545,
      0.33701974153518677,
      0.15319475531578064,
      0.31287404894828796,
      0.265349805355072,
      0.15323176980018616,
      0.3396588861942291,
      0.362974613904953,
      0.44794216752052307,
      0.38361844420433044,
      1.0,
      0.5007706880569458
    ],
    [
      0.3983713388442993,
      0.335133820772171,
      0.24703370034694672,
      0.2736060619354248,
      0.17310281097888947,
      0.262661337852478,
      0.23976649343967438,
      0.31277701258659363,
      0.30519792437553406,
      0.17765282094478607,
      0.32156816124916077,
      0.4019823968410492,
      0.6066198945045471,
      0.4590458273887634,
      0.5007706880569458,
      1.0
    ]
  ]
}