{
  "game_number": 330,
  "words": [
    "CURRENT",
    "DRIFT",
    "TIDE",
    "WAVE",
    "CURL",
    "FLY",
    "PRESS",
    "ROW",
    "LOCK",
    "MARKS",
    "PANE",
    "RUSTLE",
    "BODY",
    "CANON",
    "OEUVRE",
    "WORKS"
  ],
  "adjacency_matrix": [
    [
      1.0,
      0.4644505977630615,
      0.3889191448688507,
      0.4527144432067871,
      0.29447367787361145,
      0.321422815322876,
      0.4078872501850128,
      0.4156947731971741,
      0.44519782066345215,
      0.3505319654941559,
      0.3204658627510071,
      0.259382039308548,
      0.442484974861145,
      0.39575329422950745,
      0.19004036486148834,
      0.48277747631073
    ],
    [
      0.4644505977630615,
      1.0,
      0.5239421725273132,
      0.5258224606513977,
      0.44963061809539795,
      0.45048555731773376,
      0.37765246629714966,
      0.39589735865592957,
      0.4706084728240967,
      0.3333955705165863,
      0.3101916015148163,
      0.42373424768447876,
      0.34577327966690063,
      0.251135915517807,
      0.2139980047941208,
      0.362386018037796
    ],
    [
      0.3889191448688507,
      0.5239421725273132,
      1.0,
      0.615364670753479,
      0.3193140923976898,
      0.30234476923942566,
      0.32617226243019104,
      0.32990121841430664,
      0.4107060730457306,
      0.3368960916996002,
      0.210343599319458,
      0.3688196837902069,
      0.27821457386016846,
      0.18216614425182343,
      0.05960382893681526,
      0.26412057876586914
    ],
    [
      0.4527144432067871,
      0.5258224606513977,
      0.615364670753479,
      0.9999998807907104,
      0.44414064288139343,
      0.3818763196468353,
      0.37907347083091736,
      0.4002703130245209,
      0.3669140636920929,
      0.31554803252220154,
      0.31290188431739807,
      0.4062242805957794,
      0.3404947519302368,
      0.25894883275032043,
      0.13980889320373535,
      0.3270821273326874
    ],
    [
      0.29447367787361145,
      0.44963061809539795,
      0.3193140923976898,
      0.44414064288139343,
      1.0,
      0.41316840052604675,
      0.32852602005004883,
      0.2785506546497345,
      0.3936740458011627,
      0.24789123237133026,
      0.2980971336364746,
      0.4347260892391205,
      0.34269705414772034,
      0.18713416159152985,
      0.12889184057712555,
      0.2536616325378418
    ],
    [
      0.321422815322876,
      0.45048555731773376,
      0.30234476923942566,
      0.3818763196468353,
      0.41316840052604675,
      1.0,
      0.35717687010765076,
      0.3630822002887726,
      0.4003269374370575,
      0.2790016233921051,
      0.33441534638404846,
      0.3923216760158539,
      0.3910101652145386,
      0.25717151165008545,
      0.12062323093414307,
      0.38562288880348206
    ],
    [
      0.4078872501850128,
      0.37765246629714966,
      0.32617226243019104,
      0.37907347083091736,
      0.32852602005004883,
      0.35717687010765076,
      1.0,
      0.3886188268661499,
      0.4349794089794159,
      0.3182251751422882,
      0.3304215371608734,
      0.3579414188861847,
      0.33198633790016174,
      0.27319827675819397,
      0.1381537914276123,
      0.4101797640323639
    ],
    [
      0.4156947731971741,
      0.39589735865592957,
      0.32990121841430664,
      0.4002703130245209,
      0.2785506546497345,
      0.3630822002887726,
      0.3886188268661499,
      1.0,
      0.46357670426368713,
      0.35006406903266907,
      0.37283381819725037,
      0.30517953634262085,
      0.297417551279068,
      0.22648027539253235,
      0.12730345129966736,
      0.3019160032272339
    ],
    [
      0.44519782066345215,
      0.4706084728240967,
      0.4107060730457306,
      0.3669140636920929,
      0.3936740458011627,
      0.4003269374370575,
      0.4349794089794159,
      0.46357670426368713,
      1.0,
      0.37648284435272217,
      0.3684561550617218,
      0.37183234095573425,
      0.3686234652996063,
      0.2546728253364563,
      0.0682128444314003,
      0.38593536615371704
    ],
    [
      0.3505319654941559,
      0.3333955705165863,
      0.3368960916996002,
      0.31554803252220154,
      0.24789123237133026,
      0.2790016233921051,
      0.3182251751422882,
      0.35006406903266907,
      0.37648284435272217,
      1.0,
      0.2616567015647888,
      0.2664201557636261,
      0.31866469979286194,
      0.2919921278953552,
      0.1751871556043625,
      0.4248391091823578
    ],
    [
      0.3204658627510071,
      0.3101916015148163,
      0.210343599319458,
      0.31290188431739807,
      0.2980971336364746,
      0.33441534638404846,
      0.3304215371608734,
      0.37283381819725037,
      0.3684561550617218,
      0.2616567015647888,
      1.0,
      0.2970844507217407,
      0.3221125304698944,
      0.190516859292984,
      0.17604292929172516,
      0.3201003670692444
    ],
    [
      0.259382039308548,
      0.42373424768447876,
      0.3688196837902069,
      0.4062242805957794,
      0.4347260892391205,
      0.3923216760158539,
      0.3579414188861847,
      0.30517953634262085,
      0.37183234095573425,
      0.2664201557636261,
      0.2970844507217407,
      0.9999999403953552,
      0.24995458126068115,
      0.19337452948093414,
      0.15012776851654053,
      0.266022264957428
    ],
    [
      0.442484974861145,
      0.34577327966690063,
      0.27821457386016846,
      0.3404947519302368,
      0.34269705414772034,
      0.3910101652145386,
      0.33198633790016174,
      0.297417551279068,
      0.3686234652996063,
      0.31866469979286194,
      0.3221125304698944,
      0.24995458126068115,
      1.0,
      0.3488568663597107,
      0.2360289990901947,
      0.4309849143028259
    ],
    [
      0.39575329422950745,
      0.251135915517807,
      0.18216614425182343,
      0.25894883275032043,
      0.18713416159152985,
      0.25717151165008545,
      0.27319827675819397,
      0.22648027539253235,
      0.2546728253364563,
      0.2919921278953552,
      0.190516859292984,
      0.19337452948093414,
      0.3488568663597107,
      1.0,
      0.3909400701522827,
      0.4378524720668793
    ],
    [
      0.19004036486148834,
      0.2139980047941208,
      0.05960382893681526,
      0.13980889320373535,
      0.12889184057712555,
      0.12062323093414307,
      0.1381537914276123,
      0.12730345129966736,
      0.0682128444314003,
      0.1751871556043625,
      0.17604292929172516,
      0.15012776851654053,
      0.2360289990901947,
      0.3909400701522827,
      1.0,
      0.414387047290802
    ],
    [
      0.48277747631073,
      0.362386018037796,
      0.26412057876586914,
      0.3270821273326874,
      0.2536616325378418,
      0.38562288880348206,
      0.4101797640323639,
      0.3019160032272339,
      0.38593536615371704,
      0.4248391091823578,
      0.3201003670692444,
      0.266022264957428,
      0.4309849143028259,
      0.4378524720668793,
      0.414387047290802,
      1.0
    ]
  ]
}