{
  "game_number": 153,
  "words": [
    "LIFT",
    "LODGE",
    "MOGUL",
    "SLOPE",
    "EMOJI",
    "GINKGO",
    "KARAOKE",
    "TYCOON",
    "ANGLE",
    "CYCLE",
    "DENT",
    "POD",
    "BROOD",
    "MUSE",
    "PONDER",
    "REFLECT"
  ],
  "adjacency_matrix": [
    [
      1.0,
      0.39262625575065613,
      0.2211010754108429,
      0.44369855523109436,
      0.16334101557731628,
      0.12040655314922333,
      0.28093257546424866,
      0.21459487080574036,
      0.4378161132335663,
      0.400470495223999,
      0.43027228116989136,
      0.31652364134788513,
      0.30599135160446167,
      0.3207145035266876,
      0.2819574177265167,
      0.35696518421173096
    ],
    [
      0.39262625575065613,
      1.0,
      0.2723272740840912,
      0.30228522419929504,
      0.07601279765367508,
      0.12403100728988647,
      0.22587226331233978,
      0.28364402055740356,
      0.2637159824371338,
      0.27795636653900146,
      0.2908231019973755,
      0.2749481797218323,
      0.3379347026348114,
      0.29719945788383484,
      0.27492281794548035,
      0.3098885416984558
    ],
    [
      0.2211010754108429,
      0.2723272740840912,
      1.0,
      0.28744035959243774,
      0.17361639440059662,
      0.07897859811782837,
      0.31530818343162537,
      0.8295606374740601,
      0.22373445332050323,
      0.1680644005537033,
      0.19957372546195984,
      0.14378604292869568,
      0.21271970868110657,
      0.3161425292491913,
      0.1848788559436798,
      0.09394221007823944
    ],
    [
      0.44369855523109436,
      0.30228522419929504,
      0.28744035959243774,
      0.9999999403953552,
      0.055689193308353424,
      0.13144990801811218,
      0.17271581292152405,
      0.1874549686908722,
      0.5657371282577515,
      0.3276936709880829,
      0.277585506439209,
      0.23203489184379578,
      0.25421977043151855,
      0.26608961820602417,
      0.25246310234069824,
      0.31640878319740295
    ],
    [
      0.16334101557731628,
      0.07601279765367508,
      0.17361639440059662,
      0.055689193308353424,
      0.9999999403953552,
      0.23390991985797882,
      0.32302218675613403,
      0.17794445157051086,
      0.16826188564300537,
      0.1367412805557251,
      0.14346420764923096,
      0.18077890574932098,
      0.12080278992652893,
      0.2906624972820282,
      0.17046579718589783,
      0.22394941747188568
    ],
    [
      0.12040655314922333,
      0.12403100728988647,
      0.07897859811782837,
      0.13144990801811218,
      0.23390991985797882,
      0.9999999403953552,
      0.17548784613609314,
      0.09675382077693939,
      0.10020388662815094,
      0.10312224924564362,
      0.19563183188438416,
      0.18012893199920654,
      0.08210668712854385,
      0.08816530555486679,
      0.08356992155313492,
      0.11174167692661285
    ],
    [
      0.28093257546424866,
      0.22587226331233978,
      0.31530818343162537,
      0.17271581292152405,
      0.32302218675613403,
      0.17548784613609314,
      1.0,
      0.3125225901603699,
      0.24838583171367645,
      0.278302937746048,
      0.21102873980998993,
      0.20779763162136078,
      0.23785004019737244,
      0.3134819269180298,
      0.1887623369693756,
      0.15645602345466614
    ],
    [
      0.21459487080574036,
      0.28364402055740356,
      0.8295606374740601,
      0.1874549686908722,
      0.17794445157051086,
      0.09675382077693939,
      0.3125225901603699,
      1.0,
      0.19346526265144348,
      0.1932521015405655,
      0.17506808042526245,
      0.14068295061588287,
      0.19054369628429413,
      0.3356253206729889,
      0.21949869394302368,
      0.12002459168434143
    ],
    [
      0.4378161132335663,
      0.2637159824371338,
      0.22373445332050323,
      0.5657371282577515,
      0.16826188564300537,
      0.10020388662815094,
      0.24838583171367645,
      0.19346526265144348,
      0.9999999403953552,
      0.35305607318878174,
      0.34331560134887695,
      0.31080761551856995,
      0.3514702022075653,
      0.35208603739738464,
      0.2905336320400238,
      0.38609498739242554
    ],
    [
      0.400470495223999,
      0.27795636653900146,
      0.1680644005537033,
      0.3276936709880829,
      0.1367412805557251,
      0.10312224924564362,
      0.278302937746048,
      0.1932521015405655,
      0.35305607318878174,
      1.0,
      0.242826908826828,
      0.273044228553772,
      0.3829596936702728,
      0.38640543818473816,
      0.2701760530471802,
      0.3310951888561249
    ],
    [
      0.43027228116989136,
      0.2908231019973755,
      0.19957372546195984,
      0.277585506439209,
      0.14346420764923096,
      0.19563183188438416,
      0.21102873980998993,
      0.17506808042526245,
      0.34331560134887695,
      0.242826908826828,
      1.0,
      0.2553206980228424,
      0.30028268694877625,
      0.22691059112548828,
      0.23944325745105743,
      0.34366175532341003
    ],
    [
      0.31652364134788513,
      0.2749481797218323,
      0.14378604292869568,
      0.23203489184379578,
      0.18077890574932098,
      0.18012893199920654,
      0.20779763162136078,
      0.14068295061588287,
      0.31080761551856995,
      0.273044228553772,
      0.2553206980228424,
      1.0,
      0.3455723524093628,
      0.1925918608903885,
      0.1975260078907013,
      0.14699171483516693
    ],
    [
      0.30599135160446167,
      0.3379347026348114,
      0.21271970868110657,
      0.25421977043151855,
      0.12080278992652893,
      0.08210668712854385,
      0.23785004019737244,
      0.19054369628429413,
      0.3514702022075653,
      0.3829596936702728,
      0.30028268694877625,
      0.3455723524093628,
      1.0,
      0.40163180232048035,
      0.3536025881767273,
      0.2875443398952484
    ],
    [
      0.3207145035266876,
      0.29719945788383484,
      0.3161425292491913,
      0.26608961820602417,
      0.2906624972820282,
      0.08816530555486679,
      0.3134819269180298,
      0.3356253206729889,
      0.35208603739738464,
      0.38640543818473816,
      0.22691059112548828,
      0.1925918608903885,
      0.40163180232048035,
      1.0,
      0.5175052285194397,
      0.3865354359149933
    ],
    [
      0.2819574177265167,
      0.27492281794548035,
      0.1848788559436798,
      0.25246310234069824,
      0.17046579718589783,
      0.08356992155313492,
      0.1887623369693756,
      0.21949869394302368,
      0.2905336320400238,
      0.2701760530471802,
      0.23944325745105743,
      0.1975260078907013,
      0.3536025881767273,
      0.5175052285194397,
      1.0,
      0.40555885434150696
    ],
    [
      0.35696518421173096,
      0.3098885416984558,
      0.09394221007823944,
      0.31640878319740295,
      0.22394941747188568,
      0.11174167692661285,
      0.15645602345466614,
      0.12002459168434143,
      0.38609498739242554,
      0.3310951888561249,
      0.34366175532341003,
      0.14699171483516693,
      0.2875443398952484,
      0.3865354359149933,
      0.40555885434150696,
      1.0
    ]
  ]
}