{
  "game_number": 553,
  "words": [
    "BAT",
    "MOTH",
    "OWL",
    "WOLF",
    "BEET",
    "BRICK",
    "CARDINAL",
    "POPPY",
    "ACTION",
    "BALLPARK",
    "GO",
    "STICK",
    "CLUB",
    "DIAMOND",
    "HEART",
    "SPADE"
  ],
  "adjacency_matrix": [
    [
      0.9999999403953552,
      0.40946727991104126,
      0.3929283022880554,
      0.37574827671051025,
      0.34158575534820557,
      0.34022408723831177,
      0.23416668176651,
      0.22975961863994598,
      0.3064310848712921,
      0.4619610607624054,
      0.36071667075157166,
      0.45638200640678406,
      0.34637048840522766,
      0.388385534286499,
      0.3428362011909485,
      0.39867591857910156
    ],
    [
      0.40946727991104126,
      1.0,
      0.37579354643821716,
      0.3718082308769226,
      0.40480247139930725,
      0.22198735177516937,
      0.18503199517726898,
      0.2823033928871155,
      0.22556212544441223,
      0.183787003159523,
      0.08676770329475403,
      0.23523932695388794,
      0.21236054599285126,
      0.31588515639305115,
      0.21450969576835632,
      0.2337961494922638
    ],
    [
      0.3929283022880554,
      0.37579354643821716,
      1.0,
      0.5460178852081299,
      0.25135576725006104,
      0.2678307592868805,
      0.27465683221817017,
      0.27412480115890503,
      0.22608624398708344,
      0.23754899203777313,
      0.1597517430782318,
      0.22335782647132874,
      0.2618306577205658,
      0.26623401045799255,
      0.2436389923095703,
      0.21774645149707794
    ],
    [
      0.37574827671051025,
      0.3718082308769226,
      0.5460178852081299,
      1.0,
      0.3640914261341095,
      0.22696621716022491,
      0.29280951619148254,
      0.258959025144577,
      0.2964555323123932,
      0.19150055944919586,
      0.22363561391830444,
      0.2589374780654907,
      0.24295979738235474,
      0.29580697417259216,
      0.36566734313964844,
      0.2902189791202545
    ],
    [
      0.34158575534820557,
      0.40480247139930725,
      0.25135576725006104,
      0.3640914261341095,
      1.0,
      0.36160576343536377,
      0.19153375923633575,
      0.4095778465270996,
      0.30378174781799316,
      0.22981823980808258,
      0.2753509283065796,
      0.3756234347820282,
      0.30501386523246765,
      0.30291590094566345,
      0.358212947845459,
      0.3212447762489319
    ],
    [
      0.34022408723831177,
      0.22198735177516937,
      0.2678307592868805,
      0.22696621716022491,
      0.36160576343536377,
      1.0000001192092896,
      0.27687007188796997,
      0.34912019968032837,
      0.28017449378967285,
      0.3615189492702484,
      0.30666252970695496,
      0.4743279218673706,
      0.27515071630477905,
      0.43917137384414673,
      0.37242230772972107,
      0.34795185923576355
    ],
    [
      0.23416668176651,
      0.18503199517726898,
      0.27465683221817017,
      0.29280951619148254,
      0.19153375923633575,
      0.27687007188796997,
      1.0,
      0.22336483001708984,
      0.29216495156288147,
      0.28180021047592163,
      0.2687184512615204,
      0.2903555929660797,
      0.30176007747650146,
      0.32171016931533813,
      0.3763589859008789,
      0.30738648772239685
    ],
    [
      0.22975961863994598,
      0.2823033928871155,
      0.27412480115890503,
      0.258959025144577,
      0.4095778465270996,
      0.34912019968032837,
      0.22336483001708984,
      1.0,
      0.25818607211112976,
      0.16972461342811584,
      0.2579105794429779,
      0.4033028483390808,
      0.1719953715801239,
      0.37301498651504517,
      0.3162566125392914,
      0.27410200238227844
    ],
    [
      0.3064310848712921,
      0.22556212544441223,
      0.22608624398708344,
      0.2964555323123932,
      0.30378174781799316,
      0.28017449378967285,
      0.29216495156288147,
      0.25818607211112976,
      1.0,
      0.27029281854629517,
      0.42644065618515015,
      0.3793870210647583,
      0.3600527346134186,
      0.3313797414302826,
      0.49694937467575073,
      0.31698712706565857
    ],
    [
      0.4619610607624054,
      0.183787003159523,
      0.23754899203777313,
      0.19150055944919586,
      0.22981823980808258,
      0.3615189492702484,
      0.28180021047592163,
      0.16972461342811584,
      0.27029281854629517,
      1.0,
      0.33430537581443787,
      0.3446458578109741,
      0.4150332510471344,
      0.3400994837284088,
      0.31141433119773865,
      0.16105641424655914
    ],
    [
      0.36071667075157166,
      0.08676770329475403,
      0.1597517430782318,
      0.22363561391830444,
      0.2753509283065796,
      0.30666252970695496,
      0.2687184512615204,
      0.2579105794429779,
      0.42644065618515015,
      0.33430537581443787,
      1.0,
      0.5639820694923401,
      0.34032192826271057,
      0.2556919455528259,
      0.4098165035247803,
      0.312633752822876
    ],
    [
      0.45638200640678406,
      0.23523932695388794,
      0.22335782647132874,
      0.2589374780654907,
      0.3756234347820282,
      0.4743279218673706,
      0.2903555929660797,
      0.4033028483390808,
      0.3793870210647583,
      0.3446458578109741,
      0.5639820694923401,
      1.0,
      0.36858034133911133,
      0.39885419607162476,
      0.44488391280174255,
      0.48324450850486755
    ],
    [
      0.34637048840522766,
      0.21236054599285126,
      0.2618306577205658,
      0.24295979738235474,
      0.30501386523246765,
      0.27515071630477905,
      0.30176007747650146,
      0.1719953715801239,
      0.3600527346134186,
      0.4150332510471344,
      0.34032192826271057,
      0.36858034133911133,
      1.0,
      0.32673633098602295,
      0.3559212386608124,
      0.27803096175193787
    ],
    [
      0.388385534286499,
      0.31588515639305115,
      0.26623401045799255,
      0.29580697417259216,
      0.30291590094566345,
      0.43917137384414673,
      0.32171016931533813,
      0.37301498651504517,
      0.3313797414302826,
      0.3400994837284088,
      0.2556919455528259,
      0.39885419607162476,
      0.32673633098602295,
      1.0,
      0.4136415123939514,
      0.4679318964481354
    ],
    [
      0.3428362011909485,
      0.21450969576835632,
      0.2436389923095703,
      0.36566734313964844,
      0.358212947845459,
      0.37242230772972107,
      0.3763589859008789,
      0.3162566125392914,
      0.49694937467575073,
      0.31141433119773865,
      0.4098165035247803,
      0.44488391280174255,
      0.3559212386608124,
      0.4136415123939514,
      1.0,
      0.42578741908073425
    ],
    [
      0.39867591857910156,
      0.2337961494922638,
      0.21774645149707794,
      0.2902189791202545,
      0.3212447762489319,
      0.34795185923576355,
      0.30738648772239685,
      0.27410200238227844,
      0.31698712706565857,
      0.16105641424655914,
      0.312633752822876,
      0.48324450850486755,
      0.27803096175193787,
      0.4679318964481354,
      0.42578741908073425,
      1.0
    ]
  ]
}