{
  "game_number": 512,
  "words": [
    "BEST",
    "CHEERS",
    "REGARDS",
    "THANKS",
    "CARDS",
    "JAYS",
    "NATS",
    "YANKS",
    "BANKS",
    "MOSS",
    "TAYLOR",
    "WARREN",
    "BULL",
    "HOGWASH",
    "NONSENSE",
    "ROT"
  ],
  "adjacency_matrix": [
    [
      1.0,
      0.24998877942562103,
      0.5414800643920898,
      0.3426547646522522,
      0.31036636233329773,
      0.11791068315505981,
      0.24363796412944794,
      0.20030538737773895,
      0.27653196454048157,
      0.29233527183532715,
      0.15961861610412598,
      0.25296247005462646,
      0.31854426860809326,
      0.29666799306869507,
      0.4247967302799225,
      0.24193038046360016
    ],
    [
      0.24998877942562103,
      0.9999999403953552,
      0.44731494784355164,
      0.6338623762130737,
      0.28203871846199036,
      0.272027850151062,
      0.335374653339386,
      0.37189552187919617,
      0.24302418529987335,
      0.2631458342075348,
      0.2856336236000061,
      0.2778412699699402,
      0.27665066719055176,
      0.28052762150764465,
      0.3416077792644501,
      0.18405494093894958
    ],
    [
      0.5414800643920898,
      0.44731494784355164,
      0.9999999403953552,
      0.5718948841094971,
      0.3397897183895111,
      0.18533360958099365,
      0.31561189889907837,
      0.2850361764431,
      0.3265809714794159,
      0.25037094950675964,
      0.18398120999336243,
      0.2735419273376465,
      0.2553485035896301,
      0.2872812747955322,
      0.4437037706375122,
      0.21781237423419952
    ],
    [
      0.3426547646522522,
      0.6338623762130737,
      0.5718948841094971,
      0.9999999403953552,
      0.3003513813018799,
      0.159774512052536,
      0.23763231933116913,
      0.359128475189209,
      0.29214563965797424,
      0.21541526913642883,
      0.22464674711227417,
      0.29239094257354736,
      0.2738112509250641,
      0.2713954746723175,
      0.3616257905960083,
      0.22053204476833344
    ],
    [
      0.31036636233329773,
      0.28203871846199036,
      0.3397897183895111,
      0.3003513813018799,
      1.0,
      0.28478801250457764,
      0.3128809630870819,
      0.264915406703949,
      0.4011777937412262,
      0.298559308052063,
      0.15118519961833954,
      0.23048216104507446,
      0.2654683291912079,
      0.26243457198143005,
      0.35105100274086,
      0.261673241853714
    ],
    [
      0.11791068315505981,
      0.272027850151062,
      0.18533360958099365,
      0.159774512052536,
      0.28478801250457764,
      1.0,
      0.34500837326049805,
      0.28916236758232117,
      0.23681192100048065,
      0.3646532893180847,
      0.3118044435977936,
      0.22886943817138672,
      0.2267109751701355,
      0.2074405401945114,
      0.24493126571178436,
      0.1924211084842682
    ],
    [
      0.24363796412944794,
      0.335374653339386,
      0.31561189889907837,
      0.23763231933116913,
      0.3128809630870819,
      0.34500837326049805,
      1.0,
      0.35848715901374817,
      0.33009135723114014,
      0.2858213782310486,
      0.21240949630737305,
      0.28590089082717896,
      0.3245130181312561,
      0.3960456848144531,
      0.4155268371105194,
      0.27842357754707336
    ],
    [
      0.20030538737773895,
      0.37189552187919617,
      0.2850361764431,
      0.359128475189209,
      0.264915406703949,
      0.28916236758232117,
      0.35848715901374817,
      1.0,
      0.2848593592643738,
      0.23957648873329163,
      0.3167034387588501,
      0.268715500831604,
      0.2773471474647522,
      0.32894569635391235,
      0.3318648040294647,
      0.3405541181564331
    ],
    [
      0.27653196454048157,
      0.24302418529987335,
      0.3265809714794159,
      0.29214563965797424,
      0.4011777937412262,
      0.23681192100048065,
      0.33009135723114014,
      0.2848593592643738,
      1.0,
      0.37287530303001404,
      0.15545828640460968,
      0.29923760890960693,
      0.28557050228118896,
      0.2170323133468628,
      0.22742749750614166,
      0.24695248901844025
    ],
    [
      0.29233527183532715,
      0.2631458342075348,
      0.25037094950675964,
      0.21541526913642883,
      0.298559308052063,
      0.3646532893180847,
      0.2858213782310486,
      0.23957648873329163,
      0.37287530303001404,
      1.0,
      0.3369397521018982,
      0.3632161617279053,
      0.2777305841445923,
      0.21120363473892212,
      0.27662256360054016,
      0.3744643032550812
    ],
    [
      0.15961861610412598,
      0.2856336236000061,
      0.18398120999336243,
      0.22464674711227417,
      0.15118519961833954,
      0.3118044435977936,
      0.21240949630737305,
      0.3167034387588501,
      0.15545828640460968,
      0.3369397521018982,
      1.0,
      0.39687269926071167,
      0.31135112047195435,
      0.17771486937999725,
      0.19208139181137085,
      0.19387902319431305
    ],
    [
      0.25296247005462646,
      0.2778412699699402,
      0.2735419273376465,
      0.29239094257354736,
      0.23048216104507446,
      0.22886943817138672,
      0.28590089082717896,
      0.268715500831604,
      0.29923760890960693,
      0.3632161617279053,
      0.39687269926071167,
      1.0,
      0.41051235795021057,
      0.3157074749469757,
      0.3540313243865967,
      0.35112008452415466
    ],
    [
      0.31854426860809326,
      0.27665066719055176,
      0.2553485035896301,
      0.2738112509250641,
      0.2654683291912079,
      0.2267109751701355,
      0.3245130181312561,
      0.2773471474647522,
      0.28557050228118896,
      0.2777305841445923,
      0.31135112047195435,
      0.41051235795021057,
      1.0,
      0.4496810734272003,
      0.4281695783138275,
      0.35426461696624756
    ],
    [
      0.29666799306869507,
      0.28052762150764465,
      0.2872812747955322,
      0.2713954746723175,
      0.26243457198143005,
      0.2074405401945114,
      0.3960456848144531,
      0.32894569635391235,
      0.2170323133468628,
      0.21120363473892212,
      0.17771486937999725,
      0.3157074749469757,
      0.4496810734272003,
      1.0,
      0.7213119864463806,
      0.41378748416900635
    ],
    [
      0.4247967302799225,
      0.3416077792644501,
      0.4437037706375122,
      0.3616257905960083,
      0.35105100274086,
      0.24493126571178436,
      0.4155268371105194,
      0.3318648040294647,
      0.22742749750614166,
      0.27662256360054016,
      0.19208139181137085,
      0.3540313243865967,
      0.4281695783138275,
      0.7213119864463806,
      1.0,
      0.39229023456573486
    ],
    [
      0.24193038046360016,
      0.18405494093894958,
      0.21781237423419952,
      0.22053204476833344,
      0.261673241853714,
      0.1924211084842682,
      0.27842357754707336,
      0.3405541181564331,
      0.24695248901844025,
      0.3744643032550812,
      0.19387902319431305,
      0.35112008452415466,
      0.35426461696624756,
      0.41378748416900635,
      0.39229023456573486,
      1.0
    ]
  ]
}