{
  "game_number": 130,
  "words": [
    "CRIMP",
    "CURL",
    "FEATHER",
    "TEASE",
    "GLITTER",
    "GLUE",
    "MACARONI",
    "PAPER",
    "DOODLE",
    "GOOSE",
    "PARACHUTE",
    "ROD",
    "ANSWER",
    "FIX",
    "REMEDY",
    "SOLUTION"
  ],
  "adjacency_matrix": [
    [
      1.0,
      0.42720621824264526,
      0.28785017132759094,
      0.33083561062812805,
      0.33824557065963745,
      0.45812296867370605,
      0.3179805874824524,
      0.2715865671634674,
      0.34159278869628906,
      0.38424307107925415,
      0.29920694231987,
      0.34845396876335144,
      0.22130995988845825,
      0.3104456663131714,
      0.25930577516555786,
      0.25826072692871094
    ],
    [
      0.42720621824264526,
      1.0,
      0.3709610402584076,
      0.3904798626899719,
      0.32800549268722534,
      0.37422290444374084,
      0.2676771581172943,
      0.2987098693847656,
      0.35877498984336853,
      0.2992064654827118,
      0.32912957668304443,
      0.35325995087623596,
      0.3023335635662079,
      0.3540222942829132,
      0.26948878169059753,
      0.2612312138080597
    ],
    [
      0.28785017132759094,
      0.3709610402584076,
      0.9999999403953552,
      0.3303220570087433,
      0.41453200578689575,
      0.3609945476055145,
      0.26029694080352783,
      0.35918277502059937,
      0.3552301228046417,
      0.4989338219165802,
      0.3455948829650879,
      0.3570861220359802,
      0.2264140099287033,
      0.33353307843208313,
      0.23403674364089966,
      0.25943323969841003
    ],
    [
      0.33083561062812805,
      0.3904798626899719,
      0.3303220570087433,
      1.0,
      0.3714657723903656,
      0.4157240092754364,
      0.2677668035030365,
      0.33792009949684143,
      0.44468963146209717,
      0.328799307346344,
      0.3136787414550781,
      0.32006189227104187,
      0.44743651151657104,
      0.43782320618629456,
      0.3625987768173218,
      0.28576579689979553
    ],
    [
      0.33824557065963745,
      0.32800549268722534,
      0.41453200578689575,
      0.3714657723903656,
      1.0,
      0.45056381821632385,
      0.29299935698509216,
      0.341219037771225,
      0.3644961714744568,
      0.3178141415119171,
      0.35642561316490173,
      0.30653947591781616,
      0.22882474958896637,
      0.2993318736553192,
      0.27016693353652954,
      0.26232993602752686
    ],
    [
      0.45812296867370605,
      0.37422290444374084,
      0.3609945476055145,
      0.4157240092754364,
      0.45056381821632385,
      1.0,
      0.38961857557296753,
      0.4695964455604553,
      0.37778782844543457,
      0.35425108671188354,
      0.34407341480255127,
      0.39785629510879517,
      0.26919615268707275,
      0.403217077255249,
      0.31432536244392395,
      0.43487706780433655
    ],
    [
      0.3179805874824524,
      0.2676771581172943,
      0.26029694080352783,
      0.2677668035030365,
      0.29299935698509216,
      0.38961857557296753,
      1.0000001192092896,
      0.2768923044204712,
      0.44322168827056885,
      0.3593830466270447,
      0.3637818396091461,
      0.31729501485824585,
      0.1674410104751587,
      0.24327516555786133,
      0.19247859716415405,
      0.23757076263427734
    ],
    [
      0.2715865671634674,
      0.2987098693847656,
      0.35918277502059937,
      0.33792009949684143,
      0.341219037771225,
      0.4695964455604553,
      0.2768923044204712,
      1.0,
      0.4364221394062042,
      0.276034414768219,
      0.302542507648468,
      0.25012439489364624,
      0.39191344380378723,
      0.29509299993515015,
      0.2705344557762146,
      0.44639280438423157
    ],
    [
      0.34159278869628906,
      0.35877498984336853,
      0.3552301228046417,
      0.44468963146209717,
      0.3644961714744568,
      0.37778782844543457,
      0.44322168827056885,
      0.4364221394062042,
      1.0,
      0.3630014657974243,
      0.3600699305534363,
      0.2792271375656128,
      0.35563763976097107,
      0.37035006284713745,
      0.24701590836048126,
      0.3041730225086212
    ],
    [
      0.38424307107925415,
      0.2992064654827118,
      0.4989338219165802,
      0.328799307346344,
      0.3178141415119171,
      0.35425108671188354,
      0.3593830466270447,
      0.276034414768219,
      0.3630014657974243,
      1.0,
      0.3483680486679077,
      0.357342928647995,
      0.2757814824581146,
      0.2977663576602936,
      0.24379897117614746,
      0.304694265127182
    ],
    [
      0.29920694231987,
      0.32912957668304443,
      0.3455948829650879,
      0.3136787414550781,
      0.35642561316490173,
      0.34407341480255127,
      0.3637818396091461,
      0.302542507648468,
      0.3600699305534363,
      0.3483680486679077,
      0.9999999403953552,
      0.36358505487442017,
      0.2694128751754761,
      0.31931594014167786,
      0.24125957489013672,
      0.2567809522151947
    ],
    [
      0.34845396876335144,
      0.35325995087623596,
      0.3570861220359802,
      0.32006189227104187,
      0.30653947591781616,
      0.39785629510879517,
      0.31729501485824585,
      0.25012439489364624,
      0.2792271375656128,
      0.357342928647995,
      0.36358505487442017,
      1.0,
      0.2405635267496109,
      0.30400750041007996,
      0.21604491770267487,
      0.24418491125106812
    ],
    [
      0.22130995988845825,
      0.3023335635662079,
      0.2264140099287033,
      0.44743651151657104,
      0.22882474958896637,
      0.26919615268707275,
      0.1674410104751587,
      0.39191344380378723,
      0.35563763976097107,
      0.2757814824581146,
      0.2694128751754761,
      0.2405635267496109,
      0.9999999403953552,
      0.4977708160877228,
      0.45411550998687744,
      0.5546021461486816
    ],
    [
      0.3104456663131714,
      0.3540222942829132,
      0.33353307843208313,
      0.43782320618629456,
      0.2993318736553192,
      0.403217077255249,
      0.24327516555786133,
      0.29509299993515015,
      0.37035006284713745,
      0.2977663576602936,
      0.31931594014167786,
      0.30400750041007996,
      0.4977708160877228,
      0.9999999403953552,
      0.6123864054679871,
      0.5515591502189636
    ],
    [
      0.25930577516555786,
      0.26948878169059753,
      0.23403674364089966,
      0.3625987768173218,
      0.27016693353652954,
      0.31432536244392395,
      0.19247859716415405,
      0.2705344557762146,
      0.24701590836048126,
      0.24379897117614746,
      0.24125957489013672,
      0.21604491770267487,
      0.45411550998687744,
      0.6123864054679871,
      1.0000001192092896,
      0.6135329604148865
    ],
    [
      0.25826072692871094,
      0.2612312138080597,
      0.25943323969841003,
      0.28576579689979553,
      0.26232993602752686,
      0.43487706780433655,
      0.23757076263427734,
      0.44639280438423157,
      0.3041730225086212,
      0.304694265127182,
      0.2567809522151947,
      0.24418491125106812,
      0.5546021461486816,
      0.5515591502189636,
      0.6135329604148865,
      1.0
    ]
  ]
}