{
  "game_number": 63,
  "words": [
    "BREATHE",
    "HYDRATE",
    "REST",
    "STRETCH",
    "FOUND",
    "INSTITUTE",
    "LAUNCH",
    "START",
    "AIR",
    "NUMBER",
    "SONG",
    "STRAIN",
    "CHICKEN",
    "EQUINOX",
    "FLING",
    "ONION"
  ],
  "adjacency_matrix": [
    [
      1.0,
      0.37280866503715515,
      0.4722028970718384,
      0.38433951139450073,
      0.26026982069015503,
      0.21205846965312958,
      0.2821398675441742,
      0.3454584777355194,
      0.545089602470398,
      0.15140710771083832,
      0.23566442728042603,
      0.32335302233695984,
      0.23206494748592377,
      0.061619583517313004,
      0.31847113370895386,
      0.19023774564266205
    ],
    [
      0.37280866503715515,
      1.0,
      0.3948436677455902,
      0.31979939341545105,
      0.2790500223636627,
      0.2651752531528473,
      0.2711736261844635,
      0.2676970362663269,
      0.35785600543022156,
      0.2727274000644684,
      0.22868762910366058,
      0.3722156286239624,
      0.2881011962890625,
      0.22148458659648895,
      0.23636193573474884,
      0.29256200790405273
    ],
    [
      0.4722028970718384,
      0.3948436677455902,
      1.0,
      0.5684054493904114,
      0.4736618101596832,
      0.42636653780937195,
      0.40201008319854736,
      0.5638052821159363,
      0.45340073108673096,
      0.38032442331314087,
      0.3580896258354187,
      0.5407265424728394,
      0.3862634003162384,
      0.22210563719272614,
      0.45493045449256897,
      0.22939300537109375
    ],
    [
      0.38433951139450073,
      0.31979939341545105,
      0.5684054493904114,
      0.9999999403953552,
      0.33008432388305664,
      0.34283438324928284,
      0.367280513048172,
      0.5045011639595032,
      0.3984428346157074,
      0.37283411622047424,
      0.32414090633392334,
      0.5567188262939453,
      0.36121949553489685,
      0.23022079467773438,
      0.4275705814361572,
      0.30042511224746704
    ],
    [
      0.26026982069015503,
      0.2790500223636627,
      0.4736618101596832,
      0.33008432388305664,
      1.0,
      0.43457210063934326,
      0.3098331689834595,
      0.3863941729068756,
      0.24517200887203217,
      0.336768239736557,
      0.29766207933425903,
      0.3759814500808716,
      0.3108203113079071,
      0.17445315420627594,
      0.3167238235473633,
      0.14924490451812744
    ],
    [
      0.21205846965312958,
      0.2651752531528473,
      0.42636653780937195,
      0.34283438324928284,
      0.43457210063934326,
      1.0,
      0.4616895616054535,
      0.4722571074962616,
      0.3075469136238098,
      0.2906070351600647,
      0.2632298767566681,
      0.3934752345085144,
      0.25555169582366943,
      0.14958669245243073,
      0.2736257314682007,
      0.2371368408203125
    ],
    [
      0.2821398675441742,
      0.2711736261844635,
      0.40201008319854736,
      0.367280513048172,
      0.3098331689834595,
      0.4616895616054535,
      0.9999999403953552,
      0.6208094358444214,
      0.4237878620624542,
      0.27883726358413696,
      0.3595972955226898,
      0.30146998167037964,
      0.2773621082305908,
      0.2436179667711258,
      0.4171536862850189,
      0.1617802083492279
    ],
    [
      0.3454584777355194,
      0.2676970362663269,
      0.5638052821159363,
      0.5045011639595032,
      0.3863941729068756,
      0.4722571074962616,
      0.6208094358444214,
      1.0,
      0.3678186237812042,
      0.3571241796016693,
      0.35641878843307495,
      0.3744570016860962,
      0.30406999588012695,
      0.274137943983078,
      0.41448065638542175,
      0.2158074527978897
    ],
    [
      0.545089602470398,
      0.35785600543022156,
      0.45340073108673096,
      0.3984428346157074,
      0.24517200887203217,
      0.3075469136238098,
      0.4237878620624542,
      0.3678186237812042,
      1.0,
      0.32841333746910095,
      0.36313387751579285,
      0.39640939235687256,
      0.34094053506851196,
      0.15059542655944824,
      0.42272937297821045,
      0.3386644423007965
    ],
    [
      0.15140710771083832,
      0.2727274000644684,
      0.38032442331314087,
      0.37283411622047424,
      0.336768239736557,
      0.2906070351600647,
      0.27883726358413696,
      0.3571241796016693,
      0.32841333746910095,
      1.0,
      0.38772594928741455,
      0.4082130193710327,
      0.3005773425102234,
      0.2037474811077118,
      0.23643651604652405,
      0.2874501645565033
    ],
    [
      0.23566442728042603,
      0.22868762910366058,
      0.3580896258354187,
      0.32414090633392334,
      0.29766207933425903,
      0.2632298767566681,
      0.3595972955226898,
      0.35641878843307495,
      0.36313387751579285,
      0.38772594928741455,
      1.0,
      0.3367539644241333,
      0.3810250759124756,
      0.2115643471479416,
      0.31000474095344543,
      0.2734583020210266
    ],
    [
      0.32335302233695984,
      0.3722156286239624,
      0.5407265424728394,
      0.5567188262939453,
      0.3759814500808716,
      0.3934752345085144,
      0.30146998167037964,
      0.3744570016860962,
      0.39640939235687256,
      0.4082130193710327,
      0.3367539644241333,
      1.0,
      0.4089985489845276,
      0.16394853591918945,
      0.38378068804740906,
      0.33202654123306274
    ],
    [
      0.23206494748592377,
      0.2881011962890625,
      0.3862634003162384,
      0.36121949553489685,
      0.3108203113079071,
      0.25555169582366943,
      0.2773621082305908,
      0.30406999588012695,
      0.34094053506851196,
      0.3005773425102234,
      0.3810250759124756,
      0.4089985489845276,
      1.0,
      0.21506929397583008,
      0.38491445779800415,
      0.5377013683319092
    ],
    [
      0.061619583517313004,
      0.22148458659648895,
      0.22210563719272614,
      0.23022079467773438,
      0.17445315420627594,
      0.14958669245243073,
      0.2436179667711258,
      0.274137943983078,
      0.15059542655944824,
      0.2037474811077118,
      0.2115643471479416,
      0.16394853591918945,
      0.21506929397583008,
      1.0,
      0.20547497272491455,
      0.23681475222110748
    ],
    [
      0.31847113370895386,
      0.23636193573474884,
      0.45493045449256897,
      0.4275705814361572,
      0.3167238235473633,
      0.2736257314682007,
      0.4171536862850189,
      0.41448065638542175,
      0.42272937297821045,
      0.23643651604652405,
      0.31000474095344543,
      0.38378068804740906,
      0.38491445779800415,
      0.20547497272491455,
      1.0,
      0.26524144411087036
    ],
    [
      0.19023774564266205,
      0.29256200790405273,
      0.22939300537109375,
      0.30042511224746704,
      0.14924490451812744,
      0.2371368408203125,
      0.1617802083492279,
      0.2158074527978897,
      0.3386644423007965,
      0.2874501645565033,
      0.2734583020210266,
      0.33202654123306274,
      0.5377013683319092,
      0.23681475222110748,
      0.26524144411087036,
      1.0
    ]
  ]
}