{
  "game_number": 408,
  "words": [
    "CAN",
    "CURE",
    "DRY",
    "FREEZE",
    "BITE",
    "EDGE",
    "PUNCH",
    "SPICE",
    "CONDO",
    "HAW",
    "HERO",
    "LOO",
    "COLLECTIVE",
    "COMMON",
    "JOINT",
    "MUTUAL"
  ],
  "adjacency_matrix": [
    [
      1.0,
      0.41147133708000183,
      0.2933410108089447,
      0.4105938971042633,
      0.3738288879394531,
      0.2675667405128479,
      0.3129151165485382,
      0.3041006624698639,
      0.2238835096359253,
      0.32096150517463684,
      0.25074252486228943,
      0.3186810314655304,
      0.30540212988853455,
      0.3723205029964447,
      0.2541135251522064,
      0.2565966546535492
    ],
    [
      0.41147133708000183,
      1.0,
      0.41074126958847046,
      0.45110923051834106,
      0.447259783744812,
      0.3639823794364929,
      0.3131919801235199,
      0.3841089904308319,
      0.24705295264720917,
      0.29359763860702515,
      0.32937678694725037,
      0.32579025626182556,
      0.35998058319091797,
      0.44633010029792786,
      0.34097152948379517,
      0.35235756635665894
    ],
    [
      0.2933410108089447,
      0.41074126958847046,
      1.0,
      0.46681758761405945,
      0.37137341499328613,
      0.41464412212371826,
      0.34564998745918274,
      0.4424826204776764,
      0.2696503698825836,
      0.2936672270298004,
      0.2366078644990921,
      0.3984282612800598,
      0.3151199519634247,
      0.4685617685317993,
      0.35476619005203247,
      0.2720271050930023
    ],
    [
      0.4105938971042633,
      0.45110923051834106,
      0.46681758761405945,
      1.0,
      0.38950303196907043,
      0.34144943952560425,
      0.3724689483642578,
      0.27812832593917847,
      0.278973251581192,
      0.23381218314170837,
      0.24071897566318512,
      0.3160870671272278,
      0.36136531829833984,
      0.2888728976249695,
      0.37608373165130615,
      0.33097660541534424
    ],
    [
      0.3738288879394531,
      0.447259783744812,
      0.37137341499328613,
      0.38950303196907043,
      1.0,
      0.42607077956199646,
      0.5528948903083801,
      0.38246074318885803,
      0.27209022641181946,
      0.29039478302001953,
      0.2471470683813095,
      0.35828694701194763,
      0.3403501808643341,
      0.38847219944000244,
      0.33169832825660706,
      0.2736084759235382
    ],
    [
      0.2675667405128479,
      0.3639823794364929,
      0.41464412212371826,
      0.34144943952560425,
      0.42607077956199646,
      0.9999999403953552,
      0.4430171251296997,
      0.4177030324935913,
      0.28254976868629456,
      0.2205609679222107,
      0.29216721653938293,
      0.34440308809280396,
      0.3510293662548065,
      0.3699747920036316,
      0.3692273199558258,
      0.3517632484436035
    ],
    [
      0.3129151165485382,
      0.3131919801235199,
      0.34564998745918274,
      0.3724689483642578,
      0.5528948903083801,
      0.4430171251296997,
      1.0,
      0.4516685903072357,
      0.20564426481723785,
      0.28024864196777344,
      0.35075902938842773,
      0.365903377532959,
      0.33441784977912903,
      0.29299625754356384,
      0.33252325654029846,
      0.2160831242799759
    ],
    [
      0.3041006624698639,
      0.3841089904308319,
      0.4424826204776764,
      0.27812832593917847,
      0.38246074318885803,
      0.4177030324935913,
      0.4516685903072357,
      1.0,
      0.19692030549049377,
      0.28343886137008667,
      0.3463819921016693,
      0.2817661166191101,
      0.32394060492515564,
      0.39862188696861267,
      0.35430628061294556,
      0.3442176878452301
    ],
    [
      0.2238835096359253,
      0.24705295264720917,
      0.2696503698825836,
      0.278973251581192,
      0.27209022641181946,
      0.28254976868629456,
      0.20564426481723785,
      0.19692030549049377,
      1.0,
      0.13816776871681213,
      0.24601130187511444,
      0.2939841151237488,
      0.30120182037353516,
      0.32353997230529785,
      0.2851705551147461,
      0.24479776620864868
    ],
    [
      0.32096150517463684,
      0.29359763860702515,
      0.2936672270298004,
      0.23381218314170837,
      0.29039478302001953,
      0.2205609679222107,
      0.28024864196777344,
      0.28343886137008667,
      0.13816776871681213,
      1.0,
      0.24094365537166595,
      0.3038104772567749,
      0.1312025934457779,
      0.2550092041492462,
      0.14328549802303314,
      0.12510624527931213
    ],
    [
      0.25074252486228943,
      0.32937678694725037,
      0.2366078644990921,
      0.24071897566318512,
      0.2471470683813095,
      0.29216721653938293,
      0.35075902938842773,
      0.3463819921016693,
      0.24601130187511444,
      0.24094365537166595,
      0.9999999403953552,
      0.24959513545036316,
      0.38969025015830994,
      0.37011444568634033,
      0.33013856410980225,
      0.27532368898391724
    ],
    [
      0.3186810314655304,
      0.32579025626182556,
      0.3984282612800598,
      0.3160870671272278,
      0.35828694701194763,
      0.34440308809280396,
      0.365903377532959,
      0.2817661166191101,
      0.2939841151237488,
      0.3038104772567749,
      0.24959513545036316,
      1.0,
      0.2283853143453598,
      0.3165244162082672,
      0.2912854850292206,
      0.14425128698349
    ],
    [
      0.30540212988853455,
      0.35998058319091797,
      0.3151199519634247,
      0.36136531829833984,
      0.3403501808643341,
      0.3510293662548065,
      0.33441784977912903,
      0.32394060492515564,
      0.30120182037353516,
      0.1312025934457779,
      0.38969025015830994,
      0.2283853143453598,
      1.0,
      0.5480841994285583,
      0.5606915950775146,
      0.5734806060791016
    ],
    [
      0.3723205029964447,
      0.44633010029792786,
      0.4685617685317993,
      0.2888728976249695,
      0.38847219944000244,
      0.3699747920036316,
      0.29299625754356384,
      0.39862188696861267,
      0.32353997230529785,
      0.2550092041492462,
      0.37011444568634033,
      0.3165244162082672,
      0.5480841994285583,
      1.0,
      0.5095944404602051,
      0.5459184050559998
    ],
    [
      0.2541135251522064,
      0.34097152948379517,
      0.35476619005203247,
      0.37608373165130615,
      0.33169832825660706,
      0.3692273199558258,
      0.33252325654029846,
      0.35430628061294556,
      0.2851705551147461,
      0.14328549802303314,
      0.33013856410980225,
      0.2912854850292206,
      0.5606915950775146,
      0.5095944404602051,
      1.0,
      0.5490851402282715
    ],
    [
      0.2565966546535492,
      0.35235756635665894,
      0.2720271050930023,
      0.33097660541534424,
      0.2736084759235382,
      0.3517632484436035,
      0.2160831242799759,
      0.3442176878452301,
      0.24479776620864868,
      0.12510624527931213,
      0.27532368898391724,
      0.14425128698349,
      0.5734806060791016,
      0.5459184050559998,
      0.5490851402282715,
      1.0
    ]
  ]
}