{
  "game_number": 175,
  "words": [
    "CLICKS",
    "HITS",
    "PRESSES",
    "TAPS",
    "AFRICA",
    "BUGLER",
    "CAR",
    "UNICORN",
    "BRIDGES",
    "IRONS",
    "PHOENIX",
    "WASHINGTON",
    "ABOUT",
    "AROUND",
    "LIKE",
    "ROUGHLY"
  ],
  "adjacency_matrix": [
    [
      1.0,
      0.47566404938697815,
      0.43085694313049316,
      0.4460727870464325,
      0.13204172253608704,
      0.22935068607330322,
      0.22812838852405548,
      0.20222820341587067,
      0.2237534523010254,
      0.2450457066297531,
      0.14166483283042908,
      0.1224237009882927,
      0.26556214690208435,
      0.24849000573158264,
      0.29089584946632385,
      0.18334466218948364
    ],
    [
      0.47566404938697815,
      0.9999999403953552,
      0.4523526132106781,
      0.45166242122650146,
      0.17959804832935333,
      0.18284346163272858,
      0.3496883511543274,
      0.21164944767951965,
      0.2915288805961609,
      0.3139985501766205,
      0.2031269520521164,
      0.2599868178367615,
      0.30889323353767395,
      0.3765065670013428,
      0.27288928627967834,
      0.31862369179725647
    ],
    [
      0.43085694313049316,
      0.4523526132106781,
      1.0,
      0.5030165314674377,
      0.15797127783298492,
      0.25912782549858093,
      0.34390079975128174,
      0.2124447524547577,
      0.32833200693130493,
      0.38105499744415283,
      0.2251809984445572,
      0.32793086767196655,
      0.2883492708206177,
      0.3384726345539093,
      0.31480515003204346,
      0.18383821845054626
    ],
    [
      0.4460727870464325,
      0.45166242122650146,
      0.5030165314674377,
      1.0,
      0.1435362696647644,
      0.40052637457847595,
      0.3146805465221405,
      0.2188747376203537,
      0.3916516900062561,
      0.30691877007484436,
      0.18027789890766144,
      0.3094627559185028,
      0.2840310335159302,
      0.3562396466732025,
      0.2778456211090088,
      0.2679762840270996
    ],
    [
      0.13204172253608704,
      0.17959804832935333,
      0.15797127783298492,
      0.1435362696647644,
      1.0000001192092896,
      0.08622530102729797,
      0.25158336758613586,
      0.28304794430732727,
      0.14991651475429535,
      0.17410510778427124,
      0.2545841634273529,
      0.4603849947452545,
      0.2482309341430664,
      0.33364272117614746,
      0.29414114356040955,
      0.12559989094734192
    ],
    [
      0.22935068607330322,
      0.18284346163272858,
      0.25912782549858093,
      0.40052637457847595,
      0.08622530102729797,
      1.0,
      0.269813597202301,
      0.3209153413772583,
      0.23572498559951782,
      0.2379753440618515,
      0.2644975185394287,
      0.31498467922210693,
      0.22598597407341003,
      0.18976745009422302,
      0.28379595279693604,
      0.15849491953849792
    ],
    [
      0.22812838852405548,
      0.3496883511543274,
      0.34390079975128174,
      0.3146805465221405,
      0.25158336758613586,
      0.269813597202301,
      1.0,
      0.32145652174949646,
      0.3589804768562317,
      0.3216513991355896,
      0.2580307722091675,
      0.32050320506095886,
      0.3154267370700836,
      0.37770959734916687,
      0.31961116194725037,
      0.24604852497577667
    ],
    [
      0.20222820341587067,
      0.21164944767951965,
      0.2124447524547577,
      0.2188747376203537,
      0.28304794430732727,
      0.3209153413772583,
      0.32145652174949646,
      1.0,
      0.24618929624557495,
      0.17588984966278076,
      0.5060567259788513,
      0.29351967573165894,
      0.22526691854000092,
      0.23690274357795715,
      0.2947653532028198,
      0.15448664128780365
    ],
    [
      0.2237534523010254,
      0.2915288805961609,
      0.32833200693130493,
      0.3916516900062561,
      0.14991651475429535,
      0.23572498559951782,
      0.3589804768562317,
      0.24618929624557495,
      1.0,
      0.32386383414268494,
      0.22734306752681732,
      0.2936548590660095,
      0.2606596052646637,
      0.33375945687294006,
      0.25260260701179504,
      0.2492259442806244
    ],
    [
      0.2450457066297531,
      0.3139985501766205,
      0.38105499744415283,
      0.30691877007484436,
      0.17410510778427124,
      0.2379753440618515,
      0.3216513991355896,
      0.17588984966278076,
      0.32386383414268494,
      1.0,
      0.2120366245508194,
      0.22204740345478058,
      0.21288566291332245,
      0.3005812168121338,
      0.27806201577186584,
      0.2477266788482666
    ],
    [
      0.14166483283042908,
      0.2031269520521164,
      0.2251809984445572,
      0.18027789890766144,
      0.2545841634273529,
      0.2644975185394287,
      0.2580307722091675,
      0.5060567259788513,
      0.22734306752681732,
      0.2120366245508194,
      1.0,
      0.343344509601593,
      0.18438363075256348,
      0.2451876848936081,
      0.26601991057395935,
      0.15623655915260315
    ],
    [
      0.1224237009882927,
      0.2599868178367615,
      0.32793086767196655,
      0.3094627559185028,
      0.4603849947452545,
      0.31498467922210693,
      0.32050320506095886,
      0.29351967573165894,
      0.2936548590660095,
      0.22204740345478058,
      0.343344509601593,
      0.9999999403953552,
      0.2728808522224426,
      0.376478910446167,
      0.2966233193874359,
      0.21641047298908234
    ],
    [
      0.26556214690208435,
      0.30889323353767395,
      0.2883492708206177,
      0.2840310335159302,
      0.2482309341430664,
      0.22598597407341003,
      0.3154267370700836,
      0.22526691854000092,
      0.2606596052646637,
      0.21288566291332245,
      0.18438363075256348,
      0.2728808522224426,
      1.0,
      0.5744038224220276,
      0.5339887738227844,
      0.511522114276886
    ],
    [
      0.24849000573158264,
      0.3765065670013428,
      0.3384726345539093,
      0.3562396466732025,
      0.33364272117614746,
      0.18976745009422302,
      0.37770959734916687,
      0.23690274357795715,
      0.33375945687294006,
      0.3005812168121338,
      0.2451876848936081,
      0.376478910446167,
      0.5744038224220276,
      1.0,
      0.5102596879005432,
      0.5528091788291931
    ],
    [
      0.29089584946632385,
      0.27288928627967834,
      0.31480515003204346,
      0.2778456211090088,
      0.29414114356040955,
      0.28379595279693604,
      0.31961116194725037,
      0.2947653532028198,
      0.25260260701179504,
      0.27806201577186584,
      0.26601991057395935,
      0.2966233193874359,
      0.5339887738227844,
      0.5102596879005432,
      0.9999999403953552,
      0.35095301270484924
    ],
    [
      0.18334466218948364,
      0.31862369179725647,
      0.18383821845054626,
      0.2679762840270996,
      0.12559989094734192,
      0.15849491953849792,
      0.24604852497577667,
      0.15448664128780365,
      0.2492259442806244,
      0.2477266788482666,
      0.15623655915260315,
      0.21641047298908234,
      0.511522114276886,
      0.5528091788291931,
      0.35095301270484924,
      1.0
    ]
  ]
}