{
  "game_number": 284,
  "words": [
    "BEAR",
    "GENERATE",
    "PRODUCE",
    "YIELD",
    "BABE",
    "FOX",
    "SNACK",
    "TEN",
    "ARE",
    "RADIUS",
    "REVERSE",
    "RIGHT",
    "DOWN",
    "LEFT",
    "RIGHT",
    "UP"
  ],
  "adjacency_matrix": [
    [
      0.9999999403953552,
      0.45153167843818665,
      0.52119380235672,
      0.511744499206543,
      0.36221885681152344,
      0.3618815839290619,
      0.369708389043808,
      0.2982391119003296,
      0.41748425364494324,
      0.24746915698051453,
      0.39507919549942017,
      0.4493299424648285,
      0.44513484835624695,
      0.4145926237106323,
      0.4493299424648285,
      0.45628514885902405
    ],
    [
      0.45153167843818665,
      0.9999999403953552,
      0.7784636616706848,
      0.6029903292655945,
      0.16759724915027618,
      0.11521099507808685,
      0.32096633315086365,
      0.3591112792491913,
      0.42506346106529236,
      0.25840601325035095,
      0.43310555815696716,
      0.40124815702438354,
      0.33643922209739685,
      0.33423373103141785,
      0.40124815702438354,
      0.42434900999069214
    ],
    [
      0.52119380235672,
      0.7784636616706848,
      1.0,
      0.6550682783126831,
      0.19563820958137512,
      0.1758001297712326,
      0.3765275776386261,
      0.3808542490005493,
      0.47275078296661377,
      0.23285043239593506,
      0.452105849981308,
      0.43712401390075684,
      0.36561307311058044,
      0.4031637907028198,
      0.43712401390075684,
      0.44395822286605835
    ],
    [
      0.511744499206543,
      0.6029903292655945,
      0.6550682783126831,
      1.0,
      0.1734326332807541,
      0.1123998835682869,
      0.3285810649394989,
      0.35548844933509827,
      0.38870763778686523,
      0.32013967633247375,
      0.41998571157455444,
      0.4321501553058624,
      0.4001305401325226,
      0.34930118918418884,
      0.4321501553058624,
      0.4308418035507202
    ],
    [
      0.36221885681152344,
      0.16759724915027618,
      0.19563820958137512,
      0.1734326332807541,
      1.0,
      0.3792259395122528,
      0.32033294439315796,
      0.22671550512313843,
      0.2533206641674042,
      0.19371449947357178,
      0.1671367883682251,
      0.31644317507743835,
      0.26044726371765137,
      0.26684924960136414,
      0.31644317507743835,
      0.25399163365364075
    ],
    [
      0.3618815839290619,
      0.11521099507808685,
      0.1758001297712326,
      0.1123998835682869,
      0.3792259395122528,
      1.0,
      0.2554338276386261,
      0.1797010451555252,
      0.15458303689956665,
      0.19675102829933167,
      0.17222262918949127,
      0.2105480134487152,
      0.23310305178165436,
      0.18790572881698608,
      0.2105480134487152,
      0.1824077069759369
    ],
    [
      0.369708389043808,
      0.32096633315086365,
      0.3765275776386261,
      0.3285810649394989,
      0.32033294439315796,
      0.2554338276386261,
      1.0,
      0.25602978467941284,
      0.2737293243408203,
      0.26900187134742737,
      0.3209781348705292,
      0.33549895882606506,
      0.29337796568870544,
      0.3028462529182434,
      0.33549895882606506,
      0.27176085114479065
    ],
    [
      0.2982391119003296,
      0.3591112792491913,
      0.3808542490005493,
      0.35548844933509827,
      0.22671550512313843,
      0.1797010451555252,
      0.25602978467941284,
      1.0,
      0.4412184953689575,
      0.24723707139492035,
      0.28101709485054016,
      0.36008867621421814,
      0.4111955165863037,
      0.40150314569473267,
      0.36008867621421814,
      0.45922377705574036
    ],
    [
      0.41748425364494324,
      0.42506346106529236,
      0.47275078296661377,
      0.38870763778686523,
      0.2533206641674042,
      0.15458303689956665,
      0.2737293243408203,
      0.4412184953689575,
      1.0,
      0.19498825073242188,
      0.3247067332267761,
      0.45302969217300415,
      0.39092257618904114,
      0.5143480896949768,
      0.45302969217300415,
      0.4217011630535126
    ],
    [
      0.24746915698051453,
      0.25840601325035095,
      0.23285043239593506,
      0.32013967633247375,
      0.19371449947357178,
      0.19675102829933167,
      0.26900187134742737,
      0.24723707139492035,
      0.19498825073242188,
      1.0,
      0.24982501566410065,
      0.35481706261634827,
      0.32157036662101746,
      0.2543353736400604,
      0.35481706261634827,
      0.25400692224502563
    ],
    [
      0.39507919549942017,
      0.43310555815696716,
      0.452105849981308,
      0.41998571157455444,
      0.1671367883682251,
      0.17222262918949127,
      0.3209781348705292,
      0.28101709485054016,
      0.3247067332267761,
      0.24982501566410065,
      1.0,
      0.48935192823410034,
      0.43396469950675964,
      0.3512444496154785,
      0.48935192823410034,
      0.342058002948761
    ],
    [
      0.4493299424648285,
      0.40124815702438354,
      0.43712401390075684,
      0.4321501553058624,
      0.31644317507743835,
      0.2105480134487152,
      0.33549895882606506,
      0.36008867621421814,
      0.45302969217300415,
      0.35481706261634827,
      0.48935192823410034,
      1.0,
      0.5284098386764526,
      0.6636682152748108,
      1.0,
      0.5375844240188599
    ],
    [
      0.44513484835624695,
      0.33643922209739685,
      0.36561307311058044,
      0.4001305401325226,
      0.26044726371765137,
      0.23310305178165436,
      0.29337796568870544,
      0.4111955165863037,
      0.39092257618904114,
      0.32157036662101746,
      0.43396469950675964,
      0.5284098386764526,
      1.0,
      0.54877108335495,
      0.5284098386764526,
      0.8275591731071472
    ],
    [
      0.4145926237106323,
      0.33423373103141785,
      0.4031637907028198,
      0.34930118918418884,
      0.26684924960136414,
      0.18790572881698608,
      0.3028462529182434,
      0.40150314569473267,
      0.5143480896949768,
      0.2543353736400604,
      0.3512444496154785,
      0.6636682152748108,
      0.54877108335495,
      0.9999999403953552,
      0.6636682152748108,
      0.5198171138763428
    ],
    [
      0.4493299424648285,
      0.40124815702438354,
      0.43712401390075684,
      0.4321501553058624,
      0.31644317507743835,
      0.2105480134487152,
      0.33549895882606506,
      0.36008867621421814,
      0.45302969217300415,
      0.35481706261634827,
      0.48935192823410034,
      1.0,
      0.5284098386764526,
      0.6636682152748108,
      1.0,
      0.5375844240188599
    ],
    [
      0.45628514885902405,
      0.42434900999069214,
      0.44395822286605835,
      0.4308418035507202,
      0.25399163365364075,
      0.1824077069759369,
      0.27176085114479065,
      0.45922377705574036,
      0.4217011630535126,
      0.25400692224502563,
      0.342058002948761,
      0.5375844240188599,
      0.8275591731071472,
      0.5198171138763428,
      0.5375844240188599,
      1.0
    ]
  ]
}