{
  "game_number": 430,
  "words": [
    "MIME",
    "PRISONER",
    "REFEREE",
    "SAILOR",
    "GENIE",
    "MONKEY",
    "PARROT",
    "PRINCESS",
    "APOLLO",
    "CANDLES",
    "FANTASTIC",
    "SAMURAI",
    "BUZZ",
    "DRONE",
    "HUM",
    "PURR"
  ],
  "adjacency_matrix": [
    [
      1.0,
      0.2553020119667053,
      0.313238263130188,
      0.2990567088127136,
      0.28270769119262695,
      0.4452017545700073,
      0.41774624586105347,
      0.3027157485485077,
      0.32882359623908997,
      0.2414924055337906,
      0.28501543402671814,
      0.2424062192440033,
      0.22347433865070343,
      0.2818169891834259,
      0.24038979411125183,
      0.1825898438692093
    ],
    [
      0.2553020119667053,
      1.0,
      0.33213359117507935,
      0.4635624885559082,
      0.301933228969574,
      0.37571465969085693,
      0.36189302802085876,
      0.44771644473075867,
      0.19460637867450714,
      0.14851638674736023,
      0.2547953128814697,
      0.2597774565219879,
      0.23258954286575317,
      0.35455554723739624,
      0.14019490778446198,
      0.09148042649030685
    ],
    [
      0.313238263130188,
      0.33213359117507935,
      1.0,
      0.3341444730758667,
      0.22168265283107758,
      0.30315497517585754,
      0.2682318687438965,
      0.277584046125412,
      0.16819246113300323,
      0.16079272329807281,
      0.2319680154323578,
      0.15799105167388916,
      0.1480177640914917,
      0.19723331928253174,
      0.14194881916046143,
      0.0405212864279747
    ],
    [
      0.2990567088127136,
      0.4635624885559082,
      0.3341444730758667,
      0.9999999403953552,
      0.27493929862976074,
      0.3657025694847107,
      0.3446449935436249,
      0.4520011246204376,
      0.26643431186676025,
      0.16678746044635773,
      0.2386675924062729,
      0.4056533873081207,
      0.1699182540178299,
      0.3248404860496521,
      0.18678924441337585,
      0.08588340133428574
    ],
    [
      0.28270769119262695,
      0.301933228969574,
      0.22168265283107758,
      0.27493929862976074,
      0.9999999403953552,
      0.40734899044036865,
      0.3153810501098633,
      0.4323747456073761,
      0.2511031925678253,
      0.2637188732624054,
      0.3102685511112213,
      0.21031947433948517,
      0.26655450463294983,
      0.26914170384407043,
      0.23638427257537842,
      0.2770131528377533
    ],
    [
      0.4452017545700073,
      0.37571465969085693,
      0.30315497517585754,
      0.3657025694847107,
      0.40734899044036865,
      0.9999999403953552,
      0.5955865383148193,
      0.4961022436618805,
      0.3797186315059662,
      0.2146679162979126,
      0.3479064702987671,
      0.31826069951057434,
      0.31223639845848083,
      0.36463606357574463,
      0.33566993474960327,
      0.2932024598121643
    ],
    [
      0.41774624586105347,
      0.36189302802085876,
      0.2682318687438965,
      0.3446449935436249,
      0.3153810501098633,
      0.5955865383148193,
      1.0,
      0.4402598738670349,
      0.3376472294330597,
      0.22253693640232086,
      0.29377326369285583,
      0.16898728907108307,
      0.30025622248649597,
      0.39636293053627014,
      0.2758760154247284,
      0.23704463243484497
    ],
    [
      0.3027157485485077,
      0.44771644473075867,
      0.277584046125412,
      0.4520011246204376,
      0.4323747456073761,
      0.4961022436618805,
      0.4402598738670349,
      0.9999999403953552,
      0.2812649607658386,
      0.20003876090049744,
      0.36777883768081665,
      0.36548662185668945,
      0.3127567172050476,
      0.3321925699710846,
      0.21112295985221863,
      0.28758704662323
    ],
    [
      0.32882359623908997,
      0.19460637867450714,
      0.16819246113300323,
      0.26643431186676025,
      0.2511031925678253,
      0.3797186315059662,
      0.3376472294330597,
      0.2812649607658386,
      1.0,
      0.1654023826122284,
      0.32344818115234375,
      0.1348167210817337,
      0.25117868185043335,
      0.328087717294693,
      0.1900375336408615,
      0.08640464395284653
    ],
    [
      0.2414924055337906,
      0.14851638674736023,
      0.16079272329807281,
      0.16678746044635773,
      0.2637188732624054,
      0.2146679162979126,
      0.22253693640232086,
      0.20003876090049744,
      0.1654023826122284,
      0.9999999403953552,
      0.24537935853004456,
      0.14529524743556976,
      0.2544015347957611,
      0.16995778679847717,
      0.21105559170246124,
      0.1105843111872673
    ],
    [
      0.28501543402671814,
      0.2547953128814697,
      0.2319680154323578,
      0.2386675924062729,
      0.3102685511112213,
      0.3479064702987671,
      0.29377326369285583,
      0.36777883768081665,
      0.32344818115234375,
      0.24537935853004456,
      0.9999999403953552,
      0.23825426399707794,
      0.40930184721946716,
      0.3504198491573334,
      0.23502996563911438,
      0.24028410017490387
    ],
    [
      0.2424062192440033,
      0.2597774565219879,
      0.15799105167388916,
      0.4056533873081207,
      0.21031947433948517,
      0.31826069951057434,
      0.16898728907108307,
      0.36548662185668945,
      0.1348167210817337,
      0.14529524743556976,
      0.23825426399707794,
      1.0,
      0.10056594759225845,
      0.20094670355319977,
      0.11425237357616425,
      0.06189718842506409
    ],
    [
      0.22347433865070343,
      0.23258954286575317,
      0.1480177640914917,
      0.1699182540178299,
      0.26655450463294983,
      0.31223639845848083,
      0.30025622248649597,
      0.3127567172050476,
      0.25117868185043335,
      0.2544015347957611,
      0.40930184721946716,
      0.10056594759225845,
      1.0,
      0.4480256736278534,
      0.5148340463638306,
      0.40625903010368347
    ],
    [
      0.2818169891834259,
      0.35455554723739624,
      0.19723331928253174,
      0.3248404860496521,
      0.26914170384407043,
      0.36463606357574463,
      0.39636293053627014,
      0.3321925699710846,
      0.328087717294693,
      0.16995778679847717,
      0.3504198491573334,
      0.20094670355319977,
      0.4480256736278534,
      1.0,
      0.43388184905052185,
      0.34979817271232605
    ],
    [
      0.24038979411125183,
      0.14019490778446198,
      0.14194881916046143,
      0.18678924441337585,
      0.23638427257537842,
      0.33566993474960327,
      0.2758760154247284,
      0.21112295985221863,
      0.1900375336408615,
      0.21105559170246124,
      0.23502996563911438,
      0.11425237357616425,
      0.5148340463638306,
      0.43388184905052185,
      0.9999999403953552,
      0.5279644727706909
    ],
    [
      0.1825898438692093,
      0.09148042649030685,
      0.0405212864279747,
      0.08588340133428574,
      0.2770131528377533,
      0.2932024598121643,
      0.23704463243484497,
      0.28758704662323,
      0.08640464395284653,
      0.1105843111872673,
      0.24028410017490387,
      0.06189718842506409,
      0.40625903010368347,
      0.34979817271232605,
      0.5279644727706909,
      1.0
    ]
  ]
}