{
  "game_number": 425,
  "words": [
    "COVERAGE",
    "EXPOSURE",
    "PRESS",
    "PUBLICITY",
    "DOM",
    "ION",
    "NESS",
    "SHIP",
    "FAMILY",
    "FLEA",
    "FLYING",
    "MEDIA",
    "CROC",
    "LOAFER",
    "MOCCASIN",
    "SLIPPER"
  ],
  "adjacency_matrix": [
    [
      1.0,
      0.5235711336135864,
      0.5060832500457764,
      0.532418966293335,
      0.2312244176864624,
      0.2710931897163391,
      0.2833248972892761,
      0.28859424591064453,
      0.3213627338409424,
      0.2627868354320526,
      0.2612065076828003,
      0.5349678993225098,
      0.15280242264270782,
      0.23022331297397614,
      0.15428878366947174,
      0.20799437165260315
    ],
    [
      0.5235711336135864,
      1.0,
      0.38456130027770996,
      0.5330922603607178,
      0.19147561490535736,
      0.3571183681488037,
      0.3508419394493103,
      0.24555005133152008,
      0.29879823327064514,
      0.361656129360199,
      0.3293646574020386,
      0.44515863060951233,
      0.21585038304328918,
      0.27402758598327637,
      0.20772145688533783,
      0.23259812593460083
    ],
    [
      0.5060832500457764,
      0.38456130027770996,
      1.0,
      0.599048912525177,
      0.3182242512702942,
      0.27670738101005554,
      0.24081900715827942,
      0.34562405943870544,
      0.3419564962387085,
      0.2676324248313904,
      0.34424352645874023,
      0.6879537105560303,
      0.16605228185653687,
      0.35042059421539307,
      0.21685056388378143,
      0.36301419138908386
    ],
    [
      0.532418966293335,
      0.5330922603607178,
      0.599048912525177,
      1.0,
      0.2230372279882431,
      0.29513630270957947,
      0.3085271120071411,
      0.2929067611694336,
      0.344363272190094,
      0.23869696259498596,
      0.3561100661754608,
      0.6008230447769165,
      0.16584306955337524,
      0.24111686646938324,
      0.12255969643592834,
      0.2145574390888214
    ],
    [
      0.2312244176864624,
      0.19147561490535736,
      0.3182242512702942,
      0.2230372279882431,
      1.0,
      0.30278825759887695,
      0.44868358969688416,
      0.28303828835487366,
      0.28766754269599915,
      0.21873581409454346,
      0.2674972414970398,
      0.279689222574234,
      0.23527613282203674,
      0.3424284756183624,
      0.2802392840385437,
      0.3285629451274872
    ],
    [
      0.2710931897163391,
      0.3571183681488037,
      0.27670738101005554,
      0.29513630270957947,
      0.30278825759887695,
      1.0,
      0.37866947054862976,
      0.3872937560081482,
      0.29572585225105286,
      0.3978825509548187,
      0.28264158964157104,
      0.3635422885417938,
      0.14936165511608124,
      0.2320166379213333,
      0.21587498486042023,
      0.31309130787849426
    ],
    [
      0.2833248972892761,
      0.3508419394493103,
      0.24081900715827942,
      0.3085271120071411,
      0.44868358969688416,
      0.37866947054862976,
      1.0000001192092896,
      0.2674620449542999,
      0.2609962522983551,
      0.28629958629608154,
      0.2518979012966156,
      0.30683761835098267,
      0.2633831202983856,
      0.39035511016845703,
      0.27502503991127014,
      0.2523528039455414
    ],
    [
      0.28859424591064453,
      0.24555005133152008,
      0.34562405943870544,
      0.2929067611694336,
      0.28303828835487366,
      0.3872937560081482,
      0.2674620449542999,
      1.0,
      0.41764113306999207,
      0.30548468232154846,
      0.47329989075660706,
      0.3327886462211609,
      0.284905344247818,
      0.354000985622406,
      0.2849787771701813,
      0.3849678337574005
    ],
    [
      0.3213627338409424,
      0.29879823327064514,
      0.3419564962387085,
      0.344363272190094,
      0.28766754269599915,
      0.29572585225105286,
      0.2609962522983551,
      0.41764113306999207,
      1.0,
      0.26600706577301025,
      0.337098091840744,
      0.4202505052089691,
      0.2555123567581177,
      0.38519179821014404,
      0.25888529419898987,
      0.30134597420692444
    ],
    [
      0.2627868354320526,
      0.361656129360199,
      0.2676324248313904,
      0.23869696259498596,
      0.21873581409454346,
      0.3978825509548187,
      0.28629958629608154,
      0.30548468232154846,
      0.26600706577301025,
      1.0,
      0.3437897861003876,
      0.32357874512672424,
      0.41347286105155945,
      0.4430420696735382,
      0.3440641164779663,
      0.386601060628891
    ],
    [
      0.2612065076828003,
      0.3293646574020386,
      0.34424352645874023,
      0.3561100661754608,
      0.2674972414970398,
      0.28264158964157104,
      0.2518979012966156,
      0.47329989075660706,
      0.337098091840744,
      0.3437897861003876,
      0.9999999403953552,
      0.30523666739463806,
      0.26644304394721985,
      0.3409094214439392,
      0.23490869998931885,
      0.33591291308403015
    ],
    [
      0.5349678993225098,
      0.44515863060951233,
      0.6879537105560303,
      0.6008230447769165,
      0.279689222574234,
      0.3635422885417938,
      0.30683761835098267,
      0.3327886462211609,
      0.4202505052089691,
      0.32357874512672424,
      0.30523666739463806,
      0.9999999403953552,
      0.20849770307540894,
      0.2671305239200592,
      0.18024519085884094,
      0.24824745953083038
    ],
    [
      0.15280242264270782,
      0.21585038304328918,
      0.16605228185653687,
      0.16584306955337524,
      0.23527613282203674,
      0.14936165511608124,
      0.2633831202983856,
      0.284905344247818,
      0.2555123567581177,
      0.41347286105155945,
      0.26644304394721985,
      0.20849770307540894,
      1.0,
      0.33512184023857117,
      0.4440292418003082,
      0.3586702048778534
    ],
    [
      0.23022331297397614,
      0.27402758598327637,
      0.35042059421539307,
      0.24111686646938324,
      0.3424284756183624,
      0.2320166379213333,
      0.39035511016845703,
      0.354000985622406,
      0.38519179821014404,
      0.4430420696735382,
      0.3409094214439392,
      0.2671305239200592,
      0.33512184023857117,
      0.9999999403953552,
      0.544177770614624,
      0.5934679508209229
    ],
    [
      0.15428878366947174,
      0.20772145688533783,
      0.21685056388378143,
      0.12255969643592834,
      0.2802392840385437,
      0.21587498486042023,
      0.27502503991127014,
      0.2849787771701813,
      0.25888529419898987,
      0.3440641164779663,
      0.23490869998931885,
      0.18024519085884094,
      0.4440292418003082,
      0.544177770614624,
      1.0,
      0.5091540813446045
    ],
    [
      0.20799437165260315,
      0.23259812593460083,
      0.36301419138908386,
      0.2145574390888214,
      0.3285629451274872,
      0.31309130787849426,
      0.2523528039455414,
      0.3849678337574005,
      0.30134597420692444,
      0.386601060628891,
      0.33591291308403015,
      0.24824745953083038,
      0.3586702048778534,
      0.5934679508209229,
      0.5091540813446045,
      1.0
    ]
  ]
}