{
  "game_number": 563,
  "words": [
    "BUS",
    "CAR",
    "MOTORCYCLE",
    "TRUCK",
    "ANIMAL",
    "BEAKER",
    "GONZO",
    "SCOOTER",
    "DIGIT",
    "DOG",
    "MITT",
    "PIGGY",
    "BACKUP",
    "COPY",
    "EXTRA",
    "SPARE"
  ],
  "adjacency_matrix": [
    [
      1.0,
      0.634380578994751,
      0.48807406425476074,
      0.6287158131599426,
      0.31258371472358704,
      0.19989481568336487,
      0.19346313178539276,
      0.5293867588043213,
      0.2643532454967499,
      0.3415558636188507,
      0.19261030852794647,
      0.3693690598011017,
      0.3423221707344055,
      0.274625301361084,
      0.30093657970428467,
      0.34038686752319336
    ],
    [
      0.634380578994751,
      1.0,
      0.6671934127807617,
      0.7298161387443542,
      0.4204859733581543,
      0.2956109642982483,
      0.24093465507030487,
      0.6455782651901245,
      0.3034035563468933,
      0.48592376708984375,
      0.3039414584636688,
      0.3386669158935547,
      0.39052772521972656,
      0.3883887529373169,
      0.35572317242622375,
      0.3907146155834198
    ],
    [
      0.48807406425476074,
      0.6671934127807617,
      1.0,
      0.5880873203277588,
      0.442378431558609,
      0.20456069707870483,
      0.3767170310020447,
      0.7254207730293274,
      0.2423468381166458,
      0.40129467844963074,
      0.23602637648582458,
      0.2651689052581787,
      0.2922220826148987,
      0.32041293382644653,
      0.24282494187355042,
      0.3221636712551117
    ],
    [
      0.6287158131599426,
      0.7298161387443542,
      0.5880873203277588,
      1.0000001192092896,
      0.42433661222457886,
      0.2865449786186218,
      0.2750545144081116,
      0.5667924880981445,
      0.25671476125717163,
      0.42458659410476685,
      0.3335905969142914,
      0.3698263466358185,
      0.39605775475502014,
      0.32691583037376404,
      0.2912586033344269,
      0.36018237471580505
    ],
    [
      0.31258371472358704,
      0.4204859733581543,
      0.442378431558609,
      0.42433661222457886,
      0.9999998807907104,
      0.35426485538482666,
      0.31736209988594055,
      0.32774803042411804,
      0.32095760107040405,
      0.6226539611816406,
      0.2357664853334427,
      0.40474438667297363,
      0.27411893010139465,
      0.2630259096622467,
      0.3585236668586731,
      0.34919604659080505
    ],
    [
      0.19989481568336487,
      0.2956109642982483,
      0.20456069707870483,
      0.2865449786186218,
      0.35426485538482666,
      1.0,
      0.18143688142299652,
      0.2249211221933365,
      0.24017000198364258,
      0.349698007106781,
      0.2963239252567291,
      0.34945058822631836,
      0.2276087999343872,
      0.228736013174057,
      0.2534421384334564,
      0.27438291907310486
    ],
    [
      0.19346313178539276,
      0.24093465507030487,
      0.3767170310020447,
      0.2750545144081116,
      0.31736209988594055,
      0.18143688142299652,
      1.0,
      0.33157432079315186,
      0.12159914523363113,
      0.3102595806121826,
      0.2535817623138428,
      0.31521400809288025,
      0.2875972390174866,
      0.29675185680389404,
      0.2783285081386566,
      0.26580101251602173
    ],
    [
      0.5293867588043213,
      0.6455782651901245,
      0.7254207730293274,
      0.5667924880981445,
      0.32774803042411804,
      0.2249211221933365,
      0.33157432079315186,
      1.0,
      0.2581299841403961,
      0.4328137934207916,
      0.29546424746513367,
      0.35090553760528564,
      0.3527180552482605,
      0.32534918189048767,
      0.24910910427570343,
      0.3237326741218567
    ],
    [
      0.2643532454967499,
      0.3034035563468933,
      0.2423468381166458,
      0.25671476125717163,
      0.32095760107040405,
      0.24017000198364258,
      0.12159914523363113,
      0.2581299841403961,
      0.9999999403953552,
      0.2796694338321686,
      0.2334064096212387,
      0.3339730203151703,
      0.2460758090019226,
      0.34551939368247986,
      0.3960813283920288,
      0.2890542447566986
    ],
    [
      0.3415558636188507,
      0.48592376708984375,
      0.40129467844963074,
      0.42458659410476685,
      0.6226539611816406,
      0.349698007106781,
      0.3102595806121826,
      0.4328137934207916,
      0.2796694338321686,
      1.0,
      0.36112141609191895,
      0.4315902590751648,
      0.2954423427581787,
      0.28979068994522095,
      0.30119070410728455,
      0.3126240372657776
    ],
    [
      0.19261030852794647,
      0.3039414584636688,
      0.23602637648582458,
      0.3335905969142914,
      0.2357664853334427,
      0.2963239252567291,
      0.2535817623138428,
      0.29546424746513367,
      0.2334064096212387,
      0.36112141609191895,
      1.0,
      0.33048638701438904,
      0.23202283680438995,
      0.26170817017555237,
      0.2494630366563797,
      0.31818920373916626
    ],
    [
      0.3693690598011017,
      0.3386669158935547,
      0.2651689052581787,
      0.3698263466358185,
      0.40474438667297363,
      0.34945058822631836,
      0.31521400809288025,
      0.35090553760528564,
      0.3339730203151703,
      0.4315902590751648,
      0.33048638701438904,
      1.0,
      0.28434619307518005,
      0.3007960617542267,
      0.40232494473457336,
      0.37443435192108154
    ],
    [
      0.3423221707344055,
      0.39052772521972656,
      0.2922220826148987,
      0.39605775475502014,
      0.27411893010139465,
      0.2276087999343872,
      0.2875972390174866,
      0.3527180552482605,
      0.2460758090019226,
      0.2954423427581787,
      0.23202283680438995,
      0.28434619307518005,
      1.0,
      0.47954261302948,
      0.42641741037368774,
      0.43505117297172546
    ],
    [
      0.274625301361084,
      0.3883887529373169,
      0.32041293382644653,
      0.32691583037376404,
      0.2630259096622467,
      0.228736013174057,
      0.29675185680389404,
      0.32534918189048767,
      0.34551939368247986,
      0.28979068994522095,
      0.26170817017555237,
      0.3007960617542267,
      0.47954261302948,
      1.0,
      0.38758334517478943,
      0.478080153465271
    ],
    [
      0.30093657970428467,
      0.35572317242622375,
      0.24282494187355042,
      0.2912586033344269,
      0.3585236668586731,
      0.2534421384334564,
      0.2783285081386566,
      0.24910910427570343,
      0.3960813283920288,
      0.30119070410728455,
      0.2494630366563797,
      0.40232494473457336,
      0.42641741037368774,
      0.38758334517478943,
      1.0,
      0.5932175517082214
    ],
    [
      0.34038686752319336,
      0.3907146155834198,
      0.3221636712551117,
      0.36018237471580505,
      0.34919604659080505,
      0.27438291907310486,
      0.26580101251602173,
      0.3237326741218567,
      0.2890542447566986,
      0.3126240372657776,
      0.31818920373916626,
      0.37443435192108154,
      0.43505117297172546,
      0.478080153465271,
      0.5932175517082214,
      1.0
    ]
  ]
}