{
  "game_number": 639,
  "words": [
    "FOOT",
    "LEAGUE",
    "MILE",
    "YARD",
    "ESSENCE",
    "PEOPLE",
    "TIME",
    "US",
    "ARE",
    "QUEUE",
    "SEA",
    "WHY",
    "HAIL",
    "RAIN",
    "SLEET",
    "SNOW"
  ],
  "adjacency_matrix": [
    [
      1.0,
      0.3399152457714081,
      0.5837200880050659,
      0.4776275157928467,
      0.2868407964706421,
      0.3572733402252197,
      0.3871995806694031,
      0.29857781529426575,
      0.2691938877105713,
      0.2996353805065155,
      0.43949517607688904,
      0.14560869336128235,
      0.288665771484375,
      0.31668734550476074,
      0.25302037596702576,
      0.44658559560775757
    ],
    [
      0.3399152457714081,
      1.0,
      0.2767549157142639,
      0.3201107382774353,
      0.34899941086769104,
      0.35434338450431824,
      0.3487586975097656,
      0.3038613200187683,
      0.3144066631793976,
      0.2595624327659607,
      0.3807307481765747,
      0.2507820427417755,
      0.24778065085411072,
      0.26782381534576416,
      0.22243398427963257,
      0.2753356695175171
    ],
    [
      0.5837200880050659,
      0.2767549157142639,
      0.9999999403953552,
      0.5560010671615601,
      0.19559955596923828,
      0.23177088797092438,
      0.4445735514163971,
      0.23428678512573242,
      0.16845490038394928,
      0.20788075029850006,
      0.3551791310310364,
      0.1126401275396347,
      0.2092127948999405,
      0.2902824878692627,
      0.22673070430755615,
      0.336690217256546
    ],
    [
      0.4776275157928467,
      0.3201107382774353,
      0.5560010671615601,
      1.0,
      0.17854291200637817,
      0.2613730728626251,
      0.3817836046218872,
      0.22926053404808044,
      0.22105561196804047,
      0.27620404958724976,
      0.3885023593902588,
      0.05558362975716591,
      0.21538612246513367,
      0.30732157826423645,
      0.25943195819854736,
      0.37051862478256226
    ],
    [
      0.2868407964706421,
      0.34899941086769104,
      0.19559955596923828,
      0.17854291200637817,
      1.0,
      0.41044625639915466,
      0.45302242040634155,
      0.4018602669239044,
      0.40383902192115784,
      0.2796948552131653,
      0.36143434047698975,
      0.47006967663764954,
      0.23238041996955872,
      0.2815411686897278,
      0.2008238583803177,
      0.3249707520008087
    ],
    [
      0.3572733402252197,
      0.35434338450431824,
      0.23177088797092438,
      0.2613730728626251,
      0.41044625639915466,
      1.0,
      0.4612765610218048,
      0.6741751432418823,
      0.48075366020202637,
      0.28423774242401123,
      0.35920989513397217,
      0.4044272005558014,
      0.2967298626899719,
      0.29544129967689514,
      0.24758462607860565,
      0.30217114090919495
    ],
    [
      0.3871995806694031,
      0.3487586975097656,
      0.4445735514163971,
      0.3817836046218872,
      0.45302242040634155,
      0.4612765610218048,
      1.0,
      0.4941510260105133,
      0.39027735590934753,
      0.4072841703891754,
      0.36748555302619934,
      0.40993863344192505,
      0.23059865832328796,
      0.3514394462108612,
      0.1839672029018402,
      0.2871992886066437
    ],
    [
      0.29857781529426575,
      0.3038613200187683,
      0.23428678512573242,
      0.22926053404808044,
      0.4018602669239044,
      0.6741751432418823,
      0.4941510260105133,
      1.0,
      0.4185812771320343,
      0.26750460267066956,
      0.3273278474807739,
      0.44778263568878174,
      0.27693283557891846,
      0.29857489466667175,
      0.22662924230098724,
      0.2815566062927246
    ],
    [
      0.2691938877105713,
      0.3144066631793976,
      0.16845490038394928,
      0.22105561196804047,
      0.40383902192115784,
      0.48075366020202637,
      0.39027735590934753,
      0.4185812771320343,
      1.0,
      0.31853577494621277,
      0.3051677644252777,
      0.39589500427246094,
      0.3233906030654907,
      0.24716752767562866,
      0.1921234279870987,
      0.23507246375083923
    ],
    [
      0.2996353805065155,
      0.2595624327659607,
      0.20788075029850006,
      0.27620404958724976,
      0.2796948552131653,
      0.28423774242401123,
      0.4072841703891754,
      0.26750460267066956,
      0.31853577494621277,
      1.0,
      0.29227542877197266,
      0.19832634925842285,
      0.18801045417785645,
      0.2512204349040985,
      0.1759069710969925,
      0.27331581711769104
    ],
    [
      0.43949517607688904,
      0.3807307481765747,
      0.3551791310310364,
      0.3885023593902588,
      0.36143434047698975,
      0.35920989513397217,
      0.36748555302619934,
      0.3273278474807739,
      0.3051677644252777,
      0.29227542877197266,
      1.0,
      0.2180849313735962,
      0.3358180820941925,
      0.4219643771648407,
      0.3445993661880493,
      0.4513813853263855
    ],
    [
      0.14560869336128235,
      0.2507820427417755,
      0.1126401275396347,
      0.05558362975716591,
      0.47006967663764954,
      0.4044272005558014,
      0.40993863344192505,
      0.44778263568878174,
      0.39589500427246094,
      0.19832634925842285,
      0.2180849313735962,
      1.0,
      0.19438306987285614,
      0.19696606695652008,
      0.11961650103330612,
      0.2180223912000656
    ],
    [
      0.288665771484375,
      0.24778065085411072,
      0.2092127948999405,
      0.21538612246513367,
      0.23238041996955872,
      0.2967298626899719,
      0.23059865832328796,
      0.27693283557891846,
      0.3233906030654907,
      0.18801045417785645,
      0.3358180820941925,
      0.19438306987285614,
      1.0,
      0.5747758150100708,
      0.49727892875671387,
      0.46919798851013184
    ],
    [
      0.31668734550476074,
      0.26782381534576416,
      0.2902824878692627,
      0.30732157826423645,
      0.2815411686897278,
      0.29544129967689514,
      0.3514394462108612,
      0.29857489466667175,
      0.24716752767562866,
      0.2512204349040985,
      0.4219643771648407,
      0.19696606695652008,
      0.5747758150100708,
      1.0,
      0.5980952978134155,
      0.6733648180961609
    ],
    [
      0.25302037596702576,
      0.22243398427963257,
      0.22673070430755615,
      0.25943195819854736,
      0.2008238583803177,
      0.24758462607860565,
      0.1839672029018402,
      0.22662924230098724,
      0.1921234279870987,
      0.1759069710969925,
      0.3445993661880493,
      0.11961650103330612,
      0.49727892875671387,
      0.5980952978134155,
      1.0,
      0.6455492377281189
    ],
    [
      0.44658559560775757,
      0.2753356695175171,
      0.336690217256546,
      0.37051862478256226,
      0.3249707520008087,
      0.30217114090919495,
      0.2871992886066437,
      0.2815566062927246,
      0.23507246375083923,
      0.27331581711769104,
      0.4513813853263855,
      0.2180223912000656,
      0.46919798851013184,
      0.6733648180961609,
      0.6455492377281189,
      1.0
    ]
  ]
}