{
  "game_number": 7,
  "words": [
    "BASH",
    "BLAST",
    "FLAME",
    "ROAST",
    "BOARD",
    "CARDS",
    "DICE",
    "PIECES",
    "AXES",
    "BASS",
    "COORDINATE",
    "DOES",
    "CHOP",
    "DRUM",
    "FIDDLE",
    "FISH"
  ],
  "adjacency_matrix": [
    [
      0.9999999403953552,
      0.5147750973701477,
      0.4072587192058563,
      0.4740295112133026,
      0.3185414671897888,
      0.2789342999458313,
      0.26466426253318787,
      0.33429059386253357,
      0.3101869225502014,
      0.2652095556259155,
      0.35859060287475586,
      0.3973386883735657,
      0.4963500201702118,
      0.39666831493377686,
      0.4060726463794708,
      0.3072183430194855
    ],
    [
      0.5147750973701477,
      1.0,
      0.5274806022644043,
      0.40211355686187744,
      0.28829267621040344,
      0.27245068550109863,
      0.23264022171497345,
      0.336134135723114,
      0.2989792227745056,
      0.3008836805820465,
      0.2841731905937195,
      0.29043760895729065,
      0.42967408895492554,
      0.36590376496315,
      0.3279740810394287,
      0.3224990963935852
    ],
    [
      0.4072587192058563,
      0.5274806022644043,
      1.0,
      0.46526092290878296,
      0.27557456493377686,
      0.25528693199157715,
      0.21126246452331543,
      0.3340614438056946,
      0.2810719907283783,
      0.2164912074804306,
      0.264309823513031,
      0.23397493362426758,
      0.35041096806526184,
      0.3540579080581665,
      0.3856128454208374,
      0.3340550363063812
    ],
    [
      0.4740295112133026,
      0.40211355686187744,
      0.46526092290878296,
      1.0000001192092896,
      0.26937952637672424,
      0.28486162424087524,
      0.25447505712509155,
      0.3751250207424164,
      0.25476500391960144,
      0.23636512458324432,
      0.2801511287689209,
      0.2636358141899109,
      0.5492572784423828,
      0.32228925824165344,
      0.3777979910373688,
      0.40815469622612
    ],
    [
      0.3185414671897888,
      0.28829267621040344,
      0.27557456493377686,
      0.26937952637672424,
      1.0,
      0.41193056106567383,
      0.3373199701309204,
      0.3823198080062866,
      0.3092975616455078,
      0.2945164442062378,
      0.3854731321334839,
      0.2750391960144043,
      0.360757440328598,
      0.33395490050315857,
      0.27549663186073303,
      0.32372379302978516
    ],
    [
      0.2789342999458313,
      0.27245068550109863,
      0.25528693199157715,
      0.28486162424087524,
      0.41193056106567383,
      1.0,
      0.5392902493476868,
      0.5009066462516785,
      0.32869553565979004,
      0.309333860874176,
      0.2469177097082138,
      0.31462815403938293,
      0.28892022371292114,
      0.3561989367008209,
      0.32665103673934937,
      0.3676256239414215
    ],
    [
      0.26466426253318787,
      0.23264022171497345,
      0.21126246452331543,
      0.25447505712509155,
      0.3373199701309204,
      0.5392902493476868,
      1.0,
      0.3961082100868225,
      0.3685348331928253,
      0.26030233502388,
      0.19654220342636108,
      0.17103736102581024,
      0.3769477605819702,
      0.30183279514312744,
      0.3327920436859131,
      0.3326794505119324
    ],
    [
      0.33429059386253357,
      0.336134135723114,
      0.3340614438056946,
      0.3751250207424164,
      0.3823198080062866,
      0.5009066462516785,
      0.3961082100868225,
      1.0,
      0.44850844144821167,
      0.3178640604019165,
      0.3197815418243408,
      0.3026247024536133,
      0.4775812327861786,
      0.3987128734588623,
      0.3560362458229065,
      0.37275615334510803
    ],
    [
      0.3101869225502014,
      0.2989792227745056,
      0.2810719907283783,
      0.25476500391960144,
      0.3092975616455078,
      0.32869553565979004,
      0.3685348331928253,
      0.44850844144821167,
      1.0,
      0.280291348695755,
      0.41404861211776733,
      0.2105499804019928,
      0.4412485659122467,
      0.35141894221305847,
      0.309176504611969,
      0.27365875244140625
    ],
    [
      0.2652095556259155,
      0.3008836805820465,
      0.2164912074804306,
      0.23636512458324432,
      0.2945164442062378,
      0.309333860874176,
      0.26030233502388,
      0.3178640604019165,
      0.280291348695755,
      1.0,
      0.22758039832115173,
      0.21634279191493988,
      0.3783356249332428,
      0.6697032451629639,
      0.4900472164154053,
      0.5184813141822815
    ],
    [
      0.35859060287475586,
      0.2841731905937195,
      0.264309823513031,
      0.2801511287689209,
      0.3854731321334839,
      0.2469177097082138,
      0.19654220342636108,
      0.3197815418243408,
      0.41404861211776733,
      0.22758039832115173,
      1.0,
      0.39032694697380066,
      0.3565179407596588,
      0.29815778136253357,
      0.31485673785209656,
      0.2992270588874817
    ],
    [
      0.3973386883735657,
      0.29043760895729065,
      0.23397493362426758,
      0.2636358141899109,
      0.2750391960144043,
      0.31462815403938293,
      0.17103736102581024,
      0.3026247024536133,
      0.2105499804019928,
      0.21634279191493988,
      0.39032694697380066,
      1.0,
      0.28135567903518677,
      0.2408941090106964,
      0.3202332556247711,
      0.28728121519088745
    ],
    [
      0.4963500201702118,
      0.42967408895492554,
      0.35041096806526184,
      0.5492572784423828,
      0.360757440328598,
      0.28892022371292114,
      0.3769477605819702,
      0.4775812327861786,
      0.4412485659122467,
      0.3783356249332428,
      0.3565179407596588,
      0.28135567903518677,
      1.0,
      0.42093411087989807,
      0.45329245924949646,
      0.4265342056751251
    ],
    [
      0.39666831493377686,
      0.36590376496315,
      0.3540579080581665,
      0.32228925824165344,
      0.33395490050315857,
      0.3561989367008209,
      0.30183279514312744,
      0.3987128734588623,
      0.35141894221305847,
      0.6697032451629639,
      0.29815778136253357,
      0.2408941090106964,
      0.42093411087989807,
      1.0,
      0.49673110246658325,
      0.4311874806880951
    ],
    [
      0.4060726463794708,
      0.3279740810394287,
      0.3856128454208374,
      0.3777979910373688,
      0.27549663186073303,
      0.32665103673934937,
      0.3327920436859131,
      0.3560362458229065,
      0.309176504611969,
      0.4900472164154053,
      0.31485673785209656,
      0.3202332556247711,
      0.45329245924949646,
      0.49673110246658325,
      1.0,
      0.34942692518234253
    ],
    [
      0.3072183430194855,
      0.3224990963935852,
      0.3340550363063812,
      0.40815469622612,
      0.32372379302978516,
      0.3676256239414215,
      0.3326794505119324,
      0.37275615334510803,
      0.27365875244140625,
      0.5184813141822815,
      0.2992270588874817,
      0.28728121519088745,
      0.4265342056751251,
      0.4311874806880951,
      0.34942692518234253,
      1.0
    ]
  ]
}