{
  "game_number": 29,
  "words": [
    "ANISE",
    "DILL",
    "MACE",
    "SAGE",
    "BOTTLE",
    "HUNTER",
    "KELLY",
    "PEA",
    "MARCH",
    "HIKE",
    "TRAMP",
    "TREK",
    "COPE",
    "LUXE",
    "SARA",
    "WARS"
  ],
  "adjacency_matrix": [
    [
      0.9999999403953552,
      0.5310119390487671,
      0.38742247223854065,
      0.40806204080581665,
      0.40071845054626465,
      0.2788621187210083,
      0.24460068345069885,
      0.3704068958759308,
      0.15393076837062836,
      0.22574438154697418,
      0.27601689100265503,
      0.32811811566352844,
      0.2506271004676819,
      0.28506314754486084,
      0.3226168751716614,
      0.20003187656402588
    ],
    [
      0.5310119390487671,
      1.0,
      0.45793625712394714,
      0.45019009709358215,
      0.32501041889190674,
      0.27754533290863037,
      0.32788556814193726,
      0.46625396609306335,
      0.09832871705293655,
      0.23370765149593353,
      0.27775123715400696,
      0.1558699905872345,
      0.26992812752723694,
      0.1827821135520935,
      0.33082759380340576,
      0.17039328813552856
    ],
    [
      0.38742247223854065,
      0.45793625712394714,
      1.0,
      0.35417598485946655,
      0.45091453194618225,
      0.28524282574653625,
      0.2862793505191803,
      0.33327972888946533,
      0.2543656527996063,
      0.15304473042488098,
      0.2912730574607849,
      0.12955008447170258,
      0.26195862889289856,
      0.08965674787759781,
      0.3365684747695923,
      0.2114153504371643
    ],
    [
      0.40806204080581665,
      0.45019009709358215,
      0.35417598485946655,
      1.0,
      0.2474207729101181,
      0.43771761655807495,
      0.2885522246360779,
      0.3625435531139374,
      0.19593672454357147,
      0.25259771943092346,
      0.37013235688209534,
      0.2640446126461029,
      0.21648459136486053,
      0.21905863285064697,
      0.39682549238204956,
      0.21173876523971558
    ],
    [
      0.40071845054626465,
      0.32501041889190674,
      0.45091453194618225,
      0.2474207729101181,
      1.0,
      0.25371885299682617,
      0.23325809836387634,
      0.3147977590560913,
      0.26422378420829773,
      0.3031928837299347,
      0.32096028327941895,
      0.24492865800857544,
      0.3025728762149811,
      0.24621319770812988,
      0.2470032423734665,
      0.21520628035068512
    ],
    [
      0.2788621187210083,
      0.27754533290863037,
      0.28524282574653625,
      0.43771761655807495,
      0.25371885299682617,
      1.0,
      0.23694881796836853,
      0.29140955209732056,
      0.27288639545440674,
      0.3333212733268738,
      0.4323057234287262,
      0.4045807719230652,
      0.20738504827022552,
      0.1838807314634323,
      0.28699198365211487,
      0.2680518925189972
    ],
    [
      0.24460068345069885,
      0.32788556814193726,
      0.2862793505191803,
      0.2885522246360779,
      0.23325809836387634,
      0.23694881796836853,
      1.0,
      0.3295563757419586,
      0.2018456757068634,
      0.13031554222106934,
      0.2502972185611725,
      0.20284731686115265,
      0.16966524720191956,
      0.2117931842803955,
      0.6162627935409546,
      0.16686531901359558
    ],
    [
      0.3704068958759308,
      0.46625396609306335,
      0.33327972888946533,
      0.3625435531139374,
      0.3147977590560913,
      0.29140955209732056,
      0.3295563757419586,
      1.0,
      0.15398263931274414,
      0.15224292874336243,
      0.30024296045303345,
      0.16179095208644867,
      0.19404573738574982,
      0.1938582807779312,
      0.4278111457824707,
      0.14845596253871918
    ],
    [
      0.15393076837062836,
      0.09832871705293655,
      0.2543656527996063,
      0.19593672454357147,
      0.26422378420829773,
      0.27288639545440674,
      0.2018456757068634,
      0.15398263931274414,
      1.0,
      0.42842695116996765,
      0.4058259129524231,
      0.5355945229530334,
      0.2812477946281433,
      0.062091510742902756,
      0.18181246519088745,
      0.3799760937690735
    ],
    [
      0.22574438154697418,
      0.23370765149593353,
      0.15304473042488098,
      0.25259771943092346,
      0.3031928837299347,
      0.3333212733268738,
      0.13031554222106934,
      0.15224292874336243,
      0.42842695116996765,
      1.0,
      0.3449210524559021,
      0.6204462647438049,
      0.2565440237522125,
      0.20840397477149963,
      0.1724107265472412,
      0.22176337242126465
    ],
    [
      0.27601689100265503,
      0.27775123715400696,
      0.2912730574607849,
      0.37013235688209534,
      0.32096028327941895,
      0.4323057234287262,
      0.2502972185611725,
      0.30024296045303345,
      0.4058259129524231,
      0.3449210524559021,
      1.0,
      0.41755804419517517,
      0.3036017417907715,
      0.23624975979328156,
      0.2615472972393036,
      0.3000272214412689
    ],
    [
      0.32811811566352844,
      0.1558699905872345,
      0.12955008447170258,
      0.2640446126461029,
      0.24492865800857544,
      0.4045807719230652,
      0.20284731686115265,
      0.16179095208644867,
      0.5355945229530334,
      0.6204462647438049,
      0.41755804419517517,
      1.0,
      0.252246230840683,
      0.21532416343688965,
      0.24984203279018402,
      0.30023497343063354
    ],
    [
      0.2506271004676819,
      0.26992812752723694,
      0.26195862889289856,
      0.21648459136486053,
      0.3025728762149811,
      0.20738504827022552,
      0.16966524720191956,
      0.19404573738574982,
      0.2812477946281433,
      0.2565440237522125,
      0.3036017417907715,
      0.252246230840683,
      1.0,
      0.07013590633869171,
      0.23223504424095154,
      0.31813257932662964
    ],
    [
      0.28506314754486084,
      0.1827821135520935,
      0.08965674787759781,
      0.21905863285064697,
      0.24621319770812988,
      0.1838807314634323,
      0.2117931842803955,
      0.1938582807779312,
      0.062091510742902756,
      0.20840397477149963,
      0.23624975979328156,
      0.21532416343688965,
      0.07013590633869171,
      1.0,
      0.22663721442222595,
      0.09005580097436905
    ],
    [
      0.3226168751716614,
      0.33082759380340576,
      0.3365684747695923,
      0.39682549238204956,
      0.2470032423734665,
      0.28699198365211487,
      0.6162627935409546,
      0.4278111457824707,
      0.18181246519088745,
      0.1724107265472412,
      0.2615472972393036,
      0.24984203279018402,
      0.23223504424095154,
      0.22663721442222595,
      0.9999999403953552,
      0.16135114431381226
    ],
    [
      0.20003187656402588,
      0.17039328813552856,
      0.2114153504371643,
      0.21173876523971558,
      0.21520628035068512,
      0.2680518925189972,
      0.16686531901359558,
      0.14845596253871918,
      0.3799760937690735,
      0.22176337242126465,
      0.3000272214412689,
      0.30023497343063354,
      0.31813257932662964,
      0.09005580097436905,
      0.16135114431381226,
      1.0
    ]
  ]
}