{
  "game_number": 516,
  "words": [
    "FEATURE",
    "HALLMARK",
    "STAMP",
    "TRAIT",
    "CARD",
    "CLOWN",
    "CUTUP",
    "JOKER",
    "BOOK",
    "TABLE",
    "TEA",
    "TREE",
    "FORD",
    "GRANT",
    "LINCOLN",
    "WILSON"
  ],
  "adjacency_matrix": [
    [
      1.0,
      0.6157785654067993,
      0.4239574074745178,
      0.5487884283065796,
      0.46056967973709106,
      0.3524550199508667,
      0.4737730026245117,
      0.35777902603149414,
      0.507282018661499,
      0.4546576738357544,
      0.2717079520225525,
      0.3685897886753082,
      0.318128377199173,
      0.45608600974082947,
      0.3201797604560852,
      0.2700316905975342
    ],
    [
      0.6157785654067993,
      1.0,
      0.42500606179237366,
      0.5518763661384583,
      0.3763148784637451,
      0.37489810585975647,
      0.4456271529197693,
      0.32711660861968994,
      0.36474350094795227,
      0.3210688829421997,
      0.24428677558898926,
      0.2790546417236328,
      0.2804136276245117,
      0.3332301080226898,
      0.3186286687850952,
      0.26174411177635193
    ],
    [
      0.4239574074745178,
      0.42500606179237366,
      1.0,
      0.3626857399940491,
      0.4948015511035919,
      0.330911248922348,
      0.39368736743927,
      0.2971249520778656,
      0.4335666298866272,
      0.317915141582489,
      0.28801703453063965,
      0.3367564082145691,
      0.20342031121253967,
      0.37664899230003357,
      0.31501564383506775,
      0.23300839960575104
    ],
    [
      0.5487884283065796,
      0.5518763661384583,
      0.3626857399940491,
      1.0,
      0.36289241909980774,
      0.3805060088634491,
      0.42630741000175476,
      0.406856894493103,
      0.3708186447620392,
      0.2979917824268341,
      0.2158370167016983,
      0.35136866569519043,
      0.24806904792785645,
      0.27917781472206116,
      0.25142285227775574,
      0.22577056288719177
    ],
    [
      0.46056967973709106,
      0.3763148784637451,
      0.4948015511035919,
      0.36289241909980774,
      0.9999999403953552,
      0.38430818915367126,
      0.38363075256347656,
      0.5223506093025208,
      0.473335862159729,
      0.45101457834243774,
      0.32913726568222046,
      0.3761971592903137,
      0.21162192523479462,
      0.36925795674324036,
      0.28817805647850037,
      0.27904874086380005
    ],
    [
      0.3524550199508667,
      0.37489810585975647,
      0.330911248922348,
      0.3805060088634491,
      0.38430818915367126,
      1.0,
      0.5469016432762146,
      0.6469833850860596,
      0.31440305709838867,
      0.29630905389785767,
      0.32361406087875366,
      0.376995712518692,
      0.27060461044311523,
      0.23046699166297913,
      0.3789612948894501,
      0.402205228805542
    ],
    [
      0.4737730026245117,
      0.4456271529197693,
      0.39368736743927,
      0.42630741000175476,
      0.38363075256347656,
      0.5469016432762146,
      1.0,
      0.5074226260185242,
      0.39291709661483765,
      0.3694983422756195,
      0.326234370470047,
      0.40614286065101624,
      0.32400864362716675,
      0.2987253963947296,
      0.37135377526283264,
      0.3734385669231415
    ],
    [
      0.35777902603149414,
      0.32711660861968994,
      0.2971249520778656,
      0.406856894493103,
      0.5223506093025208,
      0.6469833850860596,
      0.5074226260185242,
      1.0,
      0.32908281683921814,
      0.3519611358642578,
      0.2625046372413635,
      0.3119795322418213,
      0.2239382565021515,
      0.18338219821453094,
      0.31944605708122253,
      0.3131859600543976
    ],
    [
      0.507282018661499,
      0.36474350094795227,
      0.4335666298866272,
      0.3708186447620392,
      0.473335862159729,
      0.31440305709838867,
      0.39291709661483765,
      0.32908281683921814,
      0.9999999403953552,
      0.47839197516441345,
      0.3435392379760742,
      0.3856973648071289,
      0.2681055963039398,
      0.3909381926059723,
      0.35818803310394287,
      0.2933419346809387
    ],
    [
      0.4546576738357544,
      0.3210688829421997,
      0.317915141582489,
      0.2979917824268341,
      0.45101457834243774,
      0.29630905389785767,
      0.3694983422756195,
      0.3519611358642578,
      0.47839197516441345,
      1.0,
      0.35839980840682983,
      0.4207595884799957,
      0.21449591219425201,
      0.3239164650440216,
      0.23156768083572388,
      0.23710092902183533
    ],
    [
      0.2717079520225525,
      0.24428677558898926,
      0.28801703453063965,
      0.2158370167016983,
      0.32913726568222046,
      0.32361406087875366,
      0.326234370470047,
      0.2625046372413635,
      0.3435392379760742,
      0.35839980840682983,
      1.0,
      0.3866523206233978,
      0.1889205425977707,
      0.2297058254480362,
      0.2742672860622406,
      0.24058377742767334
    ],
    [
      0.3685897886753082,
      0.2790546417236328,
      0.3367564082145691,
      0.35136866569519043,
      0.3761971592903137,
      0.376995712518692,
      0.40614286065101624,
      0.3119795322418213,
      0.3856973648071289,
      0.4207595884799957,
      0.3866523206233978,
      1.0,
      0.31863898038864136,
      0.2677525579929352,
      0.31621935963630676,
      0.30653291940689087
    ],
    [
      0.318128377199173,
      0.2804136276245117,
      0.20342031121253967,
      0.24806904792785645,
      0.21162192523479462,
      0.27060461044311523,
      0.32400864362716675,
      0.2239382565021515,
      0.2681055963039398,
      0.21449591219425201,
      0.1889205425977707,
      0.31863898038864136,
      1.0,
      0.27777454257011414,
      0.5408896207809448,
      0.4455875754356384
    ],
    [
      0.45608600974082947,
      0.3332301080226898,
      0.37664899230003357,
      0.27917781472206116,
      0.36925795674324036,
      0.23046699166297913,
      0.2987253963947296,
      0.18338219821453094,
      0.3909381926059723,
      0.3239164650440216,
      0.2297058254480362,
      0.2677525579929352,
      0.27777454257011414,
      1.0,
      0.25914454460144043,
      0.2529147267341614
    ],
    [
      0.3201797604560852,
      0.3186286687850952,
      0.31501564383506775,
      0.25142285227775574,
      0.28817805647850037,
      0.3789612948894501,
      0.37135377526283264,
      0.31944605708122253,
      0.35818803310394287,
      0.23156768083572388,
      0.2742672860622406,
      0.31621935963630676,
      0.5408896207809448,
      0.25914454460144043,
      1.0,
      0.5952152609825134
    ],
    [
      0.2700316905975342,
      0.26174411177635193,
      0.23300839960575104,
      0.22577056288719177,
      0.27904874086380005,
      0.402205228805542,
      0.3734385669231415,
      0.3131859600543976,
      0.2933419346809387,
      0.23710092902183533,
      0.24058377742767334,
      0.30653291940689087,
      0.4455875754356384,
      0.2529147267341614,
      0.5952152609825134,
      1.0000001192092896
    ]
  ]
}