{
  "game_number": 65,
  "words": [
    "GRANDSTAND",
    "POSTURE",
    "SHOWBOAT",
    "SWAGGER",
    "FINE",
    "HUNKY-DORY",
    "OK",
    "SWELL",
    "CHARM",
    "FRIENDSHIP",
    "ID",
    "TENNIS",
    "LAW",
    "MEDICINE",
    "SELF-CARE",
    "WITCHCRAFT"
  ],
  "adjacency_matrix": [
    [
      1.0,
      0.3346760869026184,
      0.4783487319946289,
      0.3336348235607147,
      0.39695656299591064,
      0.32374992966651917,
      0.23774507641792297,
      0.33287885785102844,
      0.2912898361682892,
      0.22111403942108154,
      0.12230093032121658,
      0.36133119463920593,
      0.3168608844280243,
      0.2638809382915497,
      0.1791887730360031,
      0.17187313735485077
    ],
    [
      0.3346760869026184,
      1.0,
      0.38596776127815247,
      0.4718194007873535,
      0.3427470028400421,
      0.36805209517478943,
      0.2628544270992279,
      0.30922678112983704,
      0.3474799394607544,
      0.35350343585014343,
      0.1667114496231079,
      0.31496092677116394,
      0.38559335470199585,
      0.34642884135246277,
      0.46390581130981445,
      0.23749011754989624
    ],
    [
      0.4783487319946289,
      0.38596776127815247,
      1.0000001192092896,
      0.43236827850341797,
      0.394995778799057,
      0.33659425377845764,
      0.22993680834770203,
      0.3300839960575104,
      0.36013302206993103,
      0.32004061341285706,
      0.06613403558731079,
      0.3925885856151581,
      0.2868019938468933,
      0.2763109803199768,
      0.25262829661369324,
      0.24504485726356506
    ],
    [
      0.3336348235607147,
      0.4718194007873535,
      0.43236827850341797,
      1.0,
      0.3560119569301605,
      0.40128424763679504,
      0.21652433276176453,
      0.40307027101516724,
      0.6149469017982483,
      0.33227184414863586,
      0.20769907534122467,
      0.29257792234420776,
      0.2725593149662018,
      0.23392948508262634,
      0.282428503036499,
      0.1672026365995407
    ],
    [
      0.39695656299591064,
      0.3427470028400421,
      0.394995778799057,
      0.3560119569301605,
      1.0,
      0.5528680086135864,
      0.5879427194595337,
      0.4715014100074768,
      0.45941534638404846,
      0.3500002324581146,
      0.08778921514749527,
      0.32968834042549133,
      0.40429675579071045,
      0.3552061915397644,
      0.28711315989494324,
      0.26462820172309875
    ],
    [
      0.32374992966651917,
      0.36805209517478943,
      0.33659425377845764,
      0.40128424763679504,
      0.5528680086135864,
      1.0,
      0.5643002986907959,
      0.4031832218170166,
      0.3365401029586792,
      0.3226673901081085,
      0.03902089223265648,
      0.2570022940635681,
      0.3469896614551544,
      0.25779423117637634,
      0.2656816244125366,
      0.25734594464302063
    ],
    [
      0.23774507641792297,
      0.2628544270992279,
      0.22993680834770203,
      0.21652433276176453,
      0.5879427194595337,
      0.5643002986907959,
      0.9999999403953552,
      0.32092228531837463,
      0.2522597908973694,
      0.255135715007782,
      0.23480665683746338,
      0.1855127066373825,
      0.27807796001434326,
      0.24146254360675812,
      0.23070558905601501,
      0.24465210735797882
    ],
    [
      0.33287885785102844,
      0.30922678112983704,
      0.3300839960575104,
      0.40307027101516724,
      0.4715014100074768,
      0.4031832218170166,
      0.32092228531837463,
      1.0,
      0.38393905758857727,
      0.3117237091064453,
      0.17661960422992706,
      0.2808524966239929,
      0.2600598633289337,
      0.25008609890937805,
      0.25068923830986023,
      0.14618714153766632
    ],
    [
      0.2912898361682892,
      0.3474799394607544,
      0.36013302206993103,
      0.6149469017982483,
      0.45941534638404846,
      0.3365401029586792,
      0.2522597908973694,
      0.38393905758857727,
      1.0,
      0.4555789828300476,
      0.15027974545955658,
      0.3003073036670685,
      0.3165946900844574,
      0.3008616864681244,
      0.32380032539367676,
      0.3284388780593872
    ],
    [
      0.22111403942108154,
      0.35350343585014343,
      0.32004061341285706,
      0.33227184414863586,
      0.3500002324581146,
      0.3226673901081085,
      0.255135715007782,
      0.3117237091064453,
      0.4555789828300476,
      1.0,
      0.12212776392698288,
      0.3270643651485443,
      0.4303204417228699,
      0.3666706085205078,
      0.3959704041481018,
      0.29617032408714294
    ],
    [
      0.12230093032121658,
      0.1667114496231079,
      0.06613403558731079,
      0.20769907534122467,
      0.08778921514749527,
      0.03902089223265648,
      0.23480665683746338,
      0.17661960422992706,
      0.15027974545955658,
      0.12212776392698288,
      1.0,
      0.10719162970781326,
      0.1630021184682846,
      0.09408917278051376,
      0.09365054965019226,
      0.06420731544494629
    ],
    [
      0.36133119463920593,
      0.31496092677116394,
      0.3925885856151581,
      0.29257792234420776,
      0.32968834042549133,
      0.2570022940635681,
      0.1855127066373825,
      0.2808524966239929,
      0.3003073036670685,
      0.3270643651485443,
      0.10719162970781326,
      1.0,
      0.35010331869125366,
      0.32744988799095154,
      0.3004542291164398,
      0.18662746250629425
    ],
    [
      0.3168608844280243,
      0.38559335470199585,
      0.2868019938468933,
      0.2725593149662018,
      0.40429675579071045,
      0.3469896614551544,
      0.27807796001434326,
      0.2600598633289337,
      0.3165946900844574,
      0.4303204417228699,
      0.1630021184682846,
      0.35010331869125366,
      1.0,
      0.5629401803016663,
      0.332779198884964,
      0.40600091218948364
    ],
    [
      0.2638809382915497,
      0.34642884135246277,
      0.2763109803199768,
      0.23392948508262634,
      0.3552061915397644,
      0.25779423117637634,
      0.24146254360675812,
      0.25008609890937805,
      0.3008616864681244,
      0.3666706085205078,
      0.09408917278051376,
      0.32744988799095154,
      0.5629401803016663,
      1.0,
      0.49588385224342346,
      0.4875648319721222
    ],
    [
      0.1791887730360031,
      0.46390581130981445,
      0.25262829661369324,
      0.282428503036499,
      0.28711315989494324,
      0.2656816244125366,
      0.23070558905601501,
      0.25068923830986023,
      0.32380032539367676,
      0.3959704041481018,
      0.09365054965019226,
      0.3004542291164398,
      0.332779198884964,
      0.49588385224342346,
      1.0,
      0.3341580033302307
    ],
    [
      0.17187313735485077,
      0.23749011754989624,
      0.24504485726356506,
      0.1672026365995407,
      0.26462820172309875,
      0.25734594464302063,
      0.24465210735797882,
      0.14618714153766632,
      0.3284388780593872,
      0.29617032408714294,
      0.06420731544494629,
      0.18662746250629425,
      0.40600091218948364,
      0.4875648319721222,
      0.3341580033302307,
      0.9999999403953552
    ]
  ]
}