{
  "game_number": 253,
  "words": [
    "ADVANTAGE",
    "BENEFIT",
    "INTEREST",
    "SAKE",
    "BIRD",
    "CURRY",
    "KOBE",
    "MAGIC",
    "BIOTA",
    "FETA",
    "MOCHI",
    "PEPSI",
    "BUNDLE",
    "FORTUNE",
    "MINT",
    "PILE"
  ],
  "adjacency_matrix": [
    [
      1.0,
      0.706430196762085,
      0.5664729475975037,
      0.40420567989349365,
      0.30569860339164734,
      0.38414517045021057,
      0.13462333381175995,
      0.39084917306900024,
      0.21837793290615082,
      0.12731117010116577,
      0.18375849723815918,
      0.09740493446588516,
      0.3651977777481079,
      0.46587347984313965,
      0.2087443768978119,
      0.3106105923652649
    ],
    [
      0.706430196762085,
      1.0,
      0.6214780211448669,
      0.4247363805770874,
      0.3404342830181122,
      0.3836725354194641,
      0.1400618702173233,
      0.43615075945854187,
      0.3214753568172455,
      0.16712230443954468,
      0.24601931869983673,
      0.1655864417552948,
      0.39958569407463074,
      0.4573458135128021,
      0.2752551734447479,
      0.34225600957870483
    ],
    [
      0.5664729475975037,
      0.6214780211448669,
      1.0,
      0.4288150668144226,
      0.3179130256175995,
      0.39118877053260803,
      0.13781388103961945,
      0.390365868806839,
      0.3038614094257355,
      0.14338533580303192,
      0.14536947011947632,
      0.1087975800037384,
      0.3260504901409149,
      0.42560434341430664,
      0.28537479043006897,
      0.31801632046699524
    ],
    [
      0.40420567989349365,
      0.4247363805770874,
      0.4288150668144226,
      1.0,
      0.2160053253173828,
      0.2997822165489197,
      0.24207040667533875,
      0.28061121702194214,
      0.18352214992046356,
      0.20180878043174744,
      0.292597234249115,
      0.2166815996170044,
      0.15478146076202393,
      0.31636032462120056,
      0.237082377076149,
      0.2022610306739807
    ],
    [
      0.30569860339164734,
      0.3404342830181122,
      0.3179130256175995,
      0.2160053253173828,
      1.0,
      0.3237810730934143,
      0.31860238313674927,
      0.371751993894577,
      0.36044391989707947,
      0.17302222549915314,
      0.20923225581645966,
      0.22733533382415771,
      0.31459328532218933,
      0.2859742343425751,
      0.2612437903881073,
      0.32205629348754883
    ],
    [
      0.38414517045021057,
      0.3836725354194641,
      0.39118877053260803,
      0.2997822165489197,
      0.3237810730934143,
      1.0,
      0.4086209535598755,
      0.40176182985305786,
      0.23116114735603333,
      0.32282257080078125,
      0.4440864026546478,
      0.3645532429218292,
      0.2872157692909241,
      0.3629356324672699,
      0.41234031319618225,
      0.3689638078212738
    ],
    [
      0.13462333381175995,
      0.1400618702173233,
      0.13781388103961945,
      0.24207040667533875,
      0.31860238313674927,
      0.4086209535598755,
      1.0,
      0.2373061627149582,
      0.2013516128063202,
      0.37386029958724976,
      0.41977769136428833,
      0.49516692757606506,
      0.18576079607009888,
      0.18736813962459564,
      0.30814695358276367,
      0.29033684730529785
    ],
    [
      0.39084917306900024,
      0.43615075945854187,
      0.390365868806839,
      0.28061121702194214,
      0.371751993894577,
      0.40176182985305786,
      0.2373061627149582,
      1.0,
      0.1987709254026413,
      0.2371775060892105,
      0.33217284083366394,
      0.322513222694397,
      0.4058520793914795,
      0.4123338460922241,
      0.38164907693862915,
      0.35081544518470764
    ],
    [
      0.21837793290615082,
      0.3214753568172455,
      0.3038614094257355,
      0.18352214992046356,
      0.36044391989707947,
      0.23116114735603333,
      0.2013516128063202,
      0.1987709254026413,
      1.0,
      0.24083146452903748,
      0.12702004611492157,
      0.1362248659133911,
      0.1551579087972641,
      0.19025377929210663,
      0.1901673674583435,
      0.26266050338745117
    ],
    [
      0.12731117010116577,
      0.16712230443954468,
      0.14338533580303192,
      0.20180878043174744,
      0.17302222549915314,
      0.32282257080078125,
      0.37386029958724976,
      0.2371775060892105,
      0.24083146452903748,
      1.0,
      0.2957428991794586,
      0.32252705097198486,
      0.27734336256980896,
      0.1620563566684723,
      0.384345144033432,
      0.257271409034729
    ],
    [
      0.18375849723815918,
      0.24601931869983673,
      0.14536947011947632,
      0.292597234249115,
      0.20923225581645966,
      0.4440864026546478,
      0.41977769136428833,
      0.33217284083366394,
      0.12702004611492157,
      0.2957428991794586,
      1.0,
      0.3928926885128021,
      0.3023419678211212,
      0.18766365945339203,
      0.3204024136066437,
      0.29088905453681946
    ],
    [
      0.09740493446588516,
      0.1655864417552948,
      0.1087975800037384,
      0.2166815996170044,
      0.22733533382415771,
      0.3645532429218292,
      0.49516692757606506,
      0.322513222694397,
      0.1362248659133911,
      0.32252705097198486,
      0.3928926885128021,
      1.0,
      0.2623593211174011,
      0.16539165377616882,
      0.3137167692184448,
      0.22971029579639435
    ],
    [
      0.3651977777481079,
      0.39958569407463074,
      0.3260504901409149,
      0.15478146076202393,
      0.31459328532218933,
      0.2872157692909241,
      0.18576079607009888,
      0.4058520793914795,
      0.1551579087972641,
      0.27734336256980896,
      0.3023419678211212,
      0.2623593211174011,
      0.9999999403953552,
      0.35255080461502075,
      0.297709196805954,
      0.5035920739173889
    ],
    [
      0.46587347984313965,
      0.4573458135128021,
      0.42560434341430664,
      0.31636032462120056,
      0.2859742343425751,
      0.3629356324672699,
      0.18736813962459564,
      0.4123338460922241,
      0.19025377929210663,
      0.1620563566684723,
      0.18766365945339203,
      0.16539165377616882,
      0.35255080461502075,
      1.0,
      0.3892161250114441,
      0.31973904371261597
    ],
    [
      0.2087443768978119,
      0.2752551734447479,
      0.28537479043006897,
      0.237082377076149,
      0.2612437903881073,
      0.41234031319618225,
      0.30814695358276367,
      0.38164907693862915,
      0.1901673674583435,
      0.384345144033432,
      0.3204024136066437,
      0.3137167692184448,
      0.297709196805954,
      0.3892161250114441,
      1.0,
      0.3209466338157654
    ],
    [
      0.3106105923652649,
      0.34225600957870483,
      0.31801632046699524,
      0.2022610306739807,
      0.32205629348754883,
      0.3689638078212738,
      0.29033684730529785,
      0.35081544518470764,
      0.26266050338745117,
      0.257271409034729,
      0.29088905453681946,
      0.22971029579639435,
      0.5035920739173889,
      0.31973904371261597,
      0.3209466338157654,
      0.9999999403953552
    ]
  ]
}