{
  "game_number": 535,
  "words": [
    "BALONEY",
    "BUNK",
    "CROCK",
    "TRIPE",
    "CUP",
    "HOOK",
    "STRAP",
    "WIRE",
    "LASER",
    "RADAR",
    "SCUBA",
    "SPAM",
    "DEN",
    "HIVE",
    "LAIR",
    "NEST"
  ],
  "adjacency_matrix": [
    [
      1.0,
      0.5174748301506042,
      0.6748039722442627,
      0.7120435833930969,
      0.2994564473628998,
      0.3818916082382202,
      0.33313506841659546,
      0.38466209173202515,
      0.2548764646053314,
      0.32202601432800293,
      0.32435962557792664,
      0.447864294052124,
      0.24487270414829254,
      0.24367521703243256,
      0.26372599601745605,
      0.2499437779188156
    ],
    [
      0.5174748301506042,
      1.0,
      0.514672577381134,
      0.4846254289150238,
      0.22097977995872498,
      0.3555479049682617,
      0.409171462059021,
      0.3366987407207489,
      0.22778040170669556,
      0.3240170478820801,
      0.2513315677642822,
      0.28044459223747253,
      0.3808416724205017,
      0.28074681758880615,
      0.368336021900177,
      0.33300870656967163
    ],
    [
      0.6748039722442627,
      0.514672577381134,
      1.0,
      0.662937581539154,
      0.399942010641098,
      0.3949032425880432,
      0.38186171650886536,
      0.39763036370277405,
      0.20697154104709625,
      0.21484646201133728,
      0.24091362953186035,
      0.3379560708999634,
      0.2847725450992584,
      0.25847503542900085,
      0.30546149611473083,
      0.29169315099716187
    ],
    [
      0.7120435833930969,
      0.4846254289150238,
      0.662937581539154,
      1.0,
      0.31494003534317017,
      0.3320254981517792,
      0.2924650311470032,
      0.30313536524772644,
      0.14566005766391754,
      0.2677134573459625,
      0.18048043549060822,
      0.35761821269989014,
      0.27550017833709717,
      0.21708306670188904,
      0.2823660671710968,
      0.23406343162059784
    ],
    [
      0.2994564473628998,
      0.22097977995872498,
      0.399942010641098,
      0.31494003534317017,
      1.0,
      0.30333220958709717,
      0.3453053832054138,
      0.30056262016296387,
      0.2393185794353485,
      0.18350978195667267,
      0.1958674192428589,
      0.21819710731506348,
      0.27917560935020447,
      0.22967296838760376,
      0.17321979999542236,
      0.30535995960235596
    ],
    [
      0.3818916082382202,
      0.3555479049682617,
      0.3949032425880432,
      0.3320254981517792,
      0.30333220958709717,
      1.0,
      0.549283504486084,
      0.5145420432090759,
      0.21990181505680084,
      0.3061401844024658,
      0.22737441956996918,
      0.2586681842803955,
      0.28531691431999207,
      0.18414966762065887,
      0.25664758682250977,
      0.3373050093650818
    ],
    [
      0.33313506841659546,
      0.409171462059021,
      0.38186171650886536,
      0.2924650311470032,
      0.3453053832054138,
      0.549283504486084,
      1.0,
      0.5477854609489441,
      0.33395397663116455,
      0.25141772627830505,
      0.3396788239479065,
      0.20909149944782257,
      0.29807040095329285,
      0.214610293507576,
      0.20738494396209717,
      0.34751269221305847
    ],
    [
      0.38466209173202515,
      0.3366987407207489,
      0.39763036370277405,
      0.30313536524772644,
      0.30056262016296387,
      0.5145420432090759,
      0.5477854609489441,
      1.0,
      0.3654848337173462,
      0.378132164478302,
      0.2705039083957672,
      0.3420233428478241,
      0.27736979722976685,
      0.27268287539482117,
      0.23870763182640076,
      0.40745359659194946
    ],
    [
      0.2548764646053314,
      0.22778040170669556,
      0.20697154104709625,
      0.14566005766391754,
      0.2393185794353485,
      0.21990181505680084,
      0.33395397663116455,
      0.3654848337173462,
      1.0000001192092896,
      0.517920732498169,
      0.4131637513637543,
      0.22506532073020935,
      0.2130853831768036,
      0.20807451009750366,
      0.2664918601512909,
      0.15123677253723145
    ],
    [
      0.32202601432800293,
      0.3240170478820801,
      0.21484646201133728,
      0.2677134573459625,
      0.18350978195667267,
      0.3061401844024658,
      0.25141772627830505,
      0.378132164478302,
      0.517920732498169,
      1.0,
      0.32116249203681946,
      0.31103435158729553,
      0.2514134645462036,
      0.26877373456954956,
      0.2783156633377075,
      0.2807311415672302
    ],
    [
      0.32435962557792664,
      0.2513315677642822,
      0.24091362953186035,
      0.18048043549060822,
      0.1958674192428589,
      0.22737441956996918,
      0.3396788239479065,
      0.2705039083957672,
      0.4131637513637543,
      0.32116249203681946,
      0.9999999403953552,
      0.18339984118938446,
      0.1833915114402771,
      0.2066495567560196,
      0.24833807349205017,
      0.203555628657341
    ],
    [
      0.447864294052124,
      0.28044459223747253,
      0.3379560708999634,
      0.35761821269989014,
      0.21819710731506348,
      0.2586681842803955,
      0.20909149944782257,
      0.3420233428478241,
      0.22506532073020935,
      0.31103435158729553,
      0.18339984118938446,
      1.0,
      0.19429393112659454,
      0.2327340841293335,
      0.22920672595500946,
      0.27925634384155273
    ],
    [
      0.24487270414829254,
      0.3808416724205017,
      0.2847725450992584,
      0.27550017833709717,
      0.27917560935020447,
      0.28531691431999207,
      0.29807040095329285,
      0.27736979722976685,
      0.2130853831768036,
      0.2514134645462036,
      0.1833915114402771,
      0.19429393112659454,
      1.0,
      0.3999859094619751,
      0.580807089805603,
      0.462375670671463
    ],
    [
      0.24367521703243256,
      0.28074681758880615,
      0.25847503542900085,
      0.21708306670188904,
      0.22967296838760376,
      0.18414966762065887,
      0.214610293507576,
      0.27268287539482117,
      0.20807451009750366,
      0.26877373456954956,
      0.2066495567560196,
      0.2327340841293335,
      0.3999859094619751,
      1.0,
      0.43838417530059814,
      0.5486845970153809
    ],
    [
      0.26372599601745605,
      0.368336021900177,
      0.30546149611473083,
      0.2823660671710968,
      0.17321979999542236,
      0.25664758682250977,
      0.20738494396209717,
      0.23870763182640076,
      0.2664918601512909,
      0.2783156633377075,
      0.24833807349205017,
      0.22920672595500946,
      0.580807089805603,
      0.43838417530059814,
      1.0,
      0.44341355562210083
    ],
    [
      0.2499437779188156,
      0.33300870656967163,
      0.29169315099716187,
      0.23406343162059784,
      0.30535995960235596,
      0.3373050093650818,
      0.34751269221305847,
      0.40745359659194946,
      0.15123677253723145,
      0.2807311415672302,
      0.203555628657341,
      0.27925634384155273,
      0.462375670671463,
      0.5486845970153809,
      0.44341355562210083,
      1.0
    ]
  ]
}