{
  "game_number": 87,
  "words": [
    "DOPE",
    "FIRE",
    "LIT",
    "SICK",
    "CREAM",
    "LICK",
    "PASTE",
    "SMOKE",
    "HELL",
    "ILL",
    "SHELL",
    "WELL",
    "COMP",
    "MILK",
    "NETI",
    "ORGO"
  ],
  "adjacency_matrix": [
    [
      1.0,
      0.27416813373565674,
      0.2919110953807831,
      0.35825812816619873,
      0.2970221936702728,
      0.3350997269153595,
      0.33457517623901367,
      0.496980756521225,
      0.4039806127548218,
      0.30458641052246094,
      0.275216668844223,
      0.278202623128891,
      0.3065871000289917,
      0.29690292477607727,
      0.24652482569217682,
      0.34847816824913025
    ],
    [
      0.27416813373565674,
      1.0,
      0.5333617329597473,
      0.3431260883808136,
      0.22696587443351746,
      0.29883646965026855,
      0.307809054851532,
      0.6332402229309082,
      0.41398677229881287,
      0.3032732307910919,
      0.4353719651699066,
      0.33374494314193726,
      0.3388836681842804,
      0.2649054527282715,
      0.18240980803966522,
      0.3116271197795868
    ],
    [
      0.2919110953807831,
      0.5333617329597473,
      1.0,
      0.25463685393333435,
      0.23548941314220428,
      0.2831924259662628,
      0.2272643893957138,
      0.5094003081321716,
      0.33817052841186523,
      0.2686329483985901,
      0.2972019910812378,
      0.4139276444911957,
      0.3380979597568512,
      0.22343480587005615,
      0.26684874296188354,
      0.3525036871433258
    ],
    [
      0.35825812816619873,
      0.3431260883808136,
      0.25463685393333435,
      1.0,
      0.18647827208042145,
      0.3028281331062317,
      0.1836129128932953,
      0.3564000427722931,
      0.44142287969589233,
      0.7580587267875671,
      0.3043297231197357,
      0.4327123463153839,
      0.2991982400417328,
      0.333562970161438,
      0.18598754703998566,
      0.4054584801197052
    ],
    [
      0.2970221936702728,
      0.22696587443351746,
      0.23548941314220428,
      0.18647827208042145,
      1.0,
      0.4296289086341858,
      0.41821345686912537,
      0.2545996904373169,
      0.243841290473938,
      0.15853498876094818,
      0.298625648021698,
      0.2576226592063904,
      0.24344180524349213,
      0.555942952632904,
      0.25751224160194397,
      0.329840749502182
    ],
    [
      0.3350997269153595,
      0.29883646965026855,
      0.2831924259662628,
      0.3028281331062317,
      0.4296289086341858,
      1.0,
      0.4519619345664978,
      0.326664537191391,
      0.35805580019950867,
      0.254281222820282,
      0.3355657458305359,
      0.3287860155105591,
      0.25315287709236145,
      0.37294355034828186,
      0.2600081264972687,
      0.3831217586994171
    ],
    [
      0.33457517623901367,
      0.307809054851532,
      0.2272643893957138,
      0.1836129128932953,
      0.41821345686912537,
      0.4519619345664978,
      1.0,
      0.32160529494285583,
      0.2618868947029114,
      0.20923402905464172,
      0.3840586841106415,
      0.2714865803718567,
      0.22927525639533997,
      0.34582552313804626,
      0.3259921967983246,
      0.35301584005355835
    ],
    [
      0.496980756521225,
      0.6332402229309082,
      0.5094003081321716,
      0.3564000427722931,
      0.2545996904373169,
      0.326664537191391,
      0.32160529494285583,
      1.0,
      0.3993278443813324,
      0.3360372483730316,
      0.3829178512096405,
      0.3230626881122589,
      0.2608231008052826,
      0.34954243898391724,
      0.28869491815567017,
      0.35006439685821533
    ],
    [
      0.4039806127548218,
      0.41398677229881287,
      0.33817052841186523,
      0.44142287969589233,
      0.243841290473938,
      0.35805580019950867,
      0.2618868947029114,
      0.3993278443813324,
      1.0,
      0.3478144109249115,
      0.3721187114715576,
      0.48349300026893616,
      0.3252027928829193,
      0.22397321462631226,
      0.21948708593845367,
      0.39889153838157654
    ],
    [
      0.30458641052246094,
      0.3032732307910919,
      0.2686329483985901,
      0.7580587267875671,
      0.15853498876094818,
      0.254281222820282,
      0.20923402905464172,
      0.3360372483730316,
      0.3478144109249115,
      1.0,
      0.2713293731212616,
      0.5859454274177551,
      0.28018689155578613,
      0.25060799717903137,
      0.15511365234851837,
      0.3337527811527252
    ],
    [
      0.275216668844223,
      0.4353719651699066,
      0.2972019910812378,
      0.3043297231197357,
      0.298625648021698,
      0.3355657458305359,
      0.3840586841106415,
      0.3829178512096405,
      0.3721187114715576,
      0.2713293731212616,
      1.0,
      0.3302494287490845,
      0.2852305769920349,
      0.32256001234054565,
      0.2682439088821411,
      0.38063445687294006
    ],
    [
      0.278202623128891,
      0.33374494314193726,
      0.4139276444911957,
      0.4327123463153839,
      0.2576226592063904,
      0.3287860155105591,
      0.2714865803718567,
      0.3230626881122589,
      0.48349300026893616,
      0.5859454274177551,
      0.3302494287490845,
      1.0,
      0.2901606857776642,
      0.2824666202068329,
      0.2197173833847046,
      0.4138369858264923
    ],
    [
      0.3065871000289917,
      0.3388836681842804,
      0.3380979597568512,
      0.2991982400417328,
      0.24344180524349213,
      0.25315287709236145,
      0.22927525639533997,
      0.2608231008052826,
      0.3252027928829193,
      0.28018689155578613,
      0.2852305769920349,
      0.2901606857776642,
      0.9999999403953552,
      0.2491883486509323,
      0.21146246790885925,
      0.41707152128219604
    ],
    [
      0.29690292477607727,
      0.2649054527282715,
      0.22343480587005615,
      0.333562970161438,
      0.555942952632904,
      0.37294355034828186,
      0.34582552313804626,
      0.34954243898391724,
      0.22397321462631226,
      0.25060799717903137,
      0.32256001234054565,
      0.2824666202068329,
      0.2491883486509323,
      1.0,
      0.3500094711780548,
      0.3387660086154938
    ],
    [
      0.24652482569217682,
      0.18240980803966522,
      0.26684874296188354,
      0.18598754703998566,
      0.25751224160194397,
      0.2600081264972687,
      0.3259921967983246,
      0.28869491815567017,
      0.21948708593845367,
      0.15511365234851837,
      0.2682439088821411,
      0.2197173833847046,
      0.21146246790885925,
      0.3500094711780548,
      1.0,
      0.3512982428073883
    ],
    [
      0.34847816824913025,
      0.3116271197795868,
      0.3525036871433258,
      0.4054584801197052,
      0.329840749502182,
      0.3831217586994171,
      0.35301584005355835,
      0.35006439685821533,
      0.39889153838157654,
      0.3337527811527252,
      0.38063445687294006,
      0.4138369858264923,
      0.41707152128219604,
      0.3387660086154938,
      0.3512982428073883,
      1.0
    ]
  ]
}