{
  "game_number": 414,
  "words": [
    "BET",
    "GAMBLE",
    "RISK",
    "STAKE",
    "ADVENTURE",
    "FANTASY",
    "FRONTIER",
    "TOMORROW",
    "BASEBALL",
    "CRICKET",
    "FRUIT",
    "VAMPIRE",
    "HOP",
    "JUMP",
    "LEAP",
    "SPRING"
  ],
  "adjacency_matrix": [
    [
      1.0,
      0.6470810174942017,
      0.4278479218482971,
      0.49172186851501465,
      0.33638522028923035,
      0.3313031494617462,
      0.2554616332054138,
      0.38706499338150024,
      0.309320330619812,
      0.281662255525589,
      0.19883021712303162,
      0.2578681707382202,
      0.3112718462944031,
      0.3769209682941437,
      0.36813342571258545,
      0.2225557416677475
    ],
    [
      0.6470810174942017,
      1.0,
      0.5245978236198425,
      0.5011472702026367,
      0.4733890891075134,
      0.40594005584716797,
      0.3523993492126465,
      0.30655935406684875,
      0.3265998661518097,
      0.30463314056396484,
      0.2451367825269699,
      0.2998104393482208,
      0.3062361776828766,
      0.3874552547931671,
      0.4328635036945343,
      0.24515308439731598
    ],
    [
      0.4278479218482971,
      0.5245978236198425,
      1.0000001192092896,
      0.5548123121261597,
      0.3995695412158966,
      0.3331092596054077,
      0.3831924796104431,
      0.2742283046245575,
      0.2516106069087982,
      0.2781617343425751,
      0.3221576511859894,
      0.28860387206077576,
      0.2555326521396637,
      0.3977360129356384,
      0.3951795995235443,
      0.24333375692367554
    ],
    [
      0.49172186851501465,
      0.5011472702026367,
      0.5548123121261597,
      1.0,
      0.34336012601852417,
      0.3153897225856781,
      0.3341044485569,
      0.2800794541835785,
      0.2893989086151123,
      0.2703276574611664,
      0.3509140908718109,
      0.3022165298461914,
      0.272985577583313,
      0.417046457529068,
      0.44589290022850037,
      0.33310672640800476
    ],
    [
      0.33638522028923035,
      0.4733890891075134,
      0.3995695412158966,
      0.34336012601852417,
      1.0,
      0.6108251810073853,
      0.5084040760993958,
      0.3070312440395355,
      0.3656314015388489,
      0.3808548152446747,
      0.3139302134513855,
      0.35523882508277893,
      0.35869672894477844,
      0.3860447108745575,
      0.40944904088974,
      0.35359635949134827
    ],
    [
      0.3313031494617462,
      0.40594005584716797,
      0.3331092596054077,
      0.3153897225856781,
      0.6108251810073853,
      1.0,
      0.4522304832935333,
      0.2909299433231354,
      0.4534638226032257,
      0.3722413182258606,
      0.2832215428352356,
      0.4967544972896576,
      0.28748777508735657,
      0.30147260427474976,
      0.3463309109210968,
      0.29869452118873596
    ],
    [
      0.2554616332054138,
      0.3523993492126465,
      0.3831924796104431,
      0.3341044485569,
      0.5084040760993958,
      0.4522304832935333,
      1.0,
      0.3498835563659668,
      0.3374917507171631,
      0.3438800871372223,
      0.23420549929141998,
      0.36215919256210327,
      0.33619773387908936,
      0.29849544167518616,
      0.31614553928375244,
      0.2913024127483368
    ],
    [
      0.38706499338150024,
      0.30655935406684875,
      0.2742283046245575,
      0.2800794541835785,
      0.3070312440395355,
      0.2909299433231354,
      0.3498835563659668,
      1.0,
      0.2714824378490448,
      0.2413240671157837,
      0.20038318634033203,
      0.20281359553337097,
      0.23568010330200195,
      0.25656476616859436,
      0.21591539680957794,
      0.3560265004634857
    ],
    [
      0.309320330619812,
      0.3265998661518097,
      0.2516106069087982,
      0.2893989086151123,
      0.3656314015388489,
      0.4534638226032257,
      0.3374917507171631,
      0.2714824378490448,
      1.0000001192092896,
      0.622159481048584,
      0.34211885929107666,
      0.34279289841651917,
      0.2810062766075134,
      0.3044563829898834,
      0.24217139184474945,
      0.34507039189338684
    ],
    [
      0.281662255525589,
      0.30463314056396484,
      0.2781617343425751,
      0.2703276574611664,
      0.3808548152446747,
      0.3722413182258606,
      0.3438800871372223,
      0.2413240671157837,
      0.622159481048584,
      0.9999999403953552,
      0.3357236981391907,
      0.33415502309799194,
      0.28873002529144287,
      0.26026755571365356,
      0.23953549563884735,
      0.27771711349487305
    ],
    [
      0.19883021712303162,
      0.2451367825269699,
      0.3221576511859894,
      0.3509140908718109,
      0.3139302134513855,
      0.2832215428352356,
      0.23420549929141998,
      0.20038318634033203,
      0.34211885929107666,
      0.3357236981391907,
      1.0,
      0.3146987855434418,
      0.29963627457618713,
      0.23313581943511963,
      0.26838502287864685,
      0.38461098074913025
    ],
    [
      0.2578681707382202,
      0.2998104393482208,
      0.28860387206077576,
      0.3022165298461914,
      0.35523882508277893,
      0.4967544972896576,
      0.36215919256210327,
      0.20281359553337097,
      0.34279289841651917,
      0.33415502309799194,
      0.3146987855434418,
      1.0,
      0.23147563636302948,
      0.2766134440898895,
      0.28349557518959045,
      0.2534351050853729
    ],
    [
      0.3112718462944031,
      0.3062361776828766,
      0.2555326521396637,
      0.272985577583313,
      0.35869672894477844,
      0.28748777508735657,
      0.33619773387908936,
      0.23568010330200195,
      0.2810062766075134,
      0.28873002529144287,
      0.29963627457618713,
      0.23147563636302948,
      1.0,
      0.5425049066543579,
      0.45471853017807007,
      0.30982503294944763
    ],
    [
      0.3769209682941437,
      0.3874552547931671,
      0.3977360129356384,
      0.417046457529068,
      0.3860447108745575,
      0.30147260427474976,
      0.29849544167518616,
      0.25656476616859436,
      0.3044563829898834,
      0.26026755571365356,
      0.23313581943511963,
      0.2766134440898895,
      0.5425049066543579,
      1.0,
      0.7439368367195129,
      0.41373738646507263
    ],
    [
      0.36813342571258545,
      0.4328635036945343,
      0.3951795995235443,
      0.44589290022850037,
      0.40944904088974,
      0.3463309109210968,
      0.31614553928375244,
      0.21591539680957794,
      0.24217139184474945,
      0.23953549563884735,
      0.26838502287864685,
      0.28349557518959045,
      0.45471853017807007,
      0.7439368367195129,
      1.0,
      0.3888939619064331
    ],
    [
      0.2225557416677475,
      0.24515308439731598,
      0.24333375692367554,
      0.33310672640800476,
      0.35359635949134827,
      0.29869452118873596,
      0.2913024127483368,
      0.3560265004634857,
      0.34507039189338684,
      0.27771711349487305,
      0.38461098074913025,
      0.2534351050853729,
      0.30982503294944763,
      0.41373738646507263,
      0.3888939619064331,
      1.0
    ]
  ]
}