{
  "game_number": 30,
  "words": [
    "MUM",
    "PRIVATE",
    "QUIET",
    "SECRET",
    "IN",
    "MA",
    "OH",
    "OK",
    "BALL",
    "FAIR",
    "FOUL",
    "OUT",
    "BED",
    "BEE",
    "MARY",
    "MOTHER"
  ],
  "adjacency_matrix": [
    [
      1.0,
      0.36522209644317627,
      0.4115016460418701,
      0.3603663444519043,
      0.2261904925107956,
      0.27390533685684204,
      0.32722216844558716,
      0.392343133687973,
      0.32804441452026367,
      0.2571530044078827,
      0.19532683491706848,
      0.37888410687446594,
      0.3773103654384613,
      0.33999738097190857,
      0.43587371706962585,
      0.7253319025039673
    ],
    [
      0.36522209644317627,
      1.0,
      0.5100805163383484,
      0.5819125175476074,
      0.4691666066646576,
      0.013911841437220573,
      0.11530265212059021,
      0.26084890961647034,
      0.33949655294418335,
      0.4209394156932831,
      0.2849435806274414,
      0.4290376305580139,
      0.3981228172779083,
      0.3384881317615509,
      0.340760737657547,
      0.42987677454948425
    ],
    [
      0.4115016460418701,
      0.5100805163383484,
      1.0,
      0.5482370853424072,
      0.43659207224845886,
      0.04887432977557182,
      0.30827632546424866,
      0.4252445697784424,
      0.26782628893852234,
      0.5132492184638977,
      0.34388723969459534,
      0.45273858308792114,
      0.3914424479007721,
      0.262808233499527,
      0.27090269327163696,
      0.36123642325401306
    ],
    [
      0.3603663444519043,
      0.5819125175476074,
      0.5482370853424072,
      1.0,
      0.4102576971054077,
      0.00528186559677124,
      0.18891049921512604,
      0.2335098832845688,
      0.35690969228744507,
      0.40056976675987244,
      0.30662035942077637,
      0.440380334854126,
      0.29782015085220337,
      0.35917115211486816,
      0.28571268916130066,
      0.34237468242645264
    ],
    [
      0.2261904925107956,
      0.4691666066646576,
      0.43659207224845886,
      0.4102576971054077,
      1.0,
      -0.03672470152378082,
      0.23261240124702454,
      0.32288476824760437,
      0.3403182625770569,
      0.34784242510795593,
      0.29112619161605835,
      0.6128475666046143,
      0.3935023248195648,
      0.25693702697753906,
      0.2112310230731964,
      0.29154807329177856
    ],
    [
      0.27390533685684204,
      0.013911841437220573,
      0.04887432977557182,
      0.00528186559677124,
      -0.03672470152378082,
      1.0,
      0.37746307253837585,
      0.24728360772132874,
      0.11720811575651169,
      0.025749579071998596,
      0.04194735363125801,
      0.03990468755364418,
      0.155533567070961,
      0.0956859290599823,
      0.25060543417930603,
      0.15303625166416168
    ],
    [
      0.32722216844558716,
      0.11530265212059021,
      0.30827632546424866,
      0.18891049921512604,
      0.23261240124702454,
      0.37746307253837585,
      1.0,
      0.5845615863800049,
      0.15766318142414093,
      0.28059664368629456,
      0.22799737751483917,
      0.24356290698051453,
      0.18662774562835693,
      0.1882351040840149,
      0.3325082063674927,
      0.23472441732883453
    ],
    [
      0.392343133687973,
      0.26084890961647034,
      0.4252445697784424,
      0.2335098832845688,
      0.32288476824760437,
      0.24728360772132874,
      0.5845615863800049,
      0.9999999403953552,
      0.2342807948589325,
      0.4962170720100403,
      0.28009888529777527,
      0.3860374093055725,
      0.2688535153865814,
      0.2424204796552658,
      0.28477054834365845,
      0.27620816230773926
    ],
    [
      0.32804441452026367,
      0.33949655294418335,
      0.26782628893852234,
      0.35690969228744507,
      0.3403182625770569,
      0.11720811575651169,
      0.15766318142414093,
      0.2342807948589325,
      1.0,
      0.3695978820323944,
      0.49146831035614014,
      0.452460914850235,
      0.38460373878479004,
      0.4120774567127228,
      0.38190966844558716,
      0.36397525668144226
    ],
    [
      0.2571530044078827,
      0.4209394156932831,
      0.5132492184638977,
      0.40056976675987244,
      0.34784242510795593,
      0.025749579071998596,
      0.28059664368629456,
      0.4962170720100403,
      0.3695978820323944,
      1.0,
      0.44056928157806396,
      0.3652507960796356,
      0.2745729982852936,
      0.3035644292831421,
      0.30771583318710327,
      0.282562792301178
    ],
    [
      0.19532683491706848,
      0.2849435806274414,
      0.34388723969459534,
      0.30662035942077637,
      0.29112619161605835,
      0.04194735363125801,
      0.22799737751483917,
      0.28009888529777527,
      0.49146831035614014,
      0.44056928157806396,
      1.0,
      0.41488155722618103,
      0.3299623131752014,
      0.3039296865463257,
      0.29019856452941895,
      0.2894120216369629
    ],
    [
      0.37888410687446594,
      0.4290376305580139,
      0.45273858308792114,
      0.440380334854126,
      0.6128475666046143,
      0.03990468755364418,
      0.24356290698051453,
      0.3860374093055725,
      0.452460914850235,
      0.3652507960796356,
      0.41488155722618103,
      0.9999999403953552,
      0.46028435230255127,
      0.2979523539543152,
      0.34829097986221313,
      0.3602353036403656
    ],
    [
      0.3773103654384613,
      0.3981228172779083,
      0.3914424479007721,
      0.29782015085220337,
      0.3935023248195648,
      0.155533567070961,
      0.18662774562835693,
      0.2688535153865814,
      0.38460373878479004,
      0.2745729982852936,
      0.3299623131752014,
      0.46028435230255127,
      0.9999999403953552,
      0.23399657011032104,
      0.3349449038505554,
      0.3882572054862976
    ],
    [
      0.33999738097190857,
      0.3384881317615509,
      0.262808233499527,
      0.35917115211486816,
      0.25693702697753906,
      0.0956859290599823,
      0.1882351040840149,
      0.2424204796552658,
      0.4120774567127228,
      0.3035644292831421,
      0.3039296865463257,
      0.2979523539543152,
      0.23399657011032104,
      1.0,
      0.37525275349617004,
      0.37272801995277405
    ],
    [
      0.43587371706962585,
      0.340760737657547,
      0.27090269327163696,
      0.28571268916130066,
      0.2112310230731964,
      0.25060543417930603,
      0.3325082063674927,
      0.28477054834365845,
      0.38190966844558716,
      0.30771583318710327,
      0.29019856452941895,
      0.34829097986221313,
      0.3349449038505554,
      0.37525275349617004,
      0.9999999403953552,
      0.44428232312202454
    ],
    [
      0.7253319025039673,
      0.42987677454948425,
      0.36123642325401306,
      0.34237468242645264,
      0.29154807329177856,
      0.15303625166416168,
      0.23472441732883453,
      0.27620816230773926,
      0.36397525668144226,
      0.282562792301178,
      0.2894120216369629,
      0.3602353036403656,
      0.3882572054862976,
      0.37272801995277405,
      0.44428232312202454,
      0.9999999403953552
    ]
  ]
}