{
  "game_number": 427,
  "words": [
    "BEACH",
    "DESERT",
    "HOURGLASS",
    "PLAYGROUND",
    "BAKE",
    "BROIL",
    "LIGHT",
    "TIMER",
    "BLUR",
    "OASIS",
    "PULP",
    "SUEDE",
    "BRUSH",
    "GRAZE",
    "KISS",
    "SKIM"
  ],
  "adjacency_matrix": [
    [
      0.9999999403953552,
      0.48033300042152405,
      0.4153081178665161,
      0.5392139554023743,
      0.35370269417762756,
      0.2175409495830536,
      0.359536349773407,
      0.26448872685432434,
      0.27699944376945496,
      0.42621949315071106,
      0.24473878741264343,
      0.28006812930107117,
      0.3750174939632416,
      0.3568122982978821,
      0.3698974549770355,
      0.2821568250656128
    ],
    [
      0.48033300042152405,
      1.0,
      0.30144789814949036,
      0.3515293598175049,
      0.3689914643764496,
      0.34575456380844116,
      0.38045454025268555,
      0.2020285278558731,
      0.32473498582839966,
      0.6188223958015442,
      0.21051956713199615,
      0.33005407452583313,
      0.39545464515686035,
      0.3992193341255188,
      0.3326880633831024,
      0.292481392621994
    ],
    [
      0.4153081178665161,
      0.30144789814949036,
      1.0,
      0.22623147070407867,
      0.26212430000305176,
      0.16081561148166656,
      0.2974523603916168,
      0.40486353635787964,
      0.2874079942703247,
      0.30653491616249084,
      0.2291770875453949,
      0.21435105800628662,
      0.23858484625816345,
      0.19198298454284668,
      0.2602127194404602,
      0.17220869660377502
    ],
    [
      0.5392139554023743,
      0.3515293598175049,
      0.22623147070407867,
      1.0,
      0.28756818175315857,
      0.15374833345413208,
      0.33251678943634033,
      0.28822681307792664,
      0.24252741038799286,
      0.36179062724113464,
      0.26045921444892883,
      0.27207857370376587,
      0.37520596385002136,
      0.28068074584007263,
      0.28661981225013733,
      0.18196597695350647
    ],
    [
      0.35370269417762756,
      0.3689914643764496,
      0.26212430000305176,
      0.28756818175315857,
      1.0,
      0.4685474932193756,
      0.31126582622528076,
      0.3713909685611725,
      0.25344812870025635,
      0.1836216300725937,
      0.19536092877388,
      0.23143775761127472,
      0.34314823150634766,
      0.3360181748867035,
      0.3556327819824219,
      0.34109729528427124
    ],
    [
      0.2175409495830536,
      0.34575456380844116,
      0.16081561148166656,
      0.15374833345413208,
      0.4685474932193756,
      1.0,
      0.33162936568260193,
      0.27353447675704956,
      0.29567813873291016,
      0.16134124994277954,
      0.18783949315547943,
      0.22708313167095184,
      0.40288040041923523,
      0.3477702736854553,
      0.2596476376056671,
      0.30393093824386597
    ],
    [
      0.359536349773407,
      0.38045454025268555,
      0.2974523603916168,
      0.33251678943634033,
      0.31126582622528076,
      0.33162936568260193,
      1.0,
      0.326005756855011,
      0.4489035904407501,
      0.25281649827957153,
      0.25040221214294434,
      0.29303115606307983,
      0.3995256721973419,
      0.31542617082595825,
      0.3592319190502167,
      0.26848942041397095
    ],
    [
      0.26448872685432434,
      0.2020285278558731,
      0.40486353635787964,
      0.28822681307792664,
      0.3713909685611725,
      0.27353447675704956,
      0.326005756855011,
      0.9999999403953552,
      0.27140873670578003,
      0.19429390132427216,
      0.14144685864448547,
      0.19483467936515808,
      0.3206874430179596,
      0.21855227649211884,
      0.2841309905052185,
      0.18015499413013458
    ],
    [
      0.27699944376945496,
      0.32473498582839966,
      0.2874079942703247,
      0.24252741038799286,
      0.25344812870025635,
      0.29567813873291016,
      0.4489035904407501,
      0.27140873670578003,
      1.0,
      0.23004154860973358,
      0.22536513209342957,
      0.27744874358177185,
      0.46450549364089966,
      0.33695757389068604,
      0.36057060956954956,
      0.30004632472991943
    ],
    [
      0.42621949315071106,
      0.6188223958015442,
      0.30653491616249084,
      0.36179062724113464,
      0.1836216300725937,
      0.16134124994277954,
      0.25281649827957153,
      0.19429390132427216,
      0.23004154860973358,
      0.9999999403953552,
      0.1785959005355835,
      0.2830226719379425,
      0.20631743967533112,
      0.3193660080432892,
      0.18409758806228638,
      0.14429542422294617
    ],
    [
      0.24473878741264343,
      0.21051956713199615,
      0.2291770875453949,
      0.26045921444892883,
      0.19536092877388,
      0.18783949315547943,
      0.25040221214294434,
      0.14144685864448547,
      0.22536513209342957,
      0.1785959005355835,
      1.0,
      0.2244710475206375,
      0.35687631368637085,
      0.2122744917869568,
      0.20623400807380676,
      0.24652862548828125
    ],
    [
      0.28006812930107117,
      0.33005407452583313,
      0.21435105800628662,
      0.27207857370376587,
      0.23143775761127472,
      0.22708313167095184,
      0.29303115606307983,
      0.19483467936515808,
      0.27744874358177185,
      0.2830226719379425,
      0.2244710475206375,
      1.0,
      0.36326828598976135,
      0.29607945680618286,
      0.31315672397613525,
      0.2545255422592163
    ],
    [
      0.3750174939632416,
      0.39545464515686035,
      0.23858484625816345,
      0.37520596385002136,
      0.34314823150634766,
      0.40288040041923523,
      0.3995256721973419,
      0.3206874430179596,
      0.46450549364089966,
      0.20631743967533112,
      0.35687631368637085,
      0.36326828598976135,
      0.9999999403953552,
      0.44491973519325256,
      0.396609365940094,
      0.39413127303123474
    ],
    [
      0.3568122982978821,
      0.3992193341255188,
      0.19198298454284668,
      0.28068074584007263,
      0.3360181748867035,
      0.3477702736854553,
      0.31542617082595825,
      0.21855227649211884,
      0.33695757389068604,
      0.3193660080432892,
      0.2122744917869568,
      0.29607945680618286,
      0.44491973519325256,
      1.0,
      0.3612419664859772,
      0.4475117623806
    ],
    [
      0.3698974549770355,
      0.3326880633831024,
      0.2602127194404602,
      0.28661981225013733,
      0.3556327819824219,
      0.2596476376056671,
      0.3592319190502167,
      0.2841309905052185,
      0.36057060956954956,
      0.18409758806228638,
      0.20623400807380676,
      0.31315672397613525,
      0.396609365940094,
      0.3612419664859772,
      1.0,
      0.2945581376552582
    ],
    [
      0.2821568250656128,
      0.292481392621994,
      0.17220869660377502,
      0.18196597695350647,
      0.34109729528427124,
      0.30393093824386597,
      0.26848942041397095,
      0.18015499413013458,
      0.30004632472991943,
      0.14429542422294617,
      0.24652862548828125,
      0.2545255422592163,
      0.39413127303123474,
      0.4475117623806,
      0.2945581376552582,
      1.0
    ]
  ]
}