{
  "game_number": 393,
  "words": [
    "CUT",
    "DITCH",
    "MISS",
    "SKIP",
    "BLOWOUT",
    "ROMP",
    "ROUT",
    "SWEEP",
    "CHEESE",
    "COLOR",
    "HAMSTER",
    "PRAYER",
    "CREDIT",
    "GLORY",
    "PRAISE",
    "PROPS"
  ],
  "adjacency_matrix": [
    [
      1.0,
      0.4914741516113281,
      0.48541831970214844,
      0.4754464626312256,
      0.36382347345352173,
      0.26829153299331665,
      0.37384918332099915,
      0.44204655289649963,
      0.33896589279174805,
      0.31615811586380005,
      0.2474203109741211,
      0.28375962376594543,
      0.3925294876098633,
      0.31508275866508484,
      0.33678579330444336,
      0.3596380054950714
    ],
    [
      0.4914741516113281,
      1.0,
      0.3799038827419281,
      0.452106237411499,
      0.34340575337409973,
      0.31161412596702576,
      0.3654969036579132,
      0.41150805354118347,
      0.2705865800380707,
      0.1939917802810669,
      0.26526302099227905,
      0.3005741834640503,
      0.3070114552974701,
      0.31393036246299744,
      0.3079412579536438,
      0.28033769130706787
    ],
    [
      0.48541831970214844,
      0.3799038827419281,
      1.0,
      0.5957093238830566,
      0.37066617608070374,
      0.3227870464324951,
      0.3811001181602478,
      0.47543367743492126,
      0.3022976219654083,
      0.2684909701347351,
      0.26726922392845154,
      0.29703113436698914,
      0.30773845314979553,
      0.36176347732543945,
      0.4376709759235382,
      0.3491347134113312
    ],
    [
      0.4754464626312256,
      0.452106237411499,
      0.5957093238830566,
      1.0,
      0.2521745562553406,
      0.34624114632606506,
      0.2912079691886902,
      0.4853336215019226,
      0.3218958079814911,
      0.29185229539871216,
      0.2621665298938751,
      0.27471643686294556,
      0.26962268352508545,
      0.2608550488948822,
      0.32879316806793213,
      0.2722000181674957
    ],
    [
      0.36382347345352173,
      0.34340575337409973,
      0.37066617608070374,
      0.2521745562553406,
      1.0,
      0.4249521493911743,
      0.5026028156280518,
      0.42437538504600525,
      0.21417053043842316,
      0.22673428058624268,
      0.20634154975414276,
      0.2855938673019409,
      0.25270798802375793,
      0.3503774106502533,
      0.2704489529132843,
      0.2497539222240448
    ],
    [
      0.26829153299331665,
      0.31161412596702576,
      0.3227870464324951,
      0.34624114632606506,
      0.4249521493911743,
      1.0,
      0.4469146728515625,
      0.48521173000335693,
      0.2541337311267853,
      0.19159343838691711,
      0.2806829810142517,
      0.19169659912586212,
      0.17396986484527588,
      0.32665109634399414,
      0.25558024644851685,
      0.24155358970165253
    ],
    [
      0.37384918332099915,
      0.3654969036579132,
      0.3811001181602478,
      0.2912079691886902,
      0.5026028156280518,
      0.4469146728515625,
      0.9999999403953552,
      0.549023449420929,
      0.21201260387897491,
      0.21887099742889404,
      0.1190103217959404,
      0.3332395553588867,
      0.26533299684524536,
      0.393804669380188,
      0.2783114016056061,
      0.20244315266609192
    ],
    [
      0.44204655289649963,
      0.41150805354118347,
      0.47543367743492126,
      0.4853336215019226,
      0.42437538504600525,
      0.48521173000335693,
      0.549023449420929,
      1.0,
      0.18562467396259308,
      0.2838597893714905,
      0.18959005177021027,
      0.35858097672462463,
      0.3884057402610779,
      0.4292451739311218,
      0.4348360002040863,
      0.2929912209510803
    ],
    [
      0.33896589279174805,
      0.2705865800380707,
      0.3022976219654083,
      0.3218958079814911,
      0.21417053043842316,
      0.2541337311267853,
      0.21201260387897491,
      0.18562467396259308,
      1.0,
      0.3123362064361572,
      0.4375056028366089,
      0.2566308379173279,
      0.3033374845981598,
      0.31131711602211,
      0.2735155522823334,
      0.30112895369529724
    ],
    [
      0.31615811586380005,
      0.1939917802810669,
      0.2684909701347351,
      0.29185229539871216,
      0.22673428058624268,
      0.19159343838691711,
      0.21887099742889404,
      0.2838597893714905,
      0.3123362064361572,
      1.0,
      0.2524263858795166,
      0.2211008220911026,
      0.3200770318508148,
      0.3431210219860077,
      0.2246457189321518,
      0.2780727744102478
    ],
    [
      0.2474203109741211,
      0.26526302099227905,
      0.26726922392845154,
      0.2621665298938751,
      0.20634154975414276,
      0.2806829810142517,
      0.1190103217959404,
      0.18959005177021027,
      0.4375056028366089,
      0.2524263858795166,
      1.0,
      0.20261691510677338,
      0.17968107759952545,
      0.21009720861911774,
      0.16612881422042847,
      0.2671166658401489
    ],
    [
      0.28375962376594543,
      0.3005741834640503,
      0.29703113436698914,
      0.27471643686294556,
      0.2855938673019409,
      0.19169659912586212,
      0.3332395553588867,
      0.35858097672462463,
      0.2566308379173279,
      0.2211008220911026,
      0.20261691510677338,
      1.0,
      0.32208582758903503,
      0.41196930408477783,
      0.42633092403411865,
      0.2520672082901001
    ],
    [
      0.3925294876098633,
      0.3070114552974701,
      0.30773845314979553,
      0.26962268352508545,
      0.25270798802375793,
      0.17396986484527588,
      0.26533299684524536,
      0.3884057402610779,
      0.3033374845981598,
      0.3200770318508148,
      0.17968107759952545,
      0.32208582758903503,
      0.9999999403953552,
      0.40511342883110046,
      0.5105538368225098,
      0.4152671992778778
    ],
    [
      0.31508275866508484,
      0.31393036246299744,
      0.36176347732543945,
      0.2608550488948822,
      0.3503774106502533,
      0.32665109634399414,
      0.393804669380188,
      0.4292451739311218,
      0.31131711602211,
      0.3431210219860077,
      0.21009720861911774,
      0.41196930408477783,
      0.40511342883110046,
      1.0,
      0.5285689830780029,
      0.2776868939399719
    ],
    [
      0.33678579330444336,
      0.3079412579536438,
      0.4376709759235382,
      0.32879316806793213,
      0.2704489529132843,
      0.25558024644851685,
      0.2783114016056061,
      0.4348360002040863,
      0.2735155522823334,
      0.2246457189321518,
      0.16612881422042847,
      0.42633092403411865,
      0.5105538368225098,
      0.5285689830780029,
      1.0,
      0.3419858515262604
    ],
    [
      0.3596380054950714,
      0.28033769130706787,
      0.3491347134113312,
      0.2722000181674957,
      0.2497539222240448,
      0.24155358970165253,
      0.20244315266609192,
      0.2929912209510803,
      0.30112895369529724,
      0.2780727744102478,
      0.2671166658401489,
      0.2520672082901001,
      0.4152671992778778,
      0.2776868939399719,
      0.3419858515262604,
      1.0
    ]
  ]
}