{
  "game_number": 369,
  "words": [
    "COLD",
    "DANK",
    "DARK",
    "MUSTY",
    "FUZZ",
    "SCRUFF",
    "SHADOW",
    "WHISKERS",
    "FUND",
    "KITTY",
    "POOL",
    "POT",
    "EXAMPLE",
    "IDEAL",
    "MODEL",
    "SYMBOL"
  ],
  "adjacency_matrix": [
    [
      1.0,
      0.5305811166763306,
      0.6370176672935486,
      0.4352536201477051,
      0.41186094284057617,
      0.38671040534973145,
      0.4384556710720062,
      0.27344709634780884,
      0.2058272808790207,
      0.3423221707344055,
      0.34772300720214844,
      0.3375568091869354,
      0.2561439275741577,
      0.40479302406311035,
      0.2879123389720917,
      0.21036288142204285
    ],
    [
      0.5305811166763306,
      1.0,
      0.6245646476745605,
      0.565953254699707,
      0.31691479682922363,
      0.36857762932777405,
      0.3852050006389618,
      0.2604371905326843,
      0.1743612438440323,
      0.3897561728954315,
      0.33534103631973267,
      0.3116118013858795,
      0.10709504783153534,
      0.2395329475402832,
      0.14253483712673187,
      0.13613593578338623
    ],
    [
      0.6370176672935486,
      0.6245646476745605,
      1.0,
      0.4948485791683197,
      0.4546600878238678,
      0.4089352786540985,
      0.6086856722831726,
      0.3319251239299774,
      0.2914935052394867,
      0.37759435176849365,
      0.3773629665374756,
      0.343166708946228,
      0.23019209504127502,
      0.42748522758483887,
      0.24873793125152588,
      0.3144701421260834
    ],
    [
      0.4352536201477051,
      0.565953254699707,
      0.4948485791683197,
      1.0000001192092896,
      0.2842597961425781,
      0.3334706127643585,
      0.31681814789772034,
      0.27370280027389526,
      0.1581275910139084,
      0.2616235613822937,
      0.2610783576965332,
      0.22567467391490936,
      0.11272849887609482,
      0.2804485857486725,
      0.15653084218502045,
      0.13041728734970093
    ],
    [
      0.41186094284057617,
      0.31691479682922363,
      0.4546600878238678,
      0.2842597961425781,
      1.0,
      0.5261390209197998,
      0.4258546531200409,
      0.44370853900909424,
      0.23059579730033875,
      0.39690232276916504,
      0.2652707099914551,
      0.3520766496658325,
      0.2066722959280014,
      0.26817697286605835,
      0.29988977313041687,
      0.21918919682502747
    ],
    [
      0.38671040534973145,
      0.36857762932777405,
      0.4089352786540985,
      0.3334706127643585,
      0.5261390209197998,
      1.0,
      0.372324138879776,
      0.4927811622619629,
      0.27982160449028015,
      0.4382149279117584,
      0.34648188948631287,
      0.3180462419986725,
      0.2959436774253845,
      0.389858216047287,
      0.35967525839805603,
      0.2925632894039154
    ],
    [
      0.4384556710720062,
      0.3852050006389618,
      0.6086856722831726,
      0.31681814789772034,
      0.4258546531200409,
      0.372324138879776,
      1.0,
      0.2653448283672333,
      0.31035712361335754,
      0.26530301570892334,
      0.40799129009246826,
      0.3653256595134735,
      0.32398560643196106,
      0.3861216604709625,
      0.3862816393375397,
      0.3590802252292633
    ],
    [
      0.27344709634780884,
      0.2604371905326843,
      0.3319251239299774,
      0.27370280027389526,
      0.44370853900909424,
      0.4927811622619629,
      0.2653448283672333,
      1.0,
      0.18971504271030426,
      0.3648471236228943,
      0.20082050561904907,
      0.26102983951568604,
      0.21753448247909546,
      0.22018414735794067,
      0.2288675308227539,
      0.18162086606025696
    ],
    [
      0.2058272808790207,
      0.1743612438440323,
      0.2914935052394867,
      0.1581275910139084,
      0.23059579730033875,
      0.27982160449028015,
      0.31035712361335754,
      0.18971504271030426,
      1.0,
      0.41904154419898987,
      0.509515106678009,
      0.4184042513370514,
      0.2760067284107208,
      0.33583807945251465,
      0.4121493101119995,
      0.30748745799064636
    ],
    [
      0.3423221707344055,
      0.3897561728954315,
      0.37759435176849365,
      0.2616235613822937,
      0.39690232276916504,
      0.4382149279117584,
      0.26530301570892334,
      0.3648471236228943,
      0.41904154419898987,
      1.0,
      0.41736748814582825,
      0.4180467426776886,
      0.2343972772359848,
      0.30979034304618835,
      0.32692623138427734,
      0.2493903487920761
    ],
    [
      0.34772300720214844,
      0.33534103631973267,
      0.3773629665374756,
      0.2610783576965332,
      0.2652707099914551,
      0.34648188948631287,
      0.40799129009246826,
      0.20082050561904907,
      0.509515106678009,
      0.41736748814582825,
      0.9999999403953552,
      0.49434414505958557,
      0.23096947371959686,
      0.35948121547698975,
      0.38190650939941406,
      0.2660982310771942
    ],
    [
      0.3375568091869354,
      0.3116118013858795,
      0.343166708946228,
      0.22567467391490936,
      0.3520766496658325,
      0.3180462419986725,
      0.3653256595134735,
      0.26102983951568604,
      0.4184042513370514,
      0.4180467426776886,
      0.49434414505958557,
      1.0,
      0.2086542695760727,
      0.3051415681838989,
      0.2982151210308075,
      0.2873649001121521
    ],
    [
      0.2561439275741577,
      0.10709504783153534,
      0.23019209504127502,
      0.11272849887609482,
      0.2066722959280014,
      0.2959436774253845,
      0.32398560643196106,
      0.21753448247909546,
      0.2760067284107208,
      0.2343972772359848,
      0.23096947371959686,
      0.2086542695760727,
      0.9999999403953552,
      0.5484844446182251,
      0.5424348711967468,
      0.4393710792064667
    ],
    [
      0.40479302406311035,
      0.2395329475402832,
      0.42748522758483887,
      0.2804485857486725,
      0.26817697286605835,
      0.389858216047287,
      0.3861216604709625,
      0.22018414735794067,
      0.33583807945251465,
      0.30979034304618835,
      0.35948121547698975,
      0.3051415681838989,
      0.5484844446182251,
      1.0,
      0.5762980580329895,
      0.41982176899909973
    ],
    [
      0.2879123389720917,
      0.14253483712673187,
      0.24873793125152588,
      0.15653084218502045,
      0.29988977313041687,
      0.35967525839805603,
      0.3862816393375397,
      0.2288675308227539,
      0.4121493101119995,
      0.32692623138427734,
      0.38190650939941406,
      0.2982151210308075,
      0.5424348711967468,
      0.5762980580329895,
      1.0,
      0.4102542996406555
    ],
    [
      0.21036288142204285,
      0.13613593578338623,
      0.3144701421260834,
      0.13041728734970093,
      0.21918919682502747,
      0.2925632894039154,
      0.3590802252292633,
      0.18162086606025696,
      0.30748745799064636,
      0.2493903487920761,
      0.2660982310771942,
      0.2873649001121521,
      0.4393710792064667,
      0.41982176899909973,
      0.4102542996406555,
      1.0
    ]
  ]
}