{
  "game_number": 76,
  "words": [
    "BALL",
    "BENEFIT",
    "GALA",
    "FUNCTION",
    "AVENUE",
    "CHANCE",
    "RAILROAD",
    "UTILITY",
    "BLUBBER",
    "FLIPPER",
    "FLUKE",
    "MELON",
    "BAWL",
    "HEAL",
    "SOUL",
    "TOW"
  ],
  "adjacency_matrix": [
    [
      1.0,
      0.3399942219257355,
      0.4302930235862732,
      0.40815702080726624,
      0.29136696457862854,
      0.43951573967933655,
      0.3310214877128601,
      0.35555049777030945,
      0.27747491002082825,
      0.4363102614879608,
      0.37890806794166565,
      0.42069143056869507,
      0.31075355410575867,
      0.2254859209060669,
      0.3225995600223541,
      0.4059118926525116
    ],
    [
      0.3399942219257355,
      1.0,
      0.3379763066768646,
      0.492603063583374,
      0.40261417627334595,
      0.5855578780174255,
      0.35845696926116943,
      0.5570726990699768,
      0.26620256900787354,
      0.339189350605011,
      0.35652220249176025,
      0.29546454548835754,
      0.12156925350427628,
      0.39311230182647705,
      0.3816487491130829,
      0.2732127904891968
    ],
    [
      0.4302930235862732,
      0.3379763066768646,
      1.0,
      0.2812383770942688,
      0.21226626634597778,
      0.27523714303970337,
      0.24080896377563477,
      0.2023417353630066,
      0.14127321541309357,
      0.21590076386928558,
      0.3022172451019287,
      0.2922946810722351,
      0.22139988839626312,
      0.14269621670246124,
      0.2250491976737976,
      0.28384730219841003
    ],
    [
      0.40815702080726624,
      0.492603063583374,
      0.2812383770942688,
      0.9999999403953552,
      0.3348313570022583,
      0.37322214245796204,
      0.29201722145080566,
      0.5623924136161804,
      0.2721838355064392,
      0.34550994634628296,
      0.3364739716053009,
      0.27039554715156555,
      0.15804415941238403,
      0.3263563811779022,
      0.3731292486190796,
      0.32502949237823486
    ],
    [
      0.29136696457862854,
      0.40261417627334595,
      0.21226626634597778,
      0.3348313570022583,
      1.0,
      0.4205813705921173,
      0.34696659445762634,
      0.3938054144382477,
      0.07571764290332794,
      0.21674616634845734,
      0.25311028957366943,
      0.22705420851707458,
      0.09365521371364594,
      0.16347616910934448,
      0.29538244009017944,
      0.2069774717092514
    ],
    [
      0.43951573967933655,
      0.5855578780174255,
      0.27523714303970337,
      0.37322214245796204,
      0.4205813705921173,
      0.9999999403953552,
      0.275046169757843,
      0.3971327245235443,
      0.1778022199869156,
      0.33331629633903503,
      0.5009686946868896,
      0.2673928737640381,
      0.1968391239643097,
      0.3059954047203064,
      0.34269392490386963,
      0.2896433174610138
    ],
    [
      0.3310214877128601,
      0.35845696926116943,
      0.24080896377563477,
      0.29201722145080566,
      0.34696659445762634,
      0.275046169757843,
      1.0,
      0.4415580928325653,
      0.12039817869663239,
      0.19184520840644836,
      0.2128884345293045,
      0.2658313810825348,
      0.09481657296419144,
      0.1741136759519577,
      0.2937268614768982,
      0.42060941457748413
    ],
    [
      0.35555049777030945,
      0.5570726990699768,
      0.2023417353630066,
      0.5623924136161804,
      0.3938054144382477,
      0.3971327245235443,
      0.4415580928325653,
      1.0,
      0.22465990483760834,
      0.3634735345840454,
      0.30873411893844604,
      0.24336035549640656,
      0.09196700155735016,
      0.23660589754581451,
      0.34029290080070496,
      0.31738579273223877
    ],
    [
      0.27747491002082825,
      0.26620256900787354,
      0.14127321541309357,
      0.2721838355064392,
      0.07571764290332794,
      0.1778022199869156,
      0.12039817869663239,
      0.22465990483760834,
      1.0,
      0.3957267105579376,
      0.3466368019580841,
      0.30825090408325195,
      0.3332332372665405,
      0.22937443852424622,
      0.30954161286354065,
      0.2947995364665985
    ],
    [
      0.4363102614879608,
      0.339189350605011,
      0.21590076386928558,
      0.34550994634628296,
      0.21674616634845734,
      0.33331629633903503,
      0.19184520840644836,
      0.3634735345840454,
      0.3957267105579376,
      1.0,
      0.42275553941726685,
      0.3630083501338959,
      0.24621833860874176,
      0.21444399654865265,
      0.34532681107521057,
      0.3501608073711395
    ],
    [
      0.37890806794166565,
      0.35652220249176025,
      0.3022172451019287,
      0.3364739716053009,
      0.25311028957366943,
      0.5009686946868896,
      0.2128884345293045,
      0.30873411893844604,
      0.3466368019580841,
      0.42275553941726685,
      1.0,
      0.35163480043411255,
      0.14850455522537231,
      0.2457374781370163,
      0.2851465344429016,
      0.21704162657260895
    ],
    [
      0.42069143056869507,
      0.29546454548835754,
      0.2922946810722351,
      0.27039554715156555,
      0.22705420851707458,
      0.2673928737640381,
      0.2658313810825348,
      0.24336035549640656,
      0.30825090408325195,
      0.3630083501338959,
      0.35163480043411255,
      1.0,
      0.2464083433151245,
      0.21239960193634033,
      0.38627368211746216,
      0.26036572456359863
    ],
    [
      0.31075355410575867,
      0.12156925350427628,
      0.22139988839626312,
      0.15804415941238403,
      0.09365521371364594,
      0.1968391239643097,
      0.09481657296419144,
      0.09196700155735016,
      0.3332332372665405,
      0.24621833860874176,
      0.14850455522537231,
      0.2464083433151245,
      1.0,
      0.3026309013366699,
      0.2135612964630127,
      0.28781571984291077
    ],
    [
      0.2254859209060669,
      0.39311230182647705,
      0.14269621670246124,
      0.3263563811779022,
      0.16347616910934448,
      0.3059954047203064,
      0.1741136759519577,
      0.23660589754581451,
      0.22937443852424622,
      0.21444399654865265,
      0.2457374781370163,
      0.21239960193634033,
      0.3026309013366699,
      1.0,
      0.40291550755500793,
      0.2197527289390564
    ],
    [
      0.3225995600223541,
      0.3816487491130829,
      0.2250491976737976,
      0.3731292486190796,
      0.29538244009017944,
      0.34269392490386963,
      0.2937268614768982,
      0.34029290080070496,
      0.30954161286354065,
      0.34532681107521057,
      0.2851465344429016,
      0.38627368211746216,
      0.2135612964630127,
      0.40291550755500793,
      1.0,
      0.2170705795288086
    ],
    [
      0.4059118926525116,
      0.2732127904891968,
      0.28384730219841003,
      0.32502949237823486,
      0.2069774717092514,
      0.2896433174610138,
      0.42060941457748413,
      0.31738579273223877,
      0.2947995364665985,
      0.3501608073711395,
      0.21704162657260895,
      0.26036572456359863,
      0.28781571984291077,
      0.2197527289390564,
      0.2170705795288086,
      1.0
    ]
  ]
}