{
  "game_number": 275,
  "words": [
    "ECHO",
    "PARROT",
    "REPEAT",
    "QUOTE",
    "ANCHOR",
    "BACKBONE",
    "CORNERSTONE",
    "PILLAR",
    "HAM",
    "PIRATE",
    "SATELLITE",
    "TALK",
    "JAM",
    "PACK",
    "RAM",
    "STUFF"
  ],
  "adjacency_matrix": [
    [
      1.0,
      0.3642072379589081,
      0.5259091258049011,
      0.4301179051399231,
      0.28000661730766296,
      0.2433662861585617,
      0.27207881212234497,
      0.2836158573627472,
      0.2453339695930481,
      0.2840858995914459,
      0.2866435647010803,
      0.23543596267700195,
      0.22533541917800903,
      0.24798554182052612,
      0.2619789242744446,
      0.2961198687553406
    ],
    [
      0.3642072379589081,
      1.0,
      0.4201715588569641,
      0.39562973380088806,
      0.3398531675338745,
      0.28625208139419556,
      0.3292864263057709,
      0.29392221570014954,
      0.30967679619789124,
      0.4482751488685608,
      0.29864510893821716,
      0.2513618767261505,
      0.2379000037908554,
      0.33336034417152405,
      0.3006378710269928,
      0.38789981603622437
    ],
    [
      0.5259091258049011,
      0.4201715588569641,
      1.0000001192092896,
      0.49627619981765747,
      0.3013475835323334,
      0.26316967606544495,
      0.34442779421806335,
      0.30089062452316284,
      0.2620944380760193,
      0.3234349191188812,
      0.3284376263618469,
      0.3328882157802582,
      0.2939285635948181,
      0.364005982875824,
      0.261494517326355,
      0.40343382954597473
    ],
    [
      0.4301179051399231,
      0.39562973380088806,
      0.49627619981765747,
      0.9999999403953552,
      0.34395867586135864,
      0.30250945687294006,
      0.38021522760391235,
      0.29950016736984253,
      0.22556772828102112,
      0.2678651213645935,
      0.27138838171958923,
      0.2707933485507965,
      0.18296848237514496,
      0.3264544606208801,
      0.2513209283351898,
      0.4786098599433899
    ],
    [
      0.28000661730766296,
      0.3398531675338745,
      0.3013475835323334,
      0.34395867586135864,
      1.0,
      0.42766985297203064,
      0.41502267122268677,
      0.43271806836128235,
      0.23913800716400146,
      0.3405027985572815,
      0.384056031703949,
      0.21479058265686035,
      0.2076871693134308,
      0.29573071002960205,
      0.26238489151000977,
      0.30124878883361816
    ],
    [
      0.2433662861585617,
      0.28625208139419556,
      0.26316967606544495,
      0.30250945687294006,
      0.42766985297203064,
      0.9999999403953552,
      0.5321494936943054,
      0.4767681956291199,
      0.34706777334213257,
      0.2717626392841339,
      0.3975205719470978,
      0.1530076116323471,
      0.25658947229385376,
      0.3954458236694336,
      0.3161892592906952,
      0.38094502687454224
    ],
    [
      0.27207881212234497,
      0.3292864263057709,
      0.34442779421806335,
      0.38021522760391235,
      0.41502267122268677,
      0.5321494936943054,
      1.0,
      0.6547402739524841,
      0.2965540289878845,
      0.3073749840259552,
      0.37560930848121643,
      0.2230769246816635,
      0.24310293793678284,
      0.359627366065979,
      0.2827865779399872,
      0.3924991190433502
    ],
    [
      0.2836158573627472,
      0.29392221570014954,
      0.30089062452316284,
      0.29950016736984253,
      0.43271806836128235,
      0.4767681956291199,
      0.6547402739524841,
      1.0,
      0.25757116079330444,
      0.32042908668518066,
      0.33254507184028625,
      0.21733804047107697,
      0.2243334800004959,
      0.34868279099464417,
      0.3572511672973633,
      0.31701937317848206
    ],
    [
      0.2453339695930481,
      0.30967679619789124,
      0.2620944380760193,
      0.22556772828102112,
      0.23913800716400146,
      0.34706777334213257,
      0.2965540289878845,
      0.25757116079330444,
      0.9999999403953552,
      0.38912197947502136,
      0.35218334197998047,
      0.1704629510641098,
      0.4433622360229492,
      0.3674605190753937,
      0.3532635569572449,
      0.35946154594421387
    ],
    [
      0.2840858995914459,
      0.4482751488685608,
      0.3234349191188812,
      0.2678651213645935,
      0.3405027985572815,
      0.2717626392841339,
      0.3073749840259552,
      0.32042908668518066,
      0.38912197947502136,
      1.0000001192092896,
      0.39513760805130005,
      0.22500739991664886,
      0.30757367610931396,
      0.34475958347320557,
      0.2708498537540436,
      0.36331596970558167
    ],
    [
      0.2866435647010803,
      0.29864510893821716,
      0.3284376263618469,
      0.27138838171958923,
      0.384056031703949,
      0.3975205719470978,
      0.37560930848121643,
      0.33254507184028625,
      0.35218334197998047,
      0.39513760805130005,
      1.0,
      0.21247994899749756,
      0.26955780386924744,
      0.3400235176086426,
      0.2799578011035919,
      0.3435501456260681
    ],
    [
      0.23543596267700195,
      0.2513618767261505,
      0.3328882157802582,
      0.2707933485507965,
      0.21479058265686035,
      0.1530076116323471,
      0.2230769246816635,
      0.21733804047107697,
      0.1704629510641098,
      0.22500739991664886,
      0.21247994899749756,
      1.0,
      0.13528384268283844,
      0.2120606005191803,
      0.17269133031368256,
      0.3187413513660431
    ],
    [
      0.22533541917800903,
      0.2379000037908554,
      0.2939285635948181,
      0.18296848237514496,
      0.2076871693134308,
      0.25658947229385376,
      0.24310293793678284,
      0.2243334800004959,
      0.4433622360229492,
      0.30757367610931396,
      0.26955780386924744,
      0.13528384268283844,
      1.0,
      0.3907833993434906,
      0.3322734832763672,
      0.3580784797668457
    ],
    [
      0.24798554182052612,
      0.33336034417152405,
      0.364005982875824,
      0.3264544606208801,
      0.29573071002960205,
      0.3954458236694336,
      0.359627366065979,
      0.34868279099464417,
      0.3674605190753937,
      0.34475958347320557,
      0.3400235176086426,
      0.2120606005191803,
      0.3907833993434906,
      1.0,
      0.40789440274238586,
      0.45810481905937195
    ],
    [
      0.2619789242744446,
      0.3006378710269928,
      0.261494517326355,
      0.2513209283351898,
      0.26238489151000977,
      0.3161892592906952,
      0.2827865779399872,
      0.3572511672973633,
      0.3532635569572449,
      0.2708498537540436,
      0.2799578011035919,
      0.17269133031368256,
      0.3322734832763672,
      0.40789440274238586,
      1.0,
      0.2617263197898865
    ],
    [
      0.2961198687553406,
      0.38789981603622437,
      0.40343382954597473,
      0.4786098599433899,
      0.30124878883361816,
      0.38094502687454224,
      0.3924991190433502,
      0.31701937317848206,
      0.35946154594421387,
      0.36331596970558167,
      0.3435501456260681,
      0.3187413513660431,
      0.3580784797668457,
      0.45810481905937195,
      0.2617263197898865,
      1.0
    ]
  ]
}