{
  "game_number": 366,
  "words": [
    "CENTER",
    "HEART",
    "HUB",
    "NUCLEUS",
    "CELL",
    "FORMULA",
    "SHEET",
    "SORT",
    "BODY",
    "LOVE",
    "ROMANCE",
    "SIGN",
    "CILANTRO",
    "LIME",
    "ONION",
    "SALSA"
  ],
  "adjacency_matrix": [
    [
      1.0,
      0.4834098815917969,
      0.6729894876480103,
      0.49959230422973633,
      0.4481450021266937,
      0.3646109700202942,
      0.40463539958000183,
      0.4115353524684906,
      0.44300204515457153,
      0.3164169192314148,
      0.29430636763572693,
      0.3880116045475006,
      0.10439545661211014,
      0.24904987215995789,
      0.2637411057949066,
      0.24000190198421478
    ],
    [
      0.4834098815917969,
      1.0,
      0.3900472819805145,
      0.3337004780769348,
      0.41625112295150757,
      0.3225170969963074,
      0.2905486822128296,
      0.38904738426208496,
      0.5297693610191345,
      0.5822998881340027,
      0.42088159918785095,
      0.39903897047042847,
      0.13216401636600494,
      0.26991066336631775,
      0.35374879837036133,
      0.2597545087337494
    ],
    [
      0.6729894876480103,
      0.3900472819805145,
      1.0,
      0.43218323588371277,
      0.36674734950065613,
      0.25801923871040344,
      0.30704206228256226,
      0.3356836438179016,
      0.34485408663749695,
      0.26280584931373596,
      0.3402113616466522,
      0.26236966252326965,
      0.14480683207511902,
      0.20830920338630676,
      0.33475756645202637,
      0.2520747780799866
    ],
    [
      0.49959230422973633,
      0.3337004780769348,
      0.43218323588371277,
      1.0,
      0.4786589741706848,
      0.33935582637786865,
      0.2617940604686737,
      0.2811822295188904,
      0.41463446617126465,
      0.21012179553508759,
      0.23235225677490234,
      0.2383466511964798,
      0.1878056675195694,
      0.24805530905723572,
      0.32965248823165894,
      0.23363672196865082
    ],
    [
      0.4481450021266937,
      0.41625112295150757,
      0.36674734950065613,
      0.4786589741706848,
      1.0,
      0.35998547077178955,
      0.3815442621707916,
      0.37471893429756165,
      0.4799293875694275,
      0.2855207920074463,
      0.2481917440891266,
      0.288837194442749,
      0.215836763381958,
      0.3030543923377991,
      0.3634321689605713,
      0.22122952342033386
    ],
    [
      0.3646109700202942,
      0.3225170969963074,
      0.25801923871040344,
      0.33935582637786865,
      0.35998547077178955,
      1.0,
      0.39524513483047485,
      0.4300146996974945,
      0.38166797161102295,
      0.3233717083930969,
      0.34313586354255676,
      0.34129199385643005,
      0.13902011513710022,
      0.34210166335105896,
      0.18466036021709442,
      0.31617048382759094
    ],
    [
      0.40463539958000183,
      0.2905486822128296,
      0.30704206228256226,
      0.2617940604686737,
      0.3815442621707916,
      0.39524513483047485,
      1.0000001192092896,
      0.40411388874053955,
      0.39523735642433167,
      0.27622750401496887,
      0.27490630745887756,
      0.4419936537742615,
      0.1418735533952713,
      0.33134907484054565,
      0.26395082473754883,
      0.26910096406936646
    ],
    [
      0.4115353524684906,
      0.38904738426208496,
      0.3356836438179016,
      0.2811822295188904,
      0.37471893429756165,
      0.4300146996974945,
      0.40411388874053955,
      1.0,
      0.37200629711151123,
      0.45160719752311707,
      0.4202301502227783,
      0.41645482182502747,
      0.1488574743270874,
      0.3164695203304291,
      0.26609665155410767,
      0.2600041925907135
    ],
    [
      0.44300204515457153,
      0.5297693610191345,
      0.34485408663749695,
      0.41463446617126465,
      0.4799293875694275,
      0.38166797161102295,
      0.39523735642433167,
      0.37200629711151123,
      1.0,
      0.37220391631126404,
      0.26577943563461304,
      0.3417476415634155,
      0.15452133119106293,
      0.30085498094558716,
      0.32034212350845337,
      0.26097655296325684
    ],
    [
      0.3164169192314148,
      0.5822998881340027,
      0.26280584931373596,
      0.21012179553508759,
      0.2855207920074463,
      0.3233717083930969,
      0.27622750401496887,
      0.45160719752311707,
      0.37220391631126404,
      1.0,
      0.6132103800773621,
      0.40260395407676697,
      0.22738346457481384,
      0.324363648891449,
      0.2520892024040222,
      0.29759523272514343
    ],
    [
      0.29430636763572693,
      0.42088159918785095,
      0.3402113616466522,
      0.23235225677490234,
      0.2481917440891266,
      0.34313586354255676,
      0.27490630745887756,
      0.4202301502227783,
      0.26577943563461304,
      0.6132103800773621,
      1.0,
      0.28481245040893555,
      0.22345183789730072,
      0.29458582401275635,
      0.26606857776641846,
      0.30424076318740845
    ],
    [
      0.3880116045475006,
      0.39903897047042847,
      0.26236966252326965,
      0.2383466511964798,
      0.288837194442749,
      0.34129199385643005,
      0.4419936537742615,
      0.41645482182502747,
      0.3417476415634155,
      0.40260395407676697,
      0.28481245040893555,
      0.9999999403953552,
      0.037804264575242996,
      0.25471311807632446,
      0.21278180181980133,
      0.1691596955060959
    ],
    [
      0.10439545661211014,
      0.13216401636600494,
      0.14480683207511902,
      0.1878056675195694,
      0.215836763381958,
      0.13902011513710022,
      0.1418735533952713,
      0.1488574743270874,
      0.15452133119106293,
      0.22738346457481384,
      0.22345183789730072,
      0.037804264575242996,
      1.0,
      0.377241313457489,
      0.4686492085456848,
      0.4448763430118561
    ],
    [
      0.24904987215995789,
      0.26991066336631775,
      0.20830920338630676,
      0.24805530905723572,
      0.3030543923377991,
      0.34210166335105896,
      0.33134907484054565,
      0.3164695203304291,
      0.30085498094558716,
      0.324363648891449,
      0.29458582401275635,
      0.25471311807632446,
      0.377241313457489,
      1.0,
      0.44394055008888245,
      0.3913407325744629
    ],
    [
      0.2637411057949066,
      0.35374879837036133,
      0.33475756645202637,
      0.32965248823165894,
      0.3634321689605713,
      0.18466036021709442,
      0.26395082473754883,
      0.26609665155410767,
      0.32034212350845337,
      0.2520892024040222,
      0.26606857776641846,
      0.21278180181980133,
      0.4686492085456848,
      0.44394055008888245,
      1.0,
      0.3211294412612915
    ],
    [
      0.24000190198421478,
      0.2597545087337494,
      0.2520747780799866,
      0.23363672196865082,
      0.22122952342033386,
      0.31617048382759094,
      0.26910096406936646,
      0.2600041925907135,
      0.26097655296325684,
      0.29759523272514343,
      0.30424076318740845,
      0.1691596955060959,
      0.4448763430118561,
      0.3913407325744629,
      0.3211294412612915,
      1.0
    ]
  ]
}