{
  "game_number": 309,
  "words": [
    "FREEDOM",
    "LATITUDE",
    "LICENSE",
    "SLACK",
    "CUE",
    "PROMPT",
    "SIGNAL",
    "WORD",
    "BOXER",
    "BRIEF",
    "DRAWER",
    "SHORT",
    "CHASE",
    "HUNT",
    "QUEST",
    "SEARCH"
  ],
  "adjacency_matrix": [
    [
      1.0,
      0.5011699199676514,
      0.46486684679985046,
      0.37448057532310486,
      0.26487207412719727,
      0.3291839063167572,
      0.3450421392917633,
      0.38704681396484375,
      0.2887854278087616,
      0.2592717409133911,
      0.17007359862327576,
      0.31232377886772156,
      0.33827802538871765,
      0.33872246742248535,
      0.41049838066101074,
      0.4027288258075714
    ],
    [
      0.5011699199676514,
      1.0,
      0.2988118529319763,
      0.40244072675704956,
      0.24373769760131836,
      0.2989981472492218,
      0.29505017399787903,
      0.2629067897796631,
      0.09725894033908844,
      0.25686463713645935,
      0.1483408510684967,
      0.3154979348182678,
      0.1729726940393448,
      0.20721398293972015,
      0.24925999343395233,
      0.23443756997585297
    ],
    [
      0.46486684679985046,
      0.2988118529319763,
      1.0,
      0.21904565393924713,
      0.26326704025268555,
      0.2930039167404175,
      0.37078118324279785,
      0.35567036271095276,
      0.23222729563713074,
      0.32176706194877625,
      0.21223635971546173,
      0.3241559863090515,
      0.35146141052246094,
      0.38602501153945923,
      0.3215869963169098,
      0.3390416204929352
    ],
    [
      0.37448057532310486,
      0.40244072675704956,
      0.21904565393924713,
      0.9999999403953552,
      0.34510329365730286,
      0.3120928108692169,
      0.33688849210739136,
      0.3462848961353302,
      0.17235933244228363,
      0.26414304971694946,
      0.3022010326385498,
      0.4649602770805359,
      0.40336018800735474,
      0.3136404752731323,
      0.22949497401714325,
      0.21974758803844452
    ],
    [
      0.26487207412719727,
      0.24373769760131836,
      0.26326704025268555,
      0.34510329365730286,
      1.0,
      0.48068052530288696,
      0.5753679275512695,
      0.4744221866130829,
      0.2773883044719696,
      0.3357669711112976,
      0.28796616196632385,
      0.3730182349681854,
      0.4146080017089844,
      0.3515966534614563,
      0.3563169836997986,
      0.3237282931804657
    ],
    [
      0.3291839063167572,
      0.2989981472492218,
      0.2930039167404175,
      0.3120928108692169,
      0.48068052530288696,
      1.0,
      0.44234657287597656,
      0.37681618332862854,
      0.13948623836040497,
      0.4823155701160431,
      0.266814261674881,
      0.42743563652038574,
      0.3806988596916199,
      0.31870079040527344,
      0.39897260069847107,
      0.36386650800704956
    ],
    [
      0.3450421392917633,
      0.29505017399787903,
      0.37078118324279785,
      0.33688849210739136,
      0.5753679275512695,
      0.44234657287597656,
      0.9999999403953552,
      0.4579165279865265,
      0.24384620785713196,
      0.37049785256385803,
      0.21239495277404785,
      0.3836711049079895,
      0.4139934182167053,
      0.35584789514541626,
      0.3334619700908661,
      0.32930031418800354
    ],
    [
      0.38704681396484375,
      0.2629067897796631,
      0.35567036271095276,
      0.3462848961353302,
      0.4744221866130829,
      0.37681618332862854,
      0.4579165279865265,
      1.0,
      0.25415152311325073,
      0.3899631202220917,
      0.33450931310653687,
      0.47755980491638184,
      0.3907535672187805,
      0.38896170258522034,
      0.36637938022613525,
      0.46586647629737854
    ],
    [
      0.2887854278087616,
      0.09725894033908844,
      0.23222729563713074,
      0.17235933244228363,
      0.2773883044719696,
      0.13948623836040497,
      0.24384620785713196,
      0.25415152311325073,
      1.0,
      0.26575103402137756,
      0.27773264050483704,
      0.3122563660144806,
      0.32188934087753296,
      0.2556597590446472,
      0.22191090881824493,
      0.2966991066932678
    ],
    [
      0.2592717409133911,
      0.25686463713645935,
      0.32176706194877625,
      0.26414304971694946,
      0.3357669711112976,
      0.4823155701160431,
      0.37049785256385803,
      0.3899631202220917,
      0.26575103402137756,
      1.0,
      0.27619653940200806,
      0.7009974122047424,
      0.4031771421432495,
      0.2881697714328766,
      0.36678633093833923,
      0.3503596782684326
    ],
    [
      0.17007359862327576,
      0.1483408510684967,
      0.21223635971546173,
      0.3022010326385498,
      0.28796616196632385,
      0.266814261674881,
      0.21239495277404785,
      0.33450931310653687,
      0.27773264050483704,
      0.27619653940200806,
      1.0,
      0.32331210374832153,
      0.2506779730319977,
      0.305715948343277,
      0.28906160593032837,
      0.28571152687072754
    ],
    [
      0.31232377886772156,
      0.3154979348182678,
      0.3241559863090515,
      0.4649602770805359,
      0.3730182349681854,
      0.42743563652038574,
      0.3836711049079895,
      0.47755980491638184,
      0.3122563660144806,
      0.7009974122047424,
      0.32331210374832153,
      1.0,
      0.5026023387908936,
      0.3549644947052002,
      0.40818729996681213,
      0.3378940224647522
    ],
    [
      0.33827802538871765,
      0.1729726940393448,
      0.35146141052246094,
      0.40336018800735474,
      0.4146080017089844,
      0.3806988596916199,
      0.4139934182167053,
      0.3907535672187805,
      0.32188934087753296,
      0.4031771421432495,
      0.2506779730319977,
      0.5026023387908936,
      0.9999999403953552,
      0.6812057495117188,
      0.5286146998405457,
      0.4806710481643677
    ],
    [
      0.33872246742248535,
      0.20721398293972015,
      0.38602501153945923,
      0.3136404752731323,
      0.3515966534614563,
      0.31870079040527344,
      0.35584789514541626,
      0.38896170258522034,
      0.2556597590446472,
      0.2881697714328766,
      0.305715948343277,
      0.3549644947052002,
      0.6812057495117188,
      1.0,
      0.5408766269683838,
      0.5456420183181763
    ],
    [
      0.41049838066101074,
      0.24925999343395233,
      0.3215869963169098,
      0.22949497401714325,
      0.3563169836997986,
      0.39897260069847107,
      0.3334619700908661,
      0.36637938022613525,
      0.22191090881824493,
      0.36678633093833923,
      0.28906160593032837,
      0.40818729996681213,
      0.5286146998405457,
      0.5408766269683838,
      1.0,
      0.580557107925415
    ],
    [
      0.4027288258075714,
      0.23443756997585297,
      0.3390416204929352,
      0.21974758803844452,
      0.3237282931804657,
      0.36386650800704956,
      0.32930031418800354,
      0.46586647629737854,
      0.2966991066932678,
      0.3503596782684326,
      0.28571152687072754,
      0.3378940224647522,
      0.4806710481643677,
      0.5456420183181763,
      0.580557107925415,
      0.9999999403953552
    ]
  ]
}