{
  "game_number": 604,
  "words": [
    "GHOST",
    "PHANTOM",
    "SPECTER",
    "SPIRIT",
    "NEEDLE",
    "POKE",
    "RIB",
    "TEASE",
    "BEAST",
    "GENIE",
    "SCAR",
    "STITCH",
    "DESERT",
    "FOREST",
    "GRASSLAND",
    "TUNDRA"
  ],
  "adjacency_matrix": [
    [
      1.0,
      0.7019616961479187,
      0.58903968334198,
      0.510103702545166,
      0.31408700346946716,
      0.31300896406173706,
      0.23771540820598602,
      0.35392922163009644,
      0.5043734312057495,
      0.39141419529914856,
      0.3628300726413727,
      0.31478971242904663,
      0.3741450011730194,
      0.4042993187904358,
      0.2940087616443634,
      0.27297356724739075
    ],
    [
      0.7019616961479187,
      1.0,
      0.557157576084137,
      0.36714425683021545,
      0.36922863125801086,
      0.2798006534576416,
      0.3016011118888855,
      0.30955103039741516,
      0.5175569653511047,
      0.360882043838501,
      0.3393232524394989,
      0.350068598985672,
      0.3693148195743561,
      0.3888091742992401,
      0.285274475812912,
      0.26776179671287537
    ],
    [
      0.58903968334198,
      0.557157576084137,
      1.0,
      0.3806861639022827,
      0.29700982570648193,
      0.27647486329078674,
      0.17765018343925476,
      0.31924402713775635,
      0.4981008768081665,
      0.3814765214920044,
      0.3374112844467163,
      0.2610282301902771,
      0.2601894736289978,
      0.3281029164791107,
      0.19204510748386383,
      0.21839305758476257
    ],
    [
      0.510103702545166,
      0.36714425683021545,
      0.3806861639022827,
      1.0,
      0.3774228096008301,
      0.2590683102607727,
      0.23002110421657562,
      0.3313431441783905,
      0.49206799268722534,
      0.38612422347068787,
      0.3141855299472809,
      0.26206937432289124,
      0.3722440302371979,
      0.41264864802360535,
      0.29414549469947815,
      0.25822922587394714
    ],
    [
      0.31408700346946716,
      0.36922863125801086,
      0.29700982570648193,
      0.3774228096008301,
      0.9999999403953552,
      0.5108892917633057,
      0.3799438774585724,
      0.3630780279636383,
      0.3569517433643341,
      0.28455913066864014,
      0.44360077381134033,
      0.5452857613563538,
      0.3137547969818115,
      0.38465720415115356,
      0.27040761709213257,
      0.19313842058181763
    ],
    [
      0.31300896406173706,
      0.2798006534576416,
      0.27647486329078674,
      0.2590683102607727,
      0.5108892917633057,
      0.9999999403953552,
      0.39149048924446106,
      0.5362379550933838,
      0.3620099127292633,
      0.2665129005908966,
      0.346365362405777,
      0.412544310092926,
      0.28631171584129333,
      0.25725167989730835,
      0.16629458963871002,
      0.20118126273155212
    ],
    [
      0.23771540820598602,
      0.3016011118888855,
      0.17765018343925476,
      0.23002110421657562,
      0.3799438774585724,
      0.39149048924446106,
      1.0,
      0.3052622079849243,
      0.36183202266693115,
      0.10814780741930008,
      0.37845978140830994,
      0.44684210419654846,
      0.22728785872459412,
      0.19716480374336243,
      0.179992213845253,
      0.15569628775119781
    ],
    [
      0.35392922163009644,
      0.30955103039741516,
      0.31924402713775635,
      0.3313431441783905,
      0.3630780279636383,
      0.5362379550933838,
      0.3052622079849243,
      1.0,
      0.3712209463119507,
      0.30708497762680054,
      0.4116930365562439,
      0.40137961506843567,
      0.2613544464111328,
      0.29991596937179565,
      0.2513236105442047,
      0.21744531393051147
    ],
    [
      0.5043734312057495,
      0.5175569653511047,
      0.4981008768081665,
      0.49206799268722534,
      0.3569517433643341,
      0.3620099127292633,
      0.36183202266693115,
      0.3712209463119507,
      1.0,
      0.36306965351104736,
      0.3927735984325409,
      0.3511006236076355,
      0.42487847805023193,
      0.4676278531551361,
      0.34594762325286865,
      0.314837247133255
    ],
    [
      0.39141419529914856,
      0.360882043838501,
      0.3814765214920044,
      0.38612422347068787,
      0.28455913066864014,
      0.2665129005908966,
      0.10814780741930008,
      0.30708497762680054,
      0.36306965351104736,
      0.9999999403953552,
      0.2006174772977829,
      0.19529969990253448,
      0.306703120470047,
      0.1956530660390854,
      0.11550552397966385,
      0.12763510644435883
    ],
    [
      0.3628300726413727,
      0.3393232524394989,
      0.3374112844467163,
      0.3141855299472809,
      0.44360077381134033,
      0.346365362405777,
      0.37845978140830994,
      0.4116930365562439,
      0.3927735984325409,
      0.2006174772977829,
      0.9999999403953552,
      0.4644933342933655,
      0.31306567788124084,
      0.40730199217796326,
      0.29576462507247925,
      0.2523758113384247
    ],
    [
      0.31478971242904663,
      0.350068598985672,
      0.2610282301902771,
      0.26206937432289124,
      0.5452857613563538,
      0.412544310092926,
      0.44684210419654846,
      0.40137961506843567,
      0.3511006236076355,
      0.19529969990253448,
      0.4644933342933655,
      0.9999999403953552,
      0.2816773056983948,
      0.2967682182788849,
      0.23061420023441315,
      0.1667633205652237
    ],
    [
      0.3741450011730194,
      0.3693148195743561,
      0.2601894736289978,
      0.3722440302371979,
      0.3137547969818115,
      0.28631171584129333,
      0.22728785872459412,
      0.2613544464111328,
      0.42487847805023193,
      0.306703120470047,
      0.31306567788124084,
      0.2816773056983948,
      1.0,
      0.48407477140426636,
      0.5060409903526306,
      0.528225302696228
    ],
    [
      0.4042993187904358,
      0.3888091742992401,
      0.3281029164791107,
      0.41264864802360535,
      0.38465720415115356,
      0.25725167989730835,
      0.19716480374336243,
      0.29991596937179565,
      0.4676278531551361,
      0.1956530660390854,
      0.40730199217796326,
      0.2967682182788849,
      0.48407477140426636,
      1.0,
      0.6495105028152466,
      0.5187931656837463
    ],
    [
      0.2940087616443634,
      0.285274475812912,
      0.19204510748386383,
      0.29414549469947815,
      0.27040761709213257,
      0.16629458963871002,
      0.179992213845253,
      0.2513236105442047,
      0.34594762325286865,
      0.11550552397966385,
      0.29576462507247925,
      0.23061420023441315,
      0.5060409903526306,
      0.6495105028152466,
      0.9999999403953552,
      0.5569002032279968
    ],
    [
      0.27297356724739075,
      0.26776179671287537,
      0.21839305758476257,
      0.25822922587394714,
      0.19313842058181763,
      0.20118126273155212,
      0.15569628775119781,
      0.21744531393051147,
      0.314837247133255,
      0.12763510644435883,
      0.2523758113384247,
      0.1667633205652237,
      0.528225302696228,
      0.5187931656837463,
      0.5569002032279968,
      1.0
    ]
  ]
}