{
  "game_number": 588,
  "words": [
    "BARB",
    "DIG",
    "DISS",
    "JAB",
    "MINUTE",
    "SLIGHT",
    "SMALL",
    "WEE",
    "CAMPER",
    "HOUR",
    "MEAL",
    "MEDIUM",
    "BUD",
    "CHUM",
    "MATE",
    "PAL"
  ],
  "adjacency_matrix": [
    [
      0.9999999403953552,
      0.21274179220199585,
      0.3194907307624817,
      0.5232998132705688,
      0.17395645380020142,
      0.2839023470878601,
      0.19787904620170593,
      0.24832963943481445,
      0.18469534814357758,
      0.15832039713859558,
      0.25692877173423767,
      0.2174568474292755,
      0.2784537374973297,
      0.37834444642066956,
      0.313730925321579,
      0.39051899313926697
    ],
    [
      0.21274179220199585,
      1.0,
      0.40833067893981934,
      0.2380620837211609,
      0.3067389726638794,
      0.2862005829811096,
      0.2600036561489105,
      0.3643586039543152,
      0.2691210210323334,
      0.21809405088424683,
      0.2742847204208374,
      0.17908264696598053,
      0.26327311992645264,
      0.3172418475151062,
      0.40497079491615295,
      0.3328341543674469
    ],
    [
      0.3194907307624817,
      0.40833067893981934,
      1.0,
      0.3476737439632416,
      0.2570776343345642,
      0.2947051227092743,
      0.2671423852443695,
      0.31443291902542114,
      0.19346782565116882,
      0.1765555739402771,
      0.2608417868614197,
      0.25091540813446045,
      0.23916080594062805,
      0.38920432329177856,
      0.3869755268096924,
      0.44154614210128784
    ],
    [
      0.5232998132705688,
      0.2380620837211609,
      0.3476737439632416,
      1.0,
      0.2510693073272705,
      0.33651235699653625,
      0.18756002187728882,
      0.24849672615528107,
      0.1408950537443161,
      0.171308696269989,
      0.30512160062789917,
      0.22250956296920776,
      0.3032200038433075,
      0.27521243691444397,
      0.23047059774398804,
      0.3405989408493042
    ],
    [
      0.17395645380020142,
      0.3067389726638794,
      0.2570776343345642,
      0.2510693073272705,
      1.0,
      0.43495044112205505,
      0.4157201945781708,
      0.43298643827438354,
      0.17974990606307983,
      0.778666079044342,
      0.43160581588745117,
      0.35525915026664734,
      0.2834545969963074,
      0.22069284319877625,
      0.32889437675476074,
      0.3060460686683655
    ],
    [
      0.2839023470878601,
      0.2862005829811096,
      0.2947051227092743,
      0.33651235699653625,
      0.43495044112205505,
      1.0,
      0.6002132892608643,
      0.3982277512550354,
      0.23451478779315948,
      0.29328295588493347,
      0.30276724696159363,
      0.3459766209125519,
      0.24057097733020782,
      0.22463969886302948,
      0.3151715397834778,
      0.2714807987213135
    ],
    [
      0.19787904620170593,
      0.2600036561489105,
      0.2671423852443695,
      0.18756002187728882,
      0.4157201945781708,
      0.6002132892608643,
      1.0,
      0.5168689489364624,
      0.34711188077926636,
      0.30789849162101746,
      0.3628402054309845,
      0.5362789630889893,
      0.21052320301532745,
      0.23442037403583527,
      0.24498659372329712,
      0.3011667728424072
    ],
    [
      0.24832963943481445,
      0.3643586039543152,
      0.31443291902542114,
      0.24849672615528107,
      0.43298643827438354,
      0.3982277512550354,
      0.5168689489364624,
      0.9999999403953552,
      0.339521586894989,
      0.4129121005535126,
      0.33083850145339966,
      0.27622392773628235,
      0.2958245575428009,
      0.4337894022464752,
      0.35118553042411804,
      0.445647269487381
    ],
    [
      0.18469534814357758,
      0.2691210210323334,
      0.19346782565116882,
      0.1408950537443161,
      0.17974990606307983,
      0.23451478779315948,
      0.34711188077926636,
      0.339521586894989,
      1.0,
      0.26006126403808594,
      0.3369055390357971,
      0.24453051388263702,
      0.1719731241464615,
      0.29772526025772095,
      0.34936898946762085,
      0.37369388341903687
    ],
    [
      0.15832039713859558,
      0.21809405088424683,
      0.1765555739402771,
      0.171308696269989,
      0.778666079044342,
      0.29328295588493347,
      0.30789849162101746,
      0.4129121005535126,
      0.26006126403808594,
      1.0,
      0.4630044400691986,
      0.29679766297340393,
      0.19239026308059692,
      0.20462153851985931,
      0.31978195905685425,
      0.29434680938720703
    ],
    [
      0.25692877173423767,
      0.2742847204208374,
      0.2608417868614197,
      0.30512160062789917,
      0.43160581588745117,
      0.30276724696159363,
      0.3628402054309845,
      0.33083850145339966,
      0.3369055390357971,
      0.4630044400691986,
      1.0,
      0.3530489206314087,
      0.20606675744056702,
      0.30652564764022827,
      0.35157281160354614,
      0.3344568610191345
    ],
    [
      0.2174568474292755,
      0.17908264696598053,
      0.25091540813446045,
      0.22250956296920776,
      0.35525915026664734,
      0.3459766209125519,
      0.5362789630889893,
      0.27622392773628235,
      0.24453051388263702,
      0.29679766297340393,
      0.3530489206314087,
      1.0,
      0.2369680553674698,
      0.2213718295097351,
      0.25748327374458313,
      0.28461340069770813
    ],
    [
      0.2784537374973297,
      0.26327311992645264,
      0.23916080594062805,
      0.3032200038433075,
      0.2834545969963074,
      0.24057097733020782,
      0.21052320301532745,
      0.2958245575428009,
      0.1719731241464615,
      0.19239026308059692,
      0.20606675744056702,
      0.2369680553674698,
      0.9999999403953552,
      0.3273269832134247,
      0.32437625527381897,
      0.37373682856559753
    ],
    [
      0.37834444642066956,
      0.3172418475151062,
      0.38920432329177856,
      0.27521243691444397,
      0.22069284319877625,
      0.22463969886302948,
      0.23442037403583527,
      0.4337894022464752,
      0.29772526025772095,
      0.20462153851985931,
      0.30652564764022827,
      0.2213718295097351,
      0.3273269832134247,
      1.0,
      0.48624512553215027,
      0.70700603723526
    ],
    [
      0.313730925321579,
      0.40497079491615295,
      0.3869755268096924,
      0.23047059774398804,
      0.32889437675476074,
      0.3151715397834778,
      0.24498659372329712,
      0.35118553042411804,
      0.34936898946762085,
      0.31978195905685425,
      0.35157281160354614,
      0.25748327374458313,
      0.32437625527381897,
      0.48624512553215027,
      1.0,
      0.533240795135498
    ],
    [
      0.39051899313926697,
      0.3328341543674469,
      0.44154614210128784,
      0.3405989408493042,
      0.3060460686683655,
      0.2714807987213135,
      0.3011667728424072,
      0.445647269487381,
      0.37369388341903687,
      0.29434680938720703,
      0.3344568610191345,
      0.28461340069770813,
      0.37373682856559753,
      0.70700603723526,
      0.533240795135498,
      1.0
    ]
  ]
}