{
  "game_number": 44,
  "words": [
    "BASE",
    "BOTTOM",
    "FOOT",
    "FOUNDATION",
    "ANKLE",
    "COMPRESSION",
    "CREW",
    "DRESS",
    "BUZZ",
    "KNOCK",
    "RING",
    "SHOUT",
    "COMPARE",
    "CONNECTICUT",
    "PARSNIP",
    "WALLOP"
  ],
  "adjacency_matrix": [
    [
      1.0,
      0.47442376613616943,
      0.43251022696495056,
      0.5372565984725952,
      0.24088887870311737,
      0.3798457980155945,
      0.3656123876571655,
      0.31348171830177307,
      0.3473122715950012,
      0.373437762260437,
      0.45681074261665344,
      0.30795297026634216,
      0.37435585260391235,
      0.28605908155441284,
      0.27193698287010193,
      0.3102855682373047
    ],
    [
      0.47442376613616943,
      1.0,
      0.48933330178260803,
      0.4220724403858185,
      0.3167791962623596,
      0.3276297152042389,
      0.29767724871635437,
      0.2871911823749542,
      0.2218092381954193,
      0.3382943868637085,
      0.3862597942352295,
      0.29075902700424194,
      0.3065606355667114,
      0.2987554967403412,
      0.28635677695274353,
      0.30318310856819153
    ],
    [
      0.43251022696495056,
      0.48933330178260803,
      1.0,
      0.3292880654335022,
      0.6197866797447205,
      0.29289552569389343,
      0.27839285135269165,
      0.34286969900131226,
      0.24263736605644226,
      0.4131889343261719,
      0.35010600090026855,
      0.31610098481178284,
      0.22477984428405762,
      0.330977201461792,
      0.32001739740371704,
      0.3439747095108032
    ],
    [
      0.5372565984725952,
      0.4220724403858185,
      0.3292880654335022,
      0.9999999403953552,
      0.21570156514644623,
      0.3073257803916931,
      0.2840728461742401,
      0.252427339553833,
      0.23309734463691711,
      0.296492338180542,
      0.32990577816963196,
      0.18049149215221405,
      0.1843956559896469,
      0.25649434328079224,
      0.18501617014408112,
      0.2751128077507019
    ],
    [
      0.24088887870311737,
      0.3167791962623596,
      0.6197866797447205,
      0.21570156514644623,
      0.9999999403953552,
      0.2724771499633789,
      0.19819214940071106,
      0.35963624715805054,
      0.1881103366613388,
      0.34128937125205994,
      0.32899805903434753,
      0.1825137883424759,
      0.14628984034061432,
      0.16769978404045105,
      0.3027665615081787,
      0.24713514745235443
    ],
    [
      0.3798457980155945,
      0.3276297152042389,
      0.29289552569389343,
      0.3073257803916931,
      0.2724771499633789,
      1.0,
      0.20349617302417755,
      0.2853687107563019,
      0.28368914127349854,
      0.27653664350509644,
      0.3029353618621826,
      0.19644252955913544,
      0.2816010117530823,
      0.24184390902519226,
      0.23834004998207092,
      0.30733275413513184
    ],
    [
      0.3656123876571655,
      0.29767724871635437,
      0.27839285135269165,
      0.2840728461742401,
      0.19819214940071106,
      0.20349617302417755,
      1.0,
      0.32483577728271484,
      0.22887569665908813,
      0.27695566415786743,
      0.2943711280822754,
      0.27001941204071045,
      0.20242397487163544,
      0.24665437638759613,
      0.15979193150997162,
      0.26871803402900696
    ],
    [
      0.31348171830177307,
      0.2871911823749542,
      0.34286969900131226,
      0.252427339553833,
      0.35963624715805054,
      0.2853687107563019,
      0.32483577728271484,
      1.0,
      0.27616533637046814,
      0.3429991602897644,
      0.35872140526771545,
      0.30983877182006836,
      0.36132895946502686,
      0.24853110313415527,
      0.29762905836105347,
      0.3160194754600525
    ],
    [
      0.3473122715950012,
      0.2218092381954193,
      0.24263736605644226,
      0.23309734463691711,
      0.1881103366613388,
      0.28368914127349854,
      0.22887569665908813,
      0.27616533637046814,
      1.0,
      0.46703261137008667,
      0.35960257053375244,
      0.45095035433769226,
      0.23387989401817322,
      0.2224569171667099,
      0.3059229552745819,
      0.37418073415756226
    ],
    [
      0.373437762260437,
      0.3382943868637085,
      0.4131889343261719,
      0.296492338180542,
      0.34128937125205994,
      0.27653664350509644,
      0.27695566415786743,
      0.3429991602897644,
      0.46703261137008667,
      1.0,
      0.45431095361709595,
      0.5505647659301758,
      0.3722797632217407,
      0.21626661717891693,
      0.33901622891426086,
      0.5329244136810303
    ],
    [
      0.45681074261665344,
      0.3862597942352295,
      0.35010600090026855,
      0.32990577816963196,
      0.32899805903434753,
      0.3029353618621826,
      0.2943711280822754,
      0.35872140526771545,
      0.35960257053375244,
      0.45431095361709595,
      1.0,
      0.3515061140060425,
      0.2530972957611084,
      0.28594306111335754,
      0.2461022138595581,
      0.3471936285495758
    ],
    [
      0.30795297026634216,
      0.29075902700424194,
      0.31610098481178284,
      0.18049149215221405,
      0.1825137883424759,
      0.19644252955913544,
      0.27001941204071045,
      0.30983877182006836,
      0.45095035433769226,
      0.5505647659301758,
      0.3515061140060425,
      1.0,
      0.2990746796131134,
      0.18200069665908813,
      0.24297013878822327,
      0.41197752952575684
    ],
    [
      0.37435585260391235,
      0.3065606355667114,
      0.22477984428405762,
      0.1843956559896469,
      0.14628984034061432,
      0.2816010117530823,
      0.20242397487163544,
      0.36132895946502686,
      0.23387989401817322,
      0.3722797632217407,
      0.2530972957611084,
      0.2990746796131134,
      1.0,
      0.2609802782535553,
      0.27899855375289917,
      0.2160765677690506
    ],
    [
      0.28605908155441284,
      0.2987554967403412,
      0.330977201461792,
      0.25649434328079224,
      0.16769978404045105,
      0.24184390902519226,
      0.24665437638759613,
      0.24853110313415527,
      0.2224569171667099,
      0.21626661717891693,
      0.28594306111335754,
      0.18200069665908813,
      0.2609802782535553,
      0.9999999403953552,
      0.21953360736370087,
      0.22073611617088318
    ],
    [
      0.27193698287010193,
      0.28635677695274353,
      0.32001739740371704,
      0.18501617014408112,
      0.3027665615081787,
      0.23834004998207092,
      0.15979193150997162,
      0.29762905836105347,
      0.3059229552745819,
      0.33901622891426086,
      0.2461022138595581,
      0.24297013878822327,
      0.27899855375289917,
      0.21953360736370087,
      1.0,
      0.32996076345443726
    ],
    [
      0.3102855682373047,
      0.30318310856819153,
      0.3439747095108032,
      0.2751128077507019,
      0.24713514745235443,
      0.30733275413513184,
      0.26871803402900696,
      0.3160194754600525,
      0.37418073415756226,
      0.5329244136810303,
      0.3471936285495758,
      0.41197752952575684,
      0.2160765677690506,
      0.22073611617088318,
      0.32996076345443726,
      0.9999999403953552
    ]
  ]
}