{
  "game_number": 198,
  "words": [
    "BOBA",
    "BUBBLE",
    "PEARL",
    "TAPIOCA",
    "CORAL",
    "JELLY",
    "SPONGE",
    "STAR",
    "FETT",
    "PENN",
    "TORTE",
    "ZIT",
    "BARK",
    "BAY",
    "HOWL",
    "SNARL"
  ],
  "adjacency_matrix": [
    [
      1.0000001192092896,
      0.3875964283943176,
      0.4137158989906311,
      0.641145646572113,
      0.3071237802505493,
      0.4316645860671997,
      0.3532372713088989,
      0.24029338359832764,
      0.47608280181884766,
      0.2991560995578766,
      0.47917622327804565,
      0.4798956513404846,
      0.2399739921092987,
      0.27804386615753174,
      0.2218247950077057,
      0.19154824316501617
    ],
    [
      0.3875964283943176,
      1.0,
      0.3647649884223938,
      0.384981244802475,
      0.38064077496528625,
      0.4182463586330414,
      0.5019084811210632,
      0.4116505980491638,
      0.31403496861457825,
      0.2982563376426697,
      0.3629980683326721,
      0.3451867699623108,
      0.2890956997871399,
      0.32434847950935364,
      0.29094579815864563,
      0.3115904927253723
    ],
    [
      0.4137158989906311,
      0.3647649884223938,
      1.0,
      0.43951013684272766,
      0.5224010944366455,
      0.4143373966217041,
      0.47435855865478516,
      0.3970715403556824,
      0.39562225341796875,
      0.33191484212875366,
      0.3164297640323639,
      0.26844143867492676,
      0.27036041021347046,
      0.36145779490470886,
      0.18348465859889984,
      0.3303016722202301
    ],
    [
      0.641145646572113,
      0.384981244802475,
      0.43951013684272766,
      1.0,
      0.34533873200416565,
      0.47629907727241516,
      0.4345630407333374,
      0.24676689505577087,
      0.40245693922042847,
      0.23066850006580353,
      0.42126840353012085,
      0.37431442737579346,
      0.25457075238227844,
      0.2228553146123886,
      0.11590572446584702,
      0.2156573235988617
    ],
    [
      0.3071237802505493,
      0.38064077496528625,
      0.5224010944366455,
      0.34533873200416565,
      0.9999999403953552,
      0.40769240260124207,
      0.5692287683486938,
      0.3807370066642761,
      0.2837440073490143,
      0.2576703429222107,
      0.31516528129577637,
      0.2393343448638916,
      0.328792005777359,
      0.4026246666908264,
      0.1892281472682953,
      0.19754493236541748
    ],
    [
      0.4316645860671997,
      0.4182463586330414,
      0.4143373966217041,
      0.47629907727241516,
      0.40769240260124207,
      1.0,
      0.6004330515861511,
      0.29344093799591064,
      0.35075458884239197,
      0.2750928997993469,
      0.45032426714897156,
      0.4581376016139984,
      0.2921980321407318,
      0.2751481533050537,
      0.19325344264507294,
      0.27592283487319946
    ],
    [
      0.3532372713088989,
      0.5019084811210632,
      0.47435855865478516,
      0.4345630407333374,
      0.5692287683486938,
      0.6004330515861511,
      0.9999999403953552,
      0.3686370551586151,
      0.3249286115169525,
      0.2837986946105957,
      0.4011169970035553,
      0.3231203854084015,
      0.3619273006916046,
      0.30821627378463745,
      0.23214443027973175,
      0.291742205619812
    ],
    [
      0.24029338359832764,
      0.4116505980491638,
      0.3970715403556824,
      0.24676689505577087,
      0.3807370066642761,
      0.29344093799591064,
      0.3686370551586151,
      1.0,
      0.3779130280017853,
      0.40752333402633667,
      0.2741135060787201,
      0.18686367571353912,
      0.2498738169670105,
      0.27502840757369995,
      0.22852109372615814,
      0.2636590898036957
    ],
    [
      0.47608280181884766,
      0.31403496861457825,
      0.39562225341796875,
      0.40245693922042847,
      0.2837440073490143,
      0.35075458884239197,
      0.3249286115169525,
      0.3779130280017853,
      1.0,
      0.5363328456878662,
      0.477555513381958,
      0.3263937830924988,
      0.35663577914237976,
      0.31414225697517395,
      0.2960895001888275,
      0.3482235372066498
    ],
    [
      0.2991560995578766,
      0.2982563376426697,
      0.33191484212875366,
      0.23066850006580353,
      0.2576703429222107,
      0.2750928997993469,
      0.2837986946105957,
      0.40752333402633667,
      0.5363328456878662,
      1.0,
      0.35004815459251404,
      0.2518343925476074,
      0.2767532169818878,
      0.3583675026893616,
      0.35166439414024353,
      0.3074091076850891
    ],
    [
      0.47917622327804565,
      0.3629980683326721,
      0.3164297640323639,
      0.42126840353012085,
      0.31516528129577637,
      0.45032426714897156,
      0.4011169970035553,
      0.2741135060787201,
      0.477555513381958,
      0.35004815459251404,
      1.0,
      0.3258028030395508,
      0.2820189595222473,
      0.24258586764335632,
      0.26363053917884827,
      0.33581286668777466
    ],
    [
      0.4798956513404846,
      0.3451867699623108,
      0.26844143867492676,
      0.37431442737579346,
      0.2393343448638916,
      0.4581376016139984,
      0.3231203854084015,
      0.18686367571353912,
      0.3263937830924988,
      0.2518343925476074,
      0.3258028030395508,
      1.0,
      0.2000395804643631,
      0.1520715206861496,
      0.23284684121608734,
      0.2838336229324341
    ],
    [
      0.2399739921092987,
      0.2890956997871399,
      0.27036041021347046,
      0.25457075238227844,
      0.328792005777359,
      0.2921980321407318,
      0.3619273006916046,
      0.2498738169670105,
      0.35663577914237976,
      0.2767532169818878,
      0.2820189595222473,
      0.2000395804643631,
      1.0,
      0.2933644652366638,
      0.43960273265838623,
      0.39509251713752747
    ],
    [
      0.27804386615753174,
      0.32434847950935364,
      0.36145779490470886,
      0.2228553146123886,
      0.4026246666908264,
      0.2751481533050537,
      0.30821627378463745,
      0.27502840757369995,
      0.31414225697517395,
      0.3583675026893616,
      0.24258586764335632,
      0.1520715206861496,
      0.2933644652366638,
      1.0,
      0.27854713797569275,
      0.2136310487985611
    ],
    [
      0.2218247950077057,
      0.29094579815864563,
      0.18348465859889984,
      0.11590572446584702,
      0.1892281472682953,
      0.19325344264507294,
      0.23214443027973175,
      0.22852109372615814,
      0.2960895001888275,
      0.35166439414024353,
      0.26363053917884827,
      0.23284684121608734,
      0.43960273265838623,
      0.27854713797569275,
      1.0,
      0.5393825173377991
    ],
    [
      0.19154824316501617,
      0.3115904927253723,
      0.3303016722202301,
      0.2156573235988617,
      0.19754493236541748,
      0.27592283487319946,
      0.291742205619812,
      0.2636590898036957,
      0.3482235372066498,
      0.3074091076850891,
      0.33581286668777466,
      0.2838336229324341,
      0.39509251713752747,
      0.2136310487985611,
      0.5393825173377991,
      0.9999999403953552
    ]
  ]
}