{
  "game_number": 49,
  "words": [
    "NICK",
    "PALM",
    "PINCH",
    "POCKET",
    "BRUSH",
    "DRESS",
    "SHAVE",
    "SHOWER",
    "NEAT",
    "SHARP",
    "SMART",
    "TIDY",
    "BIRTH",
    "KEY",
    "MILE",
    "TOUCH"
  ],
  "adjacency_matrix": [
    [
      1.0,
      0.30277854204177856,
      0.4471138119697571,
      0.4596608877182007,
      0.3982406556606293,
      0.3472592830657959,
      0.4639947712421417,
      0.4196457266807556,
      0.3831029236316681,
      0.42802944779396057,
      0.44278275966644287,
      0.3580438792705536,
      0.3762882351875305,
      0.43735000491142273,
      0.28505563735961914,
      0.4738152027130127
    ],
    [
      0.30277854204177856,
      0.9999999403953552,
      0.3745531141757965,
      0.4213024079799652,
      0.4780615270137787,
      0.27137672901153564,
      0.27030709385871887,
      0.26199764013290405,
      0.26181963086128235,
      0.29873010516166687,
      0.28410604596138,
      0.2710689902305603,
      0.29143431782722473,
      0.34417569637298584,
      0.22536170482635498,
      0.46280595660209656
    ],
    [
      0.4471138119697571,
      0.3745531141757965,
      0.9999999403953552,
      0.5056241154670715,
      0.4189479649066925,
      0.33768463134765625,
      0.48189958930015564,
      0.405866801738739,
      0.26441529393196106,
      0.4567111134529114,
      0.3693716526031494,
      0.28355374932289124,
      0.16813145577907562,
      0.33460333943367004,
      0.2995974123477936,
      0.5689130425453186
    ],
    [
      0.4596608877182007,
      0.4213024079799652,
      0.5056241154670715,
      1.0,
      0.3918311595916748,
      0.40155282616615295,
      0.34353503584861755,
      0.42226383090019226,
      0.3916315734386444,
      0.38797062635421753,
      0.3895248472690582,
      0.37350574135780334,
      0.21762089431285858,
      0.39956963062286377,
      0.2894613742828369,
      0.44850340485572815
    ],
    [
      0.3982406556606293,
      0.4780615270137787,
      0.4189479649066925,
      0.3918311595916748,
      0.9999999403953552,
      0.36410239338874817,
      0.4829399287700653,
      0.40552234649658203,
      0.3289118707180023,
      0.44414839148521423,
      0.32617810368537903,
      0.36056485772132874,
      0.19189713895320892,
      0.2883793115615845,
      0.27953043580055237,
      0.5167897343635559
    ],
    [
      0.3472592830657959,
      0.27137672901153564,
      0.33768463134765625,
      0.40155282616615295,
      0.36410239338874817,
      1.0,
      0.4893217980861664,
      0.4127020835876465,
      0.4038082957267761,
      0.31547701358795166,
      0.4012569487094879,
      0.4179370701313019,
      0.3344140350818634,
      0.2700398564338684,
      0.19121895730495453,
      0.4246918261051178
    ],
    [
      0.4639947712421417,
      0.27030709385871887,
      0.48189958930015564,
      0.34353503584861755,
      0.4829399287700653,
      0.4893217980861664,
      1.0,
      0.5101253390312195,
      0.3370172381401062,
      0.37753212451934814,
      0.3168591260910034,
      0.38483572006225586,
      0.2114361971616745,
      0.24592947959899902,
      0.3483227491378784,
      0.44016769528388977
    ],
    [
      0.4196457266807556,
      0.26199764013290405,
      0.405866801738739,
      0.42226383090019226,
      0.40552234649658203,
      0.4127020835876465,
      0.5101253390312195,
      1.0000001192092896,
      0.3483846187591553,
      0.35643723607063293,
      0.2968269884586334,
      0.3124430775642395,
      0.2313465178012848,
      0.239026740193367,
      0.23780421912670135,
      0.4470379948616028
    ],
    [
      0.3831029236316681,
      0.26181963086128235,
      0.26441529393196106,
      0.3916315734386444,
      0.3289118707180023,
      0.4038082957267761,
      0.3370172381401062,
      0.3483846187591553,
      1.0,
      0.5521219968795776,
      0.5604690313339233,
      0.7494439482688904,
      0.21293209493160248,
      0.3605208098888397,
      0.26384174823760986,
      0.4217352569103241
    ],
    [
      0.42802944779396057,
      0.29873010516166687,
      0.4567111134529114,
      0.38797062635421753,
      0.44414839148521423,
      0.31547701358795166,
      0.37753212451934814,
      0.35643723607063293,
      0.5521219968795776,
      1.0,
      0.5100744962692261,
      0.4550102651119232,
      0.21512719988822937,
      0.4074573516845703,
      0.21029940247535706,
      0.4898732602596283
    ],
    [
      0.44278275966644287,
      0.28410604596138,
      0.3693716526031494,
      0.3895248472690582,
      0.32617810368537903,
      0.4012569487094879,
      0.3168591260910034,
      0.2968269884586334,
      0.5604690313339233,
      0.5100744962692261,
      1.0,
      0.46375006437301636,
      0.23135225474834442,
      0.45618095993995667,
      0.20096859335899353,
      0.4596496820449829
    ],
    [
      0.3580438792705536,
      0.2710689902305603,
      0.28355374932289124,
      0.37350574135780334,
      0.36056485772132874,
      0.4179370701313019,
      0.38483572006225586,
      0.3124430775642395,
      0.7494439482688904,
      0.4550102651119232,
      0.46375006437301636,
      1.0,
      0.280494749546051,
      0.30046525597572327,
      0.25916796922683716,
      0.39232391119003296
    ],
    [
      0.3762882351875305,
      0.29143431782722473,
      0.16813145577907562,
      0.21762089431285858,
      0.19189713895320892,
      0.3344140350818634,
      0.2114361971616745,
      0.2313465178012848,
      0.21293209493160248,
      0.21512719988822937,
      0.23135225474834442,
      0.280494749546051,
      1.0,
      0.3137683868408203,
      0.21663685142993927,
      0.3317045271396637
    ],
    [
      0.43735000491142273,
      0.34417569637298584,
      0.33460333943367004,
      0.39956963062286377,
      0.2883793115615845,
      0.2700398564338684,
      0.24592947959899902,
      0.239026740193367,
      0.3605208098888397,
      0.4074573516845703,
      0.45618095993995667,
      0.30046525597572327,
      0.3137683868408203,
      1.0,
      0.24380341172218323,
      0.4843098223209381
    ],
    [
      0.28505563735961914,
      0.22536170482635498,
      0.2995974123477936,
      0.2894613742828369,
      0.27953043580055237,
      0.19121895730495453,
      0.3483227491378784,
      0.23780421912670135,
      0.26384174823760986,
      0.21029940247535706,
      0.20096859335899353,
      0.25916796922683716,
      0.21663685142993927,
      0.24380341172218323,
      0.9999999403953552,
      0.28418469429016113
    ],
    [
      0.4738152027130127,
      0.46280595660209656,
      0.5689130425453186,
      0.44850340485572815,
      0.5167897343635559,
      0.4246918261051178,
      0.44016769528388977,
      0.4470379948616028,
      0.4217352569103241,
      0.4898732602596283,
      0.4596496820449829,
      0.39232391119003296,
      0.3317045271396637,
      0.4843098223209381,
      0.28418469429016113,
      1.0
    ]
  ]
}