{
  "game_number": 214,
  "words": [
    "FEELING",
    "HUNCH",
    "IMPRESSION",
    "SENSE",
    "HEARING",
    "INQUIRY",
    "PROCEEDING",
    "TRIAL",
    "CHAIR",
    "LISTENING",
    "MONEY",
    "STREET",
    "COUNTER",
    "FRIDGE",
    "RANGE",
    "SINK"
  ],
  "adjacency_matrix": [
    [
      1.0,
      0.505643904209137,
      0.6698404550552368,
      0.675391674041748,
      0.4066123366355896,
      0.31274279952049255,
      0.32015907764434814,
      0.2870766222476959,
      0.238277867436409,
      0.4261012375354767,
      0.36745691299438477,
      0.32912394404411316,
      0.37599068880081177,
      0.28370940685272217,
      0.3566131889820099,
      0.3369045555591583
    ],
    [
      0.505643904209137,
      1.0,
      0.5556749105453491,
      0.5089611411094666,
      0.2983052134513855,
      0.4075404405593872,
      0.2827056646347046,
      0.3049169182777405,
      0.296715646982193,
      0.31027325987815857,
      0.267689049243927,
      0.329941987991333,
      0.42861801385879517,
      0.2978212833404541,
      0.3306301236152649,
      0.2678368091583252
    ],
    [
      0.6698404550552368,
      0.5556749105453491,
      1.0,
      0.6072470545768738,
      0.37125152349472046,
      0.36755889654159546,
      0.29559847712516785,
      0.3589426875114441,
      0.2624076008796692,
      0.3127669095993042,
      0.34718000888824463,
      0.33645549416542053,
      0.3863537907600403,
      0.22784125804901123,
      0.3216138780117035,
      0.25554177165031433
    ],
    [
      0.675391674041748,
      0.5089611411094666,
      0.6072470545768738,
      1.0,
      0.380115270614624,
      0.38169190287590027,
      0.36872410774230957,
      0.340827614068985,
      0.24975869059562683,
      0.38395506143569946,
      0.4354826509952545,
      0.3416071832180023,
      0.39169904589653015,
      0.31353268027305603,
      0.42169639468193054,
      0.34155628085136414
    ],
    [
      0.4066123366355896,
      0.2983052134513855,
      0.37125152349472046,
      0.380115270614624,
      0.9999999403953552,
      0.4696432054042816,
      0.5770745277404785,
      0.5140911936759949,
      0.3351558446884155,
      0.646385908126831,
      0.2596530318260193,
      0.3206053078174591,
      0.27802419662475586,
      0.22326010465621948,
      0.3661876618862152,
      0.2578699290752411
    ],
    [
      0.31274279952049255,
      0.4075404405593872,
      0.36755889654159546,
      0.38169190287590027,
      0.4696432054042816,
      1.0,
      0.5036904215812683,
      0.4910055994987488,
      0.37309715151786804,
      0.38017305731773376,
      0.28555214405059814,
      0.3056388795375824,
      0.3532717525959015,
      0.24083712697029114,
      0.3558596968650818,
      0.2568931579589844
    ],
    [
      0.32015907764434814,
      0.2827056646347046,
      0.29559847712516785,
      0.36872410774230957,
      0.5770745277404785,
      0.5036904215812683,
      0.9999999403953552,
      0.6038939952850342,
      0.2995736002922058,
      0.4093855619430542,
      0.2702524960041046,
      0.37478527426719666,
      0.3990923762321472,
      0.23042690753936768,
      0.3375999927520752,
      0.34561195969581604
    ],
    [
      0.2870766222476959,
      0.3049169182777405,
      0.3589426875114441,
      0.340827614068985,
      0.5140911936759949,
      0.4910055994987488,
      0.6038939952850342,
      1.0,
      0.2590177655220032,
      0.2669440805912018,
      0.2963891923427582,
      0.35724738240242004,
      0.35901984572410583,
      0.2714080214500427,
      0.37744084000587463,
      0.27226462960243225
    ],
    [
      0.238277867436409,
      0.296715646982193,
      0.2624076008796692,
      0.24975869059562683,
      0.3351558446884155,
      0.37309715151786804,
      0.2995736002922058,
      0.2590177655220032,
      1.0,
      0.27576789259910583,
      0.2652442455291748,
      0.29219135642051697,
      0.39709582924842834,
      0.37519848346710205,
      0.2376985400915146,
      0.37173667550086975
    ],
    [
      0.4261012375354767,
      0.31027325987815857,
      0.3127669095993042,
      0.38395506143569946,
      0.646385908126831,
      0.38017305731773376,
      0.4093855619430542,
      0.2669440805912018,
      0.27576789259910583,
      1.0,
      0.27943331003189087,
      0.3320353031158447,
      0.3260312080383301,
      0.24656760692596436,
      0.30838003754615784,
      0.27222299575805664
    ],
    [
      0.36745691299438477,
      0.267689049243927,
      0.34718000888824463,
      0.4354826509952545,
      0.2596530318260193,
      0.28555214405059814,
      0.2702524960041046,
      0.2963891923427582,
      0.2652442455291748,
      0.27943331003189087,
      1.0,
      0.36353805661201477,
      0.3285073935985565,
      0.307190865278244,
      0.2641318142414093,
      0.3354370594024658
    ],
    [
      0.32912394404411316,
      0.329941987991333,
      0.33645549416542053,
      0.3416071832180023,
      0.3206053078174591,
      0.3056388795375824,
      0.37478527426719666,
      0.35724738240242004,
      0.29219135642051697,
      0.3320353031158447,
      0.36353805661201477,
      1.0,
      0.4081847667694092,
      0.3238823115825653,
      0.400926411151886,
      0.28085485100746155
    ],
    [
      0.37599068880081177,
      0.42861801385879517,
      0.3863537907600403,
      0.39169904589653015,
      0.27802419662475586,
      0.3532717525959015,
      0.3990923762321472,
      0.35901984572410583,
      0.39709582924842834,
      0.3260312080383301,
      0.3285073935985565,
      0.4081847667694092,
      1.0,
      0.43164339661598206,
      0.4107322692871094,
      0.4646051824092865
    ],
    [
      0.28370940685272217,
      0.2978212833404541,
      0.22784125804901123,
      0.31353268027305603,
      0.22326010465621948,
      0.24083712697029114,
      0.23042690753936768,
      0.2714080214500427,
      0.37519848346710205,
      0.24656760692596436,
      0.307190865278244,
      0.3238823115825653,
      0.43164339661598206,
      1.0,
      0.2959051728248596,
      0.44927436113357544
    ],
    [
      0.3566131889820099,
      0.3306301236152649,
      0.3216138780117035,
      0.42169639468193054,
      0.3661876618862152,
      0.3558596968650818,
      0.3375999927520752,
      0.37744084000587463,
      0.2376985400915146,
      0.30838003754615784,
      0.2641318142414093,
      0.400926411151886,
      0.4107322692871094,
      0.2959051728248596,
      1.0000001192092896,
      0.3337787985801697
    ],
    [
      0.3369045555591583,
      0.2678368091583252,
      0.25554177165031433,
      0.34155628085136414,
      0.2578699290752411,
      0.2568931579589844,
      0.34561195969581604,
      0.27226462960243225,
      0.37173667550086975,
      0.27222299575805664,
      0.3354370594024658,
      0.28085485100746155,
      0.4646051824092865,
      0.44927436113357544,
      0.3337787985801697,
      1.0
    ]
  ]
}