{
  "game_number": 362,
  "words": [
    "BOUNTY",
    "COWBOY",
    "DUEL",
    "SALOON",
    "CARTER",
    "GORE",
    "KING",
    "TUTU",
    "BUSY",
    "HONEY",
    "QUEEN",
    "SPELLING",
    "DEEP",
    "EXTREME",
    "FIERCE",
    "INTENSE"
  ],
  "adjacency_matrix": [
    [
      1.0,
      0.28549471497535706,
      0.29232197999954224,
      0.3047380745410919,
      0.2658906877040863,
      0.31456294655799866,
      0.2999677360057831,
      0.13359418511390686,
      0.21756407618522644,
      0.3552234172821045,
      0.2739149332046509,
      0.21231533586978912,
      0.2915256917476654,
      0.2587985694408417,
      0.280875027179718,
      0.2541244626045227
    ],
    [
      0.28549471497535706,
      1.0,
      0.29365667700767517,
      0.4825720191001892,
      0.42747434973716736,
      0.3273603618144989,
      0.3267293870449066,
      0.3096438944339752,
      0.2774190902709961,
      0.26739493012428284,
      0.28079745173454285,
      0.2285650372505188,
      0.21303817629814148,
      0.2840861976146698,
      0.3138989508152008,
      0.23322086036205292
    ],
    [
      0.29232197999954224,
      0.29365667700767517,
      1.0,
      0.36722680926322937,
      0.2745397984981537,
      0.2949944734573364,
      0.33810317516326904,
      0.21894417703151703,
      0.20654422044754028,
      0.18912622332572937,
      0.31657323241233826,
      0.35101327300071716,
      0.26463162899017334,
      0.28384241461753845,
      0.448152631521225,
      0.3907477557659149
    ],
    [
      0.3047380745410919,
      0.4825720191001892,
      0.36722680926322937,
      1.0,
      0.37180179357528687,
      0.18866999447345734,
      0.28289997577667236,
      0.14729861915111542,
      0.2532922029495239,
      0.2367940992116928,
      0.26491743326187134,
      0.16160790622234344,
      0.24221806228160858,
      0.20016388595104218,
      0.2256113439798355,
      0.16235089302062988
    ],
    [
      0.2658906877040863,
      0.42747434973716736,
      0.2745397984981537,
      0.37180179357528687,
      1.0,
      0.3247295022010803,
      0.458829790353775,
      0.3634844124317169,
      0.2743733525276184,
      0.2806388735771179,
      0.40600305795669556,
      0.2679463028907776,
      0.21377155184745789,
      0.1775582730770111,
      0.20972585678100586,
      0.17745262384414673
    ],
    [
      0.31456294655799866,
      0.3273603618144989,
      0.2949944734573364,
      0.18866999447345734,
      0.3247295022010803,
      1.0,
      0.25929000973701477,
      0.23272055387496948,
      0.17090176045894623,
      0.27191951870918274,
      0.25649407505989075,
      0.2087722271680832,
      0.3170172870159149,
      0.3580089807510376,
      0.3382386267185211,
      0.35389718413352966
    ],
    [
      0.2999677360057831,
      0.3267293870449066,
      0.33810317516326904,
      0.28289997577667236,
      0.458829790353775,
      0.25929000973701477,
      1.0,
      0.28748515248298645,
      0.3104041814804077,
      0.31238704919815063,
      0.7704246044158936,
      0.28927114605903625,
      0.2552083134651184,
      0.23806127905845642,
      0.3341478109359741,
      0.16687026619911194
    ],
    [
      0.13359418511390686,
      0.3096438944339752,
      0.21894417703151703,
      0.14729861915111542,
      0.3634844124317169,
      0.23272055387496948,
      0.28748515248298645,
      1.0,
      0.11217345297336578,
      0.27248701453208923,
      0.3753078579902649,
      0.2519834339618683,
      0.14324523508548737,
      0.18134404718875885,
      0.1620020866394043,
      0.15585166215896606
    ],
    [
      0.21756407618522644,
      0.2774190902709961,
      0.20654422044754028,
      0.2532922029495239,
      0.2743733525276184,
      0.17090176045894623,
      0.3104041814804077,
      0.11217345297336578,
      1.0,
      0.28306904435157776,
      0.2996836304664612,
      0.21595343947410583,
      0.3851475715637207,
      0.3630387783050537,
      0.40003159642219543,
      0.44714227318763733
    ],
    [
      0.3552234172821045,
      0.26739493012428284,
      0.18912622332572937,
      0.2367940992116928,
      0.2806388735771179,
      0.27191951870918274,
      0.31238704919815063,
      0.27248701453208923,
      0.28306904435157776,
      1.0,
      0.4023960828781128,
      0.2545221149921417,
      0.2682458460330963,
      0.20374539494514465,
      0.314943790435791,
      0.2720019519329071
    ],
    [
      0.2739149332046509,
      0.28079745173454285,
      0.31657323241233826,
      0.26491743326187134,
      0.40600305795669556,
      0.25649407505989075,
      0.7704246044158936,
      0.3753078579902649,
      0.2996836304664612,
      0.4023960828781128,
      1.0,
      0.2860141098499298,
      0.22692491114139557,
      0.2244158238172531,
      0.3260400593280792,
      0.17915500700473785
    ],
    [
      0.21231533586978912,
      0.2285650372505188,
      0.35101327300071716,
      0.16160790622234344,
      0.2679463028907776,
      0.2087722271680832,
      0.28927114605903625,
      0.2519834339618683,
      0.21595343947410583,
      0.2545221149921417,
      0.2860141098499298,
      1.0,
      0.24133676290512085,
      0.28085774183273315,
      0.22191576659679413,
      0.21352718770503998
    ],
    [
      0.2915256917476654,
      0.21303817629814148,
      0.26463162899017334,
      0.24221806228160858,
      0.21377155184745789,
      0.3170172870159149,
      0.2552083134651184,
      0.14324523508548737,
      0.3851475715637207,
      0.2682458460330963,
      0.22692491114139557,
      0.24133676290512085,
      1.0,
      0.554749071598053,
      0.522246778011322,
      0.5964466333389282
    ],
    [
      0.2587985694408417,
      0.2840861976146698,
      0.28384241461753845,
      0.20016388595104218,
      0.1775582730770111,
      0.3580089807510376,
      0.23806127905845642,
      0.18134404718875885,
      0.3630387783050537,
      0.20374539494514465,
      0.2244158238172531,
      0.28085774183273315,
      0.554749071598053,
      1.0,
      0.558753252029419,
      0.5933419466018677
    ],
    [
      0.280875027179718,
      0.3138989508152008,
      0.448152631521225,
      0.2256113439798355,
      0.20972585678100586,
      0.3382386267185211,
      0.3341478109359741,
      0.1620020866394043,
      0.40003159642219543,
      0.314943790435791,
      0.3260400593280792,
      0.22191576659679413,
      0.522246778011322,
      0.558753252029419,
      0.9999999403953552,
      0.7313455939292908
    ],
    [
      0.2541244626045227,
      0.23322086036205292,
      0.3907477557659149,
      0.16235089302062988,
      0.17745262384414673,
      0.35389718413352966,
      0.16687026619911194,
      0.15585166215896606,
      0.44714227318763733,
      0.2720019519329071,
      0.17915500700473785,
      0.21352718770503998,
      0.5964466333389282,
      0.5933419466018677,
      0.7313455939292908,
      1.0
    ]
  ]
}