{
  "game_number": 618,
  "words": [
    "BOWTIE",
    "ELBOW",
    "SHELL",
    "SPIRAL",
    "HIP",
    "KNEE",
    "SHOULDER",
    "WRIST",
    "AIRPLANE",
    "MOTHER",
    "OKLAHOMA",
    "THEM",
    "FLY",
    "GNAT",
    "MOTH",
    "WASP"
  ],
  "adjacency_matrix": [
    [
      1.0,
      0.3842836022377014,
      0.38523921370506287,
      0.37236154079437256,
      0.4027916193008423,
      0.39373111724853516,
      0.4074057936668396,
      0.40900325775146484,
      0.3207766115665436,
      0.2320103496313095,
      0.27184465527534485,
      0.2311827391386032,
      0.3566620945930481,
      0.23052339255809784,
      0.21746642887592316,
      0.30456629395484924
    ],
    [
      0.3842836022377014,
      1.0,
      0.3161718249320984,
      0.3561530113220215,
      0.5868031978607178,
      0.7759487628936768,
      0.6915635466575623,
      0.6729534864425659,
      0.29600438475608826,
      0.2663833796977997,
      0.14513364434242249,
      0.29977792501449585,
      0.3190574049949646,
      0.28284764289855957,
      0.16710545122623444,
      0.26333028078079224
    ],
    [
      0.38523921370506287,
      0.3161718249320984,
      1.0,
      0.42482125759124756,
      0.28487300872802734,
      0.2832709848880768,
      0.32901298999786377,
      0.32883068919181824,
      0.2590869665145874,
      0.33176183700561523,
      0.12840679287910461,
      0.3343766927719116,
      0.3726896047592163,
      0.22316251695156097,
      0.3129015266895294,
      0.3826713562011719
    ],
    [
      0.37236154079437256,
      0.3561530113220215,
      0.42482125759124756,
      1.0,
      0.34674200415611267,
      0.3538109362125397,
      0.36591896414756775,
      0.33128753304481506,
      0.33710095286369324,
      0.2952744960784912,
      0.11119247227907181,
      0.27475303411483765,
      0.33157339692115784,
      0.2121521681547165,
      0.30694901943206787,
      0.2958611845970154
    ],
    [
      0.4027916193008423,
      0.5868031978607178,
      0.28487300872802734,
      0.34674200415611267,
      1.0,
      0.6293118596076965,
      0.5245566368103027,
      0.5532811284065247,
      0.25627604126930237,
      0.2694757878780365,
      0.1848766952753067,
      0.24895833432674408,
      0.23918594419956207,
      0.19823922216892242,
      0.08780156075954437,
      0.22158892452716827
    ],
    [
      0.39373111724853516,
      0.7759487628936768,
      0.2832709848880768,
      0.3538109362125397,
      0.6293118596076965,
      0.9999999403953552,
      0.66111820936203,
      0.6414555311203003,
      0.30064624547958374,
      0.3089282810688019,
      0.1828717738389969,
      0.24239423871040344,
      0.2642965018749237,
      0.23085415363311768,
      0.12950511276721954,
      0.2450263649225235
    ],
    [
      0.4074057936668396,
      0.6915635466575623,
      0.32901298999786377,
      0.36591896414756775,
      0.5245566368103027,
      0.66111820936203,
      1.0,
      0.6359104514122009,
      0.2586412727832794,
      0.37349411845207214,
      0.16027508676052094,
      0.3473380506038666,
      0.34715062379837036,
      0.234798401594162,
      0.19076496362686157,
      0.249613955616951
    ],
    [
      0.40900325775146484,
      0.6729534864425659,
      0.32883068919181824,
      0.33128753304481506,
      0.5532811284065247,
      0.6414555311203003,
      0.6359104514122009,
      1.0,
      0.2543128728866577,
      0.2862955629825592,
      0.09139568358659744,
      0.28104016184806824,
      0.2771778702735901,
      0.20581403374671936,
      0.1698102504014969,
      0.27084821462631226
    ],
    [
      0.3207766115665436,
      0.29600438475608826,
      0.2590869665145874,
      0.33710095286369324,
      0.25627604126930237,
      0.30064624547958374,
      0.2586412727832794,
      0.2543128728866577,
      1.0,
      0.336041659116745,
      0.2831084132194519,
      0.32839277386665344,
      0.6046401262283325,
      0.19574829936027527,
      0.32405680418014526,
      0.34742704033851624
    ],
    [
      0.2320103496313095,
      0.2663833796977997,
      0.33176183700561523,
      0.2952744960784912,
      0.2694757878780365,
      0.3089282810688019,
      0.37349411845207214,
      0.2862955629825592,
      0.336041659116745,
      0.9999999403953552,
      0.21930135786533356,
      0.39791029691696167,
      0.35060009360313416,
      0.19485141336917877,
      0.44578441977500916,
      0.37897518277168274
    ],
    [
      0.27184465527534485,
      0.14513364434242249,
      0.12840679287910461,
      0.11119247227907181,
      0.1848766952753067,
      0.1828717738389969,
      0.16027508676052094,
      0.09139568358659744,
      0.2831084132194519,
      0.21930135786533356,
      1.0,
      0.1704108566045761,
      0.2706921696662903,
      0.14011144638061523,
      0.1632605940103531,
      0.19096896052360535
    ],
    [
      0.2311827391386032,
      0.29977792501449585,
      0.3343766927719116,
      0.27475303411483765,
      0.24895833432674408,
      0.24239423871040344,
      0.3473380506038666,
      0.28104016184806824,
      0.32839277386665344,
      0.39791029691696167,
      0.1704108566045761,
      1.0000001192092896,
      0.4372720718383789,
      0.07627741992473602,
      0.21260911226272583,
      0.2291630506515503
    ],
    [
      0.3566620945930481,
      0.3190574049949646,
      0.3726896047592163,
      0.33157339692115784,
      0.23918594419956207,
      0.2642965018749237,
      0.34715062379837036,
      0.2771778702735901,
      0.6046401262283325,
      0.35060009360313416,
      0.2706921696662903,
      0.4372720718383789,
      1.0,
      0.3740929663181305,
      0.41806355118751526,
      0.46247780323028564
    ],
    [
      0.23052339255809784,
      0.28284764289855957,
      0.22316251695156097,
      0.2121521681547165,
      0.19823922216892242,
      0.23085415363311768,
      0.234798401594162,
      0.20581403374671936,
      0.19574829936027527,
      0.19485141336917877,
      0.14011144638061523,
      0.07627741992473602,
      0.3740929663181305,
      0.9999999403953552,
      0.39983031153678894,
      0.470691442489624
    ],
    [
      0.21746642887592316,
      0.16710545122623444,
      0.3129015266895294,
      0.30694901943206787,
      0.08780156075954437,
      0.12950511276721954,
      0.19076496362686157,
      0.1698102504014969,
      0.32405680418014526,
      0.44578441977500916,
      0.1632605940103531,
      0.21260911226272583,
      0.41806355118751526,
      0.39983031153678894,
      1.0,
      0.5539449453353882
    ],
    [
      0.30456629395484924,
      0.26333028078079224,
      0.3826713562011719,
      0.2958611845970154,
      0.22158892452716827,
      0.2450263649225235,
      0.249613955616951,
      0.27084821462631226,
      0.34742704033851624,
      0.37897518277168274,
      0.19096896052360535,
      0.2291630506515503,
      0.46247780323028564,
      0.470691442489624,
      0.5539449453353882,
      1.0
    ]
  ]
}