{
  "game_number": 312,
  "words": [
    "BRANCH",
    "FORK",
    "PART",
    "SPLIT",
    "DOORKNOB",
    "KNIFE",
    "TOPKNOT",
    "UNKNOWN",
    "FORMULA",
    "RECIPE",
    "SECRET",
    "TICKET",
    "DELICATE",
    "RAW",
    "SENSITIVE",
    "TENDER"
  ],
  "adjacency_matrix": [
    [
      1.0,
      0.48308244347572327,
      0.4537147283554077,
      0.4203367531299591,
      0.2922344207763672,
      0.36675095558166504,
      0.41008034348487854,
      0.28901439905166626,
      0.3145385682582855,
      0.31135842204093933,
      0.39912712574005127,
      0.36219242215156555,
      0.3108022212982178,
      0.22300773859024048,
      0.2665323317050934,
      0.3038358688354492
    ],
    [
      0.48308244347572327,
      0.9999999403953552,
      0.40289607644081116,
      0.5470246076583862,
      0.3679466247558594,
      0.5565198063850403,
      0.385311096906662,
      0.22831346094608307,
      0.2594060003757477,
      0.44168803095817566,
      0.3298626244068146,
      0.3055019676685333,
      0.32828012108802795,
      0.3051896393299103,
      0.25547313690185547,
      0.2731466591358185
    ],
    [
      0.4537147283554077,
      0.40289607644081116,
      1.0,
      0.5118142366409302,
      0.2661600708961487,
      0.3507394790649414,
      0.37395256757736206,
      0.4080217778682709,
      0.4460362493991852,
      0.41227084398269653,
      0.4860610067844391,
      0.37546494603157043,
      0.4196808338165283,
      0.37089231610298157,
      0.4440383315086365,
      0.41812875866889954
    ],
    [
      0.4203367531299591,
      0.5470246076583862,
      0.5118142366409302,
      1.0,
      0.21181544661521912,
      0.3702579736709595,
      0.3937167823314667,
      0.300597608089447,
      0.3447864353656769,
      0.33690962195396423,
      0.3552091419696808,
      0.34745359420776367,
      0.39353159070014954,
      0.3643176853656769,
      0.3388760983943939,
      0.32814180850982666
    ],
    [
      0.2922344207763672,
      0.3679466247558594,
      0.2661600708961487,
      0.21181544661521912,
      1.0,
      0.504159688949585,
      0.3246781527996063,
      0.2463955283164978,
      0.25172093510627747,
      0.272563099861145,
      0.33034881949424744,
      0.29645347595214844,
      0.292481392621994,
      0.19517843425273895,
      0.3102263808250427,
      0.18223531544208527
    ],
    [
      0.36675095558166504,
      0.5565198063850403,
      0.3507394790649414,
      0.3702579736709595,
      0.504159688949585,
      1.0,
      0.4400033950805664,
      0.26304125785827637,
      0.26526230573654175,
      0.3950210511684418,
      0.3819906711578369,
      0.33779531717300415,
      0.35291048884391785,
      0.37291622161865234,
      0.2945079803466797,
      0.32402125000953674
    ],
    [
      0.41008034348487854,
      0.385311096906662,
      0.37395256757736206,
      0.3937167823314667,
      0.3246781527996063,
      0.4400033950805664,
      1.0,
      0.3595583140850067,
      0.2984658181667328,
      0.3330863416194916,
      0.3695898950099945,
      0.2652481198310852,
      0.39146536588668823,
      0.38249868154525757,
      0.3310551345348358,
      0.35478514432907104
    ],
    [
      0.28901439905166626,
      0.22831346094608307,
      0.4080217778682709,
      0.300597608089447,
      0.2463955283164978,
      0.26304125785827637,
      0.3595583140850067,
      0.9999999403953552,
      0.2936721444129944,
      0.31557828187942505,
      0.5043937563896179,
      0.2917715609073639,
      0.3789946436882019,
      0.4066876173019409,
      0.48845210671424866,
      0.3402889668941498
    ],
    [
      0.3145385682582855,
      0.2594060003757477,
      0.4460362493991852,
      0.3447864353656769,
      0.25172093510627747,
      0.26526230573654175,
      0.2984658181667328,
      0.2936721444129944,
      1.0,
      0.5708304643630981,
      0.39687541127204895,
      0.3115464746952057,
      0.28458231687545776,
      0.2969829738140106,
      0.2897639274597168,
      0.2515462636947632
    ],
    [
      0.31135842204093933,
      0.44168803095817566,
      0.41227084398269653,
      0.33690962195396423,
      0.272563099861145,
      0.3950210511684418,
      0.3330863416194916,
      0.31557828187942505,
      0.5708304643630981,
      1.0,
      0.4844503700733185,
      0.33043360710144043,
      0.35483092069625854,
      0.3622283339500427,
      0.28529465198516846,
      0.283592164516449
    ],
    [
      0.39912712574005127,
      0.3298626244068146,
      0.4860610067844391,
      0.3552091419696808,
      0.33034881949424744,
      0.3819906711578369,
      0.3695898950099945,
      0.5043937563896179,
      0.39687541127204895,
      0.4844503700733185,
      1.0,
      0.29754287004470825,
      0.4686378538608551,
      0.40365609526634216,
      0.5155888795852661,
      0.3848053514957428
    ],
    [
      0.36219242215156555,
      0.3055019676685333,
      0.37546494603157043,
      0.34745359420776367,
      0.29645347595214844,
      0.33779531717300415,
      0.2652481198310852,
      0.2917715609073639,
      0.3115464746952057,
      0.33043360710144043,
      0.29754287004470825,
      0.9999999403953552,
      0.2328086793422699,
      0.31046947836875916,
      0.26768985390663147,
      0.32195761799812317
    ],
    [
      0.3108022212982178,
      0.32828012108802795,
      0.4196808338165283,
      0.39353159070014954,
      0.292481392621994,
      0.35291048884391785,
      0.39146536588668823,
      0.3789946436882019,
      0.28458231687545776,
      0.35483092069625854,
      0.4686378538608551,
      0.2328086793422699,
      1.0,
      0.4566774070262909,
      0.6950764656066895,
      0.5148918032646179
    ],
    [
      0.22300773859024048,
      0.3051896393299103,
      0.37089231610298157,
      0.3643176853656769,
      0.19517843425273895,
      0.37291622161865234,
      0.38249868154525757,
      0.4066876173019409,
      0.2969829738140106,
      0.3622283339500427,
      0.40365609526634216,
      0.31046947836875916,
      0.4566774070262909,
      1.0,
      0.5285606384277344,
      0.4026501476764679
    ],
    [
      0.2665323317050934,
      0.25547313690185547,
      0.4440383315086365,
      0.3388760983943939,
      0.3102263808250427,
      0.2945079803466797,
      0.3310551345348358,
      0.48845210671424866,
      0.2897639274597168,
      0.28529465198516846,
      0.5155888795852661,
      0.26768985390663147,
      0.6950764656066895,
      0.5285606384277344,
      1.0,
      0.5329105854034424
    ],
    [
      0.3038358688354492,
      0.2731466591358185,
      0.41812875866889954,
      0.32814180850982666,
      0.18223531544208527,
      0.32402125000953674,
      0.35478514432907104,
      0.3402889668941498,
      0.2515462636947632,
      0.283592164516449,
      0.3848053514957428,
      0.32195761799812317,
      0.5148918032646179,
      0.4026501476764679,
      0.5329105854034424,
      1.0
    ]
  ]
}