{
  "game_number": 334,
  "words": [
    "EVIL",
    "LIVE",
    "VEIL",
    "VILE",
    "AMAZING",
    "BEGINNER",
    "GENIUS",
    "SOLID",
    "LIT",
    "SCENTED",
    "WAXY",
    "WICKED",
    "CHOICE",
    "SAY",
    "VOICE",
    "VOTE"
  ],
  "adjacency_matrix": [
    [
      1.0,
      0.32970547676086426,
      0.35822805762290955,
      0.6161916255950928,
      0.42474544048309326,
      0.19292935729026794,
      0.47882694005966187,
      0.3164406418800354,
      0.21841052174568176,
      0.2483423799276352,
      0.2403309941291809,
      0.6969499588012695,
      0.4155411124229431,
      0.26205772161483765,
      0.36949142813682556,
      0.2997070252895355
    ],
    [
      0.32970547676086426,
      1.0000001192092896,
      0.3053523898124695,
      0.3324005603790283,
      0.3870393633842468,
      0.2378050833940506,
      0.29889360070228577,
      0.4088073670864105,
      0.38357025384902954,
      0.26176247000694275,
      0.1709798276424408,
      0.4077714681625366,
      0.4695735275745392,
      0.41678735613822937,
      0.4452386796474457,
      0.4533703923225403
    ],
    [
      0.35822805762290955,
      0.3053523898124695,
      0.9999999403953552,
      0.3676861524581909,
      0.21496227383613586,
      0.1013617143034935,
      0.2534058392047882,
      0.27412861585617065,
      0.2522660791873932,
      0.2973636984825134,
      0.3757539391517639,
      0.2887594997882843,
      0.3083937466144562,
      0.22172552347183228,
      0.3593052923679352,
      0.2993067800998688
    ],
    [
      0.6161916255950928,
      0.3324005603790283,
      0.3676861524581909,
      1.0000001192092896,
      0.4798257052898407,
      0.15156790614128113,
      0.3938998878002167,
      0.34384939074516296,
      0.25150778889656067,
      0.38633447885513306,
      0.3653744161128998,
      0.6008692383766174,
      0.3377179801464081,
      0.28735148906707764,
      0.3477741777896881,
      0.22484685480594635
    ],
    [
      0.42474544048309326,
      0.3870393633842468,
      0.21496227383613586,
      0.4798257052898407,
      0.9999999403953552,
      0.2774251103401184,
      0.4889480769634247,
      0.5041784644126892,
      0.28078997135162354,
      0.30656662583351135,
      0.2303597331047058,
      0.42115312814712524,
      0.37240779399871826,
      0.36103615164756775,
      0.3376160264015198,
      0.24573659896850586
    ],
    [
      0.19292935729026794,
      0.2378050833940506,
      0.1013617143034935,
      0.15156790614128113,
      0.2774251103401184,
      1.0,
      0.3319273293018341,
      0.31594517827033997,
      0.16694261133670807,
      0.23538179695606232,
      0.14126889407634735,
      0.23534902930259705,
      0.34638139605522156,
      0.23377075791358948,
      0.2712060511112213,
      0.16650649905204773
    ],
    [
      0.47882694005966187,
      0.29889360070228577,
      0.2534058392047882,
      0.3938998878002167,
      0.4889480769634247,
      0.3319273293018341,
      0.9999999403953552,
      0.35491734743118286,
      0.2375456988811493,
      0.21635955572128296,
      0.25837522745132446,
      0.4326808750629425,
      0.3872125446796417,
      0.3237162232398987,
      0.4004143178462982,
      0.2535054385662079
    ],
    [
      0.3164406418800354,
      0.4088073670864105,
      0.27412861585617065,
      0.34384939074516296,
      0.5041784644126892,
      0.31594517827033997,
      0.35491734743118286,
      1.0,
      0.3529662489891052,
      0.3893710672855377,
      0.41763943433761597,
      0.3231032192707062,
      0.42782458662986755,
      0.27922263741493225,
      0.399411678314209,
      0.29063814878463745
    ],
    [
      0.21841052174568176,
      0.38357025384902954,
      0.2522660791873932,
      0.25150778889656067,
      0.28078997135162354,
      0.16694261133670807,
      0.2375456988811493,
      0.3529662489891052,
      1.0,
      0.4605548679828644,
      0.20690621435642242,
      0.29447051882743835,
      0.2745117247104645,
      0.2694524824619293,
      0.2545014023780823,
      0.1925521045923233
    ],
    [
      0.2483423799276352,
      0.26176247000694275,
      0.2973636984825134,
      0.38633447885513306,
      0.30656662583351135,
      0.23538179695606232,
      0.21635955572128296,
      0.3893710672855377,
      0.4605548679828644,
      1.0,
      0.41700735688209534,
      0.35952726006507874,
      0.3074290156364441,
      0.1965484768152237,
      0.28631702065467834,
      0.2383183389902115
    ],
    [
      0.2403309941291809,
      0.1709798276424408,
      0.3757539391517639,
      0.3653744161128998,
      0.2303597331047058,
      0.14126889407634735,
      0.25837522745132446,
      0.41763943433761597,
      0.20690621435642242,
      0.41700735688209534,
      0.9999999403953552,
      0.2950647473335266,
      0.166296124458313,
      0.15752361714839935,
      0.21491223573684692,
      0.09844984859228134
    ],
    [
      0.6969499588012695,
      0.4077714681625366,
      0.2887594997882843,
      0.6008692383766174,
      0.42115312814712524,
      0.23534902930259705,
      0.4326808750629425,
      0.3231032192707062,
      0.29447051882743835,
      0.35952726006507874,
      0.2950647473335266,
      0.9999999403953552,
      0.32274726033210754,
      0.26473498344421387,
      0.309071809053421,
      0.27955174446105957
    ],
    [
      0.4155411124229431,
      0.4695735275745392,
      0.3083937466144562,
      0.3377179801464081,
      0.37240779399871826,
      0.34638139605522156,
      0.3872125446796417,
      0.42782458662986755,
      0.2745117247104645,
      0.3074290156364441,
      0.166296124458313,
      0.32274726033210754,
      1.0,
      0.4178253412246704,
      0.4766404628753662,
      0.4790436029434204
    ],
    [
      0.26205772161483765,
      0.41678735613822937,
      0.22172552347183228,
      0.28735148906707764,
      0.36103615164756775,
      0.23377075791358948,
      0.3237162232398987,
      0.27922263741493225,
      0.2694524824619293,
      0.1965484768152237,
      0.15752361714839935,
      0.26473498344421387,
      0.4178253412246704,
      1.0,
      0.38612687587738037,
      0.4038354456424713
    ],
    [
      0.36949142813682556,
      0.4452386796474457,
      0.3593052923679352,
      0.3477741777896881,
      0.3376160264015198,
      0.2712060511112213,
      0.4004143178462982,
      0.399411678314209,
      0.2545014023780823,
      0.28631702065467834,
      0.21491223573684692,
      0.309071809053421,
      0.4766404628753662,
      0.38612687587738037,
      1.0,
      0.4548519253730774
    ],
    [
      0.2997070252895355,
      0.4533703923225403,
      0.2993067800998688,
      0.22484685480594635,
      0.24573659896850586,
      0.16650649905204773,
      0.2535054385662079,
      0.29063814878463745,
      0.1925521045923233,
      0.2383183389902115,
      0.09844984859228134,
      0.27955174446105957,
      0.4790436029434204,
      0.4038354456424713,
      0.4548519253730774,
      1.0
    ]
  ]
}