{
  "game_number": 246,
  "words": [
    "BIRTHDAY",
    "COCKTAIL",
    "DINNER",
    "SURPRISE",
    "FRONTLINE",
    "NATURE",
    "NOVA",
    "MASTERPIECE",
    "ANGERS",
    "CHAMPAGNE",
    "NICE",
    "REUNION",
    "DECK",
    "PORCH",
    "STOOP",
    "YARD"
  ],
  "adjacency_matrix": [
    [
      1.0,
      0.35569655895233154,
      0.5024241209030151,
      0.3790948987007141,
      0.19807176291942596,
      0.280494749546051,
      0.14785271883010864,
      0.33989015221595764,
      0.20301732420921326,
      0.3755185604095459,
      0.3278777599334717,
      0.47128838300704956,
      0.24064262211322784,
      0.3238016963005066,
      0.1808062195777893,
      0.24096015095710754
    ],
    [
      0.35569655895233154,
      1.0,
      0.5424387454986572,
      0.29547378420829773,
      0.2622009813785553,
      0.3370909094810486,
      0.2597263753414154,
      0.3587205708026886,
      0.23303824663162231,
      0.6038185954093933,
      0.3201688230037689,
      0.335187166929245,
      0.37218403816223145,
      0.3224150836467743,
      0.21386361122131348,
      0.16795074939727783
    ],
    [
      0.5024241209030151,
      0.5424387454986572,
      1.0,
      0.3930063843727112,
      0.23496627807617188,
      0.27703729271888733,
      0.16879428923130035,
      0.3001868426799774,
      0.25069504976272583,
      0.5119032859802246,
      0.42100363969802856,
      0.5196354985237122,
      0.33612844347953796,
      0.435793399810791,
      0.30519261956214905,
      0.33023130893707275
    ],
    [
      0.3790948987007141,
      0.29547378420829773,
      0.3930063843727112,
      1.0,
      0.296671062707901,
      0.3752763867378235,
      0.21544711291790009,
      0.37348589301109314,
      0.4235702157020569,
      0.30663368105888367,
      0.5186401605606079,
      0.3543970286846161,
      0.23059657216072083,
      0.24331355094909668,
      0.2971418499946594,
      0.20139677822589874
    ],
    [
      0.19807176291942596,
      0.2622009813785553,
      0.23496627807617188,
      0.296671062707901,
      1.0,
      0.396043598651886,
      0.15774007141590118,
      0.32058870792388916,
      0.3051551580429077,
      0.26375097036361694,
      0.29798629879951477,
      0.2985476851463318,
      0.26770856976509094,
      0.25288712978363037,
      0.24282410740852356,
      0.30644306540489197
    ],
    [
      0.280494749546051,
      0.3370909094810486,
      0.27703729271888733,
      0.3752763867378235,
      0.396043598651886,
      1.0,
      0.20699851214885712,
      0.3823491930961609,
      0.3748558759689331,
      0.2569449841976166,
      0.38329723477363586,
      0.29880255460739136,
      0.3225240409374237,
      0.29500484466552734,
      0.2689222991466522,
      0.21447069942951202
    ],
    [
      0.14785271883010864,
      0.2597263753414154,
      0.16879428923130035,
      0.21544711291790009,
      0.15774007141590118,
      0.20699851214885712,
      1.0,
      0.2946406900882721,
      0.17507076263427734,
      0.18423525989055634,
      0.171327605843544,
      0.2323925495147705,
      0.12930426001548767,
      0.17649121582508087,
      0.08407701551914215,
      0.07387900352478027
    ],
    [
      0.33989015221595764,
      0.3587205708026886,
      0.3001868426799774,
      0.37348589301109314,
      0.32058870792388916,
      0.3823491930961609,
      0.2946406900882721,
      1.0,
      0.21635586023330688,
      0.3118892014026642,
      0.36310312151908875,
      0.31932348012924194,
      0.290776789188385,
      0.29335662722587585,
      0.21747858822345734,
      0.26709192991256714
    ],
    [
      0.20301732420921326,
      0.23303824663162231,
      0.25069504976272583,
      0.4235702157020569,
      0.3051551580429077,
      0.3748558759689331,
      0.17507076263427734,
      0.21635586023330688,
      1.0,
      0.2510504424571991,
      0.3107915222644806,
      0.2810361981391907,
      0.2241872102022171,
      0.19807250797748566,
      0.17920809984207153,
      0.20313513278961182
    ],
    [
      0.3755185604095459,
      0.6038185954093933,
      0.5119032859802246,
      0.30663368105888367,
      0.26375097036361694,
      0.2569449841976166,
      0.18423525989055634,
      0.3118892014026642,
      0.2510504424571991,
      1.0,
      0.3474600911140442,
      0.30817124247550964,
      0.263780415058136,
      0.27356642484664917,
      0.15426850318908691,
      0.18370039761066437
    ],
    [
      0.3278777599334717,
      0.3201688230037689,
      0.42100363969802856,
      0.5186401605606079,
      0.29798629879951477,
      0.38329723477363586,
      0.171327605843544,
      0.36310312151908875,
      0.3107915222644806,
      0.3474600911140442,
      1.0,
      0.2943742573261261,
      0.3073749244213104,
      0.33085888624191284,
      0.31824013590812683,
      0.27771157026290894
    ],
    [
      0.47128838300704956,
      0.335187166929245,
      0.5196354985237122,
      0.3543970286846161,
      0.2985476851463318,
      0.29880255460739136,
      0.2323925495147705,
      0.31932348012924194,
      0.2810361981391907,
      0.30817124247550964,
      0.2943742573261261,
      1.0,
      0.2537335753440857,
      0.27838972210884094,
      0.11441904306411743,
      0.268920361995697
    ],
    [
      0.24064262211322784,
      0.37218403816223145,
      0.33612844347953796,
      0.23059657216072083,
      0.26770856976509094,
      0.3225240409374237,
      0.12930426001548767,
      0.290776789188385,
      0.2241872102022171,
      0.263780415058136,
      0.3073749244213104,
      0.2537335753440857,
      1.0,
      0.4491715133190155,
      0.4019583761692047,
      0.43505343794822693
    ],
    [
      0.3238016963005066,
      0.3224150836467743,
      0.435793399810791,
      0.24331355094909668,
      0.25288712978363037,
      0.29500484466552734,
      0.17649121582508087,
      0.29335662722587585,
      0.19807250797748566,
      0.27356642484664917,
      0.33085888624191284,
      0.27838972210884094,
      0.4491715133190155,
      0.9999999403953552,
      0.4714098870754242,
      0.4937033951282501
    ],
    [
      0.1808062195777893,
      0.21386361122131348,
      0.30519261956214905,
      0.2971418499946594,
      0.24282410740852356,
      0.2689222991466522,
      0.08407701551914215,
      0.21747858822345734,
      0.17920809984207153,
      0.15426850318908691,
      0.31824013590812683,
      0.11441904306411743,
      0.4019583761692047,
      0.4714098870754242,
      1.0,
      0.32784566283226013
    ],
    [
      0.24096015095710754,
      0.16795074939727783,
      0.33023130893707275,
      0.20139677822589874,
      0.30644306540489197,
      0.21447069942951202,
      0.07387900352478027,
      0.26709192991256714,
      0.20313513278961182,
      0.18370039761066437,
      0.27771157026290894,
      0.268920361995697,
      0.43505343794822693,
      0.4937033951282501,
      0.32784566283226013,
      1.0
    ]
  ]
}