{
  "game_number": 226,
  "words": [
    "DISCOVERY",
    "HISTORY",
    "NICKELODEON",
    "OXYGEN",
    "HOMEY",
    "JOKER",
    "PENNYWISE",
    "RONALD",
    "DEFENSE",
    "DEMOCRAT",
    "DIMENSIONAL",
    "DRIVE",
    "COMB",
    "DIG",
    "ROOT",
    "SIFT"
  ],
  "adjacency_matrix": [
    [
      1.0,
      0.42783457040786743,
      0.2566441595554352,
      0.2797691822052002,
      0.16415290534496307,
      0.2508731186389923,
      0.2943766713142395,
      0.1534203290939331,
      0.391034334897995,
      0.1286378651857376,
      0.30161333084106445,
      0.37607765197753906,
      0.2703431248664856,
      0.35583239793777466,
      0.3020613491535187,
      0.21429193019866943
    ],
    [
      0.42783457040786743,
      1.0,
      0.36684927344322205,
      0.2686086893081665,
      0.24333596229553223,
      0.2973044216632843,
      0.35569313168525696,
      0.1982644647359848,
      0.44605642557144165,
      0.2986413538455963,
      0.2927814722061157,
      0.3550771176815033,
      0.26759636402130127,
      0.328132301568985,
      0.40352290868759155,
      0.26508796215057373
    ],
    [
      0.2566441595554352,
      0.36684927344322205,
      1.0,
      0.2790290415287018,
      0.3051943778991699,
      0.3168143630027771,
      0.47756174206733704,
      0.19933992624282837,
      0.25438162684440613,
      0.32162386178970337,
      0.25376787781715393,
      0.2796068787574768,
      0.20785053074359894,
      0.21776868402957916,
      0.3405153453350067,
      0.09391821920871735
    ],
    [
      0.2797691822052002,
      0.2686086893081665,
      0.2790290415287018,
      0.9999999403953552,
      0.19924168288707733,
      0.22143521904945374,
      0.32402467727661133,
      0.1256725937128067,
      0.2321300208568573,
      0.2051168978214264,
      0.28814876079559326,
      0.2763579487800598,
      0.17934460937976837,
      0.15055137872695923,
      0.3333439528942108,
      0.14948542416095734
    ],
    [
      0.16415290534496307,
      0.24333596229553223,
      0.3051943778991699,
      0.19924168288707733,
      1.0,
      0.33176571130752563,
      0.317239373922348,
      0.2769273519515991,
      0.23827722668647766,
      0.318613737821579,
      0.2739067077636719,
      0.15972453355789185,
      0.19575650990009308,
      0.17642922699451447,
      0.21195323765277863,
      0.11746496707201004
    ],
    [
      0.2508731186389923,
      0.2973044216632843,
      0.3168143630027771,
      0.22143521904945374,
      0.33176571130752563,
      1.0,
      0.4265062212944031,
      0.3756493926048279,
      0.29836755990982056,
      0.45680537819862366,
      0.2861820161342621,
      0.2597600221633911,
      0.20885735750198364,
      0.1973247230052948,
      0.28126636147499084,
      0.11566240340471268
    ],
    [
      0.2943766713142395,
      0.35569313168525696,
      0.47756174206733704,
      0.32402467727661133,
      0.317239373922348,
      0.4265062212944031,
      1.0,
      0.3581865429878235,
      0.35790467262268066,
      0.33248141407966614,
      0.37960708141326904,
      0.4152618944644928,
      0.3318377435207367,
      0.32982510328292847,
      0.39278870820999146,
      0.23747758567333221
    ],
    [
      0.1534203290939331,
      0.1982644647359848,
      0.19933992624282837,
      0.1256725937128067,
      0.2769273519515991,
      0.3756493926048279,
      0.3581865429878235,
      0.9999999403953552,
      0.16109400987625122,
      0.3636162281036377,
      0.13581737875938416,
      0.12946541607379913,
      0.22582542896270752,
      0.22185833752155304,
      0.23707017302513123,
      0.1326775848865509
    ],
    [
      0.391034334897995,
      0.44605642557144165,
      0.25438162684440613,
      0.2321300208568573,
      0.23827722668647766,
      0.29836755990982056,
      0.35790467262268066,
      0.16109400987625122,
      1.0,
      0.3158119022846222,
      0.2964520752429962,
      0.3993877172470093,
      0.2831098139286041,
      0.2839741110801697,
      0.34081006050109863,
      0.15150997042655945
    ],
    [
      0.1286378651857376,
      0.2986413538455963,
      0.32162386178970337,
      0.2051168978214264,
      0.318613737821579,
      0.45680537819862366,
      0.33248141407966614,
      0.3636162281036377,
      0.3158119022846222,
      1.0,
      0.17530754208564758,
      0.2379484474658966,
      0.17823141813278198,
      0.19205862283706665,
      0.28791582584381104,
      0.13132646679878235
    ],
    [
      0.30161333084106445,
      0.2927814722061157,
      0.25376787781715393,
      0.28814876079559326,
      0.2739067077636719,
      0.2861820161342621,
      0.37960708141326904,
      0.13581737875938416,
      0.2964520752429962,
      0.17530754208564758,
      1.0,
      0.3370450437068939,
      0.3025214374065399,
      0.1698334813117981,
      0.33659636974334717,
      0.17636501789093018
    ],
    [
      0.37607765197753906,
      0.3550771176815033,
      0.2796068787574768,
      0.2763579487800598,
      0.15972453355789185,
      0.2597600221633911,
      0.4152618944644928,
      0.12946541607379913,
      0.3993877172470093,
      0.2379484474658966,
      0.3370450437068939,
      1.0,
      0.3753948509693146,
      0.4691910445690155,
      0.4435614049434662,
      0.32780250906944275
    ],
    [
      0.2703431248664856,
      0.26759636402130127,
      0.20785053074359894,
      0.17934460937976837,
      0.19575650990009308,
      0.20885735750198364,
      0.3318377435207367,
      0.22582542896270752,
      0.2831098139286041,
      0.17823141813278198,
      0.3025214374065399,
      0.3753948509693146,
      1.0,
      0.4658990502357483,
      0.35307514667510986,
      0.543919026851654
    ],
    [
      0.35583239793777466,
      0.328132301568985,
      0.21776868402957916,
      0.15055137872695923,
      0.17642922699451447,
      0.1973247230052948,
      0.32982510328292847,
      0.22185833752155304,
      0.2839741110801697,
      0.19205862283706665,
      0.1698334813117981,
      0.4691910445690155,
      0.4658990502357483,
      1.0,
      0.4644131362438202,
      0.5339504480361938
    ],
    [
      0.3020613491535187,
      0.40352290868759155,
      0.3405153453350067,
      0.3333439528942108,
      0.21195323765277863,
      0.28126636147499084,
      0.39278870820999146,
      0.23707017302513123,
      0.34081006050109863,
      0.28791582584381104,
      0.33659636974334717,
      0.4435614049434662,
      0.35307514667510986,
      0.4644131362438202,
      1.0,
      0.2784622609615326
    ],
    [
      0.21429193019866943,
      0.26508796215057373,
      0.09391821920871735,
      0.14948542416095734,
      0.11746496707201004,
      0.11566240340471268,
      0.23747758567333221,
      0.1326775848865509,
      0.15150997042655945,
      0.13132646679878235,
      0.17636501789093018,
      0.32780250906944275,
      0.543919026851654,
      0.5339504480361938,
      0.2784622609615326,
      1.0
    ]
  ]
}