{
  "game_number": 264,
  "words": [
    "CREEP",
    "SLIP",
    "STEAL",
    "TIPTOE",
    "BUDGET",
    "ENTERPRISE",
    "NATIONAL",
    "THRIFTY",
    "ENVIRON",
    "JARGON",
    "LATIN",
    "PLEAD",
    "DISPLAY",
    "MONITOR",
    "SCREEN",
    "TERMINAL"
  ],
  "adjacency_matrix": [
    [
      1.0,
      0.5802977681159973,
      0.33023449778556824,
      0.4542103707790375,
      0.364556223154068,
      0.36280983686447144,
      0.28359296917915344,
      0.19611404836177826,
      0.2602868676185608,
      0.3772939145565033,
      0.21909776329994202,
      0.3140208423137665,
      0.32657700777053833,
      0.360639363527298,
      0.3545176088809967,
      0.2734941840171814
    ],
    [
      0.5802977681159973,
      1.0000001192092896,
      0.4755810499191284,
      0.46897658705711365,
      0.36657845973968506,
      0.27623251080513,
      0.25980719923973083,
      0.20722970366477966,
      0.18884240090847015,
      0.31595250964164734,
      0.23777617514133453,
      0.3473197817802429,
      0.39390668272972107,
      0.36826688051223755,
      0.37024053931236267,
      0.3438262939453125
    ],
    [
      0.33023449778556824,
      0.4755810499191284,
      1.0,
      0.3345218300819397,
      0.28933438658714294,
      0.31671008467674255,
      0.2222074568271637,
      0.2633347809314728,
      0.2484971135854721,
      0.2290453463792801,
      0.2182370126247406,
      0.3943498432636261,
      0.4344129264354706,
      0.3548193871974945,
      0.33480703830718994,
      0.23420891165733337
    ],
    [
      0.4542103707790375,
      0.46897658705711365,
      0.3345218300819397,
      0.9999999403953552,
      0.23108641803264618,
      0.2590033710002899,
      0.25053903460502625,
      0.16370633244514465,
      0.1934499889612198,
      0.2567587196826935,
      0.15889157354831696,
      0.35279449820518494,
      0.28733161091804504,
      0.3259390890598297,
      0.3644610047340393,
      0.21919479966163635
    ],
    [
      0.364556223154068,
      0.36657845973968506,
      0.28933438658714294,
      0.23108641803264618,
      1.0,
      0.4222104847431183,
      0.42172956466674805,
      0.3511115312576294,
      0.2769104540348053,
      0.2796216607093811,
      0.18087397515773773,
      0.191329687833786,
      0.3431321084499359,
      0.35508275032043457,
      0.378508061170578,
      0.29873713850975037
    ],
    [
      0.36280983686447144,
      0.27623251080513,
      0.31671008467674255,
      0.2590033710002899,
      0.4222104847431183,
      0.9999999403953552,
      0.5261796116828918,
      0.3582151532173157,
      0.3783469498157501,
      0.3367239236831665,
      0.23484590649604797,
      0.22894752025604248,
      0.4033889174461365,
      0.35997557640075684,
      0.34165140986442566,
      0.38035282492637634
    ],
    [
      0.28359296917915344,
      0.25980719923973083,
      0.2222074568271637,
      0.25053903460502625,
      0.42172956466674805,
      0.5261796116828918,
      1.0,
      0.2869952619075775,
      0.29232674837112427,
      0.29092809557914734,
      0.30050110816955566,
      0.18474136292934418,
      0.40364161133766174,
      0.3503425717353821,
      0.33689311146736145,
      0.40339434146881104
    ],
    [
      0.19611404836177826,
      0.20722970366477966,
      0.2633347809314728,
      0.16370633244514465,
      0.3511115312576294,
      0.3582151532173157,
      0.2869952619075775,
      1.0,
      0.29730233550071716,
      0.22669853270053864,
      0.23453588783740997,
      0.2407369166612625,
      0.259827196598053,
      0.12988072633743286,
      0.171527698636055,
      0.18251444399356842
    ],
    [
      0.2602868676185608,
      0.18884240090847015,
      0.2484971135854721,
      0.1934499889612198,
      0.2769104540348053,
      0.3783469498157501,
      0.29232674837112427,
      0.29730233550071716,
      0.9999999403953552,
      0.27469778060913086,
      0.26960211992263794,
      0.19364416599273682,
      0.35349732637405396,
      0.29377123713493347,
      0.29079458117485046,
      0.3399047553539276
    ],
    [
      0.3772939145565033,
      0.31595250964164734,
      0.2290453463792801,
      0.2567587196826935,
      0.2796216607093811,
      0.3367239236831665,
      0.29092809557914734,
      0.22669853270053864,
      0.27469778060913086,
      1.0,
      0.3485367000102997,
      0.1794177144765854,
      0.2508141100406647,
      0.21143712103366852,
      0.2568332552909851,
      0.31917956471443176
    ],
    [
      0.21909776329994202,
      0.23777617514133453,
      0.2182370126247406,
      0.15889157354831696,
      0.18087397515773773,
      0.23484590649604797,
      0.30050110816955566,
      0.23453588783740997,
      0.26960211992263794,
      0.3485367000102997,
      1.0,
      0.16225484013557434,
      0.1709745228290558,
      0.11855532974004745,
      0.1995558887720108,
      0.2559759318828583
    ],
    [
      0.3140208423137665,
      0.3473197817802429,
      0.3943498432636261,
      0.35279449820518494,
      0.191329687833786,
      0.22894752025604248,
      0.18474136292934418,
      0.2407369166612625,
      0.19364416599273682,
      0.1794177144765854,
      0.16225484013557434,
      1.0,
      0.3016864061355591,
      0.2727774679660797,
      0.26410844922065735,
      0.18850363790988922
    ],
    [
      0.32657700777053833,
      0.39390668272972107,
      0.4344129264354706,
      0.28733161091804504,
      0.3431321084499359,
      0.4033889174461365,
      0.40364161133766174,
      0.259827196598053,
      0.35349732637405396,
      0.2508141100406647,
      0.1709745228290558,
      0.3016864061355591,
      1.0,
      0.526491105556488,
      0.6407417058944702,
      0.45889195799827576
    ],
    [
      0.360639363527298,
      0.36826688051223755,
      0.3548193871974945,
      0.3259390890598297,
      0.35508275032043457,
      0.35997557640075684,
      0.3503425717353821,
      0.12988072633743286,
      0.29377123713493347,
      0.21143712103366852,
      0.11855532974004745,
      0.2727774679660797,
      0.526491105556488,
      1.0,
      0.5948165059089661,
      0.3421306908130646
    ],
    [
      0.3545176088809967,
      0.37024053931236267,
      0.33480703830718994,
      0.3644610047340393,
      0.378508061170578,
      0.34165140986442566,
      0.33689311146736145,
      0.171527698636055,
      0.29079458117485046,
      0.2568332552909851,
      0.1995558887720108,
      0.26410844922065735,
      0.6407417058944702,
      0.5948165059089661,
      1.0,
      0.4808613955974579
    ],
    [
      0.2734941840171814,
      0.3438262939453125,
      0.23420891165733337,
      0.21919479966163635,
      0.29873713850975037,
      0.38035282492637634,
      0.40339434146881104,
      0.18251444399356842,
      0.3399047553539276,
      0.31917956471443176,
      0.2559759318828583,
      0.18850363790988922,
      0.45889195799827576,
      0.3421306908130646,
      0.4808613955974579,
      1.0
    ]
  ]
}