{
  "game_number": 511,
  "words": [
    "AUGUST",
    "GRAND",
    "NOBLE",
    "REGAL",
    "MARCH",
    "STEP",
    "STRIDE",
    "TREAD",
    "EARTH",
    "GROUNDHOG",
    "LABOR",
    "MAY",
    "GANDER",
    "GLANCE",
    "GLIMPSE",
    "LOOK"
  ],
  "adjacency_matrix": [
    [
      0.9999999403953552,
      0.41971859335899353,
      0.41365545988082886,
      0.4387129247188568,
      0.4341484010219574,
      0.2098134607076645,
      0.258792519569397,
      0.23867475986480713,
      0.31145691871643066,
      0.26949888467788696,
      0.21927814185619354,
      0.16076774895191193,
      0.10320345312356949,
      0.2388322949409485,
      0.23050950467586517,
      0.2503863573074341
    ],
    [
      0.41971859335899353,
      1.0,
      0.5591651201248169,
      0.5274942517280579,
      0.42120203375816345,
      0.40414389967918396,
      0.3463532328605652,
      0.2582456171512604,
      0.2791331112384796,
      0.22707752883434296,
      0.2891290783882141,
      0.24611514806747437,
      0.26051196455955505,
      0.3145192861557007,
      0.39092880487442017,
      0.34925469756126404
    ],
    [
      0.41365545988082886,
      0.5591651201248169,
      0.9999999403953552,
      0.5300953984260559,
      0.31070584058761597,
      0.3116587996482849,
      0.33422189950942993,
      0.27022746205329895,
      0.3788920044898987,
      0.16137830913066864,
      0.2992418706417084,
      0.2595398426055908,
      0.2649049460887909,
      0.32655853033065796,
      0.30798181891441345,
      0.3076147139072418
    ],
    [
      0.4387129247188568,
      0.5274942517280579,
      0.5300953984260559,
      1.0000001192092896,
      0.3026379942893982,
      0.2689972519874573,
      0.41613075137138367,
      0.3378154933452606,
      0.3115241825580597,
      0.25187599658966064,
      0.2967660427093506,
      0.2522195875644684,
      0.260390043258667,
      0.3303857445716858,
      0.3749180734157562,
      0.38907182216644287
    ],
    [
      0.4341484010219574,
      0.42120203375816345,
      0.31070584058761597,
      0.3026379942893982,
      1.0,
      0.4690137207508087,
      0.4693363904953003,
      0.3420162796974182,
      0.3116821050643921,
      0.25259947776794434,
      0.37507179379463196,
      0.25024598836898804,
      0.19340293109416962,
      0.27107593417167664,
      0.2685512900352478,
      0.2949865758419037
    ],
    [
      0.2098134607076645,
      0.40414389967918396,
      0.3116587996482849,
      0.2689972519874573,
      0.4690137207508087,
      0.9999999403953552,
      0.6327422857284546,
      0.44881248474121094,
      0.29790395498275757,
      0.19237448275089264,
      0.24507108330726624,
      0.33046796917915344,
      0.3299422264099121,
      0.45146599411964417,
      0.437837153673172,
      0.5304809212684631
    ],
    [
      0.258792519569397,
      0.3463532328605652,
      0.33422189950942993,
      0.41613075137138367,
      0.4693363904953003,
      0.6327422857284546,
      1.0,
      0.43795111775398254,
      0.34038257598876953,
      0.28197866678237915,
      0.2689107060432434,
      0.2844436466693878,
      0.3054095506668091,
      0.43505701422691345,
      0.4105740487575531,
      0.48787879943847656
    ],
    [
      0.23867475986480713,
      0.2582456171512604,
      0.27022746205329895,
      0.3378154933452606,
      0.3420162796974182,
      0.44881248474121094,
      0.43795111775398254,
      1.0,
      0.36397784948349,
      0.18356163799762726,
      0.25411877036094666,
      0.34257999062538147,
      0.2642229497432709,
      0.3298366963863373,
      0.3233393430709839,
      0.4443454444408417
    ],
    [
      0.31145691871643066,
      0.2791331112384796,
      0.3788920044898987,
      0.3115241825580597,
      0.3116821050643921,
      0.29790395498275757,
      0.34038257598876953,
      0.36397784948349,
      1.0,
      0.3127216696739197,
      0.3709363043308258,
      0.21884198486804962,
      0.16418220102787018,
      0.2656429409980774,
      0.26276278495788574,
      0.2978363335132599
    ],
    [
      0.26949888467788696,
      0.22707752883434296,
      0.16137830913066864,
      0.25187599658966064,
      0.25259947776794434,
      0.19237448275089264,
      0.28197866678237915,
      0.18356163799762726,
      0.3127216696739197,
      1.0,
      0.21961462497711182,
      0.1765863597393036,
      0.31078192591667175,
      0.2207483947277069,
      0.27942460775375366,
      0.20215977728366852
    ],
    [
      0.21927814185619354,
      0.2891290783882141,
      0.2992418706417084,
      0.2967660427093506,
      0.37507179379463196,
      0.24507108330726624,
      0.2689107060432434,
      0.25411877036094666,
      0.3709363043308258,
      0.21961462497711182,
      1.0,
      0.21297161281108856,
      0.19889919459819794,
      0.18318191170692444,
      0.1905854344367981,
      0.22056664526462555
    ],
    [
      0.16076774895191193,
      0.24611514806747437,
      0.2595398426055908,
      0.2522195875644684,
      0.25024598836898804,
      0.33046796917915344,
      0.2844436466693878,
      0.34257999062538147,
      0.21884198486804962,
      0.1765863597393036,
      0.21297161281108856,
      0.9999999403953552,
      0.19541005790233612,
      0.3257482647895813,
      0.31250518560409546,
      0.511790931224823
    ],
    [
      0.10320345312356949,
      0.26051196455955505,
      0.2649049460887909,
      0.260390043258667,
      0.19340293109416962,
      0.3299422264099121,
      0.3054095506668091,
      0.2642229497432709,
      0.16418220102787018,
      0.31078192591667175,
      0.19889919459819794,
      0.19541005790233612,
      1.0,
      0.35660651326179504,
      0.30137935280799866,
      0.37939223647117615
    ],
    [
      0.2388322949409485,
      0.3145192861557007,
      0.32655853033065796,
      0.3303857445716858,
      0.27107593417167664,
      0.45146599411964417,
      0.43505701422691345,
      0.3298366963863373,
      0.2656429409980774,
      0.2207483947277069,
      0.18318191170692444,
      0.3257482647895813,
      0.35660651326179504,
      1.0,
      0.6224815845489502,
      0.6406064629554749
    ],
    [
      0.23050950467586517,
      0.39092880487442017,
      0.30798181891441345,
      0.3749180734157562,
      0.2685512900352478,
      0.437837153673172,
      0.4105740487575531,
      0.3233393430709839,
      0.26276278495788574,
      0.27942460775375366,
      0.1905854344367981,
      0.31250518560409546,
      0.30137935280799866,
      0.6224815845489502,
      1.0,
      0.568391740322113
    ],
    [
      0.2503863573074341,
      0.34925469756126404,
      0.3076147139072418,
      0.38907182216644287,
      0.2949865758419037,
      0.5304809212684631,
      0.48787879943847656,
      0.4443454444408417,
      0.2978363335132599,
      0.20215977728366852,
      0.22056664526462555,
      0.511790931224823,
      0.37939223647117615,
      0.6406064629554749,
      0.568391740322113,
      1.0
    ]
  ]
}