{
  "game_number": 16,
  "words": [
    "CHARM",
    "ENTRANCE",
    "RIVET",
    "THRILL",
    "CLIP",
    "EXTRACT",
    "PASSAGE",
    "QUOTE",
    "BANGLE",
    "CHICK",
    "GO-GO",
    "SUPREME",
    "BOARD",
    "FISH",
    "GATE",
    "STRUCK"
  ],
  "adjacency_matrix": [
    [
      1.0,
      0.3103463351726532,
      0.350551575422287,
      0.5176637172698975,
      0.33623000979423523,
      0.4094582200050354,
      0.3169483244419098,
      0.29163163900375366,
      0.37835028767585754,
      0.32208195328712463,
      0.3012121617794037,
      0.4078972041606903,
      0.2249688059091568,
      0.3617585599422455,
      0.29264307022094727,
      0.3589502274990082
    ],
    [
      0.3103463351726532,
      1.0,
      0.31169429421424866,
      0.2659328877925873,
      0.3394531309604645,
      0.31296154856681824,
      0.5964592099189758,
      0.3038939833641052,
      0.25584185123443604,
      0.2524070143699646,
      0.21372321248054504,
      0.32703253626823425,
      0.38976189494132996,
      0.32720324397087097,
      0.7237106561660767,
      0.30881673097610474
    ],
    [
      0.350551575422287,
      0.31169429421424866,
      1.0,
      0.35391685366630554,
      0.4370653033256531,
      0.3178371787071228,
      0.3351026773452759,
      0.30405956506729126,
      0.49087703227996826,
      0.36223503947257996,
      0.24597442150115967,
      0.29298797249794006,
      0.3638860881328583,
      0.3474317491054535,
      0.4125223457813263,
      0.39528509974479675
    ],
    [
      0.5176637172698975,
      0.2659328877925873,
      0.35391685366630554,
      1.0,
      0.2782213091850281,
      0.36922886967658997,
      0.33503207564353943,
      0.3047938942909241,
      0.3091239631175995,
      0.2711491286754608,
      0.2965298295021057,
      0.4056156277656555,
      0.21094295382499695,
      0.2983810007572174,
      0.29344016313552856,
      0.3166027367115021
    ],
    [
      0.33623000979423523,
      0.3394531309604645,
      0.4370653033256531,
      0.2782213091850281,
      1.0,
      0.4617072641849518,
      0.4121590256690979,
      0.5366320013999939,
      0.4242047965526581,
      0.3994714915752411,
      0.2392081469297409,
      0.25940150022506714,
      0.35463470220565796,
      0.3090420663356781,
      0.34558215737342834,
      0.29684513807296753
    ],
    [
      0.4094582200050354,
      0.31296154856681824,
      0.3178371787071228,
      0.36922886967658997,
      0.4617072641849518,
      1.0,
      0.3978598117828369,
      0.47773972153663635,
      0.33735716342926025,
      0.22492478787899017,
      0.16736899316310883,
      0.275953471660614,
      0.19912663102149963,
      0.34636110067367554,
      0.3168676793575287,
      0.2993224859237671
    ],
    [
      0.3169483244419098,
      0.5964592099189758,
      0.3351026773452759,
      0.33503207564353943,
      0.4121590256690979,
      0.3978598117828369,
      1.0,
      0.598047137260437,
      0.2704501152038574,
      0.24076798558235168,
      0.1903652399778366,
      0.29523107409477234,
      0.34676021337509155,
      0.3649187386035919,
      0.47220632433891296,
      0.38556331396102905
    ],
    [
      0.29163163900375366,
      0.3038939833641052,
      0.30405956506729126,
      0.3047938942909241,
      0.5366320013999939,
      0.47773972153663635,
      0.598047137260437,
      0.9999999403953552,
      0.3607608377933502,
      0.2485485076904297,
      0.19084544479846954,
      0.3411099910736084,
      0.2844497263431549,
      0.2716529071331024,
      0.30490753054618835,
      0.32862815260887146
    ],
    [
      0.37835028767585754,
      0.25584185123443604,
      0.49087703227996826,
      0.3091239631175995,
      0.4242047965526581,
      0.33735716342926025,
      0.2704501152038574,
      0.3607608377933502,
      1.0,
      0.3861813247203827,
      0.3242679536342621,
      0.27944818139076233,
      0.3119233548641205,
      0.38256338238716125,
      0.3639882206916809,
      0.38128894567489624
    ],
    [
      0.32208195328712463,
      0.2524070143699646,
      0.36223503947257996,
      0.2711491286754608,
      0.3994714915752411,
      0.22492478787899017,
      0.24076798558235168,
      0.2485485076904297,
      0.3861813247203827,
      1.0,
      0.36354631185531616,
      0.30241522192955017,
      0.2645217180252075,
      0.4314199984073639,
      0.30829277634620667,
      0.2343824952840805
    ],
    [
      0.3012121617794037,
      0.21372321248054504,
      0.24597442150115967,
      0.2965298295021057,
      0.2392081469297409,
      0.16736899316310883,
      0.1903652399778366,
      0.19084544479846954,
      0.3242679536342621,
      0.36354631185531616,
      1.0,
      0.2627961337566376,
      0.20864026248455048,
      0.22270217537879944,
      0.20414815843105316,
      0.13507850468158722
    ],
    [
      0.4078972041606903,
      0.32703253626823425,
      0.29298797249794006,
      0.4056156277656555,
      0.25940150022506714,
      0.275953471660614,
      0.29523107409477234,
      0.3411099910736084,
      0.27944818139076233,
      0.30241522192955017,
      0.2627961337566376,
      1.0,
      0.3177219331264496,
      0.24645210802555084,
      0.3162763714790344,
      0.2761228680610657
    ],
    [
      0.2249688059091568,
      0.38976189494132996,
      0.3638860881328583,
      0.21094295382499695,
      0.35463470220565796,
      0.19912663102149963,
      0.34676021337509155,
      0.2844497263431549,
      0.3119233548641205,
      0.2645217180252075,
      0.20864026248455048,
      0.3177219331264496,
      1.0,
      0.32372379302978516,
      0.4284719228744507,
      0.3380734324455261
    ],
    [
      0.3617585599422455,
      0.32720324397087097,
      0.3474317491054535,
      0.2983810007572174,
      0.3090420663356781,
      0.34636110067367554,
      0.3649187386035919,
      0.2716529071331024,
      0.38256338238716125,
      0.4314199984073639,
      0.22270217537879944,
      0.24645210802555084,
      0.32372379302978516,
      1.0,
      0.3225482404232025,
      0.31285807490348816
    ],
    [
      0.29264307022094727,
      0.7237106561660767,
      0.4125223457813263,
      0.29344016313552856,
      0.34558215737342834,
      0.3168676793575287,
      0.47220632433891296,
      0.30490753054618835,
      0.3639882206916809,
      0.30829277634620667,
      0.20414815843105316,
      0.3162763714790344,
      0.4284719228744507,
      0.3225482404232025,
      1.0,
      0.36208024621009827
    ],
    [
      0.3589502274990082,
      0.30881673097610474,
      0.39528509974479675,
      0.3166027367115021,
      0.29684513807296753,
      0.2993224859237671,
      0.38556331396102905,
      0.32862815260887146,
      0.38128894567489624,
      0.2343824952840805,
      0.13507850468158722,
      0.2761228680610657,
      0.3380734324455261,
      0.31285807490348816,
      0.36208024621009827,
      1.0
    ]
  ]
}