{
  "game_number": 96,
  "words": [
    "BOY",
    "GOODNESS",
    "MAN",
    "WOW",
    "BIRDS",
    "EXORCIST",
    "HAUNTING",
    "SHINING",
    "APPLE",
    "BANJO",
    "CARD",
    "NOSE",
    "BELONGING",
    "EFFECT",
    "GOOD",
    "POSSESSION"
  ],
  "adjacency_matrix": [
    [
      1.0,
      0.3351972699165344,
      0.6747757792472839,
      0.3297049403190613,
      0.35132449865341187,
      0.4233134984970093,
      0.3131921887397766,
      0.35308828949928284,
      0.40212804079055786,
      0.39934977889060974,
      0.3002163767814636,
      0.36428096890449524,
      0.3507150411605835,
      0.29858362674713135,
      0.39344877004623413,
      0.31720632314682007
    ],
    [
      0.3351972699165344,
      1.0,
      0.44831007719039917,
      0.3900645077228546,
      0.2680045962333679,
      0.24808916449546814,
      0.2751797139644623,
      0.4197469651699066,
      0.3832128942012787,
      0.2419353723526001,
      0.25170233845710754,
      0.3153413236141205,
      0.34938034415245056,
      0.42921316623687744,
      0.6077219843864441,
      0.38279059529304504
    ],
    [
      0.6747757792472839,
      0.44831007719039917,
      1.0,
      0.297596275806427,
      0.3618878424167633,
      0.41840609908103943,
      0.3238552212715149,
      0.4197131395339966,
      0.4426880478858948,
      0.3605501353740692,
      0.36111173033714294,
      0.4030252695083618,
      0.4271898865699768,
      0.3869898021221161,
      0.5085442662239075,
      0.43735605478286743
    ],
    [
      0.3297049403190613,
      0.3900645077228546,
      0.297596275806427,
      1.0,
      0.19342546164989471,
      0.22810250520706177,
      0.3285506069660187,
      0.28694725036621094,
      0.2481759637594223,
      0.2674211859703064,
      0.24059568345546722,
      0.23378856480121613,
      0.1632227599620819,
      0.3625003695487976,
      0.4365381896495819,
      0.16449721157550812
    ],
    [
      0.35132449865341187,
      0.2680045962333679,
      0.3618878424167633,
      0.19342546164989471,
      1.0,
      0.1573425829410553,
      0.30475467443466187,
      0.2577512860298157,
      0.29240715503692627,
      0.2591080069541931,
      0.2537462115287781,
      0.22999821603298187,
      0.2906152606010437,
      0.3093017637729645,
      0.32910895347595215,
      0.32420846819877625
    ],
    [
      0.4233134984970093,
      0.24808916449546814,
      0.41840609908103943,
      0.22810250520706177,
      0.1573425829410553,
      1.0,
      0.3849767744541168,
      0.19803039729595184,
      0.19199217855930328,
      0.2716728448867798,
      0.2748167812824249,
      0.2693230211734772,
      0.2404065877199173,
      0.2537515163421631,
      0.3048788607120514,
      0.33244064450263977
    ],
    [
      0.3131921887397766,
      0.2751797139644623,
      0.3238552212715149,
      0.3285506069660187,
      0.30475467443466187,
      0.3849767744541168,
      1.0,
      0.42717817425727844,
      0.2461884468793869,
      0.3368663191795349,
      0.2932291030883789,
      0.2531532049179077,
      0.3452812731266022,
      0.44676852226257324,
      0.40958431363105774,
      0.37683621048927307
    ],
    [
      0.35308828949928284,
      0.4197469651699066,
      0.4197131395339966,
      0.28694725036621094,
      0.2577512860298157,
      0.19803039729595184,
      0.42717817425727844,
      1.0,
      0.367777019739151,
      0.21533343195915222,
      0.23684291541576385,
      0.332879900932312,
      0.2949177622795105,
      0.362376868724823,
      0.5025644302368164,
      0.32402753829956055
    ],
    [
      0.40212804079055786,
      0.3832128942012787,
      0.4426880478858948,
      0.2481759637594223,
      0.29240715503692627,
      0.19199217855930328,
      0.2461884468793869,
      0.367777019739151,
      1.0,
      0.2564193606376648,
      0.319449782371521,
      0.3966097831726074,
      0.2678065299987793,
      0.3460271656513214,
      0.39543038606643677,
      0.3609484136104584
    ],
    [
      0.39934977889060974,
      0.2419353723526001,
      0.3605501353740692,
      0.2674211859703064,
      0.2591080069541931,
      0.2716728448867798,
      0.3368663191795349,
      0.21533343195915222,
      0.2564193606376648,
      1.0,
      0.2635907232761383,
      0.3397764563560486,
      0.16981808841228485,
      0.23466652631759644,
      0.25755658745765686,
      0.20498235523700714
    ],
    [
      0.3002163767814636,
      0.25170233845710754,
      0.36111173033714294,
      0.24059568345546722,
      0.2537462115287781,
      0.2748167812824249,
      0.2932291030883789,
      0.23684291541576385,
      0.319449782371521,
      0.2635907232761383,
      0.9999999403953552,
      0.28454524278640747,
      0.3061508238315582,
      0.3971753418445587,
      0.38507017493247986,
      0.41455650329589844
    ],
    [
      0.36428096890449524,
      0.3153413236141205,
      0.4030252695083618,
      0.23378856480121613,
      0.22999821603298187,
      0.2693230211734772,
      0.2531532049179077,
      0.332879900932312,
      0.3966097831726074,
      0.3397764563560486,
      0.28454524278640747,
      1.0,
      0.26755985617637634,
      0.32687151432037354,
      0.33564767241477966,
      0.35091596841812134
    ],
    [
      0.3507150411605835,
      0.34938034415245056,
      0.4271898865699768,
      0.1632227599620819,
      0.2906152606010437,
      0.2404065877199173,
      0.3452812731266022,
      0.2949177622795105,
      0.2678065299987793,
      0.16981808841228485,
      0.3061508238315582,
      0.26755985617637634,
      1.0,
      0.3346256613731384,
      0.37606948614120483,
      0.537997841835022
    ],
    [
      0.29858362674713135,
      0.42921316623687744,
      0.3869898021221161,
      0.3625003695487976,
      0.3093017637729645,
      0.2537515163421631,
      0.44676852226257324,
      0.362376868724823,
      0.3460271656513214,
      0.23466652631759644,
      0.3971753418445587,
      0.32687151432037354,
      0.3346256613731384,
      1.0,
      0.5443747043609619,
      0.47553882002830505
    ],
    [
      0.39344877004623413,
      0.6077219843864441,
      0.5085442662239075,
      0.4365381896495819,
      0.32910895347595215,
      0.3048788607120514,
      0.40958431363105774,
      0.5025644302368164,
      0.39543038606643677,
      0.25755658745765686,
      0.38507017493247986,
      0.33564767241477966,
      0.37606948614120483,
      0.5443747043609619,
      1.0,
      0.459094762802124
    ],
    [
      0.31720632314682007,
      0.38279059529304504,
      0.43735605478286743,
      0.16449721157550812,
      0.32420846819877625,
      0.33244064450263977,
      0.37683621048927307,
      0.32402753829956055,
      0.3609484136104584,
      0.20498235523700714,
      0.41455650329589844,
      0.35091596841812134,
      0.537997841835022,
      0.47553882002830505,
      0.459094762802124,
      1.0
    ]
  ]
}