{
  "game_number": 292,
  "words": [
    "CHECK",
    "CURB",
    "HAMPER",
    "INHIBIT",
    "PACK",
    "PRIDE",
    "SCHOOL",
    "SWARM",
    "BIDE",
    "CART",
    "NIX",
    "WASHING",
    "CROSS",
    "SHORT",
    "SURLY",
    "TESTY"
  ],
  "adjacency_matrix": [
    [
      1.0,
      0.4030812084674835,
      0.3106416165828705,
      0.2849769592285156,
      0.39964890480041504,
      0.3030470609664917,
      0.3564891219139099,
      0.3242873549461365,
      0.4416572153568268,
      0.35596516728401184,
      0.2221830040216446,
      0.3374997079372406,
      0.41115695238113403,
      0.3610891103744507,
      0.3431054949760437,
      0.27011507749557495
    ],
    [
      0.4030812084674835,
      1.0,
      0.4897981882095337,
      0.5535418391227722,
      0.3634454309940338,
      0.33570417761802673,
      0.30674007534980774,
      0.345892071723938,
      0.38483545184135437,
      0.40722736716270447,
      0.26767387986183167,
      0.36968183517456055,
      0.45031988620758057,
      0.35434919595718384,
      0.3211336135864258,
      0.22636328637599945
    ],
    [
      0.3106416165828705,
      0.4897981882095337,
      1.0,
      0.704963207244873,
      0.42393070459365845,
      0.3320128619670868,
      0.3131306767463684,
      0.3195916414260864,
      0.3407563865184784,
      0.3608316481113434,
      0.23755750060081482,
      0.34251007437705994,
      0.3442266285419464,
      0.3467017412185669,
      0.32540157437324524,
      0.2025301158428192
    ],
    [
      0.2849769592285156,
      0.5535418391227722,
      0.704963207244873,
      1.0,
      0.2978055775165558,
      0.33280912041664124,
      0.27583739161491394,
      0.29947590827941895,
      0.3322729766368866,
      0.22253353893756866,
      0.27763307094573975,
      0.26090073585510254,
      0.3673805892467499,
      0.34166648983955383,
      0.29720866680145264,
      0.220815509557724
    ],
    [
      0.39964890480041504,
      0.3634454309940338,
      0.42393070459365845,
      0.2978055775165558,
      1.0,
      0.3049831688404083,
      0.35038354992866516,
      0.46304041147232056,
      0.42986825108528137,
      0.4980078339576721,
      0.24221740663051605,
      0.3027752637863159,
      0.40999168157577515,
      0.37152883410453796,
      0.35010212659835815,
      0.2352086454629898
    ],
    [
      0.3030470609664917,
      0.33570417761802673,
      0.3320128619670868,
      0.33280912041664124,
      0.3049831688404083,
      1.0,
      0.34998708963394165,
      0.2817409634590149,
      0.3460339605808258,
      0.273682177066803,
      0.11632883548736572,
      0.27002808451652527,
      0.2940581440925598,
      0.2985648512840271,
      0.3911427855491638,
      0.2622491121292114
    ],
    [
      0.3564891219139099,
      0.30674007534980774,
      0.3131306767463684,
      0.27583739161491394,
      0.35038354992866516,
      0.34998708963394165,
      0.9999999403953552,
      0.2565600872039795,
      0.3249585032463074,
      0.3547642230987549,
      0.14972250163555145,
      0.31714561581611633,
      0.3555993437767029,
      0.34612414240837097,
      0.27620574831962585,
      0.22941142320632935
    ],
    [
      0.3242873549461365,
      0.345892071723938,
      0.3195916414260864,
      0.29947590827941895,
      0.46304041147232056,
      0.2817409634590149,
      0.2565600872039795,
      1.0,
      0.29541027545928955,
      0.262577086687088,
      0.19020475447177887,
      0.29879194498062134,
      0.4098765552043915,
      0.29874545335769653,
      0.36289867758750916,
      0.2889620363712311
    ],
    [
      0.4416572153568268,
      0.38483545184135437,
      0.3407563865184784,
      0.3322729766368866,
      0.42986825108528137,
      0.3460339605808258,
      0.3249585032463074,
      0.29541027545928955,
      1.0,
      0.3070690929889679,
      0.28346866369247437,
      0.2610863447189331,
      0.385913610458374,
      0.42701256275177,
      0.3325134217739105,
      0.32875293493270874
    ],
    [
      0.35596516728401184,
      0.40722736716270447,
      0.3608316481113434,
      0.22253353893756866,
      0.4980078339576721,
      0.273682177066803,
      0.3547642230987549,
      0.262577086687088,
      0.3070690929889679,
      0.9999999403953552,
      0.15102127194404602,
      0.3929955065250397,
      0.4047819674015045,
      0.315778911113739,
      0.26637959480285645,
      0.15785273909568787
    ],
    [
      0.2221830040216446,
      0.26767387986183167,
      0.23755750060081482,
      0.27763307094573975,
      0.24221740663051605,
      0.11632883548736572,
      0.14972250163555145,
      0.19020475447177887,
      0.28346866369247437,
      0.15102127194404602,
      1.0,
      0.1386275589466095,
      0.17181050777435303,
      0.18715634942054749,
      0.20741382241249084,
      0.14031842350959778
    ],
    [
      0.3374997079372406,
      0.36968183517456055,
      0.34251007437705994,
      0.26090073585510254,
      0.3027752637863159,
      0.27002808451652527,
      0.31714561581611633,
      0.29879194498062134,
      0.2610863447189331,
      0.3929955065250397,
      0.1386275589466095,
      1.0,
      0.38752028346061707,
      0.29273995757102966,
      0.20892341434955597,
      0.12230832129716873
    ],
    [
      0.41115695238113403,
      0.45031988620758057,
      0.3442266285419464,
      0.3673805892467499,
      0.40999168157577515,
      0.2940581440925598,
      0.3555993437767029,
      0.4098765552043915,
      0.385913610458374,
      0.4047819674015045,
      0.17181050777435303,
      0.38752028346061707,
      1.0,
      0.444172739982605,
      0.26415911316871643,
      0.26412081718444824
    ],
    [
      0.3610891103744507,
      0.35434919595718384,
      0.3467017412185669,
      0.34166648983955383,
      0.37152883410453796,
      0.2985648512840271,
      0.34612414240837097,
      0.29874545335769653,
      0.42701256275177,
      0.315778911113739,
      0.18715634942054749,
      0.29273995757102966,
      0.444172739982605,
      1.0,
      0.38564518094062805,
      0.3546322286128998
    ],
    [
      0.3431054949760437,
      0.3211336135864258,
      0.32540157437324524,
      0.29720866680145264,
      0.35010212659835815,
      0.3911427855491638,
      0.27620574831962585,
      0.36289867758750916,
      0.3325134217739105,
      0.26637959480285645,
      0.20741382241249084,
      0.20892341434955597,
      0.26415911316871643,
      0.38564518094062805,
      1.0,
      0.5199032425880432
    ],
    [
      0.27011507749557495,
      0.22636328637599945,
      0.2025301158428192,
      0.220815509557724,
      0.2352086454629898,
      0.2622491121292114,
      0.22941142320632935,
      0.2889620363712311,
      0.32875293493270874,
      0.15785273909568787,
      0.14031842350959778,
      0.12230832129716873,
      0.26412081718444824,
      0.3546322286128998,
      0.5199032425880432,
      1.0000001192092896
    ]
  ]
}