{"game_number":2,"words":["HIGH","KICK","RUSH","THRILL","BEAR","STAND","STOMACH","TAKE","BALONEY","BULL","BUNK","TRIPE","HEELS","MOUSE","REMOTE","TONGUE"],"adjacency_matrix":[[1.0,0.37458088994026184,0.377573698759079,0.3931422829627991,0.3685256242752075,0.43069687485694885,0.341414213180542,0.3448832035064697,0.32069674134254456,0.3583754897117615,0.37597188353538513,0.2681763172149658,0.37816792726516724,0.22670820355415344,0.482221394777298,0.3126964569091797],[0.37458088994026184,1.0,0.5184367895126343,0.4297563433647156,0.39122602343559265,0.4752771854400635,0.42671850323677063,0.5440422296524048,0.3060961067676544,0.41563600301742554,0.26917243003845215,0.3114290237426758,0.45656147599220276,0.33364084362983704,0.2802368104457855,0.38802993297576904],[0.377573698759079,0.5184367895126343,1.0,0.46803393959999084,0.3669295907020569,0.4620760679244995,0.36352962255477905,0.493829607963562,0.33262932300567627,0.39837759733200073,0.299863338470459,0.31658950448036194,0.3377731442451477,0.24916045367717743,0.31850335001945496,0.2788793742656708],[0.3931422829627991,0.4297563433647156,0.46803393959999084,1.0,0.36415234208106995,0.4026481509208679,0.32164591550827026,0.4007968306541443,0.3393262028694153,0.35723817348480225,0.2599579691886902,0.33750665187835693,0.26964065432548523,0.25458598136901855,0.390434205532074,0.24175454676151276],[0.3685256242752075,0.39122602343559265,0.3669295907020569,0.36415234208106995,0.9999999403953552,0.550673246383667,0.3991031050682068,0.5229251384735107,0.2964359521865845,0.49946656823158264,0.26614463329315186,0.3162822127342224,0.3737611472606659,0.29985615611076355,0.3187611997127533,0.36528459191322327],[0.43069687485694885,0.4752771854400635,0.4620760679244995,0.4026481509208679,0.550673246383667,1.0,0.40885382890701294,0.6481611728668213,0.2994500994682312,0.3987538814544678,0.3905086815357208,0.32927393913269043,0.39133042097091675,0.27536216378211975,0.3545874059200287,0.32407352328300476],[0.341414213180542,0.42671850323677063,0.36352962255477905,0.32164591550827026,0.3991031050682068,0.40885382890701294,1.0,0.3805334270000458,0.326743483543396,0.410479336977005,0.3671610951423645,0.41672059893608093,0.3243330717086792,0.3556554317474365,0.3281911611557007,0.4873899519443512],[0.3448832035064697,0.5440422296524048,0.493829607963562,0.4007968306541443,0.5229251384735107,0.6481611728668213,0.3805334270000458,1.0,0.24793760478496552,0.3540624678134918,0.30646857619285583,0.30648893117904663,0.3048994243144989,0.278822124004364,0.3611261546611786,0.28327909111976624],[0.32069674134254456,0.3060961067676544,0.33262932300567627,0.3393262028694153,0.2964359521865845,0.2994500994682312,0.326743483543396,0.24793760478496552,1.0,0.5001622438430786,0.5174748301506042,0.7120435833930969,0.21524478495121002,0.2571210265159607,0.2694491744041443,0.3274618089199066],[0.3583754897117615,0.41563600301742554,0.39837759733200073,0.35723817348480225,0.49946656823158264,0.3987538814544678,0.410479336977005,0.3540624678134918,0.5001622438430786,1.0,0.31366202235221863,0.4824860394001007,0.3759317994117737,0.3702441453933716,0.22634263336658478,0.40152400732040405],[0.37597188353538513,0.26917243003845215,0.299863338470459,0.2599579691886902,0.26614463329315186,0.3905086815357208,0.3671610951423645,0.30646857619285583,0.5174748301506042,0.31366202235221863,1.0,0.4846254289150238,0.2483498901128769,0.24982891976833344,0.37580662965774536,0.2435283213853836],[0.2681763172149658,0.3114290237426758,0.31658950448036194,0.33750665187835693,0.3162822127342224,0.32927393913269043,0.41672059893608093,0.30648893117904663,0.7120435833930969,0.4824860394001007,0.4846254289150238,1.0,0.23348146677017212,0.2615237832069397,0.23420503735542297,0.3866187334060669],[0.37816792726516724,0.45656147599220276,0.3377731442451477,0.26964065432548523,0.3737611472606659,0.39133042097091675,0.3243330717086792,0.3048994243144989,0.21524478495121002,0.3759317994117737,0.2483498901128769,0.23348146677017212,1.0,0.29777729511260986,0.25051233172416687,0.3482348322868347],[0.22670820355415344,0.33364084362983704,0.24916045367717743,0.25458598136901855,0.29985615611076355,0.27536216378211975,0.3556554317474365,0.278822124004364,0.2571210265159607,0.3702441453933716,0.24982891976833344,0.2615237832069397,0.29777729511260986,1.0,0.3414793610572815,0.45291316509246826],[0.482221394777298,0.2802368104457855,0.31850335001945496,0.390434205532074,0.3187611997127533,0.3545874059200287,0.3281911611557007,0.3611261546611786,0.2694491744041443,0.22634263336658478,0.37580662965774536,0.23420503735542297,0.25051233172416687,0.3414793610572815,1.0,0.3298104405403137],[0.3126964569091797,0.38802993297576904,0.2788793742656708,0.24175454676151276,0.36528459191322327,0.32407352328300476,0.4873899519443512,0.28327909111976624,0.3274618089199066,0.40152400732040405,0.2435283213853836,0.3866187334060669,0.3482348322868347,0.45291316509246826,0.3298104405403137,1.0]]}