{
  "game_number": 446,
  "words": [
    "CHARACTER",
    "GLYPH",
    "ICON",
    "SYMBOL",
    "ASSESS",
    "CHARGE",
    "FINE",
    "LEVY",
    "HANDSOME",
    "HIPPO",
    "LEGEND",
    "LIPID",
    "CALCULATOR",
    "CALENDAR",
    "CAMERA",
    "CLOCK"
  ],
  "adjacency_matrix": [
    [
      1.0,
      0.41690799593925476,
      0.3652411699295044,
      0.47578155994415283,
      0.3353009521961212,
      0.35395747423171997,
      0.4135698080062866,
      0.2959071695804596,
      0.40735703706741333,
      0.29877620935440063,
      0.44677385687828064,
      0.25383445620536804,
      0.2924955189228058,
      0.3205791115760803,
      0.3538457453250885,
      0.24765758216381073
    ],
    [
      0.41690799593925476,
      1.0,
      0.32982468605041504,
      0.5620520710945129,
      0.07531379163265228,
      0.1335020810365677,
      0.12041577696800232,
      0.10690627247095108,
      0.15890397131443024,
      0.19497637450695038,
      0.2717856764793396,
      0.2603811025619507,
      0.25983381271362305,
      0.3321588933467865,
      0.17908601462841034,
      0.23355498909950256
    ],
    [
      0.3652411699295044,
      0.32982468605041504,
      1.0,
      0.557647168636322,
      0.18912753462791443,
      0.23620356619358063,
      0.2501942813396454,
      0.2221939116716385,
      0.2604202628135681,
      0.24538980424404144,
      0.45398953557014465,
      0.21148963272571564,
      0.3122768998146057,
      0.29856646060943604,
      0.2516186237335205,
      0.294267475605011
    ],
    [
      0.47578155994415283,
      0.5620520710945129,
      0.557647168636322,
      1.0,
      0.1843339055776596,
      0.30618199706077576,
      0.24352924525737762,
      0.21785040199756622,
      0.22969695925712585,
      0.2107192575931549,
      0.5127333402633667,
      0.24922771751880646,
      0.3873550295829773,
      0.36996063590049744,
      0.22025682032108307,
      0.35863012075424194
    ],
    [
      0.3353009521961212,
      0.07531379163265228,
      0.18912753462791443,
      0.1843339055776596,
      1.0,
      0.40948835015296936,
      0.3557479679584503,
      0.42850807309150696,
      0.22290167212486267,
      0.1476965844631195,
      0.18330205976963043,
      0.20615394413471222,
      0.32832595705986023,
      0.2713278532028198,
      0.2635282278060913,
      0.2815980315208435
    ],
    [
      0.35395747423171997,
      0.1335020810365677,
      0.23620356619358063,
      0.30618199706077576,
      0.40948835015296936,
      1.0,
      0.5190607309341431,
      0.5657909512519836,
      0.3170384466648102,
      0.16004087030887604,
      0.3137296438217163,
      0.3048565089702606,
      0.33346086740493774,
      0.3165760934352875,
      0.3218563199043274,
      0.3482360541820526
    ],
    [
      0.4135698080062866,
      0.12041577696800232,
      0.2501942813396454,
      0.24352924525737762,
      0.3557479679584503,
      0.5190607309341431,
      1.0,
      0.4315897822380066,
      0.5587196946144104,
      0.2303093820810318,
      0.33439090847969055,
      0.22397381067276,
      0.28837183117866516,
      0.3314369022846222,
      0.3384965658187866,
      0.34954649209976196
    ],
    [
      0.2959071695804596,
      0.10690627247095108,
      0.2221939116716385,
      0.21785040199756622,
      0.42850807309150696,
      0.5657909512519836,
      0.4315897822380066,
      1.0,
      0.2688677906990051,
      0.14756345748901367,
      0.22312471270561218,
      0.19949084520339966,
      0.2799777388572693,
      0.2688342034816742,
      0.2054871916770935,
      0.2642674148082733
    ],
    [
      0.40735703706741333,
      0.15890397131443024,
      0.2604202628135681,
      0.22969695925712585,
      0.22290167212486267,
      0.3170384466648102,
      0.5587196946144104,
      0.2688677906990051,
      1.0,
      0.31428709626197815,
      0.3645502030849457,
      0.26961570978164673,
      0.2132253646850586,
      0.24124354124069214,
      0.273205429315567,
      0.20747268199920654
    ],
    [
      0.29877620935440063,
      0.19497637450695038,
      0.24538980424404144,
      0.2107192575931549,
      0.1476965844631195,
      0.16004087030887604,
      0.2303093820810318,
      0.14756345748901367,
      0.31428709626197815,
      1.0,
      0.2864694893360138,
      0.25199148058891296,
      0.19656741619110107,
      0.11623060703277588,
      0.24871671199798584,
      0.19709059596061707
    ],
    [
      0.44677385687828064,
      0.2717856764793396,
      0.45398953557014465,
      0.5127333402633667,
      0.18330205976963043,
      0.3137296438217163,
      0.33439090847969055,
      0.22312471270561218,
      0.3645502030849457,
      0.2864694893360138,
      1.0000001192092896,
      0.22491635382175446,
      0.33961257338523865,
      0.3621883988380432,
      0.22678768634796143,
      0.3349687457084656
    ],
    [
      0.25383445620536804,
      0.2603811025619507,
      0.21148963272571564,
      0.24922771751880646,
      0.20615394413471222,
      0.3048565089702606,
      0.22397381067276,
      0.19949084520339966,
      0.26961570978164673,
      0.25199148058891296,
      0.22491635382175446,
      0.9999999403953552,
      0.18905213475227356,
      0.1915563941001892,
      0.18558593094348907,
      0.16870523989200592
    ],
    [
      0.2924955189228058,
      0.25983381271362305,
      0.3122768998146057,
      0.3873550295829773,
      0.32832595705986023,
      0.33346086740493774,
      0.28837183117866516,
      0.2799777388572693,
      0.2132253646850586,
      0.19656741619110107,
      0.33961257338523865,
      0.18905213475227356,
      1.0,
      0.45236942172050476,
      0.33425021171569824,
      0.4721440076828003
    ],
    [
      0.3205791115760803,
      0.3321588933467865,
      0.29856646060943604,
      0.36996063590049744,
      0.2713278532028198,
      0.3165760934352875,
      0.3314369022846222,
      0.2688342034816742,
      0.24124354124069214,
      0.11623060703277588,
      0.3621883988380432,
      0.1915563941001892,
      0.45236942172050476,
      1.0,
      0.34172171354293823,
      0.4979551136493683
    ],
    [
      0.3538457453250885,
      0.17908601462841034,
      0.2516186237335205,
      0.22025682032108307,
      0.2635282278060913,
      0.3218563199043274,
      0.3384965658187866,
      0.2054871916770935,
      0.273205429315567,
      0.24871671199798584,
      0.22678768634796143,
      0.18558593094348907,
      0.33425021171569824,
      0.34172171354293823,
      1.0,
      0.3663025200366974
    ],
    [
      0.24765758216381073,
      0.23355498909950256,
      0.294267475605011,
      0.35863012075424194,
      0.2815980315208435,
      0.3482360541820526,
      0.34954649209976196,
      0.2642674148082733,
      0.20747268199920654,
      0.19709059596061707,
      0.3349687457084656,
      0.16870523989200592,
      0.4721440076828003,
      0.4979551136493683,
      0.3663025200366974,
      1.0
    ]
  ]
}