{"game_number":88,"words":["BUTTON","FLY","POCKET","RIVET","LINE","PLANE","POINT","SOLID","FILE","HISTORY","VIEW","WINDOW","ANIMAL","DOOR","KINK","SUPREME"],"adjacency_matrix":[[1.0,0.3204686641693115,0.38440442085266113,0.359427809715271,0.40153929591178894,0.30047133564949036,0.3741690516471863,0.2052268385887146,0.3761846423149109,0.28971385955810547,0.32316991686820984,0.48175477981567383,0.25046488642692566,0.39386090636253357,0.28456631302833557,0.22305026650428772],[0.3204686641693115,1.0,0.3394170105457306,0.4065258204936981,0.37114202976226807,0.5988449454307556,0.34935861825942993,0.302674263715744,0.36699041724205017,0.27895042300224304,0.36879149079322815,0.41376879811286926,0.34760811924934387,0.3533782362937927,0.2643546164035797,0.25809821486473083],[0.38440442085266113,0.3394170105457306,1.0,0.36512553691864014,0.46011075377464294,0.41099604964256287,0.3709792196750641,0.3294132351875305,0.3231220543384552,0.3398761749267578,0.357218474149704,0.41287246346473694,0.2652871310710907,0.4021369218826294,0.32180050015449524,0.34222614765167236],[0.359427809715271,0.4065258204936981,0.36512553691864014,1.0,0.4181613624095917,0.43381932377815247,0.3987494111061096,0.29505613446235657,0.29901063442230225,0.29136183857917786,0.3206927478313446,0.3454956114292145,0.30310919880867004,0.38784897327423096,0.4405531883239746,0.29298797249794006],[0.40153929591178894,0.37114202976226807,0.46011075377464294,0.4181613624095917,1.0,0.5015491843223572,0.5855306386947632,0.4567333459854126,0.4859335422515869,0.44704633951187134,0.479287326335907,0.46090903878211975,0.39874979853630066,0.4197311997413635,0.46020907163619995,0.3784731328487396],[0.30047133564949036,0.5988449454307556,0.41099604964256287,0.43381932377815247,0.5015491843223572,1.0,0.4660579264163971,0.3420269787311554,0.3516972064971924,0.319711297750473,0.3842322826385498,0.4316655397415161,0.359095960855484,0.3971918523311615,0.35606881976127625,0.2999398708343506],[0.3741690516471863,0.34935861825942993,0.3709792196750641,0.3987494111061096,0.5855306386947632,0.4660579264163971,1.0000001192092896,0.43294858932495117,0.37906309962272644,0.44206491112709045,0.702592134475708,0.40455350279808044,0.3011552691459656,0.4067525565624237,0.39534130692481995,0.38647013902664185],[0.2052268385887146,0.302674263715744,0.3294132351875305,0.29505613446235657,0.4567333459854126,0.3420269787311554,0.43294858932495117,1.0,0.2944626808166504,0.35250186920166016,0.33630692958831787,0.30639344453811646,0.39272990822792053,0.26993870735168457,0.3110494017601013,0.3853769302368164],[0.3761846423149109,0.36699041724205017,0.3231220543384552,0.29901063442230225,0.4859335422515869,0.3516972064971924,0.37906309962272644,0.2944626808166504,1.0,0.42515528202056885,0.41855496168136597,0.4602194130420685,0.3279581069946289,0.3596954941749573,0.28662097454071045,0.27343618869781494],[0.28971385955810547,0.27895042300224304,0.3398761749267578,0.29136183857917786,0.44704633951187134,0.319711297750473,0.44206491112709045,0.35250186920166016,0.42515528202056885,1.0,0.522510826587677,0.3860664665699005,0.4020601212978363,0.24397410452365875,0.28650417923927307,0.4036199748516083],[0.32316991686820984,0.36879149079322815,0.357218474149704,0.3206927478313446,0.479287326335907,0.3842322826385498,0.702592134475708,0.33630692958831787,0.41855496168136597,0.522510826587677,0.9999999403953552,0.47173210978507996,0.30612826347351074,0.35626086592674255,0.3573792278766632,0.3944965600967407],[0.48175477981567383,0.41376879811286926,0.41287246346473694,0.3454956114292145,0.46090903878211975,0.4316655397415161,0.40455350279808044,0.30639344453811646,0.4602194130420685,0.3860664665699005,0.47173210978507996,1.0,0.30054324865341187,0.6737550497055054,0.30235520005226135,0.2574942111968994],[0.25046488642692566,0.34760811924934387,0.2652871310710907,0.30310919880867004,0.39874979853630066,0.359095960855484,0.3011552691459656,0.39272990822792053,0.3279581069946289,0.4020601212978363,0.30612826347351074,0.30054324865341187,0.9999998807907104,0.2799399495124817,0.3190578520298004,0.36783480644226074],[0.39386090636253357,0.3533782362937927,0.4021369218826294,0.38784897327423096,0.4197311997413635,0.3971918523311615,0.4067525565624237,0.26993870735168457,0.3596954941749573,0.24397410452365875,0.35626086592674255,0.6737550497055054,0.2799399495124817,1.0,0.2900161147117615,0.2512246072292328],[0.28456631302833557,0.2643546164035797,0.32180050015449524,0.4405531883239746,0.46020907163619995,0.35606881976127625,0.39534130692481995,0.3110494017601013,0.28662097454071045,0.28650417923927307,0.3573792278766632,0.30235520005226135,0.3190578520298004,0.2900161147117615,1.0,0.28244954347610474],[0.22305026650428772,0.25809821486473083,0.34222614765167236,0.29298797249794006,0.3784731328487396,0.2999398708343506,0.38647013902664185,0.3853769302368164,0.27343618869781494,0.4036199748516083,0.3944965600967407,0.2574942111968994,0.36783480644226074,0.2512246072292328,0.28244954347610474,1.0]]}