{
  "game_number": 211,
  "words": [
    "CHARACTER",
    "IMAGE",
    "NAME",
    "REPUTATION",
    "ARTIST",
    "MEDIUM",
    "TITLE",
    "YEAR",
    "DIAL",
    "EGADS",
    "MONTE",
    "YOGA",
    "PAUSE",
    "PLAY",
    "RECORD",
    "STOP"
  ],
  "adjacency_matrix": [
    [
      1.0,
      0.4813576936721802,
      0.5604576468467712,
      0.472739577293396,
      0.4698987305164337,
      0.4205542206764221,
      0.46784281730651855,
      0.26876887679100037,
      0.3171519339084625,
      0.24961814284324646,
      0.300109326839447,
      0.21900716423988342,
      0.30864259600639343,
      0.5234659314155579,
      0.3704583942890167,
      0.31575319170951843
    ],
    [
      0.4813576936721802,
      1.0,
      0.5420892238616943,
      0.43916577100753784,
      0.4861406683921814,
      0.39732369780540466,
      0.46415066719055176,
      0.23112447559833527,
      0.3096134662628174,
      0.22244583070278168,
      0.29200437664985657,
      0.2655728757381439,
      0.22685810923576355,
      0.3843078315258026,
      0.4263979494571686,
      0.31279996037483215
    ],
    [
      0.5604576468467712,
      0.5420892238616943,
      1.0,
      0.469918817281723,
      0.4224283695220947,
      0.35323211550712585,
      0.6926611661911011,
      0.34116649627685547,
      0.35839569568634033,
      0.19246891140937805,
      0.29030337929725647,
      0.2559857666492462,
      0.27441009879112244,
      0.4204529821872711,
      0.4938156008720398,
      0.3495590388774872
    ],
    [
      0.472739577293396,
      0.43916577100753784,
      0.469918817281723,
      1.0,
      0.3845856487751007,
      0.3437402546405792,
      0.329301118850708,
      0.25936320424079895,
      0.23880280554294586,
      0.2559908330440521,
      0.19743861258029938,
      0.20891469717025757,
      0.1858709156513214,
      0.339981347322464,
      0.43955135345458984,
      0.27245092391967773
    ],
    [
      0.4698987305164337,
      0.4861406683921814,
      0.4224283695220947,
      0.3845856487751007,
      0.9999999403953552,
      0.4729292690753937,
      0.3727032244205475,
      0.3147962987422943,
      0.24324394762516022,
      0.20508401095867157,
      0.1867896318435669,
      0.3339572548866272,
      0.22628721594810486,
      0.3584214448928833,
      0.4137611985206604,
      0.27379557490348816
    ],
    [
      0.4205542206764221,
      0.39732369780540466,
      0.35323211550712585,
      0.3437402546405792,
      0.4729292690753937,
      1.0,
      0.29657816886901855,
      0.2766145169734955,
      0.3375389575958252,
      0.19266773760318756,
      0.23853325843811035,
      0.3174213767051697,
      0.26023563742637634,
      0.36187678575515747,
      0.3531551659107208,
      0.2753663957118988
    ],
    [
      0.46784281730651855,
      0.46415066719055176,
      0.6926611661911011,
      0.329301118850708,
      0.3727032244205475,
      0.29657816886901855,
      1.0,
      0.3467821180820465,
      0.226735919713974,
      0.19716714322566986,
      0.20882953703403473,
      0.2658754587173462,
      0.2255924493074417,
      0.3885127604007721,
      0.4699205756187439,
      0.216965913772583
    ],
    [
      0.26876887679100037,
      0.23112447559833527,
      0.34116649627685547,
      0.25936320424079895,
      0.3147962987422943,
      0.2766145169734955,
      0.3467821180820465,
      1.0,
      0.20250457525253296,
      0.17833276093006134,
      0.21663963794708252,
      0.1988503336906433,
      0.3053309917449951,
      0.32617440819740295,
      0.3845842182636261,
      0.3083356022834778
    ],
    [
      0.3171519339084625,
      0.3096134662628174,
      0.35839569568634033,
      0.23880280554294586,
      0.24324394762516022,
      0.3375389575958252,
      0.226735919713974,
      0.20250457525253296,
      1.0,
      0.16906894743442535,
      0.2537573277950287,
      0.23748745024204254,
      0.38023778796195984,
      0.33858683705329895,
      0.37175214290618896,
      0.4071047604084015
    ],
    [
      0.24961814284324646,
      0.22244583070278168,
      0.19246891140937805,
      0.2559908330440521,
      0.20508401095867157,
      0.19266773760318756,
      0.19716714322566986,
      0.17833276093006134,
      0.16906894743442535,
      0.9999999403953552,
      0.27582770586013794,
      0.19273637235164642,
      0.18422368168830872,
      0.23131163418293,
      0.23162230849266052,
      0.17348773777484894
    ],
    [
      0.300109326839447,
      0.29200437664985657,
      0.29030337929725647,
      0.19743861258029938,
      0.1867896318435669,
      0.23853325843811035,
      0.20882953703403473,
      0.21663963794708252,
      0.2537573277950287,
      0.27582770586013794,
      0.9999999403953552,
      0.2500735819339752,
      0.2280796766281128,
      0.33654364943504333,
      0.24875743687152863,
      0.2674395442008972
    ],
    [
      0.21900716423988342,
      0.2655728757381439,
      0.2559857666492462,
      0.20891469717025757,
      0.3339572548866272,
      0.3174213767051697,
      0.2658754587173462,
      0.1988503336906433,
      0.23748745024204254,
      0.19273637235164642,
      0.2500735819339752,
      1.0,
      0.16796977818012238,
      0.2937203645706177,
      0.20929044485092163,
      0.23901551961898804
    ],
    [
      0.30864259600639343,
      0.22685810923576355,
      0.27441009879112244,
      0.1858709156513214,
      0.22628721594810486,
      0.26023563742637634,
      0.2255924493074417,
      0.3053309917449951,
      0.38023778796195984,
      0.18422368168830872,
      0.2280796766281128,
      0.16796977818012238,
      1.0,
      0.4124106168746948,
      0.37763601541519165,
      0.5733097195625305
    ],
    [
      0.5234659314155579,
      0.3843078315258026,
      0.4204529821872711,
      0.339981347322464,
      0.3584214448928833,
      0.36187678575515747,
      0.3885127604007721,
      0.32617440819740295,
      0.33858683705329895,
      0.23131163418293,
      0.33654364943504333,
      0.2937203645706177,
      0.4124106168746948,
      1.0000001192092896,
      0.44642093777656555,
      0.4644116163253784
    ],
    [
      0.3704583942890167,
      0.4263979494571686,
      0.4938156008720398,
      0.43955135345458984,
      0.4137611985206604,
      0.3531551659107208,
      0.4699205756187439,
      0.3845842182636261,
      0.37175214290618896,
      0.23162230849266052,
      0.24875743687152863,
      0.20929044485092163,
      0.37763601541519165,
      0.44642093777656555,
      1.0,
      0.3931383788585663
    ],
    [
      0.31575319170951843,
      0.31279996037483215,
      0.3495590388774872,
      0.27245092391967773,
      0.27379557490348816,
      0.2753663957118988,
      0.216965913772583,
      0.3083356022834778,
      0.4071047604084015,
      0.17348773777484894,
      0.2674395442008972,
      0.23901551961898804,
      0.5733097195625305,
      0.4644116163253784,
      0.3931383788585663,
      1.0
    ]
  ]
}