{
  "game_number": 142,
  "words": [
    "GRAND",
    "GREAT",
    "LOFTY",
    "NOBLE",
    "BOTTLE",
    "GIRAFFE",
    "GUITAR",
    "LAMP",
    "CAB",
    "COUNT",
    "DIZZY",
    "DUKE",
    "BONUS",
    "INSURANCE",
    "SALARY",
    "VACATION"
  ],
  "adjacency_matrix": [
    [
      1.0,
      0.5272960066795349,
      0.5440945625305176,
      0.5591651201248169,
      0.3401468098163605,
      0.26000407338142395,
      0.30001887679100037,
      0.25824418663978577,
      0.29063406586647034,
      0.43458080291748047,
      0.22304385900497437,
      0.39335542917251587,
      0.3910752832889557,
      0.375395268201828,
      0.34039345383644104,
      0.3968936502933502
    ],
    [
      0.5272960066795349,
      1.0,
      0.528436005115509,
      0.5770315527915955,
      0.31986352801322937,
      0.24783742427825928,
      0.2934900224208832,
      0.3127722144126892,
      0.23173868656158447,
      0.39217498898506165,
      0.38149476051330566,
      0.26180559396743774,
      0.40709349513053894,
      0.3309982120990753,
      0.3316798508167267,
      0.36526235938072205
    ],
    [
      0.5440945625305176,
      0.528436005115509,
      1.0,
      0.617209255695343,
      0.2624414265155792,
      0.19710573554039001,
      0.16654929518699646,
      0.32660070061683655,
      0.2036181539297104,
      0.2993062734603882,
      0.34850290417671204,
      0.21149560809135437,
      0.27477607131004333,
      0.21669399738311768,
      0.3819260001182556,
      0.2604126036167145
    ],
    [
      0.5591651201248169,
      0.5770315527915955,
      0.617209255695343,
      0.9999999403953552,
      0.30699968338012695,
      0.3304217755794525,
      0.23656243085861206,
      0.3206177055835724,
      0.2095649391412735,
      0.3932993412017822,
      0.2538975775241852,
      0.46597427129745483,
      0.3166530430316925,
      0.27845194935798645,
      0.25373324751853943,
      0.23512333631515503
    ],
    [
      0.3401468098163605,
      0.31986352801322937,
      0.2624414265155792,
      0.30699968338012695,
      1.0,
      0.3141598105430603,
      0.34042391180992126,
      0.47719284892082214,
      0.34420275688171387,
      0.29626837372779846,
      0.24215440452098846,
      0.25847119092941284,
      0.2676324248313904,
      0.3146790564060211,
      0.23076121509075165,
      0.3047717213630676
    ],
    [
      0.26000407338142395,
      0.24783742427825928,
      0.19710573554039001,
      0.3304217755794525,
      0.3141598105430603,
      1.0,
      0.32980799674987793,
      0.3357713222503662,
      0.3079940676689148,
      0.26024433970451355,
      0.21221956610679626,
      0.2745206654071808,
      0.26081547141075134,
      0.1675063520669937,
      0.17408350110054016,
      0.197597473859787
    ],
    [
      0.30001887679100037,
      0.2934900224208832,
      0.16654929518699646,
      0.23656243085861206,
      0.34042391180992126,
      0.32980799674987793,
      1.0,
      0.30829909443855286,
      0.2866864502429962,
      0.19728504121303558,
      0.16052336990833282,
      0.2459777146577835,
      0.2862248718738556,
      0.2597696781158447,
      0.2520988881587982,
      0.2915593981742859
    ],
    [
      0.25824418663978577,
      0.3127722144126892,
      0.32660070061683655,
      0.3206177055835724,
      0.47719284892082214,
      0.3357713222503662,
      0.30829909443855286,
      1.0,
      0.4086880087852478,
      0.2953900098800659,
      0.18926063179969788,
      0.14478391408920288,
      0.2818639874458313,
      0.2365490347146988,
      0.277566522359848,
      0.22692346572875977
    ],
    [
      0.29063406586647034,
      0.23173868656158447,
      0.2036181539297104,
      0.2095649391412735,
      0.34420275688171387,
      0.3079940676689148,
      0.2866864502429962,
      0.4086880087852478,
      1.0,
      0.25777581334114075,
      0.2246234118938446,
      0.26689445972442627,
      0.2660299241542816,
      0.3557737469673157,
      0.2779589593410492,
      0.27385830879211426
    ],
    [
      0.43458080291748047,
      0.39217498898506165,
      0.2993062734603882,
      0.3932993412017822,
      0.29626837372779846,
      0.26024433970451355,
      0.19728504121303558,
      0.2953900098800659,
      0.25777581334114075,
      1.0,
      0.2488528937101364,
      0.38163086771965027,
      0.3777969777584076,
      0.24670594930648804,
      0.30155035853385925,
      0.2956275939941406
    ],
    [
      0.22304385900497437,
      0.38149476051330566,
      0.34850290417671204,
      0.2538975775241852,
      0.24215440452098846,
      0.21221956610679626,
      0.16052336990833282,
      0.18926063179969788,
      0.2246234118938446,
      0.2488528937101364,
      0.9999999403953552,
      0.2312244325876236,
      0.165528804063797,
      0.11060474812984467,
      0.11875195056200027,
      0.2108972668647766
    ],
    [
      0.39335542917251587,
      0.26180559396743774,
      0.21149560809135437,
      0.46597427129745483,
      0.25847119092941284,
      0.2745206654071808,
      0.2459777146577835,
      0.14478391408920288,
      0.26689445972442627,
      0.38163086771965027,
      0.2312244325876236,
      1.0000001192092896,
      0.19690614938735962,
      0.2088736891746521,
      0.20507247745990753,
      0.18531954288482666
    ],
    [
      0.3910752832889557,
      0.40709349513053894,
      0.27477607131004333,
      0.3166530430316925,
      0.2676324248313904,
      0.26081547141075134,
      0.2862248718738556,
      0.2818639874458313,
      0.2660299241542816,
      0.3777969777584076,
      0.165528804063797,
      0.19690614938735962,
      1.0,
      0.36844390630722046,
      0.53526371717453,
      0.39266324043273926
    ],
    [
      0.375395268201828,
      0.3309982120990753,
      0.21669399738311768,
      0.27845194935798645,
      0.3146790564060211,
      0.1675063520669937,
      0.2597696781158447,
      0.2365490347146988,
      0.3557737469673157,
      0.24670594930648804,
      0.11060474812984467,
      0.2088736891746521,
      0.36844390630722046,
      1.0,
      0.39539217948913574,
      0.3986327052116394
    ],
    [
      0.34039345383644104,
      0.3316798508167267,
      0.3819260001182556,
      0.25373324751853943,
      0.23076121509075165,
      0.17408350110054016,
      0.2520988881587982,
      0.277566522359848,
      0.2779589593410492,
      0.30155035853385925,
      0.11875195056200027,
      0.20507247745990753,
      0.53526371717453,
      0.39539217948913574,
      1.0,
      0.40843766927719116
    ],
    [
      0.3968936502933502,
      0.36526235938072205,
      0.2604126036167145,
      0.23512333631515503,
      0.3047717213630676,
      0.197597473859787,
      0.2915593981742859,
      0.22692346572875977,
      0.27385830879211426,
      0.2956275939941406,
      0.2108972668647766,
      0.18531954288482666,
      0.39266324043273926,
      0.3986327052116394,
      0.40843766927719116,
      1.0
    ]
  ]
}