{"game_number":318,"words":["BASH","BLOWOUT","PARTY","SHINDIG","CRICKET","PUPPET","WHALE","WOODCARVER","COUNTER","MIXER","RANGE","SINK","BUNNY","EGG","ISLAND","SUNDAY"],"adjacency_matrix":[[0.9999999403953552,0.4206496477127075,0.44794216752052307,0.6066198945045471,0.3463995158672333,0.3548712730407715,0.26718518137931824,0.16272090375423431,0.41697123646736145,0.34484001994132996,0.29178616404533386,0.3874134123325348,0.3298323452472687,0.3101918697357178,0.21049368381500244,0.3588907718658447],[0.4206496477127075,1.0,0.38361844420433044,0.4590458273887634,0.15708445012569427,0.21073125302791595,0.3319030702114105,0.07428400218486786,0.23081347346305847,0.2727837562561035,0.3141218423843384,0.3646394610404968,0.22312842309474945,0.2561900317668915,0.2337975651025772,0.26385462284088135],[0.44794216752052307,0.38361844420433044,1.0,0.5007706880569458,0.37717509269714355,0.4167380928993225,0.33281123638153076,0.24934929609298706,0.39365631341934204,0.3899495303630829,0.3211362957954407,0.36901435256004333,0.29952743649482727,0.296334445476532,0.401938796043396,0.32148638367652893],[0.6066198945045471,0.4590458273887634,0.5007706880569458,1.0,0.3323623538017273,0.2713658809661865,0.2728741765022278,0.14242680370807648,0.29627102613449097,0.299621045589447,0.3011223375797272,0.36223551630973816,0.32747575640678406,0.26962408423423767,0.2645578980445862,0.3980486989021301],[0.3463995158672333,0.15708445012569427,0.37717509269714355,0.3323623538017273,0.9999999403953552,0.3002890944480896,0.2907024025917053,0.2662888467311859,0.28605327010154724,0.20622868835926056,0.2595181465148926,0.24124161899089813,0.33191415667533875,0.32932260632514954,0.38620394468307495,0.34784695506095886],[0.3548712730407715,0.21073125302791595,0.4167380928993225,0.2713658809661865,0.3002890944480896,0.9999999403953552,0.334164023399353,0.3934529721736908,0.33421891927719116,0.30888232588768005,0.23637054860591888,0.2442108541727066,0.40827542543411255,0.3134695589542389,0.3365323841571808,0.22602881491184235],[0.26718518137931824,0.3319030702114105,0.33281123638153076,0.2728741765022278,0.2907024025917053,0.334164023399353,0.9999999403953552,0.34875842928886414,0.2484358549118042,0.20903868973255157,0.27099162340164185,0.3616289794445038,0.29509595036506653,0.37023013830184937,0.41309523582458496,0.22829397022724152],[0.16272090375423431,0.07428400218486786,0.24934929609298706,0.14242680370807648,0.2662888467311859,0.3934529721736908,0.34875842928886414,1.0,0.1656852662563324,0.28252026438713074,0.12538942694664001,0.10680339485406876,0.27343928813934326,0.2706645429134369,0.30254051089286804,0.20625290274620056],[0.41697123646736145,0.23081347346305847,0.39365631341934204,0.29627102613449097,0.28605327010154724,0.33421891927719116,0.2484358549118042,0.1656852662563324,1.0,0.3549949526786804,0.4107322692871094,0.4646051824092865,0.2557879388332367,0.296375036239624,0.3001057505607605,0.2351270318031311],[0.34484001994132996,0.2727837562561035,0.3899495303630829,0.299621045589447,0.20622868835926056,0.30888232588768005,0.20903868973255157,0.28252026438713074,0.3549949526786804,0.9999998807907104,0.21269071102142334,0.3519103527069092,0.29758986830711365,0.2991078197956085,0.1928981989622116,0.18436673283576965],[0.29178616404533386,0.3141218423843384,0.3211362957954407,0.3011223375797272,0.2595181465148926,0.23637054860591888,0.27099162340164185,0.12538942694664001,0.4107322692871094,0.21269071102142334,1.0000001192092896,0.3337787985801697,0.2486177533864975,0.2236979603767395,0.3328333795070648,0.20038911700248718],[0.3874134123325348,0.3646394610404968,0.36901435256004333,0.36223551630973816,0.24124161899089813,0.2442108541727066,0.3616289794445038,0.10680339485406876,0.4646051824092865,0.3519103527069092,0.3337787985801697,1.0,0.25243639945983887,0.29248377680778503,0.36828362941741943,0.1770416498184204],[0.3298323452472687,0.22312842309474945,0.29952743649482727,0.32747575640678406,0.33191415667533875,0.40827542543411255,0.29509595036506653,0.27343928813934326,0.2557879388332367,0.29758986830711365,0.2486177533864975,0.25243639945983887,1.0,0.5275444388389587,0.30278536677360535,0.30024802684783936],[0.3101918697357178,0.2561900317668915,0.296334445476532,0.26962408423423767,0.32932260632514954,0.3134695589542389,0.37023013830184937,0.2706645429134369,0.296375036239624,0.2991078197956085,0.2236979603767395,0.29248377680778503,0.5275444388389587,1.0,0.3455298840999603,0.28636854887008667],[0.21049368381500244,0.2337975651025772,0.401938796043396,0.2645578980445862,0.38620394468307495,0.3365323841571808,0.41309523582458496,0.30254051089286804,0.3001057505607605,0.1928981989622116,0.3328333795070648,0.36828362941741943,0.30278536677360535,0.3455298840999603,1.0,0.3073018789291382],[0.3588907718658447,0.26385462284088135,0.32148638367652893,0.3980486989021301,0.34784695506095886,0.22602881491184235,0.22829397022724152,0.20625290274620056,0.2351270318031311,0.18436673283576965,0.20038911700248718,0.1770416498184204,0.30024802684783936,0.28636854887008667,0.3073018789291382,0.9999999403953552]]}