{"game_number":154,"words":["BORE","DRAG","DRIP","DUD","BRASS","RHYTHM","STRING","WIND","BEAD","DROP","GLOB","TEAR","BEAT","CHARRED","LEAK","PEE"],"adjacency_matrix":[[0.9999999403953552,0.48639851808547974,0.41505008935928345,0.3307211101055145,0.44235968589782715,0.30645444989204407,0.39434853196144104,0.4146893620491028,0.39307039976119995,0.48152270913124084,0.25737616419792175,0.4879992604255676,0.4190881550312042,0.3098885416984558,0.3844459652900696,0.2902024984359741],[0.48639851808547974,1.0,0.39343464374542236,0.2545510530471802,0.32738497853279114,0.3198905885219574,0.3919748067855835,0.4429040551185608,0.37610089778900146,0.6868889927864075,0.335025429725647,0.4275825321674347,0.45995765924453735,0.23541240394115448,0.3519197106361389,0.33160650730133057],[0.41505008935928345,0.39343464374542236,1.0,0.30223819613456726,0.38880428671836853,0.34888413548469543,0.29556772112846375,0.3720014691352844,0.4305337071418762,0.5326969623565674,0.30591148138046265,0.43000033497810364,0.34704944491386414,0.3024577498435974,0.49444547295570374,0.44734975695610046],[0.3307211101055145,0.2545510530471802,0.30223819613456726,1.0,0.32384926080703735,0.1270199418067932,0.3500901758670807,0.24561713635921478,0.25036945939064026,0.3417891561985016,0.2804800271987915,0.2699590027332306,0.241132915019989,0.2919492721557617,0.301136314868927,0.2203403264284134],[0.44235968589782715,0.32738497853279114,0.38880428671836853,0.32384926080703735,1.0,0.3633895218372345,0.507488489151001,0.40659719705581665,0.5402262210845947,0.3586272597312927,0.3401266038417816,0.3319202661514282,0.37956729531288147,0.31895527243614197,0.32825976610183716,0.2779396176338196],[0.30645444989204407,0.3198905885219574,0.34888413548469543,0.1270199418067932,0.3633895218372345,1.0,0.3623809814453125,0.37972912192344666,0.39190927147865295,0.2975051701068878,0.18975335359573364,0.26447489857673645,0.5447112917900085,0.1541430652141571,0.195119708776474,0.27339011430740356],[0.39434853196144104,0.3919748067855835,0.29556772112846375,0.3500901758670807,0.507488489151001,0.3623809814453125,1.0,0.4270698130130768,0.4827616214752197,0.3958944082260132,0.48372626304626465,0.3205015957355499,0.3756774961948395,0.2930697798728943,0.3714505434036255,0.24152745306491852],[0.4146893620491028,0.4429040551185608,0.3720014691352844,0.24561713635921478,0.40659719705581665,0.37972912192344666,0.4270698130130768,1.0000001192092896,0.3837316334247589,0.4255823493003845,0.3044036626815796,0.3976324796676636,0.4520784914493561,0.2830992639064789,0.35683584213256836,0.3170219957828522],[0.39307039976119995,0.37610089778900146,0.4305337071418762,0.25036945939064026,0.5402262210845947,0.39190927147865295,0.4827616214752197,0.3837316334247589,1.0,0.4080395996570587,0.3999813497066498,0.40472668409347534,0.39634284377098083,0.25421714782714844,0.2824278473854065,0.2941538393497467],[0.48152270913124084,0.6868889927864075,0.5326969623565674,0.3417891561985016,0.3586272597312927,0.2975051701068878,0.3958944082260132,0.4255823493003845,0.4080395996570587,1.0,0.35256442427635193,0.5001218318939209,0.48719215393066406,0.2744917869567871,0.4579048156738281,0.4104759097099304],[0.25737616419792175,0.335025429725647,0.30591148138046265,0.2804800271987915,0.3401266038417816,0.18975335359573364,0.48372626304626465,0.3044036626815796,0.3999813497066498,0.35256442427635193,1.0,0.30888062715530396,0.27129340171813965,0.3033568263053894,0.2594120502471924,0.34671759605407715],[0.4879992604255676,0.4275825321674347,0.43000033497810364,0.2699590027332306,0.3319202661514282,0.26447489857673645,0.3205015957355499,0.3976324796676636,0.40472668409347534,0.5001218318939209,0.30888062715530396,1.0,0.4233051836490631,0.3421604633331299,0.4792354702949524,0.3902032971382141],[0.4190881550312042,0.45995765924453735,0.34704944491386414,0.241132915019989,0.37956729531288147,0.5447112917900085,0.3756774961948395,0.4520784914493561,0.39634284377098083,0.48719215393066406,0.27129340171813965,0.4233051836490631,1.0,0.2895146608352661,0.3123828172683716,0.37006711959838867],[0.3098885416984558,0.23541240394115448,0.3024577498435974,0.2919492721557617,0.31895527243614197,0.1541430652141571,0.2930697798728943,0.2830992639064789,0.25421714782714844,0.2744917869567871,0.3033568263053894,0.3421604633331299,0.2895146608352661,0.9999999403953552,0.25790533423423767,0.2264430671930313],[0.3844459652900696,0.3519197106361389,0.49444547295570374,0.301136314868927,0.32825976610183716,0.195119708776474,0.3714505434036255,0.35683584213256836,0.2824278473854065,0.4579048156738281,0.2594120502471924,0.4792354702949524,0.3123828172683716,0.25790533423423767,1.0,0.3548485040664673],[0.2902024984359741,0.33160650730133057,0.44734975695610046,0.2203403264284134,0.2779396176338196,0.27339011430740356,0.24152745306491852,0.3170219957828522,0.2941538393497467,0.4104759097099304,0.34671759605407715,0.3902032971382141,0.37006711959838867,0.2264430671930313,0.3548485040664673,1.0]]}