{"game_number":109,"words":["CHAIR","CHIEF","DIRECTOR","HEAD","FIELD","GREEN","GROUNDS","LAWN","CHEST","COCO","HAZEL","PEA","BROWN","DOGS","FICTION","UNCHAINED"],"adjacency_matrix":[[1.0,0.4785790741443634,0.5707255601882935,0.6203071475028992,0.36292150616645813,0.2926117181777954,0.24256129562854767,0.38215306401252747,0.42332226037979126,0.26794642210006714,0.24766886234283447,0.1851000189781189,0.318159282207489,0.20307514071464539,0.24226707220077515,0.31766384840011597],[0.4785790741443634,1.0,0.6657367944717407,0.5433837175369263,0.3294319808483124,0.26647499203681946,0.2792811989784241,0.21375681459903717,0.2807418406009674,0.19905254244804382,0.208227276802063,0.14745217561721802,0.23838576674461365,0.20195691287517548,0.23231583833694458,0.29492947459220886],[0.5707255601882935,0.6657367944717407,1.0,0.5483308434486389,0.38512834906578064,0.2077818214893341,0.2778376638889313,0.22477582097053528,0.2270834892988205,0.23777061700820923,0.21681176126003265,0.15992113947868347,0.2004372775554657,0.21618467569351196,0.31102773547172546,0.30844125151634216],[0.6203071475028992,0.5433837175369263,0.5483308434486389,1.0,0.4851900339126587,0.36971545219421387,0.32220667600631714,0.37184762954711914,0.6147269010543823,0.25611692667007446,0.28382447361946106,0.30206063389778137,0.4357374310493469,0.314799040555954,0.23491279780864716,0.34389299154281616],[0.36292150616645813,0.3294319808483124,0.38512834906578064,0.4851900339126587,0.9999999403953552,0.43678680062294006,0.4530406594276428,0.4308405816555023,0.3935520052909851,0.16915228962898254,0.2300676852464676,0.29906800389289856,0.36436912417411804,0.32733938097953796,0.39229249954223633,0.3218107521533966],[0.2926117181777954,0.26647499203681946,0.2077818214893341,0.36971545219421387,0.43678680062294006,1.0,0.35512590408325195,0.49016791582107544,0.3908487856388092,0.3988371789455414,0.46493759751319885,0.3801383972167969,0.7463657855987549,0.25461262464523315,0.2613857388496399,0.3362337350845337],[0.24256129562854767,0.2792811989784241,0.2778376638889313,0.32220667600631714,0.4530406594276428,0.35512590408325195,1.0,0.5102490782737732,0.33066368103027344,0.19756817817687988,0.2564018666744232,0.19062474370002747,0.289278507232666,0.35995960235595703,0.3083156645298004,0.28562259674072266],[0.38215306401252747,0.21375681459903717,0.22477582097053528,0.37184762954711914,0.4308405816555023,0.49016791582107544,0.5102490782737732,1.0,0.38268426060676575,0.20720528066158295,0.2555454969406128,0.30388525128364563,0.42577508091926575,0.3571832776069641,0.24190014600753784,0.24504289031028748],[0.42332226037979126,0.2807418406009674,0.2270834892988205,0.6147269010543823,0.3935520052909851,0.3908487856388092,0.33066368103027344,0.38268426060676575,1.0,0.2268836498260498,0.25455111265182495,0.27265939116477966,0.44247740507125854,0.3068922758102417,0.2119905799627304,0.332009494304657],[0.26794642210006714,0.19905254244804382,0.23777061700820923,0.25611692667007446,0.16915228962898254,0.3988371789455414,0.19756817817687988,0.20720528066158295,0.2268836498260498,1.0,0.3485865592956543,0.4116043448448181,0.4485679268836975,0.23929950594902039,0.1870528757572174,0.30825698375701904],[0.24766886234283447,0.208227276802063,0.21681176126003265,0.28382447361946106,0.2300676852464676,0.46493759751319885,0.2564018666744232,0.2555454969406128,0.25455111265182495,0.3485865592956543,1.0,0.42049160599708557,0.532464861869812,0.2651899456977844,0.19117794930934906,0.2083224207162857],[0.1851000189781189,0.14745217561721802,0.15992113947868347,0.30206063389778137,0.29906800389289856,0.3801383972167969,0.19062474370002747,0.30388525128364563,0.27265939116477966,0.4116043448448181,0.42049160599708557,1.0,0.4308812916278839,0.21950849890708923,0.17553861439228058,0.1593843251466751],[0.318159282207489,0.23838576674461365,0.2004372775554657,0.4357374310493469,0.36436912417411804,0.7463657855987549,0.289278507232666,0.42577508091926575,0.44247740507125854,0.4485679268836975,0.532464861869812,0.4308812916278839,1.0,0.38853320479393005,0.25877645611763,0.342439740896225],[0.20307514071464539,0.20195691287517548,0.21618467569351196,0.314799040555954,0.32733938097953796,0.25461262464523315,0.35995960235595703,0.3571832776069641,0.3068922758102417,0.23929950594902039,0.2651899456977844,0.21950849890708923,0.38853320479393005,0.9999999403953552,0.30038556456565857,0.39216336607933044],[0.24226707220077515,0.23231583833694458,0.31102773547172546,0.23491279780864716,0.39229249954223633,0.2613857388496399,0.3083156645298004,0.24190014600753784,0.2119905799627304,0.1870528757572174,0.19117794930934906,0.17553861439228058,0.25877645611763,0.30038556456565857,1.0,0.2636665105819702],[0.31766384840011597,0.29492947459220886,0.30844125151634216,0.34389299154281616,0.3218107521533966,0.3362337350845337,0.28562259674072266,0.24504289031028748,0.332009494304657,0.30825698375701904,0.2083224207162857,0.1593843251466751,0.342439740896225,0.39216336607933044,0.2636665105819702,1.0]]}