{
  "game_number": 349,
  "words": [
    "CHUCK",
    "FLANK",
    "LOIN",
    "ROUND",
    "MIA",
    "OMG",
    "PIN",
    "RAM",
    "LIBRE",
    "MAMA",
    "MULE",
    "SLING",
    "HEADLINER",
    "LEAD",
    "PRINCIPAL",
    "STAR"
  ],
  "adjacency_matrix": [
    [
      1.0,
      0.32783713936805725,
      0.399335116147995,
      0.437426894903183,
      0.1628723442554474,
      0.23353442549705505,
      0.46843913197517395,
      0.44018256664276123,
      0.17588596045970917,
      0.33489611744880676,
      0.3447597324848175,
      0.5411327481269836,
      0.29390424489974976,
      0.36957481503486633,
      0.26084864139556885,
      0.3456876873970032
    ],
    [
      0.32783713936805725,
      1.0,
      0.37327295541763306,
      0.3664145767688751,
      0.09763313084840775,
      0.046211402863264084,
      0.39069104194641113,
      0.40506511926651,
      0.14049403369426727,
      0.2165393829345703,
      0.30860236287117004,
      0.32224443554878235,
      0.2956779897212982,
      0.36390239000320435,
      0.31768813729286194,
      0.3381238579750061
    ],
    [
      0.399335116147995,
      0.37327295541763306,
      1.0,
      0.32947927713394165,
      0.24857960641384125,
      0.14982910454273224,
      0.295946329832077,
      0.3190314471721649,
      0.30989915132522583,
      0.3284052610397339,
      0.33862611651420593,
      0.35290539264678955,
      0.20337951183319092,
      0.22254019975662231,
      0.13243423402309418,
      0.21877986192703247
    ],
    [
      0.437426894903183,
      0.3664145767688751,
      0.32947927713394165,
      0.9999999403953552,
      0.09139299392700195,
      0.09152524173259735,
      0.43701931834220886,
      0.2987324893474579,
      0.1851029098033905,
      0.19616788625717163,
      0.28514447808265686,
      0.38747358322143555,
      0.30879509449005127,
      0.41651853919029236,
      0.3135243058204651,
      0.37188875675201416
    ],
    [
      0.1628723442554474,
      0.09763313084840775,
      0.24857960641384125,
      0.09139299392700195,
      1.0,
      0.41392961144447327,
      0.11705056577920914,
      0.20147845149040222,
      0.28289732336997986,
      0.5232779383659363,
      0.17219379544258118,
      0.14667154848575592,
      0.04126233235001564,
      0.009770062752068043,
      0.002007686533033848,
      0.17830629646778107
    ],
    [
      0.23353442549705505,
      0.046211402863264084,
      0.14982910454273224,
      0.09152524173259735,
      0.41392961144447327,
      1.0,
      0.10003887116909027,
      0.14228910207748413,
      0.08862396329641342,
      0.38047873973846436,
      0.10562823712825775,
      0.1489742547273636,
      0.11649206280708313,
      -0.012329359538853168,
      -0.038837917149066925,
      0.11129800230264664
    ],
    [
      0.46843913197517395,
      0.39069104194641113,
      0.295946329832077,
      0.43701931834220886,
      0.11705056577920914,
      0.10003887116909027,
      0.9999999403953552,
      0.41169098019599915,
      0.20117931067943573,
      0.2688305377960205,
      0.33707374334335327,
      0.46734198927879333,
      0.2846955358982086,
      0.4103783965110779,
      0.3144434988498688,
      0.38456907868385315
    ],
    [
      0.44018256664276123,
      0.40506511926651,
      0.3190314471721649,
      0.2987324893474579,
      0.20147845149040222,
      0.14228910207748413,
      0.41169098019599915,
      1.0,
      0.12006966024637222,
      0.3023533225059509,
      0.4410666823387146,
      0.37021908164024353,
      0.24157185852527618,
      0.31264767050743103,
      0.23972433805465698,
      0.3131476938724518
    ],
    [
      0.17588596045970917,
      0.14049403369426727,
      0.30989915132522583,
      0.1851029098033905,
      0.28289732336997986,
      0.08862396329641342,
      0.20117931067943573,
      0.12006966024637222,
      1.0,
      0.216530442237854,
      0.22032777965068817,
      0.14529302716255188,
      0.13165415823459625,
      0.13530385494232178,
      0.16095294058322906,
      0.17624150216579437
    ],
    [
      0.33489611744880676,
      0.2165393829345703,
      0.3284052610397339,
      0.19616788625717163,
      0.5232779383659363,
      0.38047873973846436,
      0.2688305377960205,
      0.3023533225059509,
      0.216530442237854,
      1.0,
      0.4001273512840271,
      0.2930932641029358,
      0.18205060064792633,
      0.18438787758350372,
      0.2301778644323349,
      0.33694690465927124
    ],
    [
      0.3447597324848175,
      0.30860236287117004,
      0.33862611651420593,
      0.28514447808265686,
      0.17219379544258118,
      0.10562823712825775,
      0.33707374334335327,
      0.4410666823387146,
      0.22032777965068817,
      0.4001273512840271,
      1.0,
      0.4341767728328705,
      0.26604780554771423,
      0.3150453567504883,
      0.28651362657546997,
      0.31022873520851135
    ],
    [
      0.5411327481269836,
      0.32224443554878235,
      0.35290539264678955,
      0.38747358322143555,
      0.14667154848575592,
      0.1489742547273636,
      0.46734198927879333,
      0.37021908164024353,
      0.14529302716255188,
      0.2930932641029358,
      0.4341767728328705,
      0.9999999403953552,
      0.21181567013263702,
      0.33427610993385315,
      0.17300060391426086,
      0.2979699671268463
    ],
    [
      0.29390424489974976,
      0.2956779897212982,
      0.20337951183319092,
      0.30879509449005127,
      0.04126233235001564,
      0.11649206280708313,
      0.2846955358982086,
      0.24157185852527618,
      0.13165415823459625,
      0.18205060064792633,
      0.26604780554771423,
      0.21181567013263702,
      1.0,
      0.3047671318054199,
      0.31255921721458435,
      0.4506942927837372
    ],
    [
      0.36957481503486633,
      0.36390239000320435,
      0.22254019975662231,
      0.41651853919029236,
      0.009770062752068043,
      -0.012329359538853168,
      0.4103783965110779,
      0.31264767050743103,
      0.13530385494232178,
      0.18438787758350372,
      0.3150453567504883,
      0.33427610993385315,
      0.3047671318054199,
      1.0,
      0.43524014949798584,
      0.45190322399139404
    ],
    [
      0.26084864139556885,
      0.31768813729286194,
      0.13243423402309418,
      0.3135243058204651,
      0.002007686533033848,
      -0.038837917149066925,
      0.3144434988498688,
      0.23972433805465698,
      0.16095294058322906,
      0.2301778644323349,
      0.28651362657546997,
      0.17300060391426086,
      0.31255921721458435,
      0.43524014949798584,
      1.0000001192092896,
      0.41062262654304504
    ],
    [
      0.3456876873970032,
      0.3381238579750061,
      0.21877986192703247,
      0.37188875675201416,
      0.17830629646778107,
      0.11129800230264664,
      0.38456907868385315,
      0.3131476938724518,
      0.17624150216579437,
      0.33694690465927124,
      0.31022873520851135,
      0.2979699671268463,
      0.4506942927837372,
      0.45190322399139404,
      0.41062262654304504,
      1.0
    ]
  ]
}