{"game_number":9,"words":["ASIDE","DETOUR","DIGRESSION","TANGENT","BEAR","GENERATE","PRODUCE","YIELD","BABE","FOX","SNACK","TEN","ARE","RADIUS","REVERSE","RIGHT"],"adjacency_matrix":[[0.9999999403953552,0.3946758210659027,0.46481919288635254,0.4514951705932617,0.38939666748046875,0.3065207004547119,0.30990034341812134,0.3339676856994629,0.24573993682861328,0.17974507808685303,0.2262522578239441,0.2807556092739105,0.40073081851005554,0.16836859285831451,0.3272378444671631,0.4324585497379303],[0.3946758210659027,1.0,0.5537472367286682,0.4648693799972534,0.34495168924331665,0.29994070529937744,0.3087485134601593,0.33029988408088684,0.16489151120185852,0.16102035343647003,0.4210214912891388,0.20575277507305145,0.2414625585079193,0.30518069863319397,0.4464809000492096,0.33970752358436584],[0.46481919288635254,0.5537472367286682,0.9999999403953552,0.6490168571472168,0.32230615615844727,0.2651073932647705,0.22463186085224152,0.24838042259216309,0.28744664788246155,0.19772309064865112,0.2882695496082306,0.1850859373807907,0.22899626195430756,0.23428615927696228,0.37829622626304626,0.32676780223846436],[0.4514951705932617,0.4648693799972534,0.6490168571472168,1.0,0.3353659510612488,0.3079127371311188,0.28212109208106995,0.3037828803062439,0.2583587169647217,0.20651783049106598,0.30766889452934265,0.2504768371582031,0.313203901052475,0.4186330735683441,0.3535856306552887,0.4364601969718933],[0.38939666748046875,0.34495168924331665,0.32230615615844727,0.3353659510612488,0.9999999403953552,0.45153167843818665,0.52119380235672,0.511744499206543,0.36221885681152344,0.3618815839290619,0.369708389043808,0.2982391119003296,0.41748425364494324,0.24746915698051453,0.39507919549942017,0.4493299424648285],[0.3065207004547119,0.29994070529937744,0.2651073932647705,0.3079127371311188,0.45153167843818665,0.9999999403953552,0.7784636616706848,0.6029903292655945,0.16759724915027618,0.11521099507808685,0.32096633315086365,0.3591112792491913,0.42506346106529236,0.25840601325035095,0.43310555815696716,0.40124815702438354],[0.30990034341812134,0.3087485134601593,0.22463186085224152,0.28212109208106995,0.52119380235672,0.7784636616706848,1.0,0.6550682783126831,0.19563820958137512,0.1758001297712326,0.3765275776386261,0.3808542490005493,0.47275078296661377,0.23285043239593506,0.452105849981308,0.43712401390075684],[0.3339676856994629,0.33029988408088684,0.24838042259216309,0.3037828803062439,0.511744499206543,0.6029903292655945,0.6550682783126831,1.0,0.1734326332807541,0.1123998835682869,0.3285810649394989,0.35548844933509827,0.38870763778686523,0.32013967633247375,0.41998571157455444,0.4321501553058624],[0.24573993682861328,0.16489151120185852,0.28744664788246155,0.2583587169647217,0.36221885681152344,0.16759724915027618,0.19563820958137512,0.1734326332807541,1.0,0.3792259395122528,0.32033294439315796,0.22671550512313843,0.2533206641674042,0.19371449947357178,0.1671367883682251,0.31644317507743835],[0.17974507808685303,0.16102035343647003,0.19772309064865112,0.20651783049106598,0.3618815839290619,0.11521099507808685,0.1758001297712326,0.1123998835682869,0.3792259395122528,1.0,0.2554338276386261,0.1797010451555252,0.15458303689956665,0.19675102829933167,0.17222262918949127,0.2105480134487152],[0.2262522578239441,0.4210214912891388,0.2882695496082306,0.30766889452934265,0.369708389043808,0.32096633315086365,0.3765275776386261,0.3285810649394989,0.32033294439315796,0.2554338276386261,1.0,0.25602978467941284,0.2737293243408203,0.26900187134742737,0.3209781348705292,0.33549895882606506],[0.2807556092739105,0.20575277507305145,0.1850859373807907,0.2504768371582031,0.2982391119003296,0.3591112792491913,0.3808542490005493,0.35548844933509827,0.22671550512313843,0.1797010451555252,0.25602978467941284,1.0,0.4412184953689575,0.24723707139492035,0.28101709485054016,0.36008867621421814],[0.40073081851005554,0.2414625585079193,0.22899626195430756,0.313203901052475,0.41748425364494324,0.42506346106529236,0.47275078296661377,0.38870763778686523,0.2533206641674042,0.15458303689956665,0.2737293243408203,0.4412184953689575,1.0,0.19498825073242188,0.3247067332267761,0.45302969217300415],[0.16836859285831451,0.30518069863319397,0.23428615927696228,0.4186330735683441,0.24746915698051453,0.25840601325035095,0.23285043239593506,0.32013967633247375,0.19371449947357178,0.19675102829933167,0.26900187134742737,0.24723707139492035,0.19498825073242188,1.0,0.24982501566410065,0.35481706261634827],[0.3272378444671631,0.4464809000492096,0.37829622626304626,0.3535856306552887,0.39507919549942017,0.43310555815696716,0.452105849981308,0.41998571157455444,0.1671367883682251,0.17222262918949127,0.3209781348705292,0.28101709485054016,0.3247067332267761,0.24982501566410065,1.0,0.48935192823410034],[0.4324585497379303,0.33970752358436584,0.32676780223846436,0.4364601969718933,0.4493299424648285,0.40124815702438354,0.43712401390075684,0.4321501553058624,0.31644317507743835,0.2105480134487152,0.33549895882606506,0.36008867621421814,0.45302969217300415,0.35481706261634827,0.48935192823410034,1.0]]}