{"game_number":131,"words":["CONTRACT","LESSEN","REDUCE","SHRINK","BUSINESS","COACH","FIRST","PREMIUM","CHECK","REVIEW","SCREEN","VET","FINALE","PILOT","PREMIERE","SPECIAL"],"adjacency_matrix":[[0.9999999403953552,0.21222040057182312,0.3441542983055115,0.3008885085582733,0.4751267731189728,0.3970426321029663,0.40495139360427856,0.4367873966693878,0.3542579710483551,0.39933884143829346,0.30691003799438477,0.3160685896873474,0.35811612010002136,0.41067859530448914,0.3471207916736603,0.4152654707431793],[0.21222040057182312,1.0,0.7703700065612793,0.5159323215484619,0.2921041250228882,0.19577042758464813,0.32221105694770813,0.268062561750412,0.28207483887672424,0.22697977721691132,0.2645144462585449,0.22228018939495087,0.18021512031555176,0.1958131194114685,0.1685103327035904,0.3025704622268677],[0.3441542983055115,0.7703700065612793,1.0000001192092896,0.5930096507072449,0.33269158005714417,0.2551463842391968,0.3714059293270111,0.3759656548500061,0.42734166979789734,0.3707793653011322,0.36424511671066284,0.2635975778102875,0.21650762856006622,0.2616303563117981,0.19905716180801392,0.35519498586654663],[0.3008885085582733,0.5159323215484619,0.5930096507072449,1.0,0.3729352653026581,0.31109508872032166,0.3085540533065796,0.2987669110298157,0.34369799494743347,0.30234193801879883,0.43398308753967285,0.24672941863536835,0.2627767324447632,0.24102166295051575,0.2616671323776245,0.2753449082374573],[0.4751267731189728,0.2921041250228882,0.33269158005714417,0.3729352653026581,1.0,0.41366422176361084,0.4431757926940918,0.42568153142929077,0.3387298285961151,0.3712065815925598,0.36897754669189453,0.34968429803848267,0.2447112649679184,0.4217722415924072,0.3626178205013275,0.46546027064323425],[0.3970426321029663,0.19577042758464813,0.2551463842391968,0.31109508872032166,0.41366422176361084,1.0,0.3636780083179474,0.28633809089660645,0.28006258606910706,0.3089072108268738,0.2600029408931732,0.350477397441864,0.27100619673728943,0.3969856798648834,0.29121482372283936,0.312616765499115],[0.40495139360427856,0.32221105694770813,0.3714059293270111,0.3085540533065796,0.4431757926940918,0.3636780083179474,1.0,0.3548029363155365,0.3931799530982971,0.45042678713798523,0.41608232259750366,0.309017539024353,0.44708308577537537,0.4783235192298889,0.5159808397293091,0.528206467628479],[0.4367873966693878,0.268062561750412,0.3759656548500061,0.2987669110298157,0.42568153142929077,0.28633809089660645,0.3548029363155365,1.0,0.3332595229148865,0.325809508562088,0.37928348779678345,0.20455889403820038,0.2659507691860199,0.3183380663394928,0.38393834233283997,0.5227716565132141],[0.3542579710483551,0.28207483887672424,0.42734166979789734,0.34369799494743347,0.3387298285961151,0.28006258606910706,0.3931799530982971,0.3332595229148865,1.0,0.5983712077140808,0.4707922339439392,0.4675830602645874,0.3019721806049347,0.31372129917144775,0.270634263753891,0.3606599271297455],[0.39933884143829346,0.22697977721691132,0.3707793653011322,0.30234193801879883,0.3712065815925598,0.3089072108268738,0.45042678713798523,0.325809508562088,0.5983712077140808,1.0,0.39921510219573975,0.40355807542800903,0.3779217004776001,0.419859915971756,0.4301786422729492,0.4397146999835968],[0.30691003799438477,0.2645144462585449,0.36424511671066284,0.43398308753967285,0.36897754669189453,0.2600029408931732,0.41608232259750366,0.37928348779678345,0.4707922339439392,0.39921510219573975,1.0,0.2845040559768677,0.314637154340744,0.4157339632511139,0.34108519554138184,0.3765746057033539],[0.3160685896873474,0.22228018939495087,0.2635975778102875,0.24672941863536835,0.34968429803848267,0.350477397441864,0.309017539024353,0.20455889403820038,0.4675830602645874,0.40355807542800903,0.2845040559768677,0.9999999403953552,0.2724294364452362,0.43374118208885193,0.2714821696281433,0.2938457131385803],[0.35811612010002136,0.18021512031555176,0.21650762856006622,0.2627767324447632,0.2447112649679184,0.27100619673728943,0.44708308577537537,0.2659507691860199,0.3019721806049347,0.3779217004776001,0.314637154340744,0.2724294364452362,1.0,0.39026767015457153,0.6204744577407837,0.37889647483825684],[0.41067859530448914,0.1958131194114685,0.2616303563117981,0.24102166295051575,0.4217722415924072,0.3969856798648834,0.4783235192298889,0.3183380663394928,0.31372129917144775,0.419859915971756,0.4157339632511139,0.43374118208885193,0.39026767015457153,1.0,0.4473274350166321,0.42549556493759155],[0.3471207916736603,0.1685103327035904,0.19905716180801392,0.2616671323776245,0.3626178205013275,0.29121482372283936,0.5159808397293091,0.38393834233283997,0.270634263753891,0.4301786422729492,0.34108519554138184,0.2714821696281433,0.6204744577407837,0.4473274350166321,1.0000001192092896,0.4045614004135132],[0.4152654707431793,0.3025704622268677,0.35519498586654663,0.2753449082374573,0.46546027064323425,0.312616765499115,0.528206467628479,0.5227716565132141,0.3606599271297455,0.4397146999835968,0.3765746057033539,0.2938457131385803,0.37889647483825684,0.42549556493759155,0.4045614004135132,0.9999999403953552]]}