{
  "game_number": 534,
  "words": [
    "BANGER",
    "BOP",
    "GROOVE",
    "JAM",
    "MASH",
    "ROAST",
    "SCONE",
    "TRIFLE",
    "BIND",
    "PICKLE",
    "SCRAPE",
    "SPOT",
    "BOWL",
    "DISH",
    "PLATE",
    "SAUCER"
  ],
  "adjacency_matrix": [
    [
      1.0,
      0.358609676361084,
      0.5028213262557983,
      0.4758029580116272,
      0.5600270628929138,
      0.40721946954727173,
      0.41870352625846863,
      0.4108872711658478,
      0.24920597672462463,
      0.40675297379493713,
      0.3719754219055176,
      0.4082309603691101,
      0.3292100429534912,
      0.4081358015537262,
      0.3781678378582001,
      0.2261836677789688
    ],
    [
      0.358609676361084,
      1.0,
      0.4008885324001312,
      0.36900755763053894,
      0.32950055599212646,
      0.16574250161647797,
      0.2227431684732437,
      0.14685365557670593,
      0.1243387907743454,
      0.256915807723999,
      0.17233368754386902,
      0.18737775087356567,
      0.2216898649930954,
      0.15450122952461243,
      0.15651565790176392,
      0.17316186428070068
    ],
    [
      0.5028213262557983,
      0.4008885324001312,
      1.0,
      0.4619259238243103,
      0.4127453863620758,
      0.28568994998931885,
      0.36245331168174744,
      0.37052586674690247,
      0.4092690348625183,
      0.3547847867012024,
      0.42363548278808594,
      0.4797370135784149,
      0.3910987973213196,
      0.39871668815612793,
      0.4354376494884491,
      0.2493135780096054
    ],
    [
      0.4758029580116272,
      0.36900755763053894,
      0.4619259238243103,
      1.0,
      0.5402145981788635,
      0.3272595703601837,
      0.4779725968837738,
      0.3440946936607361,
      0.3288114666938782,
      0.46561044454574585,
      0.39333730936050415,
      0.3361883759498596,
      0.3770301640033722,
      0.37189069390296936,
      0.2977837920188904,
      0.3149063289165497
    ],
    [
      0.5600270628929138,
      0.32950055599212646,
      0.4127453863620758,
      0.5402145981788635,
      1.0,
      0.5079990029335022,
      0.4721315801143646,
      0.3915100395679474,
      0.3343047499656677,
      0.5526942014694214,
      0.4659631550312042,
      0.32302287220954895,
      0.4468173086643219,
      0.5058993697166443,
      0.4321364462375641,
      0.3430662751197815
    ],
    [
      0.40721946954727173,
      0.16574250161647797,
      0.28568994998931885,
      0.3272595703601837,
      0.5079990029335022,
      1.0000001192092896,
      0.39441192150115967,
      0.4273742437362671,
      0.3093473017215729,
      0.4299081563949585,
      0.4216790199279785,
      0.3985801339149475,
      0.42408525943756104,
      0.5284449458122253,
      0.4035070538520813,
      0.3273635506629944
    ],
    [
      0.41870352625846863,
      0.2227431684732437,
      0.36245331168174744,
      0.4779725968837738,
      0.4721315801143646,
      0.39441192150115967,
      0.9999999403953552,
      0.4536826014518738,
      0.27195754647254944,
      0.46870356798171997,
      0.3536619544029236,
      0.42612242698669434,
      0.4621657729148865,
      0.5110935568809509,
      0.42244797945022583,
      0.36450132727622986
    ],
    [
      0.4108872711658478,
      0.14685365557670593,
      0.37052586674690247,
      0.3440946936607361,
      0.3915100395679474,
      0.4273742437362671,
      0.4536826014518738,
      0.9999999403953552,
      0.2765538990497589,
      0.43086278438568115,
      0.36590802669525146,
      0.3739786744117737,
      0.3843247890472412,
      0.4346596598625183,
      0.36309337615966797,
      0.35621824860572815
    ],
    [
      0.24920597672462463,
      0.1243387907743454,
      0.4092690348625183,
      0.3288114666938782,
      0.3343047499656677,
      0.3093473017215729,
      0.27195754647254944,
      0.2765538990497589,
      1.0,
      0.443980872631073,
      0.42419224977493286,
      0.34966424107551575,
      0.3075368106365204,
      0.28790420293807983,
      0.3258073627948761,
      0.11835703253746033
    ],
    [
      0.40675297379493713,
      0.256915807723999,
      0.3547847867012024,
      0.46561044454574585,
      0.5526942014694214,
      0.4299081563949585,
      0.46870356798171997,
      0.43086278438568115,
      0.443980872631073,
      0.9999999403953552,
      0.42342039942741394,
      0.4062242805957794,
      0.4220864474773407,
      0.5348300337791443,
      0.38954460620880127,
      0.2598648965358734
    ],
    [
      0.3719754219055176,
      0.17233368754386902,
      0.42363548278808594,
      0.39333730936050415,
      0.4659631550312042,
      0.4216790199279785,
      0.3536619544029236,
      0.36590802669525146,
      0.42419224977493286,
      0.42342039942741394,
      1.0,
      0.4569569230079651,
      0.376202791929245,
      0.38384196162223816,
      0.3884810507297516,
      0.3166140913963318
    ],
    [
      0.4082309603691101,
      0.18737775087356567,
      0.4797370135784149,
      0.3361883759498596,
      0.32302287220954895,
      0.3985801339149475,
      0.42612242698669434,
      0.3739786744117737,
      0.34966424107551575,
      0.4062242805957794,
      0.4569569230079651,
      1.0,
      0.4316243529319763,
      0.476182758808136,
      0.45193514227867126,
      0.26298704743385315
    ],
    [
      0.3292100429534912,
      0.2216898649930954,
      0.3910987973213196,
      0.3770301640033722,
      0.4468173086643219,
      0.42408525943756104,
      0.4621657729148865,
      0.3843247890472412,
      0.3075368106365204,
      0.4220864474773407,
      0.376202791929245,
      0.4316243529319763,
      1.0,
      0.556686282157898,
      0.5527515411376953,
      0.4850114583969116
    ],
    [
      0.4081358015537262,
      0.15450122952461243,
      0.39871668815612793,
      0.37189069390296936,
      0.5058993697166443,
      0.5284449458122253,
      0.5110935568809509,
      0.4346596598625183,
      0.28790420293807983,
      0.5348300337791443,
      0.38384196162223816,
      0.476182758808136,
      0.556686282157898,
      0.9999999403953552,
      0.6016046404838562,
      0.37911123037338257
    ],
    [
      0.3781678378582001,
      0.15651565790176392,
      0.4354376494884491,
      0.2977837920188904,
      0.4321364462375641,
      0.4035070538520813,
      0.42244797945022583,
      0.36309337615966797,
      0.3258073627948761,
      0.38954460620880127,
      0.3884810507297516,
      0.45193514227867126,
      0.5527515411376953,
      0.6016046404838562,
      0.9999999403953552,
      0.3532301187515259
    ],
    [
      0.2261836677789688,
      0.17316186428070068,
      0.2493135780096054,
      0.3149063289165497,
      0.3430662751197815,
      0.3273635506629944,
      0.36450132727622986,
      0.35621824860572815,
      0.11835703253746033,
      0.2598648965358734,
      0.3166140913963318,
      0.26298704743385315,
      0.4850114583969116,
      0.37911123037338257,
      0.3532301187515259,
      1.0
    ]
  ]
}