{
  "game_number": 549,
  "words": [
    "DADA",
    "DECO",
    "GOTHIC",
    "POP",
    "HOOK",
    "NANA",
    "PETER",
    "WENDY",
    "BIRD",
    "GAGA",
    "LUCK",
    "MACBETH",
    "ARM",
    "BRANCH",
    "CHAPTER",
    "WING"
  ],
  "adjacency_matrix": [
    [
      1.0,
      0.4090839624404907,
      0.3170299828052521,
      0.4252469837665558,
      0.24094635248184204,
      0.5096924304962158,
      0.3965397775173187,
      0.3515460193157196,
      0.32280293107032776,
      0.4907744526863098,
      0.19943879544734955,
      0.4668491780757904,
      0.2693357467651367,
      0.2815113365650177,
      0.19728317856788635,
      0.31097039580345154
    ],
    [
      0.4090839624404907,
      1.0,
      0.5006625652313232,
      0.42952993512153625,
      0.27356037497520447,
      0.2746891677379608,
      0.333067923784256,
      0.3278071880340576,
      0.26164737343788147,
      0.37543347477912903,
      0.25180119276046753,
      0.341207355260849,
      0.28009510040283203,
      0.29964280128479004,
      0.13816457986831665,
      0.3696644902229309
    ],
    [
      0.3170299828052521,
      0.5006625652313232,
      1.0,
      0.49186500906944275,
      0.254541277885437,
      0.22633861005306244,
      0.2764130234718323,
      0.286253958940506,
      0.26570945978164673,
      0.33835527300834656,
      0.2059246450662613,
      0.4451299011707306,
      0.2571433484554291,
      0.2987571358680725,
      0.23734930157661438,
      0.37158194184303284
    ],
    [
      0.4252469837665558,
      0.42952993512153625,
      0.49186500906944275,
      0.9999999403953552,
      0.4093785285949707,
      0.30718669295310974,
      0.3094535171985626,
      0.27928411960601807,
      0.33899328112602234,
      0.4790048897266388,
      0.24528340995311737,
      0.3238219916820526,
      0.32276052236557007,
      0.3585844337940216,
      0.182492196559906,
      0.3353690505027771
    ],
    [
      0.24094635248184204,
      0.27356037497520447,
      0.254541277885437,
      0.4093785285949707,
      1.0,
      0.18266195058822632,
      0.34444549679756165,
      0.2864750027656555,
      0.36626753211021423,
      0.3251781165599823,
      0.3227490186691284,
      0.3274197578430176,
      0.430069237947464,
      0.36590370535850525,
      0.2509714365005493,
      0.3561114966869354
    ],
    [
      0.5096924304962158,
      0.2746891677379608,
      0.22633861005306244,
      0.30718669295310974,
      0.18266195058822632,
      1.0,
      0.36022159457206726,
      0.4157135784626007,
      0.3364437520503998,
      0.514377772808075,
      0.21087126433849335,
      0.48584118485450745,
      0.20669394731521606,
      0.174316868185997,
      0.10127595067024231,
      0.1742098033428192
    ],
    [
      0.3965397775173187,
      0.333067923784256,
      0.2764130234718323,
      0.3094535171985626,
      0.34444549679756165,
      0.36022159457206726,
      0.9999999403953552,
      0.5520088076591492,
      0.28693079948425293,
      0.4362037181854248,
      0.31539037823677063,
      0.43006882071495056,
      0.30629873275756836,
      0.2619888484477997,
      0.23720264434814453,
      0.2635117471218109
    ],
    [
      0.3515460193157196,
      0.3278071880340576,
      0.286253958940506,
      0.27928411960601807,
      0.2864750027656555,
      0.4157135784626007,
      0.5520088076591492,
      0.9999999403953552,
      0.24448662996292114,
      0.4354284405708313,
      0.2423442155122757,
      0.3925948441028595,
      0.13960815966129303,
      0.15499591827392578,
      0.1050245463848114,
      0.23707088828086853
    ],
    [
      0.32280293107032776,
      0.26164737343788147,
      0.26570945978164673,
      0.33899328112602234,
      0.36626753211021423,
      0.3364437520503998,
      0.28693079948425293,
      0.24448662996292114,
      1.0,
      0.33175626397132874,
      0.28656888008117676,
      0.3991217017173767,
      0.38225826621055603,
      0.3667888045310974,
      0.2392766922712326,
      0.49354058504104614
    ],
    [
      0.4907744526863098,
      0.37543347477912903,
      0.33835527300834656,
      0.4790048897266388,
      0.3251781165599823,
      0.514377772808075,
      0.4362037181854248,
      0.4354284405708313,
      0.33175626397132874,
      1.0,
      0.21045711636543274,
      0.5050647854804993,
      0.26018857955932617,
      0.2136135846376419,
      0.12190665304660797,
      0.2944287359714508
    ],
    [
      0.19943879544734955,
      0.25180119276046753,
      0.2059246450662613,
      0.24528340995311737,
      0.3227490186691284,
      0.21087126433849335,
      0.31539037823677063,
      0.2423442155122757,
      0.28656888008117676,
      0.21045711636543274,
      1.0,
      0.2574174106121063,
      0.2816721200942993,
      0.2017175257205963,
      0.12878012657165527,
      0.21276229619979858
    ],
    [
      0.4668491780757904,
      0.341207355260849,
      0.4451299011707306,
      0.3238219916820526,
      0.3274197578430176,
      0.48584118485450745,
      0.43006882071495056,
      0.3925948441028595,
      0.3991217017173767,
      0.5050647854804993,
      0.2574174106121063,
      1.0,
      0.34034809470176697,
      0.31314611434936523,
      0.25444650650024414,
      0.32359451055526733
    ],
    [
      0.2693357467651367,
      0.28009510040283203,
      0.2571433484554291,
      0.32276052236557007,
      0.430069237947464,
      0.20669394731521606,
      0.30629873275756836,
      0.13960815966129303,
      0.38225826621055603,
      0.26018857955932617,
      0.2816721200942993,
      0.34034809470176697,
      1.0,
      0.5466819405555725,
      0.23528678715229034,
      0.5100498199462891
    ],
    [
      0.2815113365650177,
      0.29964280128479004,
      0.2987571358680725,
      0.3585844337940216,
      0.36590370535850525,
      0.174316868185997,
      0.2619888484477997,
      0.15499591827392578,
      0.3667888045310974,
      0.2136135846376419,
      0.2017175257205963,
      0.31314611434936523,
      0.5466819405555725,
      1.0,
      0.3842261731624603,
      0.5057706832885742
    ],
    [
      0.19728317856788635,
      0.13816457986831665,
      0.23734930157661438,
      0.182492196559906,
      0.2509714365005493,
      0.10127595067024231,
      0.23720264434814453,
      0.1050245463848114,
      0.2392766922712326,
      0.12190665304660797,
      0.12878012657165527,
      0.25444650650024414,
      0.23528678715229034,
      0.3842261731624603,
      1.0,
      0.2550308108329773
    ],
    [
      0.31097039580345154,
      0.3696644902229309,
      0.37158194184303284,
      0.3353690505027771,
      0.3561114966869354,
      0.1742098033428192,
      0.2635117471218109,
      0.23707088828086853,
      0.49354058504104614,
      0.2944287359714508,
      0.21276229619979858,
      0.32359451055526733,
      0.5100498199462891,
      0.5057706832885742,
      0.2550308108329773,
      1.0
    ]
  ]
}