{
  "game_number": 585,
  "words": [
    "BUSTS",
    "FLOPS",
    "MISSES",
    "TURKEYS",
    "DUDS",
    "GETUP",
    "OUTFIT",
    "THREADS",
    "PECK",
    "SMACK",
    "SMOOCH",
    "X",
    "BEARD",
    "GOATEE",
    "MUSTACHE",
    "STUBBLE"
  ],
  "adjacency_matrix": [
    [
      1.0,
      0.43929794430732727,
      0.4028908610343933,
      0.3276224434375763,
      0.4185272455215454,
      0.29361996054649353,
      0.2834698557853699,
      0.3285749852657318,
      0.24218663573265076,
      0.3782908320426941,
      0.3156471252441406,
      -0.02562590502202511,
      0.3399506211280823,
      0.313515305519104,
      0.317961186170578,
      0.29296237230300903
    ],
    [
      0.43929794430732727,
      1.0,
      0.4311792850494385,
      0.27230989933013916,
      0.5569902658462524,
      0.30990278720855713,
      0.31998494267463684,
      0.2690569758415222,
      0.18483053147792816,
      0.3080809712409973,
      0.35472747683525085,
      -0.01986132375895977,
      0.210272416472435,
      0.20006534457206726,
      0.18571612238883972,
      0.213717982172966
    ],
    [
      0.4028908610343933,
      0.4311792850494385,
      1.0,
      0.2567116618156433,
      0.3929889500141144,
      0.3269115388393402,
      0.26862719655036926,
      0.368826687335968,
      0.3125700354576111,
      0.4093526005744934,
      0.3643859624862671,
      -0.09301818162202835,
      0.24760949611663818,
      0.22190651297569275,
      0.15962694585323334,
      0.26947757601737976
    ],
    [
      0.3276224434375763,
      0.27230989933013916,
      0.2567116618156433,
      0.9999999403953552,
      0.3267418146133423,
      0.2419479340314865,
      0.26066452264785767,
      0.24604712426662445,
      0.42214375734329224,
      0.22043323516845703,
      0.27920910716056824,
      0.018787169829010963,
      0.16010034084320068,
      0.2331574261188507,
      0.16265706717967987,
      0.2637791037559509
    ],
    [
      0.4185272455215454,
      0.5569902658462524,
      0.3929889500141144,
      0.3267418146133423,
      1.0,
      0.36439692974090576,
      0.4272820055484772,
      0.27173784375190735,
      0.1708758920431137,
      0.24868108332157135,
      0.3115865886211395,
      -0.020101070404052734,
      0.20206570625305176,
      0.27707186341285706,
      0.2042887955904007,
      0.3100346028804779
    ],
    [
      0.29361996054649353,
      0.30990278720855713,
      0.3269115388393402,
      0.2419479340314865,
      0.36439692974090576,
      1.0,
      0.6099398136138916,
      0.2659047245979309,
      0.24448716640472412,
      0.356903612613678,
      0.48034730553627014,
      -0.13935326039791107,
      0.41275784373283386,
      0.4352474808692932,
      0.40878358483314514,
      0.33116984367370605
    ],
    [
      0.2834698557853699,
      0.31998494267463684,
      0.26862719655036926,
      0.26066452264785767,
      0.4272820055484772,
      0.6099398136138916,
      1.0,
      0.2824119031429291,
      0.19403626024723053,
      0.3143199384212494,
      0.31821951270103455,
      -0.11903302371501923,
      0.3445085883140564,
      0.38079833984375,
      0.3226676285266876,
      0.2842460870742798
    ],
    [
      0.3285749852657318,
      0.2690569758415222,
      0.368826687335968,
      0.24604712426662445,
      0.27173784375190735,
      0.2659047245979309,
      0.2824119031429291,
      0.9999999403953552,
      0.24292796850204468,
      0.24712583422660828,
      0.22302044928073883,
      -0.01782369427382946,
      0.26526424288749695,
      0.24260391294956207,
      0.253257155418396,
      0.2498987913131714
    ],
    [
      0.24218663573265076,
      0.18483053147792816,
      0.3125700354576111,
      0.42214375734329224,
      0.1708758920431137,
      0.24448716640472412,
      0.19403626024723053,
      0.24292796850204468,
      0.9999999403953552,
      0.46345093846321106,
      0.4710986316204071,
      0.03569943085312843,
      0.2585591673851013,
      0.28492119908332825,
      0.23715628683567047,
      0.3642277717590332
    ],
    [
      0.3782908320426941,
      0.3080809712409973,
      0.4093526005744934,
      0.22043323516845703,
      0.24868108332157135,
      0.356903612613678,
      0.3143199384212494,
      0.24712583422660828,
      0.46345093846321106,
      0.9999999403953552,
      0.4959614872932434,
      -0.07259885221719742,
      0.36071446537971497,
      0.30971044301986694,
      0.3111688494682312,
      0.3606335520744324
    ],
    [
      0.3156471252441406,
      0.35472747683525085,
      0.3643859624862671,
      0.27920910716056824,
      0.3115865886211395,
      0.48034730553627014,
      0.31821951270103455,
      0.22302044928073883,
      0.4710986316204071,
      0.4959614872932434,
      1.0,
      -0.10204321891069412,
      0.3057032525539398,
      0.33266544342041016,
      0.3158685564994812,
      0.318660169839859
    ],
    [
      -0.02562590502202511,
      -0.01986132375895977,
      -0.09301818162202835,
      0.018787169829010963,
      -0.020101070404052734,
      -0.13935326039791107,
      -0.11903302371501923,
      -0.01782369427382946,
      0.03569943085312843,
      -0.07259885221719742,
      -0.10204321891069412,
      1.0,
      -0.002060317900031805,
      0.04657534137368202,
      0.007941916584968567,
      -0.025722356513142586
    ],
    [
      0.3399506211280823,
      0.210272416472435,
      0.24760949611663818,
      0.16010034084320068,
      0.20206570625305176,
      0.41275784373283386,
      0.3445085883140564,
      0.26526424288749695,
      0.2585591673851013,
      0.36071446537971497,
      0.3057032525539398,
      -0.002060317900031805,
      1.0,
      0.6827639937400818,
      0.7182053327560425,
      0.5877097845077515
    ],
    [
      0.313515305519104,
      0.20006534457206726,
      0.22190651297569275,
      0.2331574261188507,
      0.27707186341285706,
      0.4352474808692932,
      0.38079833984375,
      0.24260391294956207,
      0.28492119908332825,
      0.30971044301986694,
      0.33266544342041016,
      0.04657534137368202,
      0.6827639937400818,
      0.9999999403953552,
      0.6605138778686523,
      0.5800896883010864
    ],
    [
      0.317961186170578,
      0.18571612238883972,
      0.15962694585323334,
      0.16265706717967987,
      0.2042887955904007,
      0.40878358483314514,
      0.3226676285266876,
      0.253257155418396,
      0.23715628683567047,
      0.3111688494682312,
      0.3158685564994812,
      0.007941916584968567,
      0.7182053327560425,
      0.6605138778686523,
      1.0,
      0.4736522138118744
    ],
    [
      0.29296237230300903,
      0.213717982172966,
      0.26947757601737976,
      0.2637791037559509,
      0.3100346028804779,
      0.33116984367370605,
      0.2842460870742798,
      0.2498987913131714,
      0.3642277717590332,
      0.3606335520744324,
      0.318660169839859,
      -0.025722356513142586,
      0.5877097845077515,
      0.5800896883010864,
      0.4736522138118744,
      0.9999999403953552
    ]
  ]
}