{
  "game_number": 71,
  "words": [
    "PILLOWCASE",
    "SHEET",
    "TOWEL",
    "WASHCLOTH",
    "COUNTER",
    "OPPOSITE",
    "POLAR",
    "REVERSE",
    "GARTER",
    "HOSE",
    "SLIP",
    "TEDDY",
    "DIN",
    "FRIDGE",
    "GUMMY",
    "JOKER"
  ],
  "adjacency_matrix": [
    [
      1.0,
      0.5195310711860657,
      0.4871353209018707,
      0.557092010974884,
      0.3784216344356537,
      0.29938530921936035,
      0.21305666863918304,
      0.30329108238220215,
      0.42767852544784546,
      0.36334118247032166,
      0.45509541034698486,
      0.4239434003829956,
      0.13086092472076416,
      0.46770644187927246,
      0.4292730391025543,
      0.4038451910018921
    ],
    [
      0.5195310711860657,
      1.0000001192092896,
      0.46736642718315125,
      0.4826214611530304,
      0.443000465631485,
      0.3116695284843445,
      0.30041125416755676,
      0.3134973347187042,
      0.30143001675605774,
      0.29080864787101746,
      0.4917709529399872,
      0.2760200798511505,
      0.18123848736286163,
      0.36680665612220764,
      0.340127557516098,
      0.26553791761398315
    ],
    [
      0.4871353209018707,
      0.46736642718315125,
      0.9999999403953552,
      0.6550339460372925,
      0.3333030045032501,
      0.23164017498493195,
      0.20830781757831573,
      0.20798857510089874,
      0.43434450030326843,
      0.3738234043121338,
      0.37911275029182434,
      0.38940468430519104,
      0.22033904492855072,
      0.4047089219093323,
      0.3014146089553833,
      0.3276086151599884
    ],
    [
      0.557092010974884,
      0.4826214611530304,
      0.6550339460372925,
      0.9999999403953552,
      0.34222978353500366,
      0.26037493348121643,
      0.24305424094200134,
      0.25651559233665466,
      0.3610573410987854,
      0.47517067193984985,
      0.3894204795360565,
      0.29635679721832275,
      0.18490053713321686,
      0.45673421025276184,
      0.4024513363838196,
      0.2987649738788605
    ],
    [
      0.3784216344356537,
      0.443000465631485,
      0.3333030045032501,
      0.34222978353500366,
      1.0,
      0.49754220247268677,
      0.2924300730228424,
      0.5363230109214783,
      0.2608027458190918,
      0.33724236488342285,
      0.44689637422561646,
      0.16417650878429413,
      0.33679479360580444,
      0.43164339661598206,
      0.22380079329013824,
      0.34578844904899597
    ],
    [
      0.29938530921936035,
      0.3116695284843445,
      0.23164017498493195,
      0.26037493348121643,
      0.49754220247268677,
      1.0,
      0.5135110020637512,
      0.5900182723999023,
      0.2751895487308502,
      0.32825279235839844,
      0.35837316513061523,
      0.15407061576843262,
      0.2067088484764099,
      0.32531142234802246,
      0.28508371114730835,
      0.340534508228302
    ],
    [
      0.21305666863918304,
      0.30041125416755676,
      0.20830781757831573,
      0.24305424094200134,
      0.2924300730228424,
      0.5135110020637512,
      0.9999999403953552,
      0.39008629322052,
      0.24640405178070068,
      0.21528123319149017,
      0.2601127326488495,
      0.4348597228527069,
      0.18494871258735657,
      0.34345507621765137,
      0.4672904908657074,
      0.28508052229881287
    ],
    [
      0.30329108238220215,
      0.3134973347187042,
      0.20798857510089874,
      0.25651559233665466,
      0.5363230109214783,
      0.5900182723999023,
      0.39008629322052,
      1.0,
      0.28962579369544983,
      0.2875928580760956,
      0.5070246458053589,
      0.16040703654289246,
      0.21798433363437653,
      0.27794328331947327,
      0.2507273256778717,
      0.31586188077926636
    ],
    [
      0.42767852544784546,
      0.30143001675605774,
      0.43434450030326843,
      0.3610573410987854,
      0.2608027458190918,
      0.2751895487308502,
      0.24640405178070068,
      0.28962579369544983,
      1.0,
      0.4757770597934723,
      0.40762218832969666,
      0.373475044965744,
      0.14836417138576508,
      0.29695507884025574,
      0.2976975440979004,
      0.3725668787956238
    ],
    [
      0.36334118247032166,
      0.29080864787101746,
      0.3738234043121338,
      0.47517067193984985,
      0.33724236488342285,
      0.32825279235839844,
      0.21528123319149017,
      0.2875928580760956,
      0.4757770597934723,
      1.0,
      0.4138248562812805,
      0.25442108511924744,
      0.18832796812057495,
      0.3836721181869507,
      0.2690223157405853,
      0.3308691382408142
    ],
    [
      0.45509541034698486,
      0.4917709529399872,
      0.37911275029182434,
      0.3894204795360565,
      0.44689637422561646,
      0.35837316513061523,
      0.2601127326488495,
      0.5070246458053589,
      0.40762218832969666,
      0.4138248562812805,
      1.0000001192092896,
      0.3319157063961029,
      0.20741106569766998,
      0.33673959970474243,
      0.3934604525566101,
      0.30468928813934326
    ],
    [
      0.4239434003829956,
      0.2760200798511505,
      0.38940468430519104,
      0.29635679721832275,
      0.16417650878429413,
      0.15407061576843262,
      0.4348597228527069,
      0.16040703654289246,
      0.373475044965744,
      0.25442108511924744,
      0.3319157063961029,
      1.0,
      0.2036372423171997,
      0.32490894198417664,
      0.5413581132888794,
      0.3355816900730133
    ],
    [
      0.13086092472076416,
      0.18123848736286163,
      0.22033904492855072,
      0.18490053713321686,
      0.33679479360580444,
      0.2067088484764099,
      0.18494871258735657,
      0.21798433363437653,
      0.14836417138576508,
      0.18832796812057495,
      0.20741106569766998,
      0.2036372423171997,
      1.0,
      0.20259787142276764,
      0.18561972677707672,
      0.20479293167591095
    ],
    [
      0.46770644187927246,
      0.36680665612220764,
      0.4047089219093323,
      0.45673421025276184,
      0.43164339661598206,
      0.32531142234802246,
      0.34345507621765137,
      0.27794328331947327,
      0.29695507884025574,
      0.3836721181869507,
      0.33673959970474243,
      0.32490894198417664,
      0.20259787142276764,
      1.0,
      0.3632720410823822,
      0.3586903512477875
    ],
    [
      0.4292730391025543,
      0.340127557516098,
      0.3014146089553833,
      0.4024513363838196,
      0.22380079329013824,
      0.28508371114730835,
      0.4672904908657074,
      0.2507273256778717,
      0.2976975440979004,
      0.2690223157405853,
      0.3934604525566101,
      0.5413581132888794,
      0.18561972677707672,
      0.3632720410823822,
      0.9999999403953552,
      0.33886486291885376
    ],
    [
      0.4038451910018921,
      0.26553791761398315,
      0.3276086151599884,
      0.2987649738788605,
      0.34578844904899597,
      0.340534508228302,
      0.28508052229881287,
      0.31586188077926636,
      0.3725668787956238,
      0.3308691382408142,
      0.30468928813934326,
      0.3355816900730133,
      0.20479293167591095,
      0.3586903512477875,
      0.33886486291885376,
      1.0
    ]
  ]
}