{
  "game_number": 182,
  "words": [
    "BITTER",
    "BOCK",
    "SOUR",
    "STOUT",
    "HEDGE",
    "HOLD",
    "SHORT",
    "TRADE",
    "CAPITOL",
    "CHROME",
    "ONION",
    "TEAPOT",
    "GRIT",
    "HEART",
    "NERVE",
    "PLUCK"
  ],
  "adjacency_matrix": [
    [
      1.0,
      0.2162810117006302,
      0.721137523651123,
      0.4256354570388794,
      0.20812781155109406,
      0.3030071556568146,
      0.43882545828819275,
      0.29280489683151245,
      0.153343066573143,
      0.2404884248971939,
      0.30306026339530945,
      0.23564210534095764,
      0.3647695779800415,
      0.41985151171684265,
      0.3588100075721741,
      0.25525161623954773
    ],
    [
      0.2162810117006302,
      0.9999999403953552,
      0.283499538898468,
      0.3825061321258545,
      0.2571786344051361,
      0.29362255334854126,
      0.36001765727996826,
      0.2355419248342514,
      0.1796838343143463,
      0.2734316289424896,
      0.2871306836605072,
      0.26142457127571106,
      0.2042635977268219,
      0.24750202894210815,
      0.21998299658298492,
      0.19662737846374512
    ],
    [
      0.721137523651123,
      0.283499538898468,
      1.0,
      0.3821248710155487,
      0.2564346492290497,
      0.3409215807914734,
      0.4186769425868988,
      0.3379989266395569,
      0.14230746030807495,
      0.27995267510414124,
      0.35871654748916626,
      0.28483548760414124,
      0.3068223297595978,
      0.3591032326221466,
      0.3288821876049042,
      0.3076407313346863
    ],
    [
      0.4256354570388794,
      0.3825061321258545,
      0.3821248710155487,
      1.0,
      0.31694477796554565,
      0.35306882858276367,
      0.5149773359298706,
      0.3136833608150482,
      0.25271281599998474,
      0.2858799993991852,
      0.29214411973953247,
      0.2863757908344269,
      0.3399251401424408,
      0.3160321116447449,
      0.2955775260925293,
      0.3719097971916199
    ],
    [
      0.20812781155109406,
      0.2571786344051361,
      0.2564346492290497,
      0.31694477796554565,
      1.0,
      0.3206285536289215,
      0.3691793382167816,
      0.4531776010990143,
      0.24732205271720886,
      0.21880920231342316,
      0.3886015713214874,
      0.28219619393348694,
      0.26313069462776184,
      0.2676543891429901,
      0.2453184723854065,
      0.3676746189594269
    ],
    [
      0.3030071556568146,
      0.29362255334854126,
      0.3409215807914734,
      0.35306882858276367,
      0.3206285536289215,
      1.0,
      0.48014768958091736,
      0.3996734619140625,
      0.28209319710731506,
      0.2395775020122528,
      0.2167738974094391,
      0.30424195528030396,
      0.33739393949508667,
      0.4182818531990051,
      0.4120778441429138,
      0.4104726016521454
    ],
    [
      0.43882545828819275,
      0.36001765727996826,
      0.4186769425868988,
      0.5149773359298706,
      0.3691793382167816,
      0.48014768958091736,
      1.0,
      0.35899555683135986,
      0.25042662024497986,
      0.2531500458717346,
      0.27005159854888916,
      0.21535444259643555,
      0.2655816674232483,
      0.40272411704063416,
      0.32669201493263245,
      0.3094598054885864
    ],
    [
      0.29280489683151245,
      0.2355419248342514,
      0.3379989266395569,
      0.3136833608150482,
      0.4531776010990143,
      0.3996734619140625,
      0.35899555683135986,
      1.0,
      0.3410589396953583,
      0.3093299865722656,
      0.3146050274372101,
      0.24461521208286285,
      0.30653151869773865,
      0.3685652017593384,
      0.3902791738510132,
      0.258510559797287
    ],
    [
      0.153343066573143,
      0.1796838343143463,
      0.14230746030807495,
      0.25271281599998474,
      0.24732205271720886,
      0.28209319710731506,
      0.25042662024497986,
      0.3410589396953583,
      0.9999999403953552,
      0.255767822265625,
      0.22001716494560242,
      0.2565750777721405,
      0.22827395796775818,
      0.3786604404449463,
      0.29216545820236206,
      0.1533726155757904
    ],
    [
      0.2404884248971939,
      0.2734316289424896,
      0.27995267510414124,
      0.2858799993991852,
      0.21880920231342316,
      0.2395775020122528,
      0.2531500458717346,
      0.3093299865722656,
      0.255767822265625,
      1.0,
      0.3233882188796997,
      0.2380872368812561,
      0.3828256130218506,
      0.27887120842933655,
      0.27574753761291504,
      0.18642230331897736
    ],
    [
      0.30306026339530945,
      0.2871306836605072,
      0.35871654748916626,
      0.29214411973953247,
      0.3886015713214874,
      0.2167738974094391,
      0.27005159854888916,
      0.3146050274372101,
      0.22001716494560242,
      0.3233882188796997,
      1.0,
      0.338846892118454,
      0.3026222288608551,
      0.35374879837036133,
      0.35465413331985474,
      0.302022784948349
    ],
    [
      0.23564210534095764,
      0.26142457127571106,
      0.28483548760414124,
      0.2863757908344269,
      0.28219619393348694,
      0.30424195528030396,
      0.21535444259643555,
      0.24461521208286285,
      0.2565750777721405,
      0.2380872368812561,
      0.338846892118454,
      1.0,
      0.1771892011165619,
      0.2585495412349701,
      0.2287639081478119,
      0.14425431191921234
    ],
    [
      0.3647695779800415,
      0.2042635977268219,
      0.3068223297595978,
      0.3399251401424408,
      0.26313069462776184,
      0.33739393949508667,
      0.2655816674232483,
      0.30653151869773865,
      0.22827395796775818,
      0.3828256130218506,
      0.3026222288608551,
      0.1771892011165619,
      1.0,
      0.4235025644302368,
      0.45142701268196106,
      0.5325201749801636
    ],
    [
      0.41985151171684265,
      0.24750202894210815,
      0.3591032326221466,
      0.3160321116447449,
      0.2676543891429901,
      0.4182818531990051,
      0.40272411704063416,
      0.3685652017593384,
      0.3786604404449463,
      0.27887120842933655,
      0.35374879837036133,
      0.2585495412349701,
      0.4235025644302368,
      1.0,
      0.5285221934318542,
      0.36506786942481995
    ],
    [
      0.3588100075721741,
      0.21998299658298492,
      0.3288821876049042,
      0.2955775260925293,
      0.2453184723854065,
      0.4120778441429138,
      0.32669201493263245,
      0.3902791738510132,
      0.29216545820236206,
      0.27574753761291504,
      0.35465413331985474,
      0.2287639081478119,
      0.45142701268196106,
      0.5285221934318542,
      1.0,
      0.42379122972488403
    ],
    [
      0.25525161623954773,
      0.19662737846374512,
      0.3076407313346863,
      0.3719097971916199,
      0.3676746189594269,
      0.4104726016521454,
      0.3094598054885864,
      0.258510559797287,
      0.1533726155757904,
      0.18642230331897736,
      0.302022784948349,
      0.14425431191921234,
      0.5325201749801636,
      0.36506786942481995,
      0.42379122972488403,
      1.0
    ]
  ]
}