{"game_number":364,"words":["CREAM","EGGSHELL","IVORY","VANILLA","CRUCIFIX","GARLIC","MIRROR","STAKE","BEEF","PORK","POULTRY","VENISON","ROW","QUARREL","SPAT","TIFF"],"adjacency_matrix":[[1.0,0.3370365798473358,0.36849427223205566,0.4979846179485321,0.22745777666568756,0.382794588804245,0.2970463037490845,0.2363809049129486,0.36610379815101624,0.32649165391921997,0.28693079948425293,0.32024821639060974,0.29647916555404663,0.1764315813779831,0.24232186377048492,0.14483781158924103],[0.3370365798473358,1.0,0.41206642985343933,0.3270578980445862,0.3181001543998718,0.2997838854789734,0.3613225817680359,0.22077785432338715,0.2770213484764099,0.2843366265296936,0.36841142177581787,0.2115713357925415,0.2455301135778427,0.22053241729736328,0.2806564271450043,0.10421019047498703],[0.36849427223205566,0.41206642985343933,1.0,0.3526741564273834,0.3564164340496063,0.3346189558506012,0.3419576585292816,0.22804982960224152,0.3362983763217926,0.37914055585861206,0.3534562885761261,0.3689582347869873,0.2218845635652542,0.19749273359775543,0.18600286543369293,0.1474825143814087],[0.4979846179485321,0.3270578980445862,0.3526741564273834,1.0,0.2496897578239441,0.41025954484939575,0.2733241021633148,0.18871036171913147,0.32479190826416016,0.3545004725456238,0.18994483351707458,0.2525208592414856,0.21023380756378174,0.15208502113819122,0.2423946112394333,0.20095893740653992],[0.22745777666568756,0.3181001543998718,0.3564164340496063,0.2496897578239441,1.0,0.43580564856529236,0.438192754983902,0.41039884090423584,0.32749873399734497,0.37154480814933777,0.22687631845474243,0.23906219005584717,0.3201349675655365,0.24214865267276764,0.3175960183143616,0.12347622215747833],[0.382794588804245,0.2997838854789734,0.3346189558506012,0.41025954484939575,0.43580564856529236,1.0,0.21954835951328278,0.2915858328342438,0.41825881600379944,0.4924069046974182,0.3567569851875305,0.39801526069641113,0.19952277839183807,0.2006734311580658,0.24371595680713654,0.13064029812812805],[0.2970463037490845,0.3613225817680359,0.3419576585292816,0.2733241021633148,0.438192754983902,0.21954835951328278,1.0,0.36066973209381104,0.22356536984443665,0.2714294195175171,0.1891084909439087,0.1739838868379593,0.3401587903499603,0.27063554525375366,0.29848504066467285,0.15894633531570435],[0.2363809049129486,0.22077785432338715,0.22804982960224152,0.18871036171913147,0.41039884090423584,0.2915858328342438,0.36066973209381104,1.0,0.4089367687702179,0.2992868423461914,0.2560153305530548,0.28416579961776733,0.4011498689651489,0.3174509108066559,0.3407038450241089,0.10831084847450256],[0.36610379815101624,0.2770213484764099,0.3362983763217926,0.32479190826416016,0.32749873399734497,0.41825881600379944,0.22356536984443665,0.4089367687702179,0.9999998807907104,0.703345000743866,0.6437474489212036,0.5602940320968628,0.32630234956741333,0.38348644971847534,0.45164352655410767,0.26056692004203796],[0.32649165391921997,0.2843366265296936,0.37914055585861206,0.3545004725456238,0.37154480814933777,0.4924069046974182,0.2714294195175171,0.2992868423461914,0.703345000743866,1.0,0.5997747182846069,0.5227441191673279,0.24958035349845886,0.280958354473114,0.3290860056877136,0.1607092320919037],[0.28693079948425293,0.36841142177581787,0.3534562885761261,0.18994483351707458,0.22687631845474243,0.3567569851875305,0.1891084909439087,0.2560153305530548,0.6437474489212036,0.5997747182846069,1.0,0.4138988256454468,0.3292657732963562,0.31968286633491516,0.2874855697154999,0.16209523379802704],[0.32024821639060974,0.2115713357925415,0.3689582347869873,0.2525208592414856,0.23906219005584717,0.39801526069641113,0.1739838868379593,0.28416579961776733,0.5602940320968628,0.5227441191673279,0.4138988256454468,1.0,0.24031023681163788,0.30391925573349,0.26962020993232727,0.18655472993850708],[0.29647916555404663,0.2455301135778427,0.2218845635652542,0.21023380756378174,0.3201349675655365,0.19952277839183807,0.3401587903499603,0.4011498689651489,0.32630234956741333,0.24958035349845886,0.3292657732963562,0.24031023681163788,1.0,0.3630645275115967,0.44404152035713196,0.24831800162792206],[0.1764315813779831,0.22053241729736328,0.19749273359775543,0.15208502113819122,0.24214865267276764,0.2006734311580658,0.27063554525375366,0.3174509108066559,0.38348644971847534,0.280958354473114,0.31968286633491516,0.30391925573349,0.3630645275115967,1.0,0.5468495488166809,0.4895003139972687],[0.24232186377048492,0.2806564271450043,0.18600286543369293,0.2423946112394333,0.3175960183143616,0.24371595680713654,0.29848504066467285,0.3407038450241089,0.45164352655410767,0.3290860056877136,0.2874855697154999,0.26962020993232727,0.44404152035713196,0.5468495488166809,1.0,0.5208654403686523],[0.14483781158924103,0.10421019047498703,0.1474825143814087,0.20095893740653992,0.12347622215747833,0.13064029812812805,0.15894633531570435,0.10831084847450256,0.26056692004203796,0.1607092320919037,0.16209523379802704,0.18655472993850708,0.24831800162792206,0.4895003139972687,0.5208654403686523,0.9999999403953552]]}