{
  "game_number": 156,
  "words": [
    "DITCH",
    "HOLE",
    "PIT",
    "TRENCH",
    "BOXER",
    "JUDGE",
    "MONK",
    "WIZARD",
    "BATTER",
    "BOTTOMS",
    "CHIN",
    "LAWYER",
    "BARB",
    "CRACK",
    "DIG",
    "SLIGHT"
  ],
  "adjacency_matrix": [
    [
      1.0,
      0.5023224353790283,
      0.5948716998100281,
      0.5746673345565796,
      0.28749293088912964,
      0.3429020643234253,
      0.2578458786010742,
      0.29094329476356506,
      0.3655872046947479,
      0.4053954482078552,
      0.31863129138946533,
      0.24166342616081238,
      0.2567547857761383,
      0.38831406831741333,
      0.5588682293891907,
      0.3154611885547638
    ],
    [
      0.5023224353790283,
      0.9999999403953552,
      0.5714078545570374,
      0.5078926086425781,
      0.23321576416492462,
      0.20998267829418182,
      0.24042914807796478,
      0.3143790066242218,
      0.4126345217227936,
      0.35553479194641113,
      0.40530601143836975,
      0.16825395822525024,
      0.3473290205001831,
      0.5026025176048279,
      0.49292245507240295,
      0.3157925009727478
    ],
    [
      0.5948716998100281,
      0.5714078545570374,
      1.0,
      0.5925225615501404,
      0.33717989921569824,
      0.2926085293292999,
      0.23252251744270325,
      0.2993636727333069,
      0.3821605145931244,
      0.37689805030822754,
      0.29893916845321655,
      0.18811820447444916,
      0.23345261812210083,
      0.4377181828022003,
      0.5260121822357178,
      0.26279670000076294
    ],
    [
      0.5746673345565796,
      0.5078926086425781,
      0.5925225615501404,
      1.0000001192092896,
      0.29311519861221313,
      0.2358592301607132,
      0.21303784847259521,
      0.2401120960712433,
      0.3503471910953522,
      0.407535582780838,
      0.2687191963195801,
      0.23011909425258636,
      0.24584685266017914,
      0.41606882214546204,
      0.5017935037612915,
      0.2890700697898865
    ],
    [
      0.28749293088912964,
      0.23321576416492462,
      0.33717989921569824,
      0.29311519861221313,
      1.0,
      0.37848931550979614,
      0.4215850532054901,
      0.3403187096118927,
      0.3490653932094574,
      0.22100929915905,
      0.3411223888397217,
      0.4710279107093811,
      0.28563302755355835,
      0.2730068862438202,
      0.17016826570034027,
      0.20853331685066223
    ],
    [
      0.3429020643234253,
      0.20998267829418182,
      0.2926085293292999,
      0.2358592301607132,
      0.37848931550979614,
      1.0,
      0.37392163276672363,
      0.32565969228744507,
      0.38712674379348755,
      0.2419096678495407,
      0.2606145739555359,
      0.6100517511367798,
      0.15900541841983795,
      0.3113059997558594,
      0.29072821140289307,
      0.27016329765319824
    ],
    [
      0.2578458786010742,
      0.24042914807796478,
      0.23252251744270325,
      0.21303784847259521,
      0.4215850532054901,
      0.37392163276672363,
      1.0,
      0.41316530108451843,
      0.30999013781547546,
      0.20072713494300842,
      0.2975905239582062,
      0.4216602146625519,
      0.2573723793029785,
      0.2252681851387024,
      0.18865346908569336,
      0.18392863869667053
    ],
    [
      0.29094329476356506,
      0.3143790066242218,
      0.2993636727333069,
      0.2401120960712433,
      0.3403187096118927,
      0.32565969228744507,
      0.41316530108451843,
      1.0,
      0.26690739393234253,
      0.11217992007732391,
      0.22113357484340668,
      0.40723562240600586,
      0.20110346376895905,
      0.31678682565689087,
      0.1943967193365097,
      0.22095683217048645
    ],
    [
      0.3655872046947479,
      0.4126345217227936,
      0.3821605145931244,
      0.3503471910953522,
      0.3490653932094574,
      0.38712674379348755,
      0.30999013781547546,
      0.26690739393234253,
      1.0,
      0.320247620344162,
      0.3672046959400177,
      0.28477054834365845,
      0.23950059711933136,
      0.4428853690624237,
      0.2667350471019745,
      0.3003041446208954
    ],
    [
      0.4053954482078552,
      0.35553479194641113,
      0.37689805030822754,
      0.407535582780838,
      0.22100929915905,
      0.2419096678495407,
      0.20072713494300842,
      0.11217992007732391,
      0.320247620344162,
      1.0,
      0.3908992409706116,
      0.1585751473903656,
      0.24766050279140472,
      0.37857261300086975,
      0.30525198578834534,
      0.24398750066757202
    ],
    [
      0.31863129138946533,
      0.40530601143836975,
      0.29893916845321655,
      0.2687191963195801,
      0.3411223888397217,
      0.2606145739555359,
      0.2975905239582062,
      0.22113357484340668,
      0.3672046959400177,
      0.3908992409706116,
      1.0,
      0.20025822520256042,
      0.3766879737377167,
      0.4420223534107208,
      0.2758048176765442,
      0.4221363067626953
    ],
    [
      0.24166342616081238,
      0.16825395822525024,
      0.18811820447444916,
      0.23011909425258636,
      0.4710279107093811,
      0.6100517511367798,
      0.4216602146625519,
      0.40723562240600586,
      0.28477054834365845,
      0.1585751473903656,
      0.20025822520256042,
      1.0,
      0.22134877741336823,
      0.24914352595806122,
      0.16058935225009918,
      0.17147964239120483
    ],
    [
      0.2567547857761383,
      0.3473290205001831,
      0.23345261812210083,
      0.24584685266017914,
      0.28563302755355835,
      0.15900541841983795,
      0.2573723793029785,
      0.20110346376895905,
      0.23950059711933136,
      0.24766050279140472,
      0.3766879737377167,
      0.22134877741336823,
      0.9999999403953552,
      0.302727073431015,
      0.21274179220199585,
      0.2839023470878601
    ],
    [
      0.38831406831741333,
      0.5026025176048279,
      0.4377181828022003,
      0.41606882214546204,
      0.2730068862438202,
      0.3113059997558594,
      0.2252681851387024,
      0.31678682565689087,
      0.4428853690624237,
      0.37857261300086975,
      0.4420223534107208,
      0.24914352595806122,
      0.302727073431015,
      1.0,
      0.45047610998153687,
      0.4180470108985901
    ],
    [
      0.5588682293891907,
      0.49292245507240295,
      0.5260121822357178,
      0.5017935037612915,
      0.17016826570034027,
      0.29072821140289307,
      0.18865346908569336,
      0.1943967193365097,
      0.2667350471019745,
      0.30525198578834534,
      0.2758048176765442,
      0.16058935225009918,
      0.21274179220199585,
      0.45047610998153687,
      1.0,
      0.2862005829811096
    ],
    [
      0.3154611885547638,
      0.3157925009727478,
      0.26279670000076294,
      0.2890700697898865,
      0.20853331685066223,
      0.27016329765319824,
      0.18392863869667053,
      0.22095683217048645,
      0.3003041446208954,
      0.24398750066757202,
      0.4221363067626953,
      0.17147964239120483,
      0.2839023470878601,
      0.4180470108985901,
      0.2862005829811096,
      1.0
    ]
  ]
}