{
  "game_number": 623,
  "words": [
    "BEAK",
    "MUZZLE",
    "SNOUT",
    "TRUNK",
    "DETOUR",
    "SLOW",
    "STOP",
    "YIELD",
    "ASLEEP",
    "BARRIER",
    "BITE",
    "WAVE",
    "JAZZ",
    "POP",
    "PUNK",
    "RAP"
  ],
  "adjacency_matrix": [
    [
      0.9999999403953552,
      0.4594775140285492,
      0.6071788668632507,
      0.40511059761047363,
      0.2687409818172455,
      0.3158046007156372,
      0.28674882650375366,
      0.32068029046058655,
      0.2274731993675232,
      0.3010403513908386,
      0.415689617395401,
      0.3184472620487213,
      0.1820763498544693,
      0.2683091163635254,
      0.24432753026485443,
      0.2817475199699402
    ],
    [
      0.4594775140285492,
      1.0,
      0.5628888010978699,
      0.3332650363445282,
      0.18227745592594147,
      0.32345515489578247,
      0.3504016101360321,
      0.292023241519928,
      0.15895286202430725,
      0.26286444067955017,
      0.4662928581237793,
      0.3122192323207855,
      0.2180807888507843,
      0.2511235475540161,
      0.24381236732006073,
      0.27572742104530334
    ],
    [
      0.6071788668632507,
      0.5628888010978699,
      1.0,
      0.4135739207267761,
      0.22189390659332275,
      0.26847508549690247,
      0.2753039002418518,
      0.24595141410827637,
      0.19969893991947174,
      0.20068170130252838,
      0.43912723660469055,
      0.3103502690792084,
      0.18495923280715942,
      0.2419041097164154,
      0.2749100625514984,
      0.2092481553554535
    ],
    [
      0.40511059761047363,
      0.3332650363445282,
      0.4135739207267761,
      1.0,
      0.32489436864852905,
      0.30436721444129944,
      0.2879766821861267,
      0.32582777738571167,
      0.2989034652709961,
      0.27787113189697266,
      0.2669473886489868,
      0.25529664754867554,
      0.3037787079811096,
      0.2952274978160858,
      0.30620044469833374,
      0.2741439640522003
    ],
    [
      0.2687409818172455,
      0.18227745592594147,
      0.22189390659332275,
      0.32489436864852905,
      1.0,
      0.40384364128112793,
      0.49728745222091675,
      0.33029988408088684,
      0.13216520845890045,
      0.43010926246643066,
      0.32228967547416687,
      0.35064494609832764,
      0.2710530161857605,
      0.35439929366111755,
      0.27727797627449036,
      0.2940378785133362
    ],
    [
      0.3158046007156372,
      0.32345515489578247,
      0.26847508549690247,
      0.30436721444129944,
      0.40384364128112793,
      1.0,
      0.5911627411842346,
      0.39756760001182556,
      0.3363432288169861,
      0.3769615590572357,
      0.4516640901565552,
      0.4228464961051941,
      0.29572346806526184,
      0.3146301209926605,
      0.2740236222743988,
      0.33808574080467224
    ],
    [
      0.28674882650375366,
      0.3504016101360321,
      0.2753039002418518,
      0.2879766821861267,
      0.49728745222091675,
      0.5911627411842346,
      1.0,
      0.4224061667919159,
      0.30192452669143677,
      0.39767739176750183,
      0.42874419689178467,
      0.4113213121891022,
      0.21321524679660797,
      0.32483386993408203,
      0.27188554406166077,
      0.3273506760597229
    ],
    [
      0.32068029046058655,
      0.292023241519928,
      0.24595141410827637,
      0.32582777738571167,
      0.33029988408088684,
      0.39756760001182556,
      0.4224061667919159,
      1.0,
      0.21997204422950745,
      0.2981061041355133,
      0.41651082038879395,
      0.3331044018268585,
      0.18282197415828705,
      0.2936847507953644,
      0.21480001509189606,
      0.24248462915420532
    ],
    [
      0.2274731993675232,
      0.15895286202430725,
      0.19969893991947174,
      0.2989034652709961,
      0.13216520845890045,
      0.3363432288169861,
      0.30192452669143677,
      0.21997204422950745,
      0.9999999403953552,
      0.1235302984714508,
      0.27626290917396545,
      0.2009143829345703,
      0.16638308763504028,
      0.19528426229953766,
      0.20261652767658234,
      0.20656588673591614
    ],
    [
      0.3010403513908386,
      0.26286444067955017,
      0.20068170130252838,
      0.27787113189697266,
      0.43010926246643066,
      0.3769615590572357,
      0.39767739176750183,
      0.2981061041355133,
      0.1235302984714508,
      1.0,
      0.3247975707054138,
      0.451130211353302,
      0.24680279195308685,
      0.3353991210460663,
      0.2570418119430542,
      0.3205215632915497
    ],
    [
      0.415689617395401,
      0.4662928581237793,
      0.43912723660469055,
      0.2669473886489868,
      0.32228967547416687,
      0.4516640901565552,
      0.42874419689178467,
      0.41651082038879395,
      0.27626290917396545,
      0.3247975707054138,
      1.0,
      0.396515816450119,
      0.2829033136367798,
      0.35871195793151855,
      0.3129422962665558,
      0.33884480595588684
    ],
    [
      0.3184472620487213,
      0.3122192323207855,
      0.3103502690792084,
      0.25529664754867554,
      0.35064494609832764,
      0.4228464961051941,
      0.4113213121891022,
      0.3331044018268585,
      0.2009143829345703,
      0.451130211353302,
      0.396515816450119,
      0.9999998807907104,
      0.37145793437957764,
      0.47184139490127563,
      0.4593261182308197,
      0.4308202564716339
    ],
    [
      0.1820763498544693,
      0.2180807888507843,
      0.18495923280715942,
      0.3037787079811096,
      0.2710530161857605,
      0.29572346806526184,
      0.21321524679660797,
      0.18282197415828705,
      0.16638308763504028,
      0.24680279195308685,
      0.2829033136367798,
      0.37145793437957764,
      1.0,
      0.594853401184082,
      0.5688851475715637,
      0.5413150191307068
    ],
    [
      0.2683091163635254,
      0.2511235475540161,
      0.2419041097164154,
      0.2952274978160858,
      0.35439929366111755,
      0.3146301209926605,
      0.32483386993408203,
      0.2936847507953644,
      0.19528426229953766,
      0.3353991210460663,
      0.35871195793151855,
      0.47184139490127563,
      0.594853401184082,
      0.9999999403953552,
      0.6251015663146973,
      0.5704982280731201
    ],
    [
      0.24432753026485443,
      0.24381236732006073,
      0.2749100625514984,
      0.30620044469833374,
      0.27727797627449036,
      0.2740236222743988,
      0.27188554406166077,
      0.21480001509189606,
      0.20261652767658234,
      0.2570418119430542,
      0.3129422962665558,
      0.4593261182308197,
      0.5688851475715637,
      0.6251015663146973,
      1.0,
      0.572217583656311
    ],
    [
      0.2817475199699402,
      0.27572742104530334,
      0.2092481553554535,
      0.2741439640522003,
      0.2940378785133362,
      0.33808574080467224,
      0.3273506760597229,
      0.24248462915420532,
      0.20656588673591614,
      0.3205215632915497,
      0.33884480595588684,
      0.4308202564716339,
      0.5413150191307068,
      0.5704982280731201,
      0.572217583656311,
      1.0
    ]
  ]
}