{"game_number":92,"words":["ACCEPT","BELIEVE","BUY","SWALLOW","OUTAGE","SHORT","SPIKE","SURGE","ABSTRACT","BRIEF","DIGEST","OUTLINE","CURT","HAIRY","KNEEL","WANE"],"adjacency_matrix":[[1.0,0.5974259376525879,0.5607901811599731,0.48953044414520264,0.1442866325378418,0.34792205691337585,0.2500627636909485,0.299648642539978,0.3164873421192169,0.31145820021629333,0.3906441032886505,0.42421168088912964,0.33834001421928406,0.18873918056488037,0.47958266735076904,0.2840299904346466],[0.5974259376525879,1.0,0.4294270873069763,0.3801037073135376,0.16232191026210785,0.33434897661209106,0.2563611567020416,0.318375825881958,0.3014586567878723,0.2989407181739807,0.26863762736320496,0.4215282201766968,0.1962655484676361,0.18621663749217987,0.3153606355190277,0.2966471016407013],[0.5607901811599731,0.4294270873069763,1.0,0.4729674160480499,0.18615984916687012,0.34931278228759766,0.3526144027709961,0.3542144298553467,0.2603425085544586,0.22646789252758026,0.38189223408699036,0.3051598072052002,0.17263105511665344,0.18386654555797577,0.36572134494781494,0.23839013278484344],[0.48953044414520264,0.3801037073135376,0.4729674160480499,0.9999999403953552,0.17794254422187805,0.3240940272808075,0.33690714836120605,0.3221248686313629,0.30111226439476013,0.23322387039661407,0.525161862373352,0.3336588740348816,0.22691868245601654,0.3131231963634491,0.3890305459499359,0.2466527819633484],[0.1442866325378418,0.16232191026210785,0.18615984916687012,0.17794254422187805,0.9999999403953552,0.34865501523017883,0.4305013120174408,0.4114125370979309,0.15784293413162231,0.35004135966300964,0.1588851511478424,0.23439127206802368,0.2479017972946167,0.11566967517137527,0.1053171381354332,0.2009671926498413],[0.34792205691337585,0.33434897661209106,0.34931278228759766,0.3240940272808075,0.34865501523017883,1.0,0.4383944869041443,0.37975597381591797,0.4473209083080292,0.7009974122047424,0.37428873777389526,0.5115176439285278,0.46160343289375305,0.3781830966472626,0.2683538496494293,0.3011172115802765],[0.2500627636909485,0.2563611567020416,0.3526144027709961,0.33690714836120605,0.4305013120174408,0.4383944869041443,1.0,0.6139389872550964,0.2897144854068756,0.35918688774108887,0.27856382727622986,0.3642635941505432,0.2945680320262909,0.3444980978965759,0.23699064552783966,0.36427611112594604],[0.299648642539978,0.318375825881958,0.3542144298553467,0.3221248686313629,0.4114125370979309,0.37975597381591797,0.6139389872550964,1.0,0.2556472718715668,0.35907289385795593,0.23472914099693298,0.3401285707950592,0.2515591084957123,0.22396792471408844,0.18364959955215454,0.4481302797794342],[0.3164873421192169,0.3014586567878723,0.2603425085544586,0.30111226439476013,0.15784293413162231,0.4473209083080292,0.2897144854068756,0.2556472718715668,0.9999999403953552,0.49153372645378113,0.3608953654766083,0.4630393385887146,0.38215604424476624,0.3162401020526886,0.1993725597858429,0.16424429416656494],[0.31145820021629333,0.2989407181739807,0.22646789252758026,0.23322387039661407,0.35004135966300964,0.7009974122047424,0.35918688774108887,0.35907289385795593,0.49153372645378113,1.0,0.38622531294822693,0.5902658700942993,0.5619723796844482,0.24512742459774017,0.19985969364643097,0.2615901827812195],[0.3906441032886505,0.26863762736320496,0.38189223408699036,0.525161862373352,0.1588851511478424,0.37428873777389526,0.27856382727622986,0.23472914099693298,0.3608953654766083,0.38622531294822693,1.0000001192092896,0.3826885223388672,0.25783395767211914,0.23706191778182983,0.17870260775089264,0.17367224395275116],[0.42421168088912964,0.4215282201766968,0.3051598072052002,0.3336588740348816,0.23439127206802368,0.5115176439285278,0.3642635941505432,0.3401285707950592,0.4630393385887146,0.5902658700942993,0.3826885223388672,1.0,0.31118249893188477,0.29319876432418823,0.2453344464302063,0.197262704372406],[0.33834001421928406,0.1962655484676361,0.17263105511665344,0.22691868245601654,0.2479017972946167,0.46160343289375305,0.2945680320262909,0.2515591084957123,0.38215604424476624,0.5619723796844482,0.25783395767211914,0.31118249893188477,1.0,0.35152292251586914,0.2661958336830139,0.22916555404663086],[0.18873918056488037,0.18621663749217987,0.18386654555797577,0.3131231963634491,0.11566967517137527,0.3781830966472626,0.3444980978965759,0.22396792471408844,0.3162401020526886,0.24512742459774017,0.23706191778182983,0.29319876432418823,0.35152292251586914,1.0,0.26798686385154724,0.2162511795759201],[0.47958266735076904,0.3153606355190277,0.36572134494781494,0.3890305459499359,0.1053171381354332,0.2683538496494293,0.23699064552783966,0.18364959955215454,0.1993725597858429,0.19985969364643097,0.17870260775089264,0.2453344464302063,0.2661958336830139,0.26798686385154724,1.0,0.18708489835262299],[0.2840299904346466,0.2966471016407013,0.23839013278484344,0.2466527819633484,0.2009671926498413,0.3011172115802765,0.36427611112594604,0.4481302797794342,0.16424429416656494,0.2615901827812195,0.17367224395275116,0.197262704372406,0.22916555404663086,0.2162511795759201,0.18708489835262299,0.9999999403953552]]}