{"game_number":342,"words":["CHICAGO","MUNICH","PHILADELPHIA","RIO","ALLURE","ELLE","GLAMOUR","W","BLIZZARD","CYCLONE","SQUALL","TORNADO","COSMOPOLITAN","HURRICANE","MANHATTAN","SCREWDRIVER"],"adjacency_matrix":[[1.0,0.5382108688354492,0.6838887333869934,0.37412968277931213,0.17974714934825897,0.2946818768978119,0.2573298215866089,0.012904888018965721,0.349639356136322,0.20512250065803528,0.2509285509586334,0.3317347764968872,0.31914007663726807,0.2831761837005615,0.576831042766571,0.18113936483860016],[0.5382108688354492,0.9999999403953552,0.553123950958252,0.3744591772556305,0.2442971169948578,0.3047402501106262,0.25375086069107056,0.005664571654051542,0.2743889093399048,0.17781396210193634,0.2873847186565399,0.2797987163066864,0.3939398527145386,0.2286725491285324,0.487072616815567,0.23807154595851898],[0.6838887333869934,0.553123950958252,0.9999999403953552,0.32120615243911743,0.19162151217460632,0.33474525809288025,0.22032657265663147,-0.014456260949373245,0.29470929503440857,0.15906085073947906,0.2640693783760071,0.2642538845539093,0.35551297664642334,0.32709935307502747,0.6344917416572571,0.2549935281276703],[0.37412968277931213,0.3744591772556305,0.32120615243911743,0.9999999403953552,0.15638791024684906,0.2647349238395691,0.20490112900733948,0.074268639087677,0.21869395673274994,0.18885113298892975,0.2628399133682251,0.2169496715068817,0.2398160845041275,0.2537502944469452,0.35035422444343567,0.21169479191303253],[0.17974714934825897,0.2442971169948578,0.19162151217460632,0.15638791024684906,1.0,0.2538410425186157,0.6852573156356812,-0.09147629886865616,0.22820055484771729,0.2181507796049118,0.3142668902873993,0.17976689338684082,0.45547086000442505,0.2447959929704666,0.30803555250167847,0.2652619481086731],[0.2946818768978119,0.3047402501106262,0.33474525809288025,0.2647349238395691,0.2538410425186157,1.0,0.25926828384399414,0.18788084387779236,0.07512615621089935,0.14412225782871246,0.09902825951576233,0.1778530776500702,0.22975988686084747,0.1437152773141861,0.29600390791893005,0.14945603907108307],[0.2573298215866089,0.25375086069107056,0.22032657265663147,0.20490112900733948,0.6852573156356812,0.25926828384399414,0.9999999403953552,-0.05436975881457329,0.25444725155830383,0.24306745827198029,0.2682442367076874,0.210378035902977,0.4802336096763611,0.2586125135421753,0.30237671732902527,0.19389750063419342],[0.012904888018965721,0.005664571654051542,-0.014456260949373245,0.074268639087677,-0.09147629886865616,0.18788084387779236,-0.05436975881457329,1.0,-0.025262176990509033,-0.03954854607582092,-0.105079784989357,-0.04992395639419556,-0.017147371545433998,-0.03622126951813698,0.021988656371831894,0.013486162759363651],[0.349639356136322,0.2743889093399048,0.29470929503440857,0.21869395673274994,0.22820055484771729,0.07512615621089935,0.25444725155830383,-0.025262176990509033,1.0,0.49263590574264526,0.5532813668251038,0.5132341384887695,0.17512041330337524,0.521896243095398,0.3074406087398529,0.1854424774646759],[0.20512250065803528,0.17781396210193634,0.15906085073947906,0.18885113298892975,0.2181507796049118,0.14412225782871246,0.24306745827198029,-0.03954854607582092,0.49263590574264526,1.0,0.4616719186306,0.6545383334159851,0.19385918974876404,0.7325035929679871,0.27820295095443726,0.2931166887283325],[0.2509285509586334,0.2873847186565399,0.2640693783760071,0.2628399133682251,0.3142668902873993,0.09902825951576233,0.2682442367076874,-0.105079784989357,0.5532813668251038,0.4616719186306,1.0,0.4434964954853058,0.2808470129966736,0.47162875533103943,0.2621871829032898,0.27418243885040283],[0.3317347764968872,0.2797987163066864,0.2642538845539093,0.2169496715068817,0.17976689338684082,0.1778530776500702,0.210378035902977,-0.04992395639419556,0.5132341384887695,0.6545383334159851,0.4434964954853058,0.9999999403953552,0.1757025420665741,0.6906279921531677,0.28709155321121216,0.32043376564979553],[0.31914007663726807,0.3939398527145386,0.35551297664642334,0.2398160845041275,0.45547086000442505,0.22975988686084747,0.4802336096763611,-0.017147371545433998,0.17512041330337524,0.19385918974876404,0.2808470129966736,0.1757025420665741,1.0000001192092896,0.2146710306406021,0.4171270728111267,0.17688530683517456],[0.2831761837005615,0.2286725491285324,0.32709935307502747,0.2537502944469452,0.2447959929704666,0.1437152773141861,0.2586125135421753,-0.03622126951813698,0.521896243095398,0.7325035929679871,0.47162875533103943,0.6906279921531677,0.2146710306406021,1.0,0.3757764399051666,0.2576489746570587],[0.576831042766571,0.487072616815567,0.6344917416572571,0.35035422444343567,0.30803555250167847,0.29600390791893005,0.30237671732902527,0.021988656371831894,0.3074406087398529,0.27820295095443726,0.2621871829032898,0.28709155321121216,0.4171270728111267,0.3757764399051666,1.0,0.3051130175590515],[0.18113936483860016,0.23807154595851898,0.2549935281276703,0.21169479191303253,0.2652619481086731,0.14945603907108307,0.19389750063419342,0.013486162759363651,0.1854424774646759,0.2931166887283325,0.27418243885040283,0.32043376564979553,0.17688530683517456,0.2576489746570587,0.3051130175590515,1.0]]}