{"game_number":362,"words":["JAZZ","POP","PUNK","RAP","CHROME","EDGE","OPERA","SAFARI","AMY","BETH","JO","MEG","BABY","JON","KIM","WAYNE"],"adjacency_matrix":[[1.0,0.594853401184082,0.5688851475715637,0.5413150191307068,0.3384404480457306,0.30043190717697144,0.4622030556201935,0.3287782073020935,0.15553215146064758,0.24985197186470032,0.095537930727005,0.1377430260181427,0.31855687499046326,0.20816665887832642,0.17311984300613403,0.25973188877105713],[0.594853401184082,0.9999999403953552,0.6251015663146973,0.5704982280731201,0.3696739077568054,0.36099883913993835,0.4359164237976074,0.30941471457481384,0.21364213526248932,0.24460150301456451,0.0913439616560936,0.23849928379058838,0.4096580743789673,0.17326784133911133,0.23290829360485077,0.31936928629875183],[0.5688851475715637,0.6251015663146973,1.0,0.572217583656311,0.28678423166275024,0.37784239649772644,0.35315021872520447,0.2238539457321167,0.23867346346378326,0.2684441804885864,0.15319401025772095,0.19814181327819824,0.3517681062221527,0.25306087732315063,0.21857865154743195,0.33442848920822144],[0.5413150191307068,0.5704982280731201,0.572217583656311,1.0,0.25294363498687744,0.34124696254730225,0.34897902607917786,0.25530344247817993,0.23204593360424042,0.3110387325286865,0.15879832208156586,0.19005179405212402,0.3359166979789734,0.31052520871162415,0.29168131947517395,0.42717137932777405],[0.3384404480457306,0.3696739077568054,0.28678423166275024,0.25294363498687744,1.0,0.29975879192352295,0.3173057436943054,0.42278555035591125,0.22095245122909546,0.16738270223140717,0.08240406215190887,0.127863347530365,0.275732159614563,0.20625710487365723,0.1871839314699173,0.26216500997543335],[0.30043190717697144,0.36099883913993835,0.37784239649772644,0.34124696254730225,0.29975879192352295,0.9999999403953552,0.25198614597320557,0.27203288674354553,0.16172413527965546,0.32364484667778015,0.059555165469646454,0.14776195585727692,0.30073297023773193,0.16388873755931854,0.13549736142158508,0.29726043343544006],[0.4622030556201935,0.4359164237976074,0.35315021872520447,0.34897902607917786,0.3173057436943054,0.25198614597320557,1.0,0.3853693902492523,0.17681162059307098,0.25798463821411133,0.08884534239768982,0.14940650761127472,0.29271039366722107,0.15519264340400696,0.1327211856842041,0.22585850954055786],[0.3287782073020935,0.30941471457481384,0.2238539457321167,0.25530344247817993,0.42278555035591125,0.27203288674354553,0.3853693902492523,1.0,0.17657634615898132,0.21200339496135712,0.12898565828800201,0.14810827374458313,0.3122725486755371,0.23982714116573334,0.1901281177997589,0.266141414642334],[0.15553215146064758,0.21364213526248932,0.23867346346378326,0.23204593360424042,0.22095245122909546,0.16172413527965546,0.17681162059307098,0.17657634615898132,1.0,0.4807097017765045,0.47140243649482727,0.32203638553619385,0.2511173486709595,0.6052852869033813,0.5668380260467529,0.5253388285636902],[0.24985197186470032,0.24460150301456451,0.2684441804885864,0.3110387325286865,0.16738270223140717,0.32364484667778015,0.25798463821411133,0.21200339496135712,0.4807097017765045,0.9999999403953552,0.388232946395874,0.34157201647758484,0.33464545011520386,0.4638367295265198,0.4020783603191376,0.5566760897636414],[0.095537930727005,0.0913439616560936,0.15319401025772095,0.15879832208156586,0.08240406215190887,0.059555165469646454,0.08884534239768982,0.12898565828800201,0.47140243649482727,0.388232946395874,1.0,0.43222466111183167,0.1463940590620041,0.6267610192298889,0.5193873643875122,0.31152454018592834],[0.1377430260181427,0.23849928379058838,0.19814181327819824,0.19005179405212402,0.127863347530365,0.14776195585727692,0.14940650761127472,0.14810827374458313,0.32203638553619385,0.34157201647758484,0.43222466111183167,1.0,0.1677522510290146,0.4147087335586548,0.36298465728759766,0.24961812794208527],[0.31855687499046326,0.4096580743789673,0.3517681062221527,0.3359166979789734,0.275732159614563,0.30073297023773193,0.29271039366722107,0.3122725486755371,0.2511173486709595,0.33464545011520386,0.1463940590620041,0.1677522510290146,1.0,0.24974988400936127,0.3416026830673218,0.35693278908729553],[0.20816665887832642,0.17326784133911133,0.25306087732315063,0.31052520871162415,0.20625710487365723,0.16388873755931854,0.15519264340400696,0.23982714116573334,0.6052852869033813,0.4638367295265198,0.6267610192298889,0.4147087335586548,0.24974988400936127,1.0,0.6027447581291199,0.552596390247345],[0.17311984300613403,0.23290829360485077,0.21857865154743195,0.29168131947517395,0.1871839314699173,0.13549736142158508,0.1327211856842041,0.1901281177997589,0.5668380260467529,0.4020783603191376,0.5193873643875122,0.36298465728759766,0.3416026830673218,0.6027447581291199,0.9999999403953552,0.47441115975379944],[0.25973188877105713,0.31936928629875183,0.33442848920822144,0.42717137932777405,0.26216500997543335,0.29726043343544006,0.22585850954055786,0.266141414642334,0.5253388285636902,0.5566760897636414,0.31152454018592834,0.24961812794208527,0.35693278908729553,0.552596390247345,0.47441115975379944,1.0]]}