{
  "game_number": 265,
  "words": [
    "BOA",
    "CORSET",
    "FAN",
    "GLOVES",
    "BUFF",
    "CREAM",
    "FAWN",
    "TAN",
    "BASK",
    "CHECK",
    "FINISH",
    "TIE",
    "PROJECTOR",
    "REEL",
    "SCREEN",
    "SPEAKER"
  ],
  "adjacency_matrix": [
    [
      1.0,
      0.3467564582824707,
      0.19734933972358704,
      0.2676398456096649,
      0.2534460723400116,
      0.18483205139636993,
      0.32277148962020874,
      0.35198974609375,
      0.2630884349346161,
      0.11194934695959091,
      0.1278703361749649,
      0.27813318371772766,
      0.2669655978679657,
      0.2662624716758728,
      0.10451838374137878,
      0.205548956990242
    ],
    [
      0.3467564582824707,
      1.0,
      0.2947104275226593,
      0.35684600472450256,
      0.30560430884361267,
      0.32401910424232483,
      0.23119564354419708,
      0.31451159715652466,
      0.19257678091526031,
      0.18073751032352448,
      0.2546808421611786,
      0.3556068539619446,
      0.19784827530384064,
      0.3297841250896454,
      0.27265188097953796,
      0.17599700391292572
    ],
    [
      0.19734933972358704,
      0.2947104275226593,
      1.0,
      0.2510696053504944,
      0.43598610162734985,
      0.21484683454036713,
      0.2963932156562805,
      0.2355313003063202,
      0.3075487017631531,
      0.330564022064209,
      0.25903767347335815,
      0.3056095838546753,
      0.28081461787223816,
      0.33007121086120605,
      0.336437463760376,
      0.37841296195983887
    ],
    [
      0.2676398456096649,
      0.35684600472450256,
      0.2510696053504944,
      1.0,
      0.31698524951934814,
      0.27484285831451416,
      0.2001843899488449,
      0.31348973512649536,
      0.231266051530838,
      0.2708330750465393,
      0.28601178526878357,
      0.3755185306072235,
      0.1914491504430771,
      0.24925431609153748,
      0.2806473970413208,
      0.18135562539100647
    ],
    [
      0.2534460723400116,
      0.30560430884361267,
      0.43598610162734985,
      0.31698524951934814,
      1.0,
      0.35865989327430725,
      0.3208540678024292,
      0.49127477407455444,
      0.3096143901348114,
      0.3311654329299927,
      0.29654693603515625,
      0.3118870258331299,
      0.2748106122016907,
      0.29813170433044434,
      0.3352890610694885,
      0.25519347190856934
    ],
    [
      0.18483205139636993,
      0.32401910424232483,
      0.21484683454036713,
      0.27484285831451416,
      0.35865989327430725,
      1.0,
      0.3536286950111389,
      0.47013598680496216,
      0.30300843715667725,
      0.2552882432937622,
      0.29769575595855713,
      0.23698127269744873,
      0.24680733680725098,
      0.22726938128471375,
      0.30171748995780945,
      0.183497816324234
    ],
    [
      0.32277148962020874,
      0.23119564354419708,
      0.2963932156562805,
      0.2001843899488449,
      0.3208540678024292,
      0.3536286950111389,
      0.9999999403953552,
      0.44625160098075867,
      0.4713728427886963,
      0.2765391767024994,
      0.29905134439468384,
      0.2732086777687073,
      0.1137978658080101,
      0.29561716318130493,
      0.31555938720703125,
      0.19597958028316498
    ],
    [
      0.35198974609375,
      0.31451159715652466,
      0.2355313003063202,
      0.31348973512649536,
      0.49127477407455444,
      0.47013598680496216,
      0.44625160098075867,
      1.0,
      0.43085500597953796,
      0.2561880648136139,
      0.3481801152229309,
      0.33483168482780457,
      0.20860734581947327,
      0.29268601536750793,
      0.31725993752479553,
      0.17359784245491028
    ],
    [
      0.2630884349346161,
      0.19257678091526031,
      0.3075487017631531,
      0.231266051530838,
      0.3096143901348114,
      0.30300843715667725,
      0.4713728427886963,
      0.43085500597953796,
      1.0,
      0.3657117784023285,
      0.4338383674621582,
      0.3443843722343445,
      0.1580912172794342,
      0.326179176568985,
      0.3271719217300415,
      0.27779266238212585
    ],
    [
      0.11194934695959091,
      0.18073751032352448,
      0.330564022064209,
      0.2708330750465393,
      0.3311654329299927,
      0.2552882432937622,
      0.2765391767024994,
      0.2561880648136139,
      0.3657117784023285,
      1.0,
      0.4861904978752136,
      0.39789581298828125,
      0.27040672302246094,
      0.36840739846229553,
      0.4707922339439392,
      0.3502100110054016
    ],
    [
      0.1278703361749649,
      0.2546808421611786,
      0.25903767347335815,
      0.28601178526878357,
      0.29654693603515625,
      0.29769575595855713,
      0.29905134439468384,
      0.3481801152229309,
      0.4338383674621582,
      0.4861904978752136,
      1.0,
      0.5065175890922546,
      0.20171745121479034,
      0.46506646275520325,
      0.3813139796257019,
      0.37100186944007874
    ],
    [
      0.27813318371772766,
      0.3556068539619446,
      0.3056095838546753,
      0.3755185306072235,
      0.3118870258331299,
      0.23698127269744873,
      0.2732086777687073,
      0.33483168482780457,
      0.3443843722343445,
      0.39789581298828125,
      0.5065175890922546,
      1.0,
      0.19598537683486938,
      0.4570666551589966,
      0.3050154149532318,
      0.3068888485431671
    ],
    [
      0.2669655978679657,
      0.19784827530384064,
      0.28081461787223816,
      0.1914491504430771,
      0.2748106122016907,
      0.24680733680725098,
      0.1137978658080101,
      0.20860734581947327,
      0.1580912172794342,
      0.27040672302246094,
      0.20171745121479034,
      0.19598537683486938,
      1.0,
      0.4071674048900604,
      0.5108607411384583,
      0.4422745108604431
    ],
    [
      0.2662624716758728,
      0.3297841250896454,
      0.33007121086120605,
      0.24925431609153748,
      0.29813170433044434,
      0.22726938128471375,
      0.29561716318130493,
      0.29268601536750793,
      0.326179176568985,
      0.36840739846229553,
      0.46506646275520325,
      0.4570666551589966,
      0.4071674048900604,
      0.9999999403953552,
      0.4705052971839905,
      0.3936838209629059
    ],
    [
      0.10451838374137878,
      0.27265188097953796,
      0.336437463760376,
      0.2806473970413208,
      0.3352890610694885,
      0.30171748995780945,
      0.31555938720703125,
      0.31725993752479553,
      0.3271719217300415,
      0.4707922339439392,
      0.3813139796257019,
      0.3050154149532318,
      0.5108607411384583,
      0.4705052971839905,
      1.0,
      0.37441515922546387
    ],
    [
      0.205548956990242,
      0.17599700391292572,
      0.37841296195983887,
      0.18135562539100647,
      0.25519347190856934,
      0.183497816324234,
      0.19597958028316498,
      0.17359784245491028,
      0.27779266238212585,
      0.3502100110054016,
      0.37100186944007874,
      0.3068888485431671,
      0.4422745108604431,
      0.3936838209629059,
      0.37441515922546387,
      1.0
    ]
  ]
}