{"game_number":356,"words":["BASHFUL","DOC","GRUMPY","HAPPY","GIF","PDF","TIFF","ZIP","EMU","KIWI","OSTRICH","PENGUIN","BANANA","COCONUT","MANGO","PINEAPPLE"],"adjacency_matrix":[[0.9999999403953552,0.20797796547412872,0.6016169190406799,0.47333183884620667,0.17138244211673737,0.10767342895269394,0.28967878222465515,0.17873971164226532,0.1758667677640915,0.2461511790752411,0.27229809761047363,0.3479096591472626,0.2615967392921448,0.2585436999797821,0.2253326177597046,0.23040761053562164],[0.20797796547412872,0.9999999403953552,0.2559938132762909,0.2528540790081024,0.3795490562915802,0.5085164904594421,0.28563928604125977,0.35829979181289673,0.20721277594566345,0.18523462116718292,0.16553601622581482,0.21346549689769745,0.27208518981933594,0.20100939273834229,0.2701534926891327,0.2240101397037506],[0.6016169190406799,0.2559938132762909,0.9999999403953552,0.5794084668159485,0.2208714485168457,0.1408265084028244,0.3199910521507263,0.15436331927776337,0.23161718249320984,0.29116013646125793,0.2832021117210388,0.39254555106163025,0.2740614712238312,0.20003950595855713,0.18072861433029175,0.27036410570144653],[0.47333183884620667,0.2528540790081024,0.5794084668159485,1.0,0.2315109670162201,0.20783858001232147,0.24838757514953613,0.17581745982170105,0.15462470054626465,0.19519463181495667,0.22519119083881378,0.3234901428222656,0.2578844130039215,0.2132941037416458,0.20501849055290222,0.22219212353229523],[0.17138244211673737,0.3795490562915802,0.2208714485168457,0.2315109670162201,0.9999999403953552,0.49336957931518555,0.42357978224754333,0.3017994463443756,0.3159359097480774,0.2755848467350006,0.2183416485786438,0.38642066717147827,0.31440988183021545,0.26943254470825195,0.2841951251029968,0.29029881954193115],[0.10767342895269394,0.5085164904594421,0.1408265084028244,0.20783858001232147,0.49336957931518555,0.9999999403953552,0.2552124559879303,0.34895193576812744,0.259074866771698,0.1184815838932991,0.13040748238563538,0.21915853023529053,0.16895337402820587,0.19133485853672028,0.1687990427017212,0.18791301548480988],[0.28967878222465515,0.28563928604125977,0.3199910521507263,0.24838757514953613,0.42357978224754333,0.2552124559879303,0.9999999403953552,0.21825318038463593,0.1814952939748764,0.24723117053508759,0.09878095239400864,0.2647648751735687,0.2583107650279999,0.16103069484233856,0.25704389810562134,0.24171540141105652],[0.17873971164226532,0.35829979181289673,0.15436331927776337,0.17581745982170105,0.3017994463443756,0.34895193576812744,0.21825318038463593,1.0,0.19454766809940338,0.18117046356201172,0.17315077781677246,0.2407851666212082,0.27496421337127686,0.25278204679489136,0.2732498347759247,0.24380947649478912],[0.1758667677640915,0.20721277594566345,0.23161718249320984,0.15462470054626465,0.3159359097480774,0.259074866771698,0.1814952939748764,0.19454766809940338,1.0,0.5130107998847961,0.5551813244819641,0.4518347978591919,0.3038886785507202,0.3411792814731598,0.3423420190811157,0.3152488172054291],[0.2461511790752411,0.18523462116718292,0.29116013646125793,0.19519463181495667,0.2755848467350006,0.1184815838932991,0.24723117053508759,0.18117046356201172,0.5130107998847961,1.0,0.30673250555992126,0.46243900060653687,0.4746716618537903,0.40472763776779175,0.49399715662002563,0.4486212134361267],[0.27229809761047363,0.16553601622581482,0.2832021117210388,0.22519119083881378,0.2183416485786438,0.13040748238563538,0.09878095239400864,0.17315077781677246,0.5551813244819641,0.30673250555992126,0.9999998807907104,0.42745745182037354,0.334031879901886,0.2835518717765808,0.29163265228271484,0.2655991315841675],[0.3479096591472626,0.21346549689769745,0.39254555106163025,0.3234901428222656,0.38642066717147827,0.21915853023529053,0.2647648751735687,0.2407851666212082,0.4518347978591919,0.46243900060653687,0.42745745182037354,1.0,0.3800041079521179,0.32957109808921814,0.32052159309387207,0.34007447957992554],[0.2615967392921448,0.27208518981933594,0.2740614712238312,0.2578844130039215,0.31440988183021545,0.16895337402820587,0.2583107650279999,0.27496421337127686,0.3038886785507202,0.4746716618537903,0.334031879901886,0.3800041079521179,0.9999999403953552,0.6897603869438171,0.6926952600479126,0.7307815551757812],[0.2585436999797821,0.20100939273834229,0.20003950595855713,0.2132941037416458,0.26943254470825195,0.19133485853672028,0.16103069484233856,0.25278204679489136,0.3411792814731598,0.40472763776779175,0.2835518717765808,0.32957109808921814,0.6897603869438171,1.0,0.6980578899383545,0.7043732404708862],[0.2253326177597046,0.2701534926891327,0.18072861433029175,0.20501849055290222,0.2841951251029968,0.1687990427017212,0.25704389810562134,0.2732498347759247,0.3423420190811157,0.49399715662002563,0.29163265228271484,0.32052159309387207,0.6926952600479126,0.6980578899383545,1.0,0.6253868937492371],[0.23040761053562164,0.2240101397037506,0.27036410570144653,0.22219212353229523,0.29029881954193115,0.18791301548480988,0.24171540141105652,0.24380947649478912,0.3152488172054291,0.4486212134361267,0.2655991315841675,0.34007447957992554,0.7307815551757812,0.7043732404708862,0.6253868937492371,1.0]]}