{
  "game_number": 595,
  "words": [
    "FACULTY",
    "FLAIR",
    "GENIUS",
    "GIFT",
    "BARBIE",
    "BUSH",
    "CRIKEY",
    "MATE",
    "MATCH",
    "MOOT",
    "SELLING",
    "WEST",
    "PURGE",
    "RING",
    "SAW",
    "SCREAM"
  ],
  "adjacency_matrix": [
    [
      1.0,
      0.24095726013183594,
      0.2908123731613159,
      0.3102133870124817,
      0.047950271517038345,
      0.19659119844436646,
      0.15207472443580627,
      0.28333717584609985,
      0.22873051464557648,
      0.1882619559764862,
      0.23328657448291779,
      0.2818797528743744,
      0.22889436781406403,
      0.16834263503551483,
      0.21324150264263153,
      0.21760009229183197
    ],
    [
      0.24095726013183594,
      1.0,
      0.5693219304084778,
      0.40275272727012634,
      0.3224406838417053,
      0.2902584373950958,
      0.3351808190345764,
      0.24810680747032166,
      0.35992002487182617,
      0.16850367188453674,
      0.29834070801734924,
      0.2799008786678314,
      0.24875248968601227,
      0.28861722350120544,
      0.20874030888080597,
      0.3100857138633728
    ],
    [
      0.2908123731613159,
      0.5693219304084778,
      0.9999999403953552,
      0.4825230836868286,
      0.3240276873111725,
      0.3012562096118927,
      0.44074124097824097,
      0.39589670300483704,
      0.30112457275390625,
      0.2618860602378845,
      0.27596259117126465,
      0.2574518322944641,
      0.3082984983921051,
      0.25067615509033203,
      0.2601764500141144,
      0.30089104175567627
    ],
    [
      0.3102133870124817,
      0.40275272727012634,
      0.4825230836868286,
      0.9999999403953552,
      0.30698955059051514,
      0.29210546612739563,
      0.31803619861602783,
      0.3479088842868805,
      0.35858795046806335,
      0.21387052536010742,
      0.4620448648929596,
      0.22598764300346375,
      0.2671029567718506,
      0.4024154543876648,
      0.27192386984825134,
      0.27310797572135925
    ],
    [
      0.047950271517038345,
      0.3224406838417053,
      0.3240276873111725,
      0.30698955059051514,
      0.9999999403953552,
      0.42877259850502014,
      0.4982401728630066,
      0.3758305609226227,
      0.262590229511261,
      0.2678520381450653,
      0.30241402983665466,
      0.24453416466712952,
      0.23743702471256256,
      0.27382948994636536,
      0.20683856308460236,
      0.3182995319366455
    ],
    [
      0.19659119844436646,
      0.2902584373950958,
      0.3012562096118927,
      0.29210546612739563,
      0.42877259850502014,
      1.0,
      0.4756954312324524,
      0.41942521929740906,
      0.2764657735824585,
      0.1877029538154602,
      0.3560492694377899,
      0.4094104468822479,
      0.28613629937171936,
      0.36308911442756653,
      0.25137102603912354,
      0.352051705121994
    ],
    [
      0.15207472443580627,
      0.3351808190345764,
      0.44074124097824097,
      0.31803619861602783,
      0.4982401728630066,
      0.4756954312324524,
      1.0,
      0.4708894193172455,
      0.34967875480651855,
      0.3798029124736786,
      0.2923831343650818,
      0.28100863099098206,
      0.30173420906066895,
      0.305997759103775,
      0.3782461881637573,
      0.4565138518810272
    ],
    [
      0.28333717584609985,
      0.24810680747032166,
      0.39589670300483704,
      0.3479088842868805,
      0.3758305609226227,
      0.41942521929740906,
      0.4708894193172455,
      1.0,
      0.45549994707107544,
      0.24618373811244965,
      0.3154306709766388,
      0.2778611183166504,
      0.30786004662513733,
      0.31204938888549805,
      0.34495100378990173,
      0.3600243330001831
    ],
    [
      0.22873051464557648,
      0.35992002487182617,
      0.30112457275390625,
      0.35858795046806335,
      0.262590229511261,
      0.2764657735824585,
      0.34967875480651855,
      0.45549994707107544,
      1.0,
      0.27294036746025085,
      0.26132920384407043,
      0.27712082862854004,
      0.345241516828537,
      0.4686725437641144,
      0.41829487681388855,
      0.33970072865486145
    ],
    [
      0.1882619559764862,
      0.16850367188453674,
      0.2618860602378845,
      0.21387052536010742,
      0.2678520381450653,
      0.1877029538154602,
      0.3798029124736786,
      0.24618373811244965,
      0.27294036746025085,
      1.0,
      0.22210419178009033,
      0.2606920897960663,
      0.22477902472019196,
      0.2248174101114273,
      0.19269324839115143,
      0.2682209312915802
    ],
    [
      0.23328657448291779,
      0.29834070801734924,
      0.27596259117126465,
      0.4620448648929596,
      0.30241402983665466,
      0.3560492694377899,
      0.2923831343650818,
      0.3154306709766388,
      0.26132920384407043,
      0.22210419178009033,
      1.0,
      0.3184075951576233,
      0.3105032444000244,
      0.3470809757709503,
      0.35651424527168274,
      0.22926455736160278
    ],
    [
      0.2818797528743744,
      0.2799008786678314,
      0.2574518322944641,
      0.22598764300346375,
      0.24453416466712952,
      0.4094104468822479,
      0.28100863099098206,
      0.2778611183166504,
      0.27712082862854004,
      0.2606920897960663,
      0.3184075951576233,
      1.0,
      0.22147110104560852,
      0.33723556995391846,
      0.2636812627315521,
      0.2296810895204544
    ],
    [
      0.22889436781406403,
      0.24875248968601227,
      0.3082984983921051,
      0.2671029567718506,
      0.23743702471256256,
      0.28613629937171936,
      0.30173420906066895,
      0.30786004662513733,
      0.345241516828537,
      0.22477902472019196,
      0.3105032444000244,
      0.22147110104560852,
      1.0,
      0.31791386008262634,
      0.33482396602630615,
      0.3663809895515442
    ],
    [
      0.16834263503551483,
      0.28861722350120544,
      0.25067615509033203,
      0.4024154543876648,
      0.27382948994636536,
      0.36308911442756653,
      0.305997759103775,
      0.31204938888549805,
      0.4686725437641144,
      0.2248174101114273,
      0.3470809757709503,
      0.33723556995391846,
      0.31791386008262634,
      1.0,
      0.31659290194511414,
      0.3453439474105835
    ],
    [
      0.21324150264263153,
      0.20874030888080597,
      0.2601764500141144,
      0.27192386984825134,
      0.20683856308460236,
      0.25137102603912354,
      0.3782461881637573,
      0.34495100378990173,
      0.41829487681388855,
      0.19269324839115143,
      0.35651424527168274,
      0.2636812627315521,
      0.33482396602630615,
      0.31659290194511414,
      1.0,
      0.3667955994606018
    ],
    [
      0.21760009229183197,
      0.3100857138633728,
      0.30089104175567627,
      0.27310797572135925,
      0.3182995319366455,
      0.352051705121994,
      0.4565138518810272,
      0.3600243330001831,
      0.33970072865486145,
      0.2682209312915802,
      0.22926455736160278,
      0.2296810895204544,
      0.3663809895515442,
      0.3453439474105835,
      0.3667955994606018,
      0.9999999403953552
    ]
  ]
}