{
  "game_number": 636,
  "words": [
    "CALF",
    "CUB",
    "JOEY",
    "KID",
    "CAN",
    "HEAD",
    "JOHN",
    "THRONE",
    "CRAY",
    "JELLY",
    "SILVER",
    "STAR",
    "BOARDWALK",
    "CHANCE",
    "GO",
    "JAIL"
  ],
  "adjacency_matrix": [
    [
      1.0,
      0.5035552382469177,
      0.3948685824871063,
      0.4003610610961914,
      0.22991442680358887,
      0.4299681484699249,
      0.1833684891462326,
      0.27476683259010315,
      0.3335724174976349,
      0.3081950545310974,
      0.32181599736213684,
      0.33539074659347534,
      0.1888568103313446,
      0.3311372995376587,
      0.25665175914764404,
      0.22578583657741547
    ],
    [
      0.5035552382469177,
      1.0,
      0.48888400197029114,
      0.40888622403144836,
      0.11802677065134048,
      0.21953825652599335,
      0.09963703155517578,
      0.19389288127422333,
      0.2414683997631073,
      0.22497324645519257,
      0.2230529934167862,
      0.2924705743789673,
      0.22982414066791534,
      0.21330603957176208,
      0.12162447720766068,
      0.18515333533287048
    ],
    [
      0.3948685824871063,
      0.48888400197029114,
      1.0,
      0.44454798102378845,
      0.1430492103099823,
      0.20128189027309418,
      0.4855823814868927,
      0.1269380748271942,
      0.43100351095199585,
      0.31236734986305237,
      0.14752353727817535,
      0.2876638174057007,
      0.1464920938014984,
      0.18234343826770782,
      0.18602123856544495,
      0.1468113511800766
    ],
    [
      0.4003610610961914,
      0.40888622403144836,
      0.44454798102378845,
      1.0,
      0.3028043806552887,
      0.38422468304634094,
      0.3279418647289276,
      0.2747911512851715,
      0.48101022839546204,
      0.3303874433040619,
      0.2547255754470825,
      0.4766177535057068,
      0.2686464488506317,
      0.39774537086486816,
      0.3939366042613983,
      0.3514854609966278
    ],
    [
      0.22991442680358887,
      0.11802677065134048,
      0.1430492103099823,
      0.3028043806552887,
      1.0,
      0.33166006207466125,
      0.11046319454908371,
      0.23881259560585022,
      0.34623923897743225,
      0.1900201141834259,
      0.23459185659885406,
      0.2941969931125641,
      0.15120607614517212,
      0.4304550886154175,
      0.620215892791748,
      0.25673365592956543
    ],
    [
      0.4299681484699249,
      0.21953825652599335,
      0.20128189027309418,
      0.38422468304634094,
      0.33166006207466125,
      1.0,
      0.18947382271289825,
      0.43763497471809387,
      0.37162429094314575,
      0.3102281987667084,
      0.3486555218696594,
      0.4479723274707794,
      0.22690598666667938,
      0.3509073555469513,
      0.5027757287025452,
      0.3728684186935425
    ],
    [
      0.1833684891462326,
      0.09963703155517578,
      0.4855823814868927,
      0.3279418647289276,
      0.11046319454908371,
      0.18947382271289825,
      1.0,
      0.14536072313785553,
      0.36405497789382935,
      0.27963268756866455,
      0.14458301663398743,
      0.1894546002149582,
      0.09279000014066696,
      0.1561911702156067,
      0.20234590768814087,
      0.1907869279384613
    ],
    [
      0.27476683259010315,
      0.19389288127422333,
      0.1269380748271942,
      0.2747911512851715,
      0.23881259560585022,
      0.43763497471809387,
      0.14536072313785553,
      1.0,
      0.20810820162296295,
      0.2452722042798996,
      0.36702680587768555,
      0.3537655472755432,
      0.302791953086853,
      0.35103774070739746,
      0.27096110582351685,
      0.25931259989738464
    ],
    [
      0.3335724174976349,
      0.2414683997631073,
      0.43100351095199585,
      0.48101022839546204,
      0.34623923897743225,
      0.37162429094314575,
      0.36405497789382935,
      0.20810820162296295,
      1.0,
      0.3960087299346924,
      0.3192232847213745,
      0.3639093041419983,
      0.266798198223114,
      0.27420535683631897,
      0.34556376934051514,
      0.2992549538612366
    ],
    [
      0.3081950545310974,
      0.22497324645519257,
      0.31236734986305237,
      0.3303874433040619,
      0.1900201141834259,
      0.3102281987667084,
      0.27963268756866455,
      0.2452722042798996,
      0.3960087299346924,
      1.0,
      0.2858363687992096,
      0.29344093799591064,
      0.19342751801013947,
      0.18428248167037964,
      0.1862688809633255,
      0.20503869652748108
    ],
    [
      0.32181599736213684,
      0.2230529934167862,
      0.14752353727817535,
      0.2547255754470825,
      0.23459185659885406,
      0.3486555218696594,
      0.14458301663398743,
      0.36702680587768555,
      0.3192232847213745,
      0.2858363687992096,
      1.0,
      0.4167357385158539,
      0.19475656747817993,
      0.24331025779247284,
      0.23242446780204773,
      0.22304095327854156
    ],
    [
      0.33539074659347534,
      0.2924705743789673,
      0.2876638174057007,
      0.4766177535057068,
      0.2941969931125641,
      0.4479723274707794,
      0.1894546002149582,
      0.3537655472755432,
      0.3639093041419983,
      0.29344093799591064,
      0.4167357385158539,
      1.0,
      0.28194737434387207,
      0.3575279414653778,
      0.3212125301361084,
      0.2623555362224579
    ],
    [
      0.1888568103313446,
      0.22982414066791534,
      0.1464920938014984,
      0.2686464488506317,
      0.15120607614517212,
      0.22690598666667938,
      0.09279000014066696,
      0.302791953086853,
      0.266798198223114,
      0.19342751801013947,
      0.19475656747817993,
      0.28194737434387207,
      1.0,
      0.18346746265888214,
      0.23020963370800018,
      0.2163461297750473
    ],
    [
      0.3311372995376587,
      0.21330603957176208,
      0.18234343826770782,
      0.39774537086486816,
      0.4304550886154175,
      0.3509073555469513,
      0.1561911702156067,
      0.35103774070739746,
      0.27420535683631897,
      0.18428248167037964,
      0.24331025779247284,
      0.3575279414653778,
      0.18346746265888214,
      0.9999999403953552,
      0.5001791715621948,
      0.2913775146007538
    ],
    [
      0.25665175914764404,
      0.12162447720766068,
      0.18602123856544495,
      0.3939366042613983,
      0.620215892791748,
      0.5027757287025452,
      0.20234590768814087,
      0.27096110582351685,
      0.34556376934051514,
      0.1862688809633255,
      0.23242446780204773,
      0.3212125301361084,
      0.23020963370800018,
      0.5001791715621948,
      1.0,
      0.4305809736251831
    ],
    [
      0.22578583657741547,
      0.18515333533287048,
      0.1468113511800766,
      0.3514854609966278,
      0.25673365592956543,
      0.3728684186935425,
      0.1907869279384613,
      0.25931259989738464,
      0.2992549538612366,
      0.20503869652748108,
      0.22304095327854156,
      0.2623555362224579,
      0.2163461297750473,
      0.2913775146007538,
      0.4305809736251831,
      0.9999999403953552
    ]
  ]
}