{
  "game_number": 73,
  "words": [
    "BIB",
    "BOTTLE",
    "MONITOR",
    "STROLLER",
    "CAPRI",
    "JEAN",
    "JOGGER",
    "SLACK",
    "JET",
    "MET",
    "NET",
    "RANGER",
    "BUTLER",
    "GAY",
    "HOOKS",
    "WALKER"
  ],
  "adjacency_matrix": [
    [
      1.0,
      0.2806447148323059,
      0.1941685974597931,
      0.3089425563812256,
      0.40231582522392273,
      0.4054605960845947,
      0.2894567549228668,
      0.2463276982307434,
      0.22575120627880096,
      0.025215478613972664,
      0.22881299257278442,
      0.23534069955348969,
      0.18711785972118378,
      0.15284419059753418,
      0.21863441169261932,
      0.29435160756111145
    ],
    [
      0.2806447148323059,
      1.0,
      0.2720141112804413,
      0.41266489028930664,
      0.38040891289711,
      0.3326275646686554,
      0.17256225645542145,
      0.25680044293403625,
      0.39938777685165405,
      0.18778137862682343,
      0.28734344244003296,
      0.22093267738819122,
      0.3218762278556824,
      0.26952770352363586,
      0.2817538380622864,
      0.2570706307888031
    ],
    [
      0.1941685974597931,
      0.2720141112804413,
      1.0,
      0.30305716395378113,
      0.29248276352882385,
      0.20888955891132355,
      0.2711111903190613,
      0.29679736495018005,
      0.2455531805753708,
      0.27829617261886597,
      0.33761364221572876,
      0.32292336225509644,
      0.2618401050567627,
      0.20089173316955566,
      0.31348341703414917,
      0.2919584810733795
    ],
    [
      0.3089425563812256,
      0.41266489028930664,
      0.30305716395378113,
      0.9999999403953552,
      0.35925906896591187,
      0.3533446490764618,
      0.5205196142196655,
      0.24947580695152283,
      0.2661571502685547,
      0.2121756374835968,
      0.27522435784339905,
      0.3782149851322174,
      0.26576873660087585,
      0.2609163820743561,
      0.3216070830821991,
      0.5468447804450989
    ],
    [
      0.40231582522392273,
      0.38040891289711,
      0.29248276352882385,
      0.35925906896591187,
      0.9999999403953552,
      0.5967053771018982,
      0.3640275299549103,
      0.2982484698295593,
      0.3477082848548889,
      0.3369458317756653,
      0.33737120032310486,
      0.3324100971221924,
      0.31828561425209045,
      0.3836268186569214,
      0.3198062479496002,
      0.40234893560409546
    ],
    [
      0.4054605960845947,
      0.3326275646686554,
      0.20888955891132355,
      0.3533446490764618,
      0.5967053771018982,
      1.0,
      0.34171822667121887,
      0.2589348256587982,
      0.2879337966442108,
      0.22914664447307587,
      0.28990626335144043,
      0.24446728825569153,
      0.26245900988578796,
      0.3262087106704712,
      0.25535619258880615,
      0.34103161096572876
    ],
    [
      0.2894567549228668,
      0.17256225645542145,
      0.2711111903190613,
      0.5205196142196655,
      0.3640275299549103,
      0.34171822667121887,
      1.0,
      0.26138240098953247,
      0.27001839876174927,
      0.23254422843456268,
      0.21850287914276123,
      0.3600258231163025,
      0.308927446603775,
      0.28183305263519287,
      0.2403142899274826,
      0.5985558032989502
    ],
    [
      0.2463276982307434,
      0.25680044293403625,
      0.29679736495018005,
      0.24947580695152283,
      0.2982484698295593,
      0.2589348256587982,
      0.26138240098953247,
      0.9999999403953552,
      0.21502530574798584,
      0.2154470682144165,
      0.37485766410827637,
      0.20990915596485138,
      0.18780890107154846,
      0.2265946865081787,
      0.3556940257549286,
      0.3211890757083893
    ],
    [
      0.22575120627880096,
      0.39938777685165405,
      0.2455531805753708,
      0.2661571502685547,
      0.3477082848548889,
      0.2879337966442108,
      0.27001839876174927,
      0.21502530574798584,
      1.0,
      0.15380659699440002,
      0.2711838483810425,
      0.23605763912200928,
      0.29133400321006775,
      0.3039805591106415,
      0.13979020714759827,
      0.27914372086524963
    ],
    [
      0.025215478613972664,
      0.18778137862682343,
      0.27829617261886597,
      0.2121756374835968,
      0.3369458317756653,
      0.22914664447307587,
      0.23254422843456268,
      0.2154470682144165,
      0.15380659699440002,
      0.9999999403953552,
      0.2943679392337799,
      0.31096455454826355,
      0.20066744089126587,
      0.27384305000305176,
      0.27364522218704224,
      0.2796536982059479
    ],
    [
      0.22881299257278442,
      0.28734344244003296,
      0.33761364221572876,
      0.27522435784339905,
      0.33737120032310486,
      0.28990626335144043,
      0.21850287914276123,
      0.37485766410827637,
      0.2711838483810425,
      0.2943679392337799,
      1.0,
      0.3160351812839508,
      0.17337439954280853,
      0.306471586227417,
      0.33324146270751953,
      0.2714109420776367
    ],
    [
      0.23534069955348969,
      0.22093267738819122,
      0.32292336225509644,
      0.3782149851322174,
      0.3324100971221924,
      0.24446728825569153,
      0.3600258231163025,
      0.20990915596485138,
      0.23605763912200928,
      0.31096455454826355,
      0.3160351812839508,
      0.9999999403953552,
      0.3609813153743744,
      0.27221056818962097,
      0.15052758157253265,
      0.49485287070274353
    ],
    [
      0.18711785972118378,
      0.3218762278556824,
      0.2618401050567627,
      0.26576873660087585,
      0.31828561425209045,
      0.26245900988578796,
      0.308927446603775,
      0.18780890107154846,
      0.29133400321006775,
      0.20066744089126587,
      0.17337439954280853,
      0.3609813153743744,
      1.0,
      0.3258812725543976,
      0.1737346351146698,
      0.40452632308006287
    ],
    [
      0.15284419059753418,
      0.26952770352363586,
      0.20089173316955566,
      0.2609163820743561,
      0.3836268186569214,
      0.3262087106704712,
      0.28183305263519287,
      0.2265946865081787,
      0.3039805591106415,
      0.27384305000305176,
      0.306471586227417,
      0.27221056818962097,
      0.3258812725543976,
      1.0,
      0.23146119713783264,
      0.30559995770454407
    ],
    [
      0.21863441169261932,
      0.2817538380622864,
      0.31348341703414917,
      0.3216070830821991,
      0.3198062479496002,
      0.25535619258880615,
      0.2403142899274826,
      0.3556940257549286,
      0.13979020714759827,
      0.27364522218704224,
      0.33324146270751953,
      0.15052758157253265,
      0.1737346351146698,
      0.23146119713783264,
      1.0,
      0.2675715386867523
    ],
    [
      0.29435160756111145,
      0.2570706307888031,
      0.2919584810733795,
      0.5468447804450989,
      0.40234893560409546,
      0.34103161096572876,
      0.5985558032989502,
      0.3211890757083893,
      0.27914372086524963,
      0.2796536982059479,
      0.2714109420776367,
      0.49485287070274353,
      0.40452632308006287,
      0.30559995770454407,
      0.2675715386867523,
      0.9999999403953552
    ]
  ]
}