{
  "game_number": 599,
  "words": [
    "FELIX",
    "GARFIELD",
    "SYLVESTER",
    "TOM",
    "CALVIN",
    "CHESTER",
    "GROVER",
    "HARRY",
    "ABBEY",
    "HIGH",
    "ROCKY",
    "SILK",
    "COLONY",
    "HERD",
    "PRIDE",
    "SWARM"
  ],
  "adjacency_matrix": [
    [
      0.9999999403953552,
      0.5144940614700317,
      0.5110234022140503,
      0.4952995777130127,
      0.47569388151168823,
      0.5087236166000366,
      0.5055029988288879,
      0.41742175817489624,
      0.2942073345184326,
      0.19964121282100677,
      0.36225610971450806,
      0.2778140902519226,
      0.29001927375793457,
      0.27923619747161865,
      0.2555771768093109,
      0.32608333230018616
    ],
    [
      0.5144940614700317,
      1.0,
      0.5700267553329468,
      0.5130457282066345,
      0.587788462638855,
      0.6670690178871155,
      0.6678060293197632,
      0.502284824848175,
      0.3087909519672394,
      0.3375508487224579,
      0.35823705792427063,
      0.35444438457489014,
      0.3444434702396393,
      0.34659093618392944,
      0.2541704475879669,
      0.31189635396003723
    ],
    [
      0.5110234022140503,
      0.5700267553329468,
      0.9999999403953552,
      0.472900390625,
      0.5677439570426941,
      0.5789999961853027,
      0.5735523104667664,
      0.4089021384716034,
      0.3412202298641205,
      0.2852087616920471,
      0.3292466700077057,
      0.3158670663833618,
      0.35458073019981384,
      0.3655036389827728,
      0.25393280386924744,
      0.27506276965141296
    ],
    [
      0.4952995777130127,
      0.5130457282066345,
      0.472900390625,
      1.0,
      0.5069412589073181,
      0.5315266847610474,
      0.4922318756580353,
      0.6058907508850098,
      0.22149771451950073,
      0.28657907247543335,
      0.26139047741889954,
      0.26515671610832214,
      0.16446271538734436,
      0.24182617664337158,
      0.261951208114624,
      0.2483084350824356
    ],
    [
      0.47569388151168823,
      0.587788462638855,
      0.5677439570426941,
      0.5069412589073181,
      1.0,
      0.5422640442848206,
      0.5410759449005127,
      0.48369190096855164,
      0.3884648084640503,
      0.2941593527793884,
      0.37269067764282227,
      0.28502190113067627,
      0.2904428541660309,
      0.46487319469451904,
      0.2955004870891571,
      0.267701119184494
    ],
    [
      0.5087236166000366,
      0.6670690178871155,
      0.5789999961853027,
      0.5315266847610474,
      0.5422640442848206,
      0.9999999403953552,
      0.5730035305023193,
      0.5468676090240479,
      0.39167341589927673,
      0.40244755148887634,
      0.40310460329055786,
      0.32736197113990784,
      0.3670433461666107,
      0.34846460819244385,
      0.35909658670425415,
      0.315678209066391
    ],
    [
      0.5055029988288879,
      0.6678060293197632,
      0.5735523104667664,
      0.4922318756580353,
      0.5410759449005127,
      0.5730035305023193,
      1.0,
      0.4490933120250702,
      0.3296419084072113,
      0.3839370608329773,
      0.38949117064476013,
      0.3614635169506073,
      0.42271164059638977,
      0.39213210344314575,
      0.3696916699409485,
      0.3978843092918396
    ],
    [
      0.41742175817489624,
      0.502284824848175,
      0.4089021384716034,
      0.6058907508850098,
      0.48369190096855164,
      0.5468676090240479,
      0.4490933120250702,
      1.0,
      0.27258700132369995,
      0.2689479887485504,
      0.30794966220855713,
      0.2931893467903137,
      0.26215627789497375,
      0.32489126920700073,
      0.2876964509487152,
      0.3721226751804352
    ],
    [
      0.2942073345184326,
      0.3087909519672394,
      0.3412202298641205,
      0.22149771451950073,
      0.3884648084640503,
      0.39167341589927673,
      0.3296419084072113,
      0.27258700132369995,
      0.9999999403953552,
      0.24281710386276245,
      0.2924225628376007,
      0.308574914932251,
      0.3380013704299927,
      0.33097004890441895,
      0.19879984855651855,
      0.19253645837306976
    ],
    [
      0.19964121282100677,
      0.3375508487224579,
      0.2852087616920471,
      0.28657907247543335,
      0.2941593527793884,
      0.40244755148887634,
      0.3839370608329773,
      0.2689479887485504,
      0.24281710386276245,
      1.0,
      0.4800421893596649,
      0.3015890419483185,
      0.2843700051307678,
      0.29482385516166687,
      0.44468194246292114,
      0.32117947936058044
    ],
    [
      0.36225610971450806,
      0.35823705792427063,
      0.3292466700077057,
      0.26139047741889954,
      0.37269067764282227,
      0.40310460329055786,
      0.38949117064476013,
      0.30794966220855713,
      0.2924225628376007,
      0.4800421893596649,
      1.0,
      0.26260989904403687,
      0.36045047640800476,
      0.30979692935943604,
      0.2444084733724594,
      0.3196535110473633
    ],
    [
      0.2778140902519226,
      0.35444438457489014,
      0.3158670663833618,
      0.26515671610832214,
      0.28502190113067627,
      0.32736197113990784,
      0.3614635169506073,
      0.2931893467903137,
      0.308574914932251,
      0.3015890419483185,
      0.26260989904403687,
      0.9999999403953552,
      0.3632270097732544,
      0.1793471723794937,
      0.2546290457248688,
      0.2976853847503662
    ],
    [
      0.29001927375793457,
      0.3444434702396393,
      0.35458073019981384,
      0.16446271538734436,
      0.2904428541660309,
      0.3670433461666107,
      0.42271164059638977,
      0.26215627789497375,
      0.3380013704299927,
      0.2843700051307678,
      0.36045047640800476,
      0.3632270097732544,
      1.0,
      0.36951354146003723,
      0.30447858572006226,
      0.4243714213371277
    ],
    [
      0.27923619747161865,
      0.34659093618392944,
      0.3655036389827728,
      0.24182617664337158,
      0.46487319469451904,
      0.34846460819244385,
      0.39213210344314575,
      0.32489126920700073,
      0.33097004890441895,
      0.29482385516166687,
      0.30979692935943604,
      0.1793471723794937,
      0.36951354146003723,
      1.0,
      0.3101915121078491,
      0.4712431728839874
    ],
    [
      0.2555771768093109,
      0.2541704475879669,
      0.25393280386924744,
      0.261951208114624,
      0.2955004870891571,
      0.35909658670425415,
      0.3696916699409485,
      0.2876964509487152,
      0.19879984855651855,
      0.44468194246292114,
      0.2444084733724594,
      0.2546290457248688,
      0.30447858572006226,
      0.3101915121078491,
      1.0,
      0.2817409634590149
    ],
    [
      0.32608333230018616,
      0.31189635396003723,
      0.27506276965141296,
      0.2483084350824356,
      0.267701119184494,
      0.315678209066391,
      0.3978843092918396,
      0.3721226751804352,
      0.19253645837306976,
      0.32117947936058044,
      0.3196535110473633,
      0.2976853847503662,
      0.4243714213371277,
      0.4712431728839874,
      0.2817409634590149,
      1.0
    ]
  ]
}