{"game_number":348,"words":["DOLPHIN","MANATEE","OTTER","SEAL","BRAKE","CHAIN","SADDLE","SPOKE","HAWK","MOVE","PEDDLE","VEND","CHIN","CUB","MALT","TONG"],"adjacency_matrix":[[1.0,0.6072792410850525,0.5605846643447876,0.44114986062049866,0.25943171977996826,0.3308172821998596,0.3112684488296509,0.21318510174751282,0.38829928636550903,0.27684834599494934,0.20218683779239655,0.28192898631095886,0.31807228922843933,0.41171902418136597,0.12379477173089981,0.3051966428756714],[0.6072792410850525,1.0,0.5030093193054199,0.32985246181488037,0.24716229736804962,0.279305636882782,0.25015339255332947,0.27180951833724976,0.31762564182281494,0.25248292088508606,0.19671237468719482,0.27589014172554016,0.2726743519306183,0.3295786380767822,0.14616483449935913,0.2591628134250641],[0.5605846643447876,0.5030093193054199,1.0,0.38195565342903137,0.20837116241455078,0.26370909810066223,0.2261132150888443,0.15861409902572632,0.3852044641971588,0.1904773861169815,0.14588682353496552,0.15185876190662384,0.2352675497531891,0.5031813383102417,0.2283090502023697,0.2957427203655243],[0.44114986062049866,0.32985246181488037,0.38195565342903137,1.0,0.3846796751022339,0.3585243821144104,0.37280595302581787,0.25238850712776184,0.2940359115600586,0.3893282413482666,0.2458825409412384,0.32062163949012756,0.35765528678894043,0.33894896507263184,0.245849147439003,0.3081122934818268],[0.25943171977996826,0.24716229736804962,0.20837116241455078,0.3846796751022339,1.0,0.4326045513153076,0.47070828080177307,0.2795025408267975,0.3100545406341553,0.33960673213005066,0.3857899010181427,0.36036768555641174,0.2678711414337158,0.21594353020191193,0.2612069845199585,0.32411274313926697],[0.3308172821998596,0.279305636882782,0.26370909810066223,0.3585243821144104,0.4326045513153076,1.0,0.4387361705303192,0.2751537263393402,0.2854071259498596,0.3677884042263031,0.3087398111820221,0.37620964646339417,0.2833404839038849,0.17705273628234863,0.26524579524993896,0.3243445158004761],[0.3112684488296509,0.25015339255332947,0.2261132150888443,0.37280595302581787,0.47070828080177307,0.4387361705303192,1.0000001192092896,0.30430883169174194,0.35373273491859436,0.40443456172943115,0.38930544257164,0.3451372981071472,0.4616195857524872,0.1916746199131012,0.277875155210495,0.31188786029815674],[0.21318510174751282,0.27180951833724976,0.15861409902572632,0.25238850712776184,0.2795025408267975,0.2751537263393402,0.30430883169174194,1.0,0.2615804672241211,0.3985145390033722,0.3136374354362488,0.23643940687179565,0.29205122590065,0.1440187394618988,0.14078281819820404,0.309814989566803],[0.38829928636550903,0.31762564182281494,0.3852044641971588,0.2940359115600586,0.3100545406341553,0.2854071259498596,0.35373273491859436,0.2615804672241211,1.0,0.2617116868495941,0.4253453016281128,0.30669400095939636,0.2652758061885834,0.29497087001800537,0.18584507703781128,0.3028542697429657],[0.27684834599494934,0.25248292088508606,0.1904773861169815,0.3893282413482666,0.33960673213005066,0.3677884042263031,0.40443456172943115,0.3985145390033722,0.2617116868495941,0.9999999403953552,0.39201346039772034,0.37142330408096313,0.3205399215221405,0.14981387555599213,0.19133251905441284,0.2755153477191925],[0.20218683779239655,0.19671237468719482,0.14588682353496552,0.2458825409412384,0.3857899010181427,0.3087398111820221,0.38930544257164,0.3136374354362488,0.4253453016281128,0.39201346039772034,1.0,0.5019896626472473,0.2007298320531845,0.062100850045681,0.2500809133052826,0.35300973057746887],[0.28192898631095886,0.27589014172554016,0.15185876190662384,0.32062163949012756,0.36036768555641174,0.37620964646339417,0.3451372981071472,0.23643940687179565,0.30669400095939636,0.37142330408096313,0.5019896626472473,1.0,0.22955016791820526,0.18065525591373444,0.32698944211006165,0.3642727732658386],[0.31807228922843933,0.2726743519306183,0.2352675497531891,0.35765528678894043,0.2678711414337158,0.2833404839038849,0.4616195857524872,0.29205122590065,0.2652758061885834,0.3205399215221405,0.2007298320531845,0.22955016791820526,1.0,0.23920749127864838,0.2681346833705902,0.4638081192970276],[0.41171902418136597,0.3295786380767822,0.5031813383102417,0.33894896507263184,0.21594353020191193,0.17705273628234863,0.1916746199131012,0.1440187394618988,0.29497087001800537,0.14981387555599213,0.062100850045681,0.18065525591373444,0.23920749127864838,1.0,0.2003474235534668,0.1886577308177948],[0.12379477173089981,0.14616483449935913,0.2283090502023697,0.245849147439003,0.2612069845199585,0.26524579524993896,0.277875155210495,0.14078281819820404,0.18584507703781128,0.19133251905441284,0.2500809133052826,0.32698944211006165,0.2681346833705902,0.2003474235534668,1.0,0.3114308714866638],[0.3051966428756714,0.2591628134250641,0.2957427203655243,0.3081122934818268,0.32411274313926697,0.3243445158004761,0.31188786029815674,0.309814989566803,0.3028542697429657,0.2755153477191925,0.35300973057746887,0.3642727732658386,0.4638081192970276,0.1886577308177948,0.3114308714866638,1.0]]}