{"game_number":31,"words":["SQUIRREL","STASH","STORE","STOW","FIXED","FROZEN","LIQUID","TOXIC","CAVEAT","ERGO","QUID","VOX","ARCADE","BLAME","NUMBERS","SQUID"],"adjacency_matrix":[[1.0,0.3836817443370819,0.3310708999633789,0.3591151535511017,0.26700979471206665,0.3665100038051605,0.2921806573867798,0.3070014417171478,0.23976458609104156,0.3038221597671509,0.24492521584033966,0.17739854753017426,0.3126870393753052,0.21857018768787384,0.2908698618412018,0.46647199988365173],[0.3836817443370819,0.9999999403953552,0.5291958451271057,0.5118535161018372,0.2699788212776184,0.40171119570732117,0.3853030204772949,0.3009122312068939,0.2399599254131317,0.2224346250295639,0.35600435733795166,0.08431776612997055,0.25164246559143066,0.25158530473709106,0.24176213145256042,0.30749163031578064],[0.3310708999633789,0.5291958451271057,1.0,0.4740883409976959,0.3783332407474518,0.42252328991889954,0.3178361654281616,0.2503613829612732,0.26436173915863037,0.20843863487243652,0.22203323245048523,0.015333124436438084,0.41501691937446594,0.2801567018032074,0.3518969416618347,0.28304624557495117],[0.3591151535511017,0.5118535161018372,0.4740883409976959,1.0,0.30901432037353516,0.3664048910140991,0.29416170716285706,0.1895415484905243,0.2015751153230667,0.24755975604057312,0.2694379687309265,0.11212633550167084,0.2047482281923294,0.3873817026615143,0.19830183684825897,0.2856118977069855],[0.26700979471206665,0.2699788212776184,0.3783332407474518,0.30901432037353516,1.0,0.5107130408287048,0.37615182995796204,0.34592771530151367,0.36804628372192383,0.3168654441833496,0.24704088270664215,0.0700954794883728,0.3061996102333069,0.3739280104637146,0.38370952010154724,0.27087339758872986],[0.3665100038051605,0.40171119570732117,0.42252328991889954,0.3664048910140991,0.5107130408287048,1.0,0.5340899229049683,0.3901030719280243,0.2164478600025177,0.26905906200408936,0.2754426896572113,0.006250906269997358,0.2827548086643219,0.2709265947341919,0.2620319128036499,0.3857802450656891],[0.2921806573867798,0.3853030204772949,0.3178361654281616,0.29416170716285706,0.37615182995796204,0.5340899229049683,1.0,0.5327587127685547,0.2272881716489792,0.25199127197265625,0.2839846611022949,0.12307382375001907,0.29113319516181946,0.17572708427906036,0.2921484112739563,0.4497973620891571],[0.3070014417171478,0.3009122312068939,0.2503613829612732,0.1895415484905243,0.34592771530151367,0.3901030719280243,0.5327587127685547,1.0,0.2370941936969757,0.3208063244819641,0.20506970584392548,0.08766312152147293,0.21675117313861847,0.3646945059299469,0.31291162967681885,0.3284952640533447],[0.23976458609104156,0.2399599254131317,0.26436173915863037,0.2015751153230667,0.36804628372192383,0.2164478600025177,0.2272881716489792,0.2370941936969757,0.9999999403953552,0.309152752161026,0.2541831433773041,0.15106092393398285,0.19388189911842346,0.359475314617157,0.35052645206451416,0.21671827137470245],[0.3038221597671509,0.2224346250295639,0.20843863487243652,0.24755975604057312,0.3168654441833496,0.26905906200408936,0.25199127197265625,0.3208063244819641,0.309152752161026,1.0,0.30055615305900574,0.20219528675079346,0.24826346337795258,0.3117256462574005,0.1703248918056488,0.15381236374378204],[0.24492521584033966,0.35600435733795166,0.22203323245048523,0.2694379687309265,0.24704088270664215,0.2754426896572113,0.2839846611022949,0.20506970584392548,0.2541831433773041,0.30055615305900574,0.9999999403953552,0.26892706751823425,0.21606238186359406,0.13408829271793365,0.15893355011940002,0.31282666325569153],[0.17739854753017426,0.08431776612997055,0.015333124436438084,0.11212633550167084,0.0700954794883728,0.006250906269997358,0.12307382375001907,0.08766312152147293,0.15106092393398285,0.20219528675079346,0.26892706751823425,1.0,0.14647901058197021,0.06102248281240463,0.12164247035980225,0.13375568389892578],[0.3126870393753052,0.25164246559143066,0.41501691937446594,0.2047482281923294,0.3061996102333069,0.2827548086643219,0.29113319516181946,0.21675117313861847,0.19388189911842346,0.24826346337795258,0.21606238186359406,0.14647901058197021,1.0,0.1743016093969345,0.2534516155719757,0.2803376019001007],[0.21857018768787384,0.25158530473709106,0.2801567018032074,0.3873817026615143,0.3739280104637146,0.2709265947341919,0.17572708427906036,0.3646945059299469,0.359475314617157,0.3117256462574005,0.13408829271793365,0.06102248281240463,0.1743016093969345,1.0,0.26167386770248413,0.22509270906448364],[0.2908698618412018,0.24176213145256042,0.3518969416618347,0.19830183684825897,0.38370952010154724,0.2620319128036499,0.2921484112739563,0.31291162967681885,0.35052645206451416,0.1703248918056488,0.15893355011940002,0.12164247035980225,0.2534516155719757,0.26167386770248413,1.0,0.2993050813674927],[0.46647199988365173,0.30749163031578064,0.28304624557495117,0.2856118977069855,0.27087339758872986,0.3857802450656891,0.4497973620891571,0.3284952640533447,0.21671827137470245,0.15381236374378204,0.31282666325569153,0.13375568389892578,0.2803376019001007,0.22509270906448364,0.2993050813674927,1.0]]}