{"game_number":135,"words":["CLASS","DIVISION","RANK","TIER","AND","ALSO","PLUS","WITH","BOSTON","GOLDEN","LAB","PIT","DADDY","HARLEM","HOWL","IF"],"adjacency_matrix":[[1.0,0.47855064272880554,0.43581053614616394,0.44056054949760437,0.40346595644950867,0.3195832073688507,0.2935650050640106,0.33857110142707825,0.27431994676589966,0.31066277623176575,0.5002519488334656,0.3547571003437042,0.29171043634414673,0.30877360701560974,0.21780556440353394,0.27960309386253357],[0.47855064272880554,1.0,0.43825963139533997,0.48724204301834106,0.4491536021232605,0.34167593717575073,0.2852725088596344,0.3458252251148224,0.23485226929187775,0.25567543506622314,0.4247467815876007,0.377213716506958,0.21982336044311523,0.2779017388820648,0.20476962625980377,0.20975491404533386],[0.43581053614616394,0.43825963139533997,1.0,0.4781075417995453,0.39132872223854065,0.30226483941078186,0.2689022123813629,0.3585292398929596,0.16001737117767334,0.27833956480026245,0.23137754201889038,0.32110199332237244,0.2488960325717926,0.2589294910430908,0.1694207787513733,0.2554423213005066],[0.44056054949760437,0.48724204301834106,0.4781075417995453,0.9999999403953552,0.35624420642852783,0.26666757464408875,0.32554760575294495,0.30433017015457153,0.2691432237625122,0.3579956591129303,0.2598092555999756,0.4099006950855255,0.24107441306114197,0.2639220356941223,0.19506140053272247,0.23745867609977722],[0.40346595644950867,0.4491536021232605,0.39132872223854065,0.35624420642852783,1.0,0.5773482322692871,0.5251342058181763,0.6169058084487915,0.2704888880252838,0.34149235486984253,0.4111943244934082,0.41529250144958496,0.3297405242919922,0.366373747587204,0.3145879805088043,0.46510231494903564],[0.3195832073688507,0.34167593717575073,0.30226483941078186,0.26666757464408875,0.5773482322692871,0.9999999403953552,0.39022499322891235,0.3577267825603485,0.15821178257465363,0.19184455275535583,0.31309497356414795,0.29620394110679626,0.25463977456092834,0.24734318256378174,0.24563375115394592,0.3527160584926605],[0.2935650050640106,0.2852725088596344,0.2689022123813629,0.32554760575294495,0.5251342058181763,0.39022499322891235,1.0,0.49594786763191223,0.2976442873477936,0.3261195123195648,0.24934078752994537,0.2690178453922272,0.27325811982154846,0.28973588347435,0.22381044924259186,0.37171176075935364],[0.33857110142707825,0.3458252251148224,0.3585292398929596,0.30433017015457153,0.6169058084487915,0.3577267825603485,0.49594786763191223,1.0,0.25256893038749695,0.3150249719619751,0.30413007736206055,0.3351031541824341,0.2899872362613678,0.3473757803440094,0.27641433477401733,0.381163090467453],[0.27431994676589966,0.23485226929187775,0.16001737117767334,0.2691432237625122,0.2704888880252838,0.15821178257465363,0.2976442873477936,0.25256893038749695,0.9999999403953552,0.2962401807308197,0.29652902483940125,0.2920110821723938,0.3424086272716522,0.5775911808013916,0.2550782263278961,0.10518763959407806],[0.31066277623176575,0.25567543506622314,0.27833956480026245,0.3579956591129303,0.34149235486984253,0.19184455275535583,0.3261195123195648,0.3150249719619751,0.2962401807308197,1.0,0.22433479130268097,0.35446348786354065,0.3592950701713562,0.38648849725723267,0.31256774067878723,0.2001192718744278],[0.5002519488334656,0.4247467815876007,0.23137754201889038,0.2598092555999756,0.4111943244934082,0.31309497356414795,0.24934078752994537,0.30413007736206055,0.29652902483940125,0.22433479130268097,1.0,0.35889938473701477,0.2510377764701843,0.32306113839149475,0.181044802069664,0.1780698448419571],[0.3547571003437042,0.377213716506958,0.32110199332237244,0.4099006950855255,0.41529250144958496,0.29620394110679626,0.2690178453922272,0.3351031541824341,0.2920110821723938,0.35446348786354065,0.35889938473701477,1.0,0.24106653034687042,0.3254455626010895,0.3643028438091278,0.2050507515668869],[0.29171043634414673,0.21982336044311523,0.2488960325717926,0.24107441306114197,0.3297405242919922,0.25463977456092834,0.27325811982154846,0.2899872362613678,0.3424086272716522,0.3592950701713562,0.2510377764701843,0.24106653034687042,1.0,0.4141691029071808,0.2275441586971283,0.26733675599098206],[0.30877360701560974,0.2779017388820648,0.2589294910430908,0.2639220356941223,0.366373747587204,0.24734318256378174,0.28973588347435,0.3473757803440094,0.5775911808013916,0.38648849725723267,0.32306113839149475,0.3254455626010895,0.4141691029071808,1.0,0.3179685175418854,0.28241974115371704],[0.21780556440353394,0.20476962625980377,0.1694207787513733,0.19506140053272247,0.3145879805088043,0.24563375115394592,0.22381044924259186,0.27641433477401733,0.2550782263278961,0.31256774067878723,0.181044802069664,0.3643028438091278,0.2275441586971283,0.3179685175418854,1.0,0.22280164062976837],[0.27960309386253357,0.20975491404533386,0.2554423213005066,0.23745867609977722,0.46510231494903564,0.3527160584926605,0.37171176075935364,0.381163090467453,0.10518763959407806,0.2001192718744278,0.1780698448419571,0.2050507515668869,0.26733675599098206,0.28241974115371704,0.22280164062976837,1.0]]}