{
  "game_number": 250,
  "words": [
    "DECLINE",
    "DROP",
    "DWINDLE",
    "EBB",
    "CLOWN",
    "DWEEB",
    "SAP",
    "TURKEY",
    "DWARF",
    "SEA",
    "SIN",
    "WONDER",
    "GRAPE",
    "REGION",
    "VINTAGE",
    "WINERY"
  ],
  "adjacency_matrix": [
    [
      1.0,
      0.6408165693283081,
      0.558347225189209,
      0.4004558026790619,
      0.3358669877052307,
      0.19574657082557678,
      0.249839648604393,
      0.24531082808971405,
      0.2958402633666992,
      0.3192793130874634,
      0.29577717185020447,
      0.4039965271949768,
      0.2797950208187103,
      0.3685210943222046,
      0.2759607434272766,
      0.1895093470811844
    ],
    [
      0.6408165693283081,
      1.0,
      0.4600808024406433,
      0.3527953028678894,
      0.3754456043243408,
      0.2941915988922119,
      0.367080420255661,
      0.3121211528778076,
      0.31316453218460083,
      0.39750468730926514,
      0.2704257667064667,
      0.3299447298049927,
      0.3830462694168091,
      0.2749234437942505,
      0.28907278180122375,
      0.18924742937088013
    ],
    [
      0.558347225189209,
      0.4600808024406433,
      1.0,
      0.5158843398094177,
      0.210584819316864,
      0.14942710101604462,
      0.32835692167282104,
      0.2045390009880066,
      0.25933486223220825,
      0.2830427587032318,
      0.15075890719890594,
      0.3248102366924286,
      0.17213603854179382,
      0.2516311705112457,
      0.15137773752212524,
      0.09972874820232391
    ],
    [
      0.4004558026790619,
      0.3527953028678894,
      0.5158843398094177,
      1.0,
      0.0929928570985794,
      0.09067398309707642,
      0.3432181477546692,
      0.0971437320113182,
      0.09360729157924652,
      0.3490869998931885,
      0.17492590844631195,
      0.24288612604141235,
      0.10120295733213425,
      0.18422800302505493,
      0.13515186309814453,
      0.0005658065783791244
    ],
    [
      0.3358669877052307,
      0.3754456043243408,
      0.210584819316864,
      0.0929928570985794,
      1.0,
      0.4964269697666168,
      0.25526973605155945,
      0.39518728852272034,
      0.49290671944618225,
      0.33260220289230347,
      0.25233766436576843,
      0.31622597575187683,
      0.3384334146976471,
      0.23878096044063568,
      0.2842366397380829,
      0.21443451941013336
    ],
    [
      0.19574657082557678,
      0.2941915988922119,
      0.14942710101604462,
      0.09067398309707642,
      0.4964269697666168,
      0.9999999403953552,
      0.28206127882003784,
      0.27721187472343445,
      0.34318944811820984,
      0.184937983751297,
      0.24442696571350098,
      0.37718355655670166,
      0.2284102588891983,
      0.09047209471464157,
      0.25952303409576416,
      0.16293957829475403
    ],
    [
      0.249839648604393,
      0.367080420255661,
      0.32835692167282104,
      0.3432181477546692,
      0.25526973605155945,
      0.28206127882003784,
      1.0,
      0.2420477420091629,
      0.29351505637168884,
      0.20658910274505615,
      0.2431393712759018,
      0.17692898213863373,
      0.36726099252700806,
      0.18856914341449738,
      0.17758134007453918,
      0.10396789759397507
    ],
    [
      0.24531082808971405,
      0.3121211528778076,
      0.2045390009880066,
      0.0971437320113182,
      0.39518728852272034,
      0.27721187472343445,
      0.2420477420091629,
      1.0,
      0.32493236660957336,
      0.34493476152420044,
      0.20423012971878052,
      0.20357967913150787,
      0.3659302890300751,
      0.35355091094970703,
      0.2940358817577362,
      0.3326052129268646
    ],
    [
      0.2958402633666992,
      0.31316453218460083,
      0.25933486223220825,
      0.09360729157924652,
      0.49290671944618225,
      0.34318944811820984,
      0.29351505637168884,
      0.32493236660957336,
      1.0,
      0.36486679315567017,
      0.2395148128271103,
      0.2629348337650299,
      0.3829346299171448,
      0.31458714604377747,
      0.2515929639339447,
      0.17093852162361145
    ],
    [
      0.3192793130874634,
      0.39750468730926514,
      0.2830427587032318,
      0.3490869998931885,
      0.33260220289230347,
      0.184937983751297,
      0.20658910274505615,
      0.34493476152420044,
      0.36486679315567017,
      1.0,
      0.33546146750450134,
      0.2609352171421051,
      0.3611857295036316,
      0.4273054003715515,
      0.29828640818595886,
      0.300272673368454
    ],
    [
      0.29577717185020447,
      0.2704257667064667,
      0.15075890719890594,
      0.17492590844631195,
      0.25233766436576843,
      0.24442696571350098,
      0.2431393712759018,
      0.20423012971878052,
      0.2395148128271103,
      0.33546146750450134,
      1.0000001192092896,
      0.2696375548839569,
      0.263772189617157,
      0.23492926359176636,
      0.18627554178237915,
      0.1925850510597229
    ],
    [
      0.4039965271949768,
      0.3299447298049927,
      0.3248102366924286,
      0.24288612604141235,
      0.31622597575187683,
      0.37718355655670166,
      0.17692898213863373,
      0.20357967913150787,
      0.2629348337650299,
      0.2609352171421051,
      0.2696375548839569,
      1.0,
      0.20548070967197418,
      0.2821674942970276,
      0.2634902894496918,
      0.14399558305740356
    ],
    [
      0.2797950208187103,
      0.3830462694168091,
      0.17213603854179382,
      0.10120295733213425,
      0.3384334146976471,
      0.2284102588891983,
      0.36726099252700806,
      0.3659302890300751,
      0.3829346299171448,
      0.3611857295036316,
      0.263772189617157,
      0.20548070967197418,
      1.0000001192092896,
      0.3792334496974945,
      0.44892051815986633,
      0.598120927810669
    ],
    [
      0.3685210943222046,
      0.2749234437942505,
      0.2516311705112457,
      0.18422800302505493,
      0.23878096044063568,
      0.09047209471464157,
      0.18856914341449738,
      0.35355091094970703,
      0.31458714604377747,
      0.4273054003715515,
      0.23492926359176636,
      0.2821674942970276,
      0.3792334496974945,
      1.0,
      0.24779799580574036,
      0.3606179654598236
    ],
    [
      0.2759607434272766,
      0.28907278180122375,
      0.15137773752212524,
      0.13515186309814453,
      0.2842366397380829,
      0.25952303409576416,
      0.17758134007453918,
      0.2940358817577362,
      0.2515929639339447,
      0.29828640818595886,
      0.18627554178237915,
      0.2634902894496918,
      0.44892051815986633,
      0.24779799580574036,
      0.9999999403953552,
      0.5155523419380188
    ],
    [
      0.1895093470811844,
      0.18924742937088013,
      0.09972874820232391,
      0.0005658065783791244,
      0.21443451941013336,
      0.16293957829475403,
      0.10396789759397507,
      0.3326052129268646,
      0.17093852162361145,
      0.300272673368454,
      0.1925850510597229,
      0.14399558305740356,
      0.598120927810669,
      0.3606179654598236,
      0.5155523419380188,
      1.0
    ]
  ]
}