{
  "game_number": 20,
  "words": [
    "METRO",
    "SUBWAY",
    "TUBE",
    "UNDERGROUND",
    "CUBE",
    "GRATE",
    "MINCE",
    "SLICE",
    "CARROT",
    "COAL",
    "PIPE",
    "SCARF",
    "DRESS",
    "HEALTH",
    "SECRET",
    "ZIP"
  ],
  "adjacency_matrix": [
    [
      0.9999999403953552,
      0.6389586925506592,
      0.39301973581314087,
      0.4704660475254059,
      0.29853400588035583,
      0.3214637041091919,
      0.26131778955459595,
      0.3401906490325928,
      0.1832425743341446,
      0.2832532525062561,
      0.3391473889350891,
      0.26438257098197937,
      0.24642948806285858,
      0.3196089267730713,
      0.2530696988105774,
      0.3164408504962921
    ],
    [
      0.6389586925506592,
      0.9999999403953552,
      0.5331442952156067,
      0.5966911911964417,
      0.34995582699775696,
      0.37646350264549255,
      0.22634726762771606,
      0.31260088086128235,
      0.2640966475009918,
      0.3152734041213989,
      0.3997538387775421,
      0.35837867856025696,
      0.3333997428417206,
      0.30905190110206604,
      0.3143061697483063,
      0.2892695963382721
    ],
    [
      0.39301973581314087,
      0.5331442952156067,
      1.0,
      0.42135465145111084,
      0.45804563164711,
      0.3941732347011566,
      0.32787373661994934,
      0.3864050805568695,
      0.37214216589927673,
      0.33972060680389404,
      0.5712022185325623,
      0.40071895718574524,
      0.30374789237976074,
      0.3059242069721222,
      0.29891231656074524,
      0.35359421372413635
    ],
    [
      0.4704660475254059,
      0.5966911911964417,
      0.42135465145111084,
      1.0,
      0.3352286219596863,
      0.34345710277557373,
      0.20792320370674133,
      0.2795898914337158,
      0.20505015552043915,
      0.4948202967643738,
      0.4276106059551239,
      0.22840555012226105,
      0.2812560796737671,
      0.35179421305656433,
      0.5466810464859009,
      0.26217392086982727
    ],
    [
      0.29853400588035583,
      0.34995582699775696,
      0.45804563164711,
      0.3352286219596863,
      0.9999999403953552,
      0.35734760761260986,
      0.35858261585235596,
      0.49755510687828064,
      0.4015681743621826,
      0.3098304271697998,
      0.3525192141532898,
      0.3734583556652069,
      0.22452017664909363,
      0.23909321427345276,
      0.2981662452220917,
      0.264041006565094
    ],
    [
      0.3214637041091919,
      0.37646350264549255,
      0.3941732347011566,
      0.34345710277557373,
      0.35734760761260986,
      1.0,
      0.4314100444316864,
      0.4167083203792572,
      0.4142850339412689,
      0.4034421741962433,
      0.4837184250354767,
      0.38663020730018616,
      0.3340679705142975,
      0.28591179847717285,
      0.3406916856765747,
      0.312906414270401
    ],
    [
      0.26131778955459595,
      0.22634726762771606,
      0.32787373661994934,
      0.20792320370674133,
      0.35858261585235596,
      0.4314100444316864,
      1.0,
      0.4911806583404541,
      0.41274723410606384,
      0.38305941224098206,
      0.33619827032089233,
      0.3749485909938812,
      0.38827070593833923,
      0.2411223202943802,
      0.31693974137306213,
      0.2427234649658203
    ],
    [
      0.3401906490325928,
      0.31260088086128235,
      0.3864050805568695,
      0.2795898914337158,
      0.49755510687828064,
      0.4167083203792572,
      0.4911806583404541,
      1.0,
      0.4489288032054901,
      0.3457753360271454,
      0.37250369787216187,
      0.3960159420967102,
      0.3168882131576538,
      0.3051638901233673,
      0.356130450963974,
      0.3369370698928833
    ],
    [
      0.1832425743341446,
      0.2640966475009918,
      0.37214216589927673,
      0.20505015552043915,
      0.4015681743621826,
      0.4142850339412689,
      0.41274723410606384,
      0.4489288032054901,
      1.0,
      0.32465070486068726,
      0.370394766330719,
      0.4425205588340759,
      0.3009594976902008,
      0.24849651753902435,
      0.3031747341156006,
      0.2805938422679901
    ],
    [
      0.2832532525062561,
      0.3152734041213989,
      0.33972060680389404,
      0.4948202967643738,
      0.3098304271697998,
      0.4034421741962433,
      0.38305941224098206,
      0.3457753360271454,
      0.32465070486068726,
      1.0,
      0.44485214352607727,
      0.28025779128074646,
      0.30063214898109436,
      0.37514370679855347,
      0.2970919907093048,
      0.23084765672683716
    ],
    [
      0.3391473889350891,
      0.3997538387775421,
      0.5712022185325623,
      0.4276106059551239,
      0.3525192141532898,
      0.4837184250354767,
      0.33619827032089233,
      0.37250369787216187,
      0.370394766330719,
      0.44485214352607727,
      1.0,
      0.35243913531303406,
      0.3277796804904938,
      0.306298166513443,
      0.33365631103515625,
      0.34540310502052307
    ],
    [
      0.26438257098197937,
      0.35837867856025696,
      0.40071895718574524,
      0.22840555012226105,
      0.3734583556652069,
      0.38663020730018616,
      0.3749485909938812,
      0.3960159420967102,
      0.4425205588340759,
      0.28025779128074646,
      0.35243913531303406,
      0.9999999403953552,
      0.5983471870422363,
      0.26687559485435486,
      0.34732887148857117,
      0.36771702766418457
    ],
    [
      0.24642948806285858,
      0.3333997428417206,
      0.30374789237976074,
      0.2812560796737671,
      0.22452017664909363,
      0.3340679705142975,
      0.38827070593833923,
      0.3168882131576538,
      0.3009594976902008,
      0.30063214898109436,
      0.3277796804904938,
      0.5983471870422363,
      1.0,
      0.3963828682899475,
      0.34913399815559387,
      0.37336352467536926
    ],
    [
      0.3196089267730713,
      0.30905190110206604,
      0.3059242069721222,
      0.35179421305656433,
      0.23909321427345276,
      0.28591179847717285,
      0.2411223202943802,
      0.3051638901233673,
      0.24849651753902435,
      0.37514370679855347,
      0.306298166513443,
      0.26687559485435486,
      0.3963828682899475,
      1.0000001192092896,
      0.3800992965698242,
      0.24938082695007324
    ],
    [
      0.2530696988105774,
      0.3143061697483063,
      0.29891231656074524,
      0.5466810464859009,
      0.2981662452220917,
      0.3406916856765747,
      0.31693974137306213,
      0.356130450963974,
      0.3031747341156006,
      0.2970919907093048,
      0.33365631103515625,
      0.34732887148857117,
      0.34913399815559387,
      0.3800992965698242,
      1.0,
      0.3360918462276459
    ],
    [
      0.3164408504962921,
      0.2892695963382721,
      0.35359421372413635,
      0.26217392086982727,
      0.264041006565094,
      0.312906414270401,
      0.2427234649658203,
      0.3369370698928833,
      0.2805938422679901,
      0.23084765672683716,
      0.34540310502052307,
      0.36771702766418457,
      0.37336352467536926,
      0.24938082695007324,
      0.3360918462276459,
      1.0
    ]
  ]
}