{"game_number":296,"words":["BACKUP","COPY","EXTRA","SPARE","ALLEY","BALL","LANE","PIN","MUG","PEN","TEE","TOTE","ATE","FOR","TOO","WON"],"adjacency_matrix":[[1.0,0.47954261302948,0.42641741037368774,0.43505117297172546,0.20310401916503906,0.30110907554626465,0.2917059361934662,0.29904723167419434,0.24010984599590302,0.28890880942344666,0.2462804615497589,0.2355218082666397,0.1235656812787056,0.40264391899108887,0.2505533695220947,0.1661568135023117],[0.47954261302948,1.0,0.38758334517478943,0.478080153465271,0.22051359713077545,0.3644839823246002,0.27913814783096313,0.42622020840644836,0.34294015169143677,0.4654213488101959,0.3012184202671051,0.3597051203250885,0.24638885259628296,0.3673175573348999,0.3212665617465973,0.27028951048851013],[0.42641741037368774,0.38758334517478943,1.0,0.5932175517082214,0.2518041431903839,0.3516163229942322,0.3235214054584503,0.3146454393863678,0.3067723512649536,0.3368494510650635,0.24940504133701324,0.3019436299800873,0.2795685827732086,0.5065152049064636,0.3609609603881836,0.31313836574554443],[0.43505117297172546,0.478080153465271,0.5932175517082214,1.0,0.29765647649765015,0.3482269048690796,0.29552823305130005,0.42555293440818787,0.3284289836883545,0.4520181119441986,0.3112727403640747,0.391590416431427,0.3126763105392456,0.5552247762680054,0.47664114832878113,0.35328230261802673],[0.20310401916503906,0.22051359713077545,0.2518041431903839,0.29765647649765015,1.0,0.4128388464450836,0.5623908042907715,0.3299511671066284,0.25981807708740234,0.35106804966926575,0.38728877902030945,0.26474544405937195,0.2477281540632248,0.3388024866580963,0.3759675621986389,0.24698415398597717],[0.30110907554626465,0.3644839823246002,0.3516163229942322,0.3482269048690796,0.4128388464450836,1.0,0.44154638051986694,0.5250622630119324,0.4401403069496155,0.4309748709201813,0.5356168746948242,0.4043210744857788,0.2729227542877197,0.35064470767974854,0.3132743835449219,0.25508591532707214],[0.2917059361934662,0.27913814783096313,0.3235214054584503,0.29552823305130005,0.5623908042907715,0.44154638051986694,1.0,0.3724503815174103,0.22996102273464203,0.36081233620643616,0.3716340959072113,0.2894440293312073,0.15986089408397675,0.3178269565105438,0.23966969549655914,0.19721479713916779],[0.29904723167419434,0.42622020840644836,0.3146454393863678,0.42555293440818787,0.3299511671066284,0.5250622630119324,0.3724503815174103,0.9999999403953552,0.39038607478141785,0.45066243410110474,0.4742475748062134,0.39037802815437317,0.21270577609539032,0.339008629322052,0.27545738220214844,0.27258265018463135],[0.24010984599590302,0.34294015169143677,0.3067723512649536,0.3284289836883545,0.25981807708740234,0.4401403069496155,0.22996102273464203,0.39038607478141785,1.0,0.41696596145629883,0.40025365352630615,0.3916473388671875,0.2518894672393799,0.2755538523197174,0.25168490409851074,0.21912594139575958],[0.28890880942344666,0.4654213488101959,0.3368494510650635,0.4520181119441986,0.35106804966926575,0.4309748709201813,0.36081233620643616,0.45066243410110474,0.41696596145629883,1.0000001192092896,0.3688848912715912,0.4048196077346802,0.25360918045043945,0.36115381121635437,0.2934916615486145,0.2800334095954895],[0.2462804615497589,0.3012184202671051,0.24940504133701324,0.3112727403640747,0.38728877902030945,0.5356168746948242,0.3716340959072113,0.4742475748062134,0.40025365352630615,0.3688848912715912,1.0,0.4105132520198822,0.2228088676929474,0.3402096927165985,0.2624111473560333,0.19181746244430542],[0.2355218082666397,0.3597051203250885,0.3019436299800873,0.391590416431427,0.26474544405937195,0.4043210744857788,0.2894440293312073,0.39037802815437317,0.3916473388671875,0.4048196077346802,0.4105132520198822,1.0,0.2740924656391144,0.3166902959346771,0.2799224555492401,0.2946155071258545],[0.1235656812787056,0.24638885259628296,0.2795685827732086,0.3126763105392456,0.2477281540632248,0.2729227542877197,0.15986089408397675,0.21270577609539032,0.2518894672393799,0.25360918045043945,0.2228088676929474,0.2740924656391144,1.0,0.2761058211326599,0.3606453835964203,0.4268020987510681],[0.40264391899108887,0.3673175573348999,0.5065152049064636,0.5552247762680054,0.3388024866580963,0.35064470767974854,0.3178269565105438,0.339008629322052,0.2755538523197174,0.36115381121635437,0.3402096927165985,0.3166902959346771,0.2761058211326599,1.0,0.5228309035301208,0.35733562707901],[0.2505533695220947,0.3212665617465973,0.3609609603881836,0.47664114832878113,0.3759675621986389,0.3132743835449219,0.23966969549655914,0.27545738220214844,0.25168490409851074,0.2934916615486145,0.2624111473560333,0.2799224555492401,0.3606453835964203,0.5228309035301208,0.9999999403953552,0.3878934681415558],[0.1661568135023117,0.27028951048851013,0.31313836574554443,0.35328230261802673,0.24698415398597717,0.25508591532707214,0.19721479713916779,0.27258265018463135,0.21912594139575958,0.2800334095954895,0.19181746244430542,0.2946155071258545,0.4268020987510681,0.35733562707901,0.3878934681415558,1.0]]}