{
  "game_number": 121,
  "words": [
    "BULKY",
    "COTTON",
    "DELICATE",
    "SPIN",
    "BOGUS",
    "DUDE",
    "EXCELLENT",
    "TOTALLY",
    "CHATTER",
    "JUKE",
    "SHADOW",
    "SOAP",
    "LABEL",
    "MARK",
    "SEAL",
    "STAMP"
  ],
  "adjacency_matrix": [
    [
      0.9999999403953552,
      0.3527427017688751,
      0.4430258572101593,
      0.2362343668937683,
      0.3454640805721283,
      0.2176332175731659,
      0.37484145164489746,
      0.34947583079338074,
      0.22084061801433563,
      0.21418438851833344,
      0.2601028382778168,
      0.2183498740196228,
      0.2150096595287323,
      0.19737815856933594,
      0.23939815163612366,
      0.2063080072402954
    ],
    [
      0.3527427017688751,
      1.0,
      0.3065722584724426,
      0.4100058078765869,
      0.30431288480758667,
      0.25563865900039673,
      0.23919616639614105,
      0.2369992733001709,
      0.23161400854587555,
      0.3290500342845917,
      0.2704809904098511,
      0.4087965786457062,
      0.2679671049118042,
      0.2139756828546524,
      0.26051992177963257,
      0.3034000098705292
    ],
    [
      0.4430258572101593,
      0.3065722584724426,
      1.0,
      0.38042762875556946,
      0.33714720606803894,
      0.24397651851177216,
      0.44974687695503235,
      0.39026138186454773,
      0.33722788095474243,
      0.19589583575725555,
      0.38650259375572205,
      0.24258776009082794,
      0.26243531703948975,
      0.37070563435554504,
      0.35727575421333313,
      0.3261922597885132
    ],
    [
      0.2362343668937683,
      0.4100058078765869,
      0.38042762875556946,
      0.9999999403953552,
      0.42517706751823425,
      0.2876785397529602,
      0.3094426989555359,
      0.34850066900253296,
      0.3966347575187683,
      0.3809702694416046,
      0.42111650109291077,
      0.2883698046207428,
      0.36653703451156616,
      0.31832635402679443,
      0.29606279730796814,
      0.3290063142776489
    ],
    [
      0.3454640805721283,
      0.30431288480758667,
      0.33714720606803894,
      0.42517706751823425,
      1.0,
      0.34177365899086,
      0.4505482316017151,
      0.4527836740016937,
      0.38772499561309814,
      0.24925389885902405,
      0.33961835503578186,
      0.22718533873558044,
      0.31807413697242737,
      0.3660077452659607,
      0.3404930830001831,
      0.3539135456085205
    ],
    [
      0.2176332175731659,
      0.25563865900039673,
      0.24397651851177216,
      0.2876785397529602,
      0.34177365899086,
      1.0,
      0.2988796532154083,
      0.3425528109073639,
      0.367089182138443,
      0.3318086564540863,
      0.22813676297664642,
      0.1724979281425476,
      0.20372885465621948,
      0.21333317458629608,
      0.23542214930057526,
      0.23818247020244598
    ],
    [
      0.37484145164489746,
      0.23919616639614105,
      0.44974687695503235,
      0.3094426989555359,
      0.4505482316017151,
      0.2988796532154083,
      1.0000001192092896,
      0.4075378477573395,
      0.30369508266448975,
      0.1739240437746048,
      0.30294299125671387,
      0.23596598207950592,
      0.2348552942276001,
      0.3814486265182495,
      0.30681172013282776,
      0.27484750747680664
    ],
    [
      0.34947583079338074,
      0.2369992733001709,
      0.39026138186454773,
      0.34850066900253296,
      0.4527836740016937,
      0.3425528109073639,
      0.4075378477573395,
      1.0,
      0.2592868506908417,
      0.19736957550048828,
      0.341225802898407,
      0.17330336570739746,
      0.26382747292518616,
      0.35592320561408997,
      0.27182134985923767,
      0.22650794684886932
    ],
    [
      0.22084061801433563,
      0.23161400854587555,
      0.33722788095474243,
      0.3966347575187683,
      0.38772499561309814,
      0.367089182138443,
      0.30369508266448975,
      0.2592868506908417,
      1.0,
      0.2838329076766968,
      0.38046544790267944,
      0.18893590569496155,
      0.1982206404209137,
      0.25276219844818115,
      0.2361869215965271,
      0.2364993393421173
    ],
    [
      0.21418438851833344,
      0.3290500342845917,
      0.19589583575725555,
      0.3809702694416046,
      0.24925389885902405,
      0.3318086564540863,
      0.1739240437746048,
      0.19736957550048828,
      0.2838329076766968,
      1.0,
      0.2932637333869934,
      0.2116835117340088,
      0.2689366340637207,
      0.23507612943649292,
      0.22931982576847076,
      0.24079439043998718
    ],
    [
      0.2601028382778168,
      0.2704809904098511,
      0.38650259375572205,
      0.42111650109291077,
      0.33961835503578186,
      0.22813676297664642,
      0.30294299125671387,
      0.341225802898407,
      0.38046544790267944,
      0.2932637333869934,
      1.0,
      0.22001822292804718,
      0.30028825998306274,
      0.41074955463409424,
      0.37276095151901245,
      0.4072381854057312
    ],
    [
      0.2183498740196228,
      0.4087965786457062,
      0.24258776009082794,
      0.2883698046207428,
      0.22718533873558044,
      0.1724979281425476,
      0.23596598207950592,
      0.17330336570739746,
      0.18893590569496155,
      0.2116835117340088,
      0.22001822292804718,
      1.0,
      0.20816229283809662,
      0.22879305481910706,
      0.20583894848823547,
      0.268200546503067
    ],
    [
      0.2150096595287323,
      0.2679671049118042,
      0.26243531703948975,
      0.36653703451156616,
      0.31807413697242737,
      0.20372885465621948,
      0.2348552942276001,
      0.26382747292518616,
      0.1982206404209137,
      0.2689366340637207,
      0.30028825998306274,
      0.20816229283809662,
      0.9999999403953552,
      0.48685282468795776,
      0.4236467182636261,
      0.4586591124534607
    ],
    [
      0.19737815856933594,
      0.2139756828546524,
      0.37070563435554504,
      0.31832635402679443,
      0.3660077452659607,
      0.21333317458629608,
      0.3814486265182495,
      0.35592320561408997,
      0.25276219844818115,
      0.23507612943649292,
      0.41074955463409424,
      0.22879305481910706,
      0.48685282468795776,
      1.0,
      0.527631938457489,
      0.5529462695121765
    ],
    [
      0.23939815163612366,
      0.26051992177963257,
      0.35727575421333313,
      0.29606279730796814,
      0.3404930830001831,
      0.23542214930057526,
      0.30681172013282776,
      0.27182134985923767,
      0.2361869215965271,
      0.22931982576847076,
      0.37276095151901245,
      0.20583894848823547,
      0.4236467182636261,
      0.527631938457489,
      1.0,
      0.5924228429794312
    ],
    [
      0.2063080072402954,
      0.3034000098705292,
      0.3261922597885132,
      0.3290063142776489,
      0.3539135456085205,
      0.23818247020244598,
      0.27484750747680664,
      0.22650794684886932,
      0.2364993393421173,
      0.24079439043998718,
      0.4072381854057312,
      0.268200546503067,
      0.4586591124534607,
      0.5529462695121765,
      0.5924228429794312,
      1.0
    ]
  ]
}