{"game_number":311,"words":["BARE","NAKED","NUDE","UNCLAD","BUN","DANISH","MUFFIN","TURNOVER","FUMBLE","PUNT","SACK","SNAP","BUFF","CLIP","FILE","POLISH"],"adjacency_matrix":[[1.0,0.6340437531471252,0.43168914318084717,0.5166262984275818,0.24791933596134186,0.3008406460285187,0.2828774154186249,0.250393271446228,0.2495761513710022,0.2137470543384552,0.351419597864151,0.33512887358665466,0.3231671154499054,0.3154779374599457,0.31844788789749146,0.43267324566841125],[0.6340437531471252,0.9999999403953552,0.7682033777236938,0.6258921027183533,0.23848503828048706,0.27975597977638245,0.24283237755298615,0.22000451385974884,0.29183459281921387,0.2585522532463074,0.37717336416244507,0.33282917737960815,0.2926522195339203,0.3026255965232849,0.2679888606071472,0.3406303822994232],[0.43168914318084717,0.7682033777236938,1.0,0.595396876335144,0.22033701837062836,0.27143850922584534,0.2252083420753479,0.21444879472255707,0.2672920823097229,0.2818378210067749,0.32238054275512695,0.30359625816345215,0.342265248298645,0.33020687103271484,0.2424224615097046,0.2895205616950989],[0.5166262984275818,0.6258921027183533,0.595396876335144,0.9999999403953552,0.258050799369812,0.3146970272064209,0.2879490554332733,0.23898787796497345,0.2559358775615692,0.24803337454795837,0.32805943489074707,0.29727691411972046,0.41021841764450073,0.3260864317417145,0.2937053143978119,0.33738234639167786],[0.24791933596134186,0.23848503828048706,0.22033701837062836,0.258050799369812,1.0,0.313639372587204,0.5485771298408508,0.2600974440574646,0.13143609464168549,0.20486924052238464,0.3361780643463135,0.29539328813552856,0.2677164673805237,0.29982373118400574,0.24502722918987274,0.2906075417995453],[0.3008406460285187,0.27975597977638245,0.27143850922584534,0.3146970272064209,0.313639372587204,0.9999999403953552,0.38087230920791626,0.21597601473331451,0.1602705419063568,0.18347275257110596,0.30778390169143677,0.2141629010438919,0.2937711775302887,0.31423699855804443,0.2935466170310974,0.42265570163726807],[0.2828774154186249,0.24283237755298615,0.2252083420753479,0.2879490554332733,0.5485771298408508,0.38087230920791626,1.0,0.21984095871448517,0.20719261467456818,0.2364853024482727,0.3688359260559082,0.25682270526885986,0.2573438584804535,0.29299646615982056,0.21677851676940918,0.27123889327049255],[0.250393271446228,0.22000451385974884,0.21444879472255707,0.23898787796497345,0.2600974440574646,0.21597601473331451,0.21984095871448517,1.0,0.43590977787971497,0.4265366792678833,0.46993792057037354,0.4044238328933716,0.1525343507528305,0.283208966255188,0.2650909125804901,0.3038155734539032],[0.2495761513710022,0.29183459281921387,0.2672920823097229,0.2559358775615692,0.13143609464168549,0.1602705419063568,0.20719261467456818,0.43590977787971497,1.0000001192092896,0.626032292842865,0.5175947546958923,0.547996461391449,0.2513510584831238,0.3317919671535492,0.2771456241607666,0.29503133893013],[0.2137470543384552,0.2585522532463074,0.2818378210067749,0.24803337454795837,0.20486924052238464,0.18347275257110596,0.2364853024482727,0.4265366792678833,0.626032292842865,0.9999999403953552,0.4995509684085846,0.5002139210700989,0.2769180238246918,0.280241459608078,0.2820260226726532,0.23306864500045776],[0.351419597864151,0.37717336416244507,0.32238054275512695,0.32805943489074707,0.3361780643463135,0.30778390169143677,0.3688359260559082,0.46993792057037354,0.5175947546958923,0.4995509684085846,1.0000001192092896,0.48494306206703186,0.23560383915901184,0.3555142283439636,0.3443681597709656,0.33376598358154297],[0.33512887358665466,0.33282917737960815,0.30359625816345215,0.29727691411972046,0.29539328813552856,0.2141629010438919,0.25682270526885986,0.4044238328933716,0.547996461391449,0.5002139210700989,0.48494306206703186,0.9999998807907104,0.2287643849849701,0.5087891817092896,0.3916846513748169,0.31635671854019165],[0.3231671154499054,0.2926522195339203,0.342265248298645,0.41021841764450073,0.2677164673805237,0.2937711775302887,0.2573438584804535,0.1525343507528305,0.2513510584831238,0.2769180238246918,0.23560383915901184,0.2287643849849701,1.0,0.36834239959716797,0.333171546459198,0.4657672941684723],[0.3154779374599457,0.3026255965232849,0.33020687103271484,0.3260864317417145,0.29982373118400574,0.31423699855804443,0.29299646615982056,0.283208966255188,0.3317919671535492,0.280241459608078,0.3555142283439636,0.5087891817092896,0.36834239959716797,1.0,0.5149703025817871,0.36962413787841797],[0.31844788789749146,0.2679888606071472,0.2424224615097046,0.2937053143978119,0.24502722918987274,0.2935466170310974,0.21677851676940918,0.2650909125804901,0.2771456241607666,0.2820260226726532,0.3443681597709656,0.3916846513748169,0.333171546459198,0.5149703025817871,1.0,0.3432909846305847],[0.43267324566841125,0.3406303822994232,0.2895205616950989,0.33738234639167786,0.2906075417995453,0.42265570163726807,0.27123889327049255,0.3038155734539032,0.29503133893013,0.23306864500045776,0.33376598358154297,0.31635671854019165,0.4657672941684723,0.36962413787841797,0.3432909846305847,1.0]]}