{"game_number":168,"words":["BRIGHT","FLASHY","GARISH","LOUD","GAS","STINKER","TOOT","WIND","DIRTY","HONEY","PLATINUM","STRAWBERRY","HUG","OF","OXYGEN","ZERO"],"adjacency_matrix":[[0.9999999403953552,0.5934734344482422,0.4888535439968109,0.5156260132789612,0.2984202802181244,0.3586816191673279,0.31994548439979553,0.3466785252094269,0.49203941226005554,0.3033791780471802,0.3139784634113312,0.35502123832702637,0.24344097077846527,0.3060387074947357,0.28234148025512695,0.34782910346984863],[0.5934734344482422,1.0,0.6544250845909119,0.5077265501022339,0.2702551782131195,0.451397567987442,0.3846614360809326,0.28424641489982605,0.5433932542800903,0.2579263746738434,0.32803013920783997,0.2930767238140106,0.22079092264175415,0.2799838185310364,0.22870256006717682,0.2896082401275635],[0.4888535439968109,0.6544250845909119,1.0,0.4066227972507477,0.2892404794692993,0.3873104453086853,0.29360008239746094,0.24959586560726166,0.4825928211212158,0.2213600128889084,0.30761170387268066,0.35800883173942566,0.21891695261001587,0.24448738992214203,0.2259618490934372,0.1993056833744049],[0.5156260132789612,0.5077265501022339,0.4066227972507477,0.9999999403953552,0.27601683139801025,0.3737412989139557,0.4539000988006592,0.3412910997867584,0.4829207956790924,0.23541024327278137,0.14618726074695587,0.21090926229953766,0.302184522151947,0.24335598945617676,0.22530290484428406,0.25549471378326416],[0.2984202802181244,0.2702551782131195,0.2892404794692993,0.27601683139801025,0.9999999403953552,0.34655120968818665,0.34758585691452026,0.41163143515586853,0.37666597962379456,0.3298644423484802,0.34757229685783386,0.3203803300857544,0.15159334242343903,0.2905806005001068,0.5673097968101501,0.2740904688835144],[0.3586816191673279,0.451397567987442,0.3873104453086853,0.3737412989139557,0.34655120968818665,1.0,0.46313533186912537,0.3667451739311218,0.48379620909690857,0.32997483015060425,0.23460151255130768,0.36474156379699707,0.25711795687675476,0.26097002625465393,0.2472373992204666,0.35588517785072327],[0.31994548439979553,0.3846614360809326,0.29360008239746094,0.4539000988006592,0.34758585691452026,0.46313533186912537,1.0,0.3849741816520691,0.3841842710971832,0.38907429575920105,0.22172671556472778,0.4014269709587097,0.3474818468093872,0.20273880660533905,0.24527965486049652,0.25816550850868225],[0.3466785252094269,0.28424641489982605,0.24959586560726166,0.3412910997867584,0.41163143515586853,0.3667451739311218,0.3849741816520691,1.0000001192092896,0.35336175560951233,0.2969405949115753,0.18176457285881042,0.34414979815483093,0.24725942313671112,0.36224979162216187,0.3188151717185974,0.32164129614830017],[0.49203941226005554,0.5433932542800903,0.4825928211212158,0.4829207956790924,0.37666597962379456,0.48379620909690857,0.3841842710971832,0.35336175560951233,0.9999999403953552,0.36384478211402893,0.27249282598495483,0.3447962701320648,0.2772568166255951,0.2996795177459717,0.28772667050361633,0.32919445633888245],[0.3033791780471802,0.2579263746738434,0.2213600128889084,0.23541024327278137,0.3298644423484802,0.32997483015060425,0.38907429575920105,0.2969405949115753,0.36384478211402893,1.0,0.3292614817619324,0.47600844502449036,0.21659667789936066,0.2580749988555908,0.30211007595062256,0.22684456408023834],[0.3139784634113312,0.32803013920783997,0.30761170387268066,0.14618726074695587,0.34757229685783386,0.23460151255130768,0.22172671556472778,0.18176457285881042,0.27249282598495483,0.3292614817619324,1.0,0.33974820375442505,0.16777369379997253,0.21028339862823486,0.334890753030777,0.2556317150592804],[0.35502123832702637,0.2930767238140106,0.35800883173942566,0.21090926229953766,0.3203803300857544,0.36474156379699707,0.4014269709587097,0.34414979815483093,0.3447962701320648,0.47600844502449036,0.33974820375442505,1.0,0.3225563168525696,0.2753228545188904,0.2278261035680771,0.23948198556900024],[0.24344097077846527,0.22079092264175415,0.21891695261001587,0.302184522151947,0.15159334242343903,0.25711795687675476,0.3474818468093872,0.24725942313671112,0.2772568166255951,0.21659667789936066,0.16777369379997253,0.3225563168525696,1.0,0.11675456911325455,0.2315913736820221,0.2485353946685791],[0.3060387074947357,0.2799838185310364,0.24448738992214203,0.24335598945617676,0.2905806005001068,0.26097002625465393,0.20273880660533905,0.36224979162216187,0.2996795177459717,0.2580749988555908,0.21028339862823486,0.2753228545188904,0.11675456911325455,1.0,0.31280988454818726,0.3641873896121979],[0.28234148025512695,0.22870256006717682,0.2259618490934372,0.22530290484428406,0.5673097968101501,0.2472373992204666,0.24527965486049652,0.3188151717185974,0.28772667050361633,0.30211007595062256,0.334890753030777,0.2278261035680771,0.2315913736820221,0.31280988454818726,0.9999999403953552,0.3236478567123413],[0.34782910346984863,0.2896082401275635,0.1993056833744049,0.25549471378326416,0.2740904688835144,0.35588517785072327,0.25816550850868225,0.32164129614830017,0.32919445633888245,0.22684456408023834,0.2556317150592804,0.23948198556900024,0.2485353946685791,0.3641873896121979,0.3236478567123413,1.0]]}