{"game_number":59,"words":["HURRY","NOW","PRONTO","STAT","CURRENT","DRIFT","TIDE","WAVE","CURL","FLY","PRESS","ROW","LOCK","MARKS","PANE","RUSTLE"],"adjacency_matrix":[[1.0,0.45557117462158203,0.4782697856426239,0.2532561123371124,0.2740660011768341,0.4556977450847626,0.38920941948890686,0.3934679329395294,0.29007983207702637,0.4484313428401947,0.4545058012008667,0.31268757581710815,0.4136441648006439,0.21188722550868988,0.20788942277431488,0.5487721562385559],[0.45557117462158203,0.9999999403953552,0.4229778051376343,0.2911158502101898,0.47149020433425903,0.3685115575790405,0.2702316343784332,0.2582944631576538,0.2148379683494568,0.38770830631256104,0.3699071407318115,0.35727959871292114,0.3899136483669281,0.34168827533721924,0.2681783139705658,0.285424143075943],[0.4782697856426239,0.4229778051376343,1.0,0.28029051423072815,0.32355231046676636,0.3329882025718689,0.24803315103054047,0.24295935034751892,0.2428472340106964,0.3370944857597351,0.3088511824607849,0.26344385743141174,0.3922896683216095,0.23380082845687866,0.22436746954917908,0.29185909032821655],[0.2532561123371124,0.2911158502101898,0.28029051423072815,1.0,0.41799649596214294,0.27449485659599304,0.28567230701446533,0.30939674377441406,0.24967560172080994,0.3290058970451355,0.35180214047431946,0.3690344989299774,0.3819459080696106,0.3311770558357239,0.29980143904685974,0.2588096261024475],[0.2740660011768341,0.47149020433425903,0.32355231046676636,0.41799649596214294,1.0,0.4644505977630615,0.3889191448688507,0.4527144432067871,0.29447367787361145,0.321422815322876,0.4078872501850128,0.4156947731971741,0.44519782066345215,0.3505319654941559,0.3204658627510071,0.259382039308548],[0.4556977450847626,0.3685115575790405,0.3329882025718689,0.27449485659599304,0.4644505977630615,1.0,0.5239421725273132,0.5258224606513977,0.44963061809539795,0.45048555731773376,0.37765246629714966,0.39589735865592957,0.4706084728240967,0.3333955705165863,0.3101916015148163,0.42373424768447876],[0.38920941948890686,0.2702316343784332,0.24803315103054047,0.28567230701446533,0.3889191448688507,0.5239421725273132,1.0,0.615364670753479,0.3193140923976898,0.30234476923942566,0.32617226243019104,0.32990121841430664,0.4107060730457306,0.3368960916996002,0.210343599319458,0.3688196837902069],[0.3934679329395294,0.2582944631576538,0.24295935034751892,0.30939674377441406,0.4527144432067871,0.5258224606513977,0.615364670753479,0.9999998807907104,0.44414064288139343,0.3818763196468353,0.37907347083091736,0.4002703130245209,0.3669140636920929,0.31554803252220154,0.31290188431739807,0.4062242805957794],[0.29007983207702637,0.2148379683494568,0.2428472340106964,0.24967560172080994,0.29447367787361145,0.44963061809539795,0.3193140923976898,0.44414064288139343,1.0,0.41316840052604675,0.32852602005004883,0.2785506546497345,0.3936740458011627,0.24789123237133026,0.2980971336364746,0.4347260892391205],[0.4484313428401947,0.38770830631256104,0.3370944857597351,0.3290058970451355,0.321422815322876,0.45048555731773376,0.30234476923942566,0.3818763196468353,0.41316840052604675,1.0,0.35717687010765076,0.3630822002887726,0.4003269374370575,0.2790016233921051,0.33441534638404846,0.3923216760158539],[0.4545058012008667,0.3699071407318115,0.3088511824607849,0.35180214047431946,0.4078872501850128,0.37765246629714966,0.32617226243019104,0.37907347083091736,0.32852602005004883,0.35717687010765076,1.0,0.3886188268661499,0.4349794089794159,0.3182251751422882,0.3304215371608734,0.3579414188861847],[0.31268757581710815,0.35727959871292114,0.26344385743141174,0.3690344989299774,0.4156947731971741,0.39589735865592957,0.32990121841430664,0.4002703130245209,0.2785506546497345,0.3630822002887726,0.3886188268661499,1.0,0.46357670426368713,0.35006406903266907,0.37283381819725037,0.30517953634262085],[0.4136441648006439,0.3899136483669281,0.3922896683216095,0.3819459080696106,0.44519782066345215,0.4706084728240967,0.4107060730457306,0.3669140636920929,0.3936740458011627,0.4003269374370575,0.4349794089794159,0.46357670426368713,1.0,0.37648284435272217,0.3684561550617218,0.37183234095573425],[0.21188722550868988,0.34168827533721924,0.23380082845687866,0.3311770558357239,0.3505319654941559,0.3333955705165863,0.3368960916996002,0.31554803252220154,0.24789123237133026,0.2790016233921051,0.3182251751422882,0.35006406903266907,0.37648284435272217,1.0,0.2616567015647888,0.2664201557636261],[0.20788942277431488,0.2681783139705658,0.22436746954917908,0.29980143904685974,0.3204658627510071,0.3101916015148163,0.210343599319458,0.31290188431739807,0.2980971336364746,0.33441534638404846,0.3304215371608734,0.37283381819725037,0.3684561550617218,0.2616567015647888,1.0,0.2970844507217407],[0.5487721562385559,0.285424143075943,0.29185909032821655,0.2588096261024475,0.259382039308548,0.42373424768447876,0.3688196837902069,0.4062242805957794,0.4347260892391205,0.3923216760158539,0.3579414188861847,0.30517953634262085,0.37183234095573425,0.2664201557636261,0.2970844507217407,0.9999999403953552]]}