{"game_number":249,"words":["FORD","GRANT","LINCOLN","WILSON","COACH","GM","PLAYER","SCOUT","BMW","HONDA","JAGUAR","SUBARU","AUTO","POST","SEMI","SUB"],"adjacency_matrix":[[1.0,0.27777454257011414,0.5408896207809448,0.4455875754356384,0.24243707954883575,0.18004189431667328,0.2648274898529053,0.41562148928642273,0.21958044171333313,0.43170714378356934,0.37986600399017334,0.41268348693847656,0.34394264221191406,0.32749658823013306,0.25970011949539185,0.2806388735771179],[0.27777454257011414,1.0,0.25914454460144043,0.2529147267341614,0.29901376366615295,-0.011350428685545921,0.31993168592453003,0.28731298446655273,-0.044499777257442474,0.2739686369895935,0.1577717363834381,0.2799266576766968,0.29381999373435974,0.44101041555404663,0.2978384792804718,0.24448993802070618],[0.5408896207809448,0.25914454460144043,1.0,0.5952152609825134,0.27986159920692444,0.14208830893039703,0.28023508191108704,0.32165175676345825,0.2041255682706833,0.44023221731185913,0.27093303203582764,0.4144856631755829,0.3512990474700928,0.36671480536460876,0.29627835750579834,0.36057841777801514],[0.4455875754356384,0.2529147267341614,0.5952152609825134,1.0000001192092896,0.2634231448173523,0.2471769005060196,0.33840522170066833,0.34982508420944214,0.3005976974964142,0.43874654173851013,0.2398693561553955,0.342142254114151,0.2503662407398224,0.3367008864879608,0.24115046858787537,0.319119393825531],[0.24243707954883575,0.29901376366615295,0.27986159920692444,0.2634231448173523,1.0,0.04090696945786476,0.6331912875175476,0.549403965473175,0.036845862865448,0.24235950410366058,0.15869125723838806,0.30280598998069763,0.32114019989967346,0.3902500867843628,0.32944008708000183,0.3179931938648224],[0.18004189431667328,-0.011350428685545921,0.14208830893039703,0.2471769005060196,0.04090696945786476,1.0,0.058470066636800766,0.09658250957727432,0.48445621132850647,0.28222882747650146,0.1785385012626648,0.11370255053043365,0.17904995381832123,0.01332995668053627,0.06143113970756531,0.19493867456912994],[0.2648274898529053,0.31993168592453003,0.28023508191108704,0.33840522170066833,0.6331912875175476,0.058470066636800766,1.0,0.5546249747276306,0.01908566616475582,0.2550181746482849,0.23708313703536987,0.301338791847229,0.35250550508499146,0.3746030032634735,0.30777066946029663,0.37115612626075745],[0.41562148928642273,0.28731298446655273,0.32165175676345825,0.34982508420944214,0.549403965473175,0.09658250957727432,0.5546249747276306,1.0,0.08212446421384811,0.3173430263996124,0.2919237017631531,0.33407241106033325,0.32616713643074036,0.3999112844467163,0.23505312204360962,0.36077696084976196],[0.21958044171333313,-0.044499777257442474,0.2041255682706833,0.3005976974964142,0.036845862865448,0.48445621132850647,0.01908566616475582,0.08212446421384811,1.0,0.4380224347114563,0.24140048027038574,0.32703882455825806,0.3083505928516388,-0.006844617426395416,0.16801674664020538,0.19234907627105713],[0.43170714378356934,0.2739686369895935,0.44023221731185913,0.43874654173851013,0.24235950410366058,0.28222882747650146,0.2550181746482849,0.3173430263996124,0.4380224347114563,1.0,0.35830363631248474,0.6014269590377808,0.4554043412208557,0.31431764364242554,0.3723384439945221,0.3340066969394684],[0.37986600399017334,0.1577717363834381,0.27093303203582764,0.2398693561553955,0.15869125723838806,0.1785385012626648,0.23708313703536987,0.2919237017631531,0.24140048027038574,0.35830363631248474,1.0,0.3910812437534332,0.3150874674320221,0.15444415807724,0.26931434869766235,0.2674851715564728],[0.41268348693847656,0.2799266576766968,0.4144856631755829,0.342142254114151,0.30280598998069763,0.11370255053043365,0.301338791847229,0.33407241106033325,0.32703882455825806,0.6014269590377808,0.3910812437534332,1.0,0.5174834728240967,0.31302347779273987,0.4335247874259949,0.4137858748435974],[0.34394264221191406,0.29381999373435974,0.3512990474700928,0.2503662407398224,0.32114019989967346,0.17904995381832123,0.35250550508499146,0.32616713643074036,0.3083505928516388,0.4554043412208557,0.3150874674320221,0.5174834728240967,1.0,0.292829692363739,0.44477009773254395,0.38491564989089966],[0.32749658823013306,0.44101041555404663,0.36671480536460876,0.3367008864879608,0.3902500867843628,0.01332995668053627,0.3746030032634735,0.3999112844467163,-0.006844617426395416,0.31431764364242554,0.15444415807724,0.31302347779273987,0.292829692363739,0.9999999403953552,0.3344101905822754,0.3811914920806885],[0.25970011949539185,0.2978384792804718,0.29627835750579834,0.24115046858787537,0.32944008708000183,0.06143113970756531,0.30777066946029663,0.23505312204360962,0.16801674664020538,0.3723384439945221,0.26931434869766235,0.4335247874259949,0.44477009773254395,0.3344101905822754,1.0,0.3918290138244629],[0.2806388735771179,0.24448993802070618,0.36057841777801514,0.319119393825531,0.3179931938648224,0.19493867456912994,0.37115612626075745,0.36077696084976196,0.19234907627105713,0.3340066969394684,0.2674851715564728,0.4137858748435974,0.38491564989089966,0.3811914920806885,0.3918290138244629,0.9999999403953552]]}