{
  "game_number": 123,
  "words": [
    "MAT",
    "MOP",
    "TANGLE",
    "THATCH",
    "BUCKET",
    "PIP",
    "SCROOGE",
    "TWIST",
    "DAISY",
    "FOOD",
    "MOUNTAIN",
    "SUPPLY",
    "CHILL",
    "LOAF",
    "LOUNGE",
    "REST"
  ],
  "adjacency_matrix": [
    [
      1.0,
      0.3243676722049713,
      0.401859313249588,
      0.3982689082622528,
      0.3968151807785034,
      0.23543694615364075,
      0.256196528673172,
      0.33144351840019226,
      0.3327382206916809,
      0.35241183638572693,
      0.39310312271118164,
      0.28650081157684326,
      0.3770289421081543,
      0.34864306449890137,
      0.4178999960422516,
      0.42322224378585815
    ],
    [
      0.3243676722049713,
      1.0,
      0.25423663854599,
      0.2821020483970642,
      0.5486766695976257,
      0.1961156576871872,
      0.2534502446651459,
      0.25387445092201233,
      0.2795463800430298,
      0.23737485706806183,
      0.18954961001873016,
      0.27533894777297974,
      0.22619037330150604,
      0.3010618984699249,
      0.2814072370529175,
      0.20778203010559082
    ],
    [
      0.401859313249588,
      0.25423663854599,
      1.0,
      0.29319238662719727,
      0.3199203908443451,
      0.25689584016799927,
      0.2508232295513153,
      0.5364639163017273,
      0.3379254639148712,
      0.2805896997451782,
      0.35979169607162476,
      0.3093755543231964,
      0.365278422832489,
      0.24820704758167267,
      0.25111567974090576,
      0.359683096408844
    ],
    [
      0.3982689082622528,
      0.2821020483970642,
      0.29319238662719727,
      1.0,
      0.27171435952186584,
      0.20003844797611237,
      0.24930401146411896,
      0.25956031680107117,
      0.2426280528306961,
      0.2788126468658447,
      0.3112368583679199,
      0.3423553705215454,
      0.30859139561653137,
      0.33878782391548157,
      0.28914445638656616,
      0.3436757028102875
    ],
    [
      0.3968151807785034,
      0.5486766695976257,
      0.3199203908443451,
      0.27171435952186584,
      1.0,
      0.30305784940719604,
      0.30503883957862854,
      0.38249537348747253,
      0.39678481221199036,
      0.40135231614112854,
      0.39137521386146545,
      0.4203057885169983,
      0.3160223662853241,
      0.4165898263454437,
      0.3215174674987793,
      0.42377081513404846
    ],
    [
      0.23543694615364075,
      0.1961156576871872,
      0.25689584016799927,
      0.20003844797611237,
      0.30305784940719604,
      1.0,
      0.29576146602630615,
      0.2807985544204712,
      0.3610740602016449,
      0.15466240048408508,
      0.18305791914463043,
      0.23900406062602997,
      0.20366710424423218,
      0.3972441256046295,
      0.1376151740550995,
      0.2424333542585373
    ],
    [
      0.256196528673172,
      0.2534502446651459,
      0.2508232295513153,
      0.24930401146411896,
      0.30503883957862854,
      0.29576146602630615,
      1.0,
      0.3658110499382019,
      0.30198782682418823,
      0.3119867146015167,
      0.27262842655181885,
      0.25911709666252136,
      0.28261131048202515,
      0.3593024015426636,
      0.27766600251197815,
      0.3160240352153778
    ],
    [
      0.33144351840019226,
      0.25387445092201233,
      0.5364639163017273,
      0.25956031680107117,
      0.38249537348747253,
      0.2807985544204712,
      0.3658110499382019,
      0.9999999403953552,
      0.30311647057533264,
      0.306607186794281,
      0.294242262840271,
      0.3534297049045563,
      0.4352668821811676,
      0.3031691908836365,
      0.28613004088401794,
      0.4098297953605652
    ],
    [
      0.3327382206916809,
      0.2795463800430298,
      0.3379254639148712,
      0.2426280528306961,
      0.39678481221199036,
      0.3610740602016449,
      0.30198782682418823,
      0.30311647057533264,
      1.0,
      0.2883271872997284,
      0.3964667022228241,
      0.3533702492713928,
      0.27945613861083984,
      0.341134637594223,
      0.2512289881706238,
      0.22300037741661072
    ],
    [
      0.35241183638572693,
      0.23737485706806183,
      0.2805896997451782,
      0.2788126468658447,
      0.40135231614112854,
      0.15466240048408508,
      0.3119867146015167,
      0.306607186794281,
      0.2883271872997284,
      1.0,
      0.40722110867500305,
      0.5859653353691101,
      0.343549519777298,
      0.4179973602294922,
      0.3845537006855011,
      0.4339883327484131
    ],
    [
      0.39310312271118164,
      0.18954961001873016,
      0.35979169607162476,
      0.3112368583679199,
      0.39137521386146545,
      0.18305791914463043,
      0.27262842655181885,
      0.294242262840271,
      0.3964667022228241,
      0.40722110867500305,
      0.9999999403953552,
      0.3941894769668579,
      0.35839012265205383,
      0.38259971141815186,
      0.3425793945789337,
      0.47412171959877014
    ],
    [
      0.28650081157684326,
      0.27533894777297974,
      0.3093755543231964,
      0.3423553705215454,
      0.4203057885169983,
      0.23900406062602997,
      0.25911709666252136,
      0.3534297049045563,
      0.3533702492713928,
      0.5859653353691101,
      0.3941894769668579,
      1.0,
      0.3547244668006897,
      0.3542224168777466,
      0.26904669404029846,
      0.5339432954788208
    ],
    [
      0.3770289421081543,
      0.22619037330150604,
      0.365278422832489,
      0.30859139561653137,
      0.3160223662853241,
      0.20366710424423218,
      0.28261131048202515,
      0.4352668821811676,
      0.27945613861083984,
      0.343549519777298,
      0.35839012265205383,
      0.3547244668006897,
      1.0,
      0.31206199526786804,
      0.38442832231521606,
      0.4783952832221985
    ],
    [
      0.34864306449890137,
      0.3010618984699249,
      0.24820704758167267,
      0.33878782391548157,
      0.4165898263454437,
      0.3972441256046295,
      0.3593024015426636,
      0.3031691908836365,
      0.341134637594223,
      0.4179973602294922,
      0.38259971141815186,
      0.3542224168777466,
      0.31206199526786804,
      1.0,
      0.2386874109506607,
      0.3552297055721283
    ],
    [
      0.4178999960422516,
      0.2814072370529175,
      0.25111567974090576,
      0.28914445638656616,
      0.3215174674987793,
      0.1376151740550995,
      0.27766600251197815,
      0.28613004088401794,
      0.2512289881706238,
      0.3845537006855011,
      0.3425793945789337,
      0.26904669404029846,
      0.38442832231521606,
      0.2386874109506607,
      1.0,
      0.39322975277900696
    ],
    [
      0.42322224378585815,
      0.20778203010559082,
      0.359683096408844,
      0.3436757028102875,
      0.42377081513404846,
      0.2424333542585373,
      0.3160240352153778,
      0.4098297953605652,
      0.22300037741661072,
      0.4339883327484131,
      0.47412171959877014,
      0.5339432954788208,
      0.4783952832221985,
      0.3552297055721283,
      0.39322975277900696,
      1.0
    ]
  ]
}