{
  "game_number": 443,
  "words": [
    "COUPLE",
    "ITEM",
    "PAIR",
    "THING",
    "AD",
    "ALL",
    "DEUCE",
    "LOVE",
    "BREAD",
    "DRAGON",
    "JACK",
    "PASSION",
    "CREST",
    "PEAK",
    "SUMMIT",
    "VERTEX"
  ],
  "adjacency_matrix": [
    [
      1.0,
      0.3248775899410248,
      0.6178178787231445,
      0.39520055055618286,
      0.2524915635585785,
      0.4844081401824951,
      0.2429068684577942,
      0.3868958353996277,
      0.24678266048431396,
      0.26443955302238464,
      0.20790813863277435,
      0.2573002874851227,
      0.259949654340744,
      0.23374085128307343,
      0.25044694542884827,
      0.17685623466968536
    ],
    [
      0.3248775899410248,
      1.0,
      0.3981039822101593,
      0.5269851684570312,
      0.38838911056518555,
      0.3968472480773926,
      0.24217751622200012,
      0.28369200229644775,
      0.3648603856563568,
      0.31969529390335083,
      0.28416216373443604,
      0.30432212352752686,
      0.3527330756187439,
      0.31139206886291504,
      0.3254097104072571,
      0.30410200357437134
    ],
    [
      0.6178178787231445,
      0.3981039822101593,
      1.0,
      0.36163777112960815,
      0.2607731819152832,
      0.4481106996536255,
      0.3514533042907715,
      0.4483211934566498,
      0.30674120783805847,
      0.3399905264377594,
      0.39683228731155396,
      0.36434662342071533,
      0.32919859886169434,
      0.35154518485069275,
      0.3232349753379822,
      0.41224905848503113
    ],
    [
      0.39520055055618286,
      0.5269851684570312,
      0.36163777112960815,
      1.0,
      0.31789636611938477,
      0.5905845761299133,
      0.2811061441898346,
      0.49679386615753174,
      0.3786196708679199,
      0.3506218194961548,
      0.3925727903842926,
      0.4596348702907562,
      0.34401875734329224,
      0.3354494273662567,
      0.3440534174442291,
      0.23801162838935852
    ],
    [
      0.2524915635585785,
      0.38838911056518555,
      0.2607731819152832,
      0.31789636611938477,
      1.0000001192092896,
      0.24602285027503967,
      0.21038725972175598,
      0.22520937025547028,
      0.25617024302482605,
      0.2106979340314865,
      0.17324018478393555,
      0.20085616409778595,
      0.2577633857727051,
      0.2512405216693878,
      0.214289590716362,
      0.22545363008975983
    ],
    [
      0.4844081401824951,
      0.3968472480773926,
      0.4481106996536255,
      0.5905845761299133,
      0.24602285027503967,
      1.0,
      0.30420926213264465,
      0.5330608487129211,
      0.3437514305114746,
      0.33857104182243347,
      0.3452208340167999,
      0.3930504024028778,
      0.3086974620819092,
      0.3815206289291382,
      0.31377163529396057,
      0.24924837052822113
    ],
    [
      0.2429068684577942,
      0.24217751622200012,
      0.3514533042907715,
      0.2811061441898346,
      0.21038725972175598,
      0.30420926213264465,
      1.0,
      0.25077053904533386,
      0.24995730817317963,
      0.31651782989501953,
      0.4037576913833618,
      0.1860751062631607,
      0.22312362492084503,
      0.1780739426612854,
      0.14119867980480194,
      0.20101095736026764
    ],
    [
      0.3868958353996277,
      0.28369200229644775,
      0.4483211934566498,
      0.49679386615753174,
      0.22520937025547028,
      0.5330608487129211,
      0.25077053904533386,
      1.0,
      0.3751958906650543,
      0.3634255826473236,
      0.36953651905059814,
      0.6814133524894714,
      0.25394415855407715,
      0.29067447781562805,
      0.2039039433002472,
      0.19741377234458923
    ],
    [
      0.24678266048431396,
      0.3648603856563568,
      0.30674120783805847,
      0.3786196708679199,
      0.25617024302482605,
      0.3437514305114746,
      0.24995730817317963,
      0.3751958906650543,
      1.0,
      0.28400057554244995,
      0.3188459277153015,
      0.31766578555107117,
      0.198975071310997,
      0.20696181058883667,
      0.21342621743679047,
      0.18129026889801025
    ],
    [
      0.26443955302238464,
      0.31969529390335083,
      0.3399905264377594,
      0.3506218194961548,
      0.2106979340314865,
      0.33857104182243347,
      0.31651782989501953,
      0.3634255826473236,
      0.28400057554244995,
      1.0,
      0.3876396417617798,
      0.32336926460266113,
      0.4331282675266266,
      0.2739328444004059,
      0.2668464183807373,
      0.3272327184677124
    ],
    [
      0.20790813863277435,
      0.28416216373443604,
      0.39683228731155396,
      0.3925727903842926,
      0.17324018478393555,
      0.3452208340167999,
      0.4037576913833618,
      0.36953651905059814,
      0.3188459277153015,
      0.3876396417617798,
      1.0,
      0.2459312081336975,
      0.3813602030277252,
      0.3252379298210144,
      0.2619404196739197,
      0.25885701179504395
    ],
    [
      0.2573002874851227,
      0.30432212352752686,
      0.36434662342071533,
      0.4596348702907562,
      0.20085616409778595,
      0.3930504024028778,
      0.1860751062631607,
      0.6814133524894714,
      0.31766578555107117,
      0.32336926460266113,
      0.2459312081336975,
      1.0,
      0.27846118807792664,
      0.33205321431159973,
      0.24239274859428406,
      0.21999642252922058
    ],
    [
      0.259949654340744,
      0.3527330756187439,
      0.32919859886169434,
      0.34401875734329224,
      0.2577633857727051,
      0.3086974620819092,
      0.22312362492084503,
      0.25394415855407715,
      0.198975071310997,
      0.4331282675266266,
      0.3813602030277252,
      0.27846118807792664,
      1.0,
      0.5075758695602417,
      0.46641644835472107,
      0.31735071539878845
    ],
    [
      0.23374085128307343,
      0.31139206886291504,
      0.35154518485069275,
      0.3354494273662567,
      0.2512405216693878,
      0.3815206289291382,
      0.1780739426612854,
      0.29067447781562805,
      0.20696181058883667,
      0.2739328444004059,
      0.3252379298210144,
      0.33205321431159973,
      0.5075758695602417,
      1.0,
      0.545997142791748,
      0.3358670473098755
    ],
    [
      0.25044694542884827,
      0.3254097104072571,
      0.3232349753379822,
      0.3440534174442291,
      0.214289590716362,
      0.31377163529396057,
      0.14119867980480194,
      0.2039039433002472,
      0.21342621743679047,
      0.2668464183807373,
      0.2619404196739197,
      0.24239274859428406,
      0.46641644835472107,
      0.545997142791748,
      1.0,
      0.27308449149131775
    ],
    [
      0.17685623466968536,
      0.30410200357437134,
      0.41224905848503113,
      0.23801162838935852,
      0.22545363008975983,
      0.24924837052822113,
      0.20101095736026764,
      0.19741377234458923,
      0.18129026889801025,
      0.3272327184677124,
      0.25885701179504395,
      0.21999642252922058,
      0.31735071539878845,
      0.3358670473098755,
      0.27308449149131775,
      1.0
    ]
  ]
}