{"game_number":179,"words":["CALCULATOR","CALENDAR","CAMERA","CLOCK","CONE","IRIS","LENS","PUPIL","DADA","GRAMMY","MUM","POPPY","EXPOSE","PATE","RESUME","ROSE"],"adjacency_matrix":[[1.0,0.45236942172050476,0.33425021171569824,0.4721440076828003,0.2574765086174011,0.12586605548858643,0.2903665602207184,0.32718294858932495,0.2759184241294861,0.17400003969669342,0.28236350417137146,0.10770905762910843,0.28230270743370056,0.27606186270713806,0.3165724277496338,0.24264845252037048],[0.45236942172050476,1.0,0.34172171354293823,0.4979551136493683,0.2662922143936157,0.20599666237831116,0.3104953467845917,0.2719985842704773,0.2448759377002716,0.2676153779029846,0.2470184564590454,0.19370073080062866,0.2166232168674469,0.28019413352012634,0.3908049464225769,0.28290772438049316],[0.33425021171569824,0.34172171354293823,1.0,0.3663025200366974,0.3695548176765442,0.3713245391845703,0.6678879261016846,0.3820004463195801,0.28725528717041016,0.24700282514095306,0.371299684047699,0.21633048355579376,0.3793412446975708,0.28269416093826294,0.29125282168388367,0.25316527485847473],[0.4721440076828003,0.4979551136493683,0.3663025200366974,1.0,0.35344231128692627,0.2677460014820099,0.3193952739238739,0.2779204249382019,0.21917106211185455,0.19825449585914612,0.27949315309524536,0.3096666932106018,0.2417803406715393,0.3187849521636963,0.3030753433704376,0.3306328356266022],[0.2574765086174011,0.2662922143936157,0.3695548176765442,0.35344231128692627,1.0,0.3941417634487152,0.46866756677627563,0.2926456034183502,0.24527132511138916,0.19629716873168945,0.26369914412498474,0.3676204979419708,0.2822284698486328,0.41941165924072266,0.2571943700313568,0.39687061309814453],[0.12586605548858643,0.20599666237831116,0.3713245391845703,0.2677460014820099,0.3941417634487152,1.0,0.4400525987148285,0.42021629214286804,0.2415425181388855,0.13185477256774902,0.25371381640434265,0.3297954797744751,0.20478986203670502,0.24943187832832336,0.14063182473182678,0.27529531717300415],[0.2903665602207184,0.3104953467845917,0.6678879261016846,0.3193952739238739,0.46866756677627563,0.4400525987148285,0.9999999403953552,0.3526991009712219,0.19280022382736206,0.1546526402235031,0.23054800927639008,0.22324618697166443,0.339834064245224,0.25755321979522705,0.22007188200950623,0.23447951674461365],[0.32718294858932495,0.2719985842704773,0.3820004463195801,0.2779204249382019,0.2926456034183502,0.42021629214286804,0.3526991009712219,1.0,0.30552276968955994,0.20177210867404938,0.4056718945503235,0.13998514413833618,0.2467886507511139,0.2712303698062897,0.17191702127456665,0.23114848136901855],[0.2759184241294861,0.2448759377002716,0.28725528717041016,0.21917106211185455,0.24527132511138916,0.2415425181388855,0.19280022382736206,0.30552276968955994,1.0,0.3922114074230194,0.5175461173057556,0.26740390062332153,0.21734827756881714,0.2908155918121338,0.21957533061504364,0.2628149390220642],[0.17400003969669342,0.2676153779029846,0.24700282514095306,0.19825449585914612,0.19629716873168945,0.13185477256774902,0.1546526402235031,0.20177210867404938,0.3922114074230194,1.0,0.3682083785533905,0.3111216127872467,0.21602576971054077,0.3553398549556732,0.2835850119590759,0.2973909080028534],[0.28236350417137146,0.2470184564590454,0.371299684047699,0.27949315309524536,0.26369914412498474,0.25371381640434265,0.23054800927639008,0.4056718945503235,0.5175461173057556,0.3682083785533905,1.0,0.31754249334335327,0.2773267924785614,0.3151044547557831,0.2500842213630676,0.2948038578033447],[0.10770905762910843,0.19370073080062866,0.21633048355579376,0.3096666932106018,0.3676204979419708,0.3297954797744751,0.22324618697166443,0.13998514413833618,0.26740390062332153,0.3111216127872467,0.31754249334335327,1.0,0.24206753075122833,0.36281126737594604,0.26699018478393555,0.42455726861953735],[0.28230270743370056,0.2166232168674469,0.3793412446975708,0.2417803406715393,0.2822284698486328,0.20478986203670502,0.339834064245224,0.2467886507511139,0.21734827756881714,0.21602576971054077,0.2773267924785614,0.24206753075122833,1.0,0.3553078770637512,0.44440555572509766,0.27940833568573],[0.27606186270713806,0.28019413352012634,0.28269416093826294,0.3187849521636963,0.41941165924072266,0.24943187832832336,0.25755321979522705,0.2712303698062897,0.2908155918121338,0.3553398549556732,0.3151044547557831,0.36281126737594604,0.3553078770637512,0.9999999403953552,0.3676140606403351,0.3610381782054901],[0.3165724277496338,0.3908049464225769,0.29125282168388367,0.3030753433704376,0.2571943700313568,0.14063182473182678,0.22007188200950623,0.17191702127456665,0.21957533061504364,0.2835850119590759,0.2500842213630676,0.26699018478393555,0.44440555572509766,0.3676140606403351,1.0,0.33678534626960754],[0.24264845252037048,0.28290772438049316,0.25316527485847473,0.3306328356266022,0.39687061309814453,0.27529531717300415,0.23447951674461365,0.23114848136901855,0.2628149390220642,0.2973909080028534,0.2948038578033447,0.42455726861953735,0.27940833568573,0.3610381782054901,0.33678534626960754,1.0]]}