{"game_number":78,"words":["HEADLINER","LEAD","PRINCIPAL","STAR","CROSS","GARLIC","SILVER","SUN","CRACKED","LAMPOON","MAD","ONION","MED","MUSIC","SANDWICH","SODA"],"adjacency_matrix":[[1.0,0.3047671318054199,0.31255921721458435,0.4506942927837372,0.1760009527206421,0.14221477508544922,0.22000811994075775,0.28094276785850525,0.2309635579586029,0.34318917989730835,0.18261834979057312,0.24977882206439972,0.16847221553325653,0.3394041061401367,0.31066277623176575,0.1723596155643463],[0.3047671318054199,1.0,0.43524014949798584,0.45190322399139404,0.4693599343299866,0.2627637982368469,0.45014357566833496,0.2701297402381897,0.42749056220054626,0.29638975858688354,0.3609822690486908,0.21533088386058807,0.34204351902008057,0.3683192729949951,0.3315400183200836,0.22603683173656464],[0.31255921721458435,0.43524014949798584,1.0000001192092896,0.41062262654304504,0.2852303981781006,0.2218252420425415,0.31128254532814026,0.21741318702697754,0.2705141007900238,0.25253593921661377,0.29159829020500183,0.25464385747909546,0.28597861528396606,0.40116286277770996,0.243450328707695,0.22330044209957123],[0.4506942927837372,0.45190322399139404,0.41062262654304504,1.0,0.4284611642360687,0.2815871834754944,0.4167357385158539,0.49418962001800537,0.3237161338329315,0.3906285762786865,0.3296089172363281,0.3208490014076233,0.3099564015865326,0.4135168194770813,0.372092604637146,0.29281067848205566],[0.1760009527206421,0.4693599343299866,0.2852303981781006,0.4284611642360687,1.0,0.3637503981590271,0.4164031147956848,0.3218941390514374,0.3957388699054718,0.3350079655647278,0.3414316475391388,0.29073086380958557,0.35551756620407104,0.3457280397415161,0.3850499391555786,0.18398579955101013],[0.14221477508544922,0.2627637982368469,0.2218252420425415,0.2815871834754944,0.3637503981590271,1.0,0.4007441997528076,0.3348695933818817,0.27166956663131714,0.2912450134754181,0.2535478174686432,0.6907728314399719,0.26322662830352783,0.29736992716789246,0.37269729375839233,0.3176954686641693],[0.22000811994075775,0.45014357566833496,0.31128254532814026,0.4167357385158539,0.4164031147956848,0.4007441997528076,1.0,0.3442932367324829,0.3108474910259247,0.23710499703884125,0.23592354357242584,0.3140954077243805,0.2854609489440918,0.32296067476272583,0.3293007016181946,0.3554917573928833],[0.28094276785850525,0.2701297402381897,0.21741318702697754,0.49418962001800537,0.3218941390514374,0.3348695933818817,0.3442932367324829,1.0,0.24506771564483643,0.30542251467704773,0.24137981235980988,0.35881489515304565,0.26100414991378784,0.3530491888523102,0.279933363199234,0.3274209499359131],[0.2309635579586029,0.42749056220054626,0.2705141007900238,0.3237161338329315,0.3957388699054718,0.27166956663131714,0.3108474910259247,0.24506771564483643,0.9999999403953552,0.30847832560539246,0.4141440987586975,0.3421240448951721,0.3426506817340851,0.2757297456264496,0.33234888315200806,0.30110180377960205],[0.34318917989730835,0.29638975858688354,0.25253593921661377,0.3906285762786865,0.3350079655647278,0.2912450134754181,0.23710499703884125,0.30542251467704773,0.30847832560539246,1.0,0.34146949648857117,0.2654206156730652,0.19455057382583618,0.3465273976325989,0.34608957171440125,0.32356852293014526],[0.18261834979057312,0.3609822690486908,0.29159829020500183,0.3296089172363281,0.3414316475391388,0.2535478174686432,0.23592354357242584,0.24137981235980988,0.4141440987586975,0.34146949648857117,1.0,0.2526511549949646,0.3875758647918701,0.34816333651542664,0.23111794888973236,0.20923089981079102],[0.24977882206439972,0.21533088386058807,0.25464385747909546,0.3208490014076233,0.29073086380958557,0.6907728314399719,0.3140954077243805,0.35881489515304565,0.3421240448951721,0.2654206156730652,0.2526511549949646,1.0,0.21686187386512756,0.203277587890625,0.45643410086631775,0.33169853687286377],[0.16847221553325653,0.34204351902008057,0.28597861528396606,0.3099564015865326,0.35551756620407104,0.26322662830352783,0.2854609489440918,0.26100414991378784,0.3426506817340851,0.19455057382583618,0.3875758647918701,0.21686187386512756,1.0,0.34311366081237793,0.294377863407135,0.21893882751464844],[0.3394041061401367,0.3683192729949951,0.40116286277770996,0.4135168194770813,0.3457280397415161,0.29736992716789246,0.32296067476272583,0.3530491888523102,0.2757297456264496,0.3465273976325989,0.34816333651542664,0.203277587890625,0.34311366081237793,1.0,0.3000912070274353,0.36064252257347107],[0.31066277623176575,0.3315400183200836,0.243450328707695,0.372092604637146,0.3850499391555786,0.37269729375839233,0.3293007016181946,0.279933363199234,0.33234888315200806,0.34608957171440125,0.23111794888973236,0.45643410086631775,0.294377863407135,0.3000912070274353,1.0,0.4898955523967743],[0.1723596155643463,0.22603683173656464,0.22330044209957123,0.29281067848205566,0.18398579955101013,0.3176954686641693,0.3554917573928833,0.3274209499359131,0.30110180377960205,0.32356852293014526,0.20923089981079102,0.33169853687286377,0.21893882751464844,0.36064252257347107,0.4898955523967743,1.0000001192092896]]}