{
  "game_number": 124,
  "words": [
    "DODGE",
    "ESCAPE",
    "LOSE",
    "SHAKE",
    "TUNGSTEN",
    "WATT",
    "WEST",
    "WIN",
    "DRAW",
    "HAM",
    "HEART",
    "SHOE",
    "HORSESHOE",
    "LADYBUG",
    "PENNY",
    "SHAMROCK"
  ],
  "adjacency_matrix": [
    [
      1.0,
      0.5672906041145325,
      0.3941513001918793,
      0.4508509337902069,
      0.24143043160438538,
      0.13701289892196655,
      0.23312988877296448,
      0.3886016309261322,
      0.44925564527511597,
      0.27666160464286804,
      0.32033419609069824,
      0.2869248688220978,
      0.27080023288726807,
      0.2607816755771637,
      0.29086416959762573,
      0.3150876462459564
    ],
    [
      0.5672906041145325,
      1.0,
      0.45297518372535706,
      0.40510955452919006,
      0.24445845186710358,
      0.07990483939647675,
      0.32298052310943604,
      0.45112696290016174,
      0.47254833579063416,
      0.21775729954242706,
      0.36269479990005493,
      0.25347700715065,
      0.24878185987472534,
      0.2760203182697296,
      0.20408599078655243,
      0.20798596739768982
    ],
    [
      0.3941513001918793,
      0.45297518372535706,
      1.0,
      0.5078980922698975,
      0.2606731355190277,
      0.1801336705684662,
      0.2743564546108246,
      0.7037520408630371,
      0.5740967392921448,
      0.30856481194496155,
      0.385671466588974,
      0.27215418219566345,
      0.19944776594638824,
      0.16987556219100952,
      0.365498423576355,
      0.25932830572128296
    ],
    [
      0.4508509337902069,
      0.40510955452919006,
      0.5078980922698975,
      1.0,
      0.2297772616147995,
      0.21934731304645538,
      0.2921602725982666,
      0.4462694227695465,
      0.4443485736846924,
      0.38454607129096985,
      0.4322916269302368,
      0.38820138573646545,
      0.3024687170982361,
      0.2552470266819,
      0.36482807993888855,
      0.3821384608745575
    ],
    [
      0.24143043160438538,
      0.24445845186710358,
      0.2606731355190277,
      0.2297772616147995,
      1.0000001192092896,
      0.2723470628261566,
      0.18568193912506104,
      0.2081059068441391,
      0.29891306161880493,
      0.31526318192481995,
      0.29843348264694214,
      0.27474865317344666,
      0.27264630794525146,
      0.18239670991897583,
      0.3043542206287384,
      0.21240156888961792
    ],
    [
      0.13701289892196655,
      0.07990483939647675,
      0.1801336705684662,
      0.21934731304645538,
      0.2723470628261566,
      1.0,
      0.1329246163368225,
      0.22795356810092926,
      0.20350854098796844,
      0.2627929449081421,
      0.1790393441915512,
      0.19840769469738007,
      0.21924996376037598,
      0.20244759321212769,
      0.36791035532951355,
      0.23218294978141785
    ],
    [
      0.23312988877296448,
      0.32298052310943604,
      0.2743564546108246,
      0.2921602725982666,
      0.18568193912506104,
      0.1329246163368225,
      1.0,
      0.3256034851074219,
      0.2783135175704956,
      0.33282142877578735,
      0.4070243835449219,
      0.18982990086078644,
      0.31120240688323975,
      0.13497067987918854,
      0.11541467905044556,
      0.23652547597885132
    ],
    [
      0.3886016309261322,
      0.45112696290016174,
      0.7037520408630371,
      0.4462694227695465,
      0.2081059068441391,
      0.22795356810092926,
      0.3256034851074219,
      1.0,
      0.586873471736908,
      0.26069459319114685,
      0.36371365189552307,
      0.2999548017978668,
      0.30888569355010986,
      0.2222926765680313,
      0.3148779571056366,
      0.3074449300765991
    ],
    [
      0.44925564527511597,
      0.47254833579063416,
      0.5740967392921448,
      0.4443485736846924,
      0.29891306161880493,
      0.20350854098796844,
      0.2783135175704956,
      0.586873471736908,
      0.9999999403953552,
      0.23709481954574585,
      0.38516438007354736,
      0.223557248711586,
      0.2456207424402237,
      0.22608283162117004,
      0.28660595417022705,
      0.3235222101211548
    ],
    [
      0.27666160464286804,
      0.21775729954242706,
      0.30856481194496155,
      0.38454607129096985,
      0.31526318192481995,
      0.2627929449081421,
      0.33282142877578735,
      0.26069459319114685,
      0.23709481954574585,
      0.9999999403953552,
      0.3595864176750183,
      0.3252618610858917,
      0.3275216519832611,
      0.21037884056568146,
      0.3430386483669281,
      0.32516202330589294
    ],
    [
      0.32033419609069824,
      0.36269479990005493,
      0.385671466588974,
      0.4322916269302368,
      0.29843348264694214,
      0.1790393441915512,
      0.4070243835449219,
      0.36371365189552307,
      0.38516438007354736,
      0.3595864176750183,
      1.0,
      0.32199159264564514,
      0.3380796015262604,
      0.20001310110092163,
      0.29529520869255066,
      0.32711464166641235
    ],
    [
      0.2869248688220978,
      0.25347700715065,
      0.27215418219566345,
      0.38820138573646545,
      0.27474865317344666,
      0.19840769469738007,
      0.18982990086078644,
      0.2999548017978668,
      0.223557248711586,
      0.3252618610858917,
      0.32199159264564514,
      0.9999999403953552,
      0.5226322412490845,
      0.3322761058807373,
      0.42050909996032715,
      0.33485233783721924
    ],
    [
      0.27080023288726807,
      0.24878185987472534,
      0.19944776594638824,
      0.3024687170982361,
      0.27264630794525146,
      0.21924996376037598,
      0.31120240688323975,
      0.30888569355010986,
      0.2456207424402237,
      0.3275216519832611,
      0.3380796015262604,
      0.5226322412490845,
      1.0000001192092896,
      0.36527225375175476,
      0.3249204754829407,
      0.45914819836616516
    ],
    [
      0.2607816755771637,
      0.2760203182697296,
      0.16987556219100952,
      0.2552470266819,
      0.18239670991897583,
      0.20244759321212769,
      0.13497067987918854,
      0.2222926765680313,
      0.22608283162117004,
      0.21037884056568146,
      0.20001310110092163,
      0.3322761058807373,
      0.36527225375175476,
      1.0,
      0.2651943862438202,
      0.38062918186187744
    ],
    [
      0.29086416959762573,
      0.20408599078655243,
      0.365498423576355,
      0.36482807993888855,
      0.3043542206287384,
      0.36791035532951355,
      0.11541467905044556,
      0.3148779571056366,
      0.28660595417022705,
      0.3430386483669281,
      0.29529520869255066,
      0.42050909996032715,
      0.3249204754829407,
      0.2651943862438202,
      1.0,
      0.3535637855529785
    ],
    [
      0.3150876462459564,
      0.20798596739768982,
      0.25932830572128296,
      0.3821384608745575,
      0.21240156888961792,
      0.23218294978141785,
      0.23652547597885132,
      0.3074449300765991,
      0.3235222101211548,
      0.32516202330589294,
      0.32711464166641235,
      0.33485233783721924,
      0.45914819836616516,
      0.38062918186187744,
      0.3535637855529785,
      0.9999999403953552
    ]
  ]
}