{"game_number":308,"words":["GNOME","GOBLIN","OGRE","TROLL","BUD","LEAF","PETAL","STALK","AGENT","MOLE","PLANT","SPY","DRAGON","HORSE","RABBIT","TIGER"],"adjacency_matrix":[[1.0,0.5520830154418945,0.41954994201660156,0.5097019672393799,0.18964146077632904,0.33966630697250366,0.3196617364883423,0.32524657249450684,0.3406592309474945,0.35297462344169617,0.39621004462242126,0.3726101219654083,0.42835119366645813,0.36381733417510986,0.4465405344963074,0.3106522858142853],[0.5520830154418945,1.0,0.6495152711868286,0.5382398962974548,0.18858852982521057,0.34683212637901306,0.2959737479686737,0.31813037395477295,0.3183387219905853,0.4033544063568115,0.3232223391532898,0.38169485330581665,0.6986858248710632,0.4384862184524536,0.4621298611164093,0.46279972791671753],[0.41954994201660156,0.6495152711868286,0.9999999403953552,0.44438812136650085,0.1295512318611145,0.214473158121109,0.192210391163826,0.23750874400138855,0.1678587794303894,0.34629902243614197,0.1685849130153656,0.23949448764324188,0.5620084404945374,0.3274756669998169,0.44097700715065,0.4214121401309967],[0.5097019672393799,0.5382398962974548,0.44438812136650085,1.0,0.24873895943164825,0.3247356414794922,0.290587455034256,0.4387766420841217,0.3554454445838928,0.4041024148464203,0.35735955834388733,0.44583314657211304,0.4860133230686188,0.3692859709262848,0.45042306184768677,0.43515416979789734],[0.18964146077632904,0.18858852982521057,0.1295512318611145,0.24873895943164825,0.9999999403953552,0.538587749004364,0.5384733080863953,0.4144746661186218,0.21355676651000977,0.26324227452278137,0.3848862051963806,0.22342409193515778,0.252444326877594,0.20979446172714233,0.26060283184051514,0.27484482526779175],[0.33966630697250366,0.34683212637901306,0.214473158121109,0.3247356414794922,0.538587749004364,1.0,0.6059194803237915,0.4539709687232971,0.3421109914779663,0.3461683690547943,0.5771807432174683,0.349277138710022,0.46394336223602295,0.30791357159614563,0.3747686743736267,0.4126604199409485],[0.3196617364883423,0.2959737479686737,0.192210391163826,0.290587455034256,0.5384733080863953,0.6059194803237915,1.0,0.3772043287754059,0.22552169859409332,0.30710741877555847,0.4505992829799652,0.23036353290081024,0.40903061628341675,0.29332107305526733,0.3204718232154846,0.3321772515773773],[0.32524657249450684,0.31813037395477295,0.23750874400138855,0.4387766420841217,0.4144746661186218,0.4539709687232971,0.3772043287754059,1.0,0.2534859776496887,0.32298773527145386,0.4286690354347229,0.3038623332977295,0.2806020975112915,0.298755407333374,0.36825984716415405,0.31238868832588196],[0.3406592309474945,0.3183387219905853,0.1678587794303894,0.3554454445838928,0.21355676651000977,0.3421109914779663,0.22552169859409332,0.2534859776496887,1.0,0.3618760108947754,0.4385594129562378,0.5609427094459534,0.3337109386920929,0.38897037506103516,0.3549139201641083,0.2848861515522003],[0.35297462344169617,0.4033544063568115,0.34629902243614197,0.4041024148464203,0.26324227452278137,0.3461683690547943,0.30710741877555847,0.32298773527145386,0.3618760108947754,0.9999999403953552,0.3836991786956787,0.5102407932281494,0.3752363622188568,0.37405848503112793,0.5245411992073059,0.365407794713974],[0.39621004462242126,0.3232223391532898,0.1685849130153656,0.35735955834388733,0.3848862051963806,0.5771807432174683,0.4505992829799652,0.4286690354347229,0.4385594129562378,0.3836991786956787,1.0,0.344967782497406,0.36357975006103516,0.3743242025375366,0.3753609359264374,0.376653790473938],[0.3726101219654083,0.38169485330581665,0.23949448764324188,0.44583314657211304,0.22342409193515778,0.349277138710022,0.23036353290081024,0.3038623332977295,0.5609427094459534,0.5102407932281494,0.344967782497406,0.9999999403953552,0.375586599111557,0.299885630607605,0.369839072227478,0.3004398047924042],[0.42835119366645813,0.6986858248710632,0.5620084404945374,0.4860133230686188,0.252444326877594,0.46394336223602295,0.40903061628341675,0.2806020975112915,0.3337109386920929,0.3752363622188568,0.36357975006103516,0.375586599111557,1.0,0.48369452357292175,0.4898544251918793,0.6261647939682007],[0.36381733417510986,0.4384862184524536,0.3274756669998169,0.3692859709262848,0.20979446172714233,0.30791357159614563,0.29332107305526733,0.298755407333374,0.38897037506103516,0.37405848503112793,0.3743242025375366,0.299885630607605,0.48369452357292175,1.0,0.539728581905365,0.4885479211807251],[0.4465405344963074,0.4621298611164093,0.44097700715065,0.45042306184768677,0.26060283184051514,0.3747686743736267,0.3204718232154846,0.36825984716415405,0.3549139201641083,0.5245411992073059,0.3753609359264374,0.369839072227478,0.4898544251918793,0.539728581905365,1.0,0.5351507663726807],[0.3106522858142853,0.46279972791671753,0.4214121401309967,0.43515416979789734,0.27484482526779175,0.4126604199409485,0.3321772515773773,0.31238868832588196,0.2848861515522003,0.365407794713974,0.376653790473938,0.3004398047924042,0.6261647939682007,0.4885479211807251,0.5351507663726807,1.0]]}