{"game_number":336,"words":["COLONY","HERD","PRIDE","SWARM","BAKED","BLAZED","HIGH","LIT","BIO","CHEM","GOV","STATS","CLASS","DOMAIN","FAMILY","ORDER"],"adjacency_matrix":[[1.0,0.36951354146003723,0.30447858572006226,0.4243714213371277,0.1937263458967209,0.22505661845207214,0.2843700051307678,0.21660961210727692,0.2561514377593994,0.15310099720954895,0.305938184261322,0.18150685727596283,0.350872665643692,0.3144330084323883,0.4469371736049652,0.3364899456501007],[0.36951354146003723,1.0,0.3101915121078491,0.4712431728839874,0.16028949618339539,0.2276938557624817,0.29482385516166687,0.14134129881858826,0.2719540297985077,0.1602521389722824,0.19804233312606812,0.2549054026603699,0.3335667848587036,0.30838075280189514,0.4396001994609833,0.33957409858703613],[0.30447858572006226,0.3101915121078491,1.0,0.2817409634590149,0.21849478781223297,0.2640065550804138,0.44468194246292114,0.23267078399658203,0.22397248446941376,0.12908244132995605,0.22707512974739075,0.29479867219924927,0.3650563657283783,0.2680286765098572,0.3957514464855194,0.30293920636177063],[0.4243714213371277,0.4712431728839874,0.2817409634590149,1.0,0.2822228968143463,0.33913668990135193,0.32117947936058044,0.300773561000824,0.22190797328948975,0.20526202023029327,0.17749562859535217,0.276854544878006,0.28352198004722595,0.3036051392555237,0.2773757874965668,0.3371644914150238],[0.1937263458967209,0.16028949618339539,0.21849478781223297,0.2822228968143463,1.0,0.38999971747398376,0.33684274554252625,0.411860853433609,0.14431405067443848,0.15729542076587677,0.11888300627470016,0.18738088011741638,0.22542402148246765,0.2549644708633423,0.2250451147556305,0.2588876783847809],[0.22505661845207214,0.2276938557624817,0.2640065550804138,0.33913668990135193,0.38999971747398376,1.0,0.3843845725059509,0.5607660412788391,0.1473202407360077,0.24070854485034943,0.11007635295391083,0.18770237267017365,0.18587510287761688,0.17856602370738983,0.1540279984474182,0.17436735332012177],[0.2843700051307678,0.29482385516166687,0.44468194246292114,0.32117947936058044,0.33684274554252625,0.3843845725059509,1.0,0.4083293378353119,0.23598234355449677,0.2548283040523529,0.26169344782829285,0.334661602973938,0.4259670674800873,0.3635782301425934,0.3652270436286926,0.40006810426712036],[0.21660961210727692,0.14134129881858826,0.23267078399658203,0.300773561000824,0.411860853433609,0.5607660412788391,0.4083293378353119,1.0,0.21162769198417664,0.27269190549850464,0.18849384784698486,0.20630747079849243,0.24829086661338806,0.225800022482872,0.21478411555290222,0.268714040517807],[0.2561514377593994,0.2719540297985077,0.22397248446941376,0.22190797328948975,0.14431405067443848,0.1473202407360077,0.23598234355449677,0.21162769198417664,1.0,0.47733452916145325,0.3141920566558838,0.433747261762619,0.31572744250297546,0.28179848194122314,0.3361131548881531,0.3046359419822693],[0.15310099720954895,0.1602521389722824,0.12908244132995605,0.20526202023029327,0.15729542076587677,0.24070854485034943,0.2548283040523529,0.27269190549850464,0.47733452916145325,0.9999999403953552,0.389056921005249,0.33176013827323914,0.3882162868976593,0.25389257073402405,0.1783992201089859,0.21213333308696747],[0.305938184261322,0.19804233312606812,0.22707512974739075,0.17749562859535217,0.11888300627470016,0.11007635295391083,0.26169344782829285,0.18849384784698486,0.3141920566558838,0.389056921005249,1.0,0.2914794981479645,0.18453502655029297,0.34586846828460693,0.28081947565078735,0.20539788901805878],[0.18150685727596283,0.2549054026603699,0.29479867219924927,0.276854544878006,0.18738088011741638,0.18770237267017365,0.334661602973938,0.20630747079849243,0.433747261762619,0.33176013827323914,0.2914794981479645,1.0,0.322670042514801,0.2581169009208679,0.25295230746269226,0.30203041434288025],[0.350872665643692,0.3335667848587036,0.3650563657283783,0.28352198004722595,0.22542402148246765,0.18587510287761688,0.4259670674800873,0.24829086661338806,0.31572744250297546,0.3882162868976593,0.18453502655029297,0.322670042514801,1.0,0.4302988648414612,0.4912876486778259,0.43865108489990234],[0.3144330084323883,0.30838075280189514,0.2680286765098572,0.3036051392555237,0.2549644708633423,0.17856602370738983,0.3635782301425934,0.225800022482872,0.28179848194122314,0.25389257073402405,0.34586846828460693,0.2581169009208679,0.4302988648414612,1.0,0.4688453674316406,0.41047173738479614],[0.4469371736049652,0.4396001994609833,0.3957514464855194,0.2773757874965668,0.2250451147556305,0.1540279984474182,0.3652270436286926,0.21478411555290222,0.3361131548881531,0.1783992201089859,0.28081947565078735,0.25295230746269226,0.4912876486778259,0.4688453674316406,1.0,0.40062209963798523],[0.3364899456501007,0.33957409858703613,0.30293920636177063,0.3371644914150238,0.2588876783847809,0.17436735332012177,0.40006810426712036,0.268714040517807,0.3046359419822693,0.21213333308696747,0.20539788901805878,0.30203041434288025,0.43865108489990234,0.41047173738479614,0.40062209963798523,1.0]]}