{"game_number":111,"words":["DUMP","MESS","PIGPEN","STY","FIRM","SOLID","SOUND","STABLE","CARAMEL","PEANUTS","POPCORN","PRIZE","CHARLEY","CRAZY","DARK","GIFT"],"adjacency_matrix":[[1.0,0.5467077493667603,0.5510779023170471,0.40142640471458435,0.26268038153648376,0.3580155372619629,0.31548216938972473,0.32994475960731506,0.171587273478508,0.31806474924087524,0.30458134412765503,0.3119160234928131,0.36022698879241943,0.37653833627700806,0.3130524158477783,0.3500828742980957],[0.5467077493667603,1.0,0.505388617515564,0.46652165055274963,0.26407015323638916,0.35551729798316956,0.36830300092697144,0.35789039731025696,0.25635021924972534,0.26666927337646484,0.32531100511550903,0.3260303735733032,0.3713308274745941,0.5046890377998352,0.4373959004878998,0.30130091309547424],[0.5510779023170471,0.505388617515564,1.0,0.6389602422714233,0.3847733438014984,0.40832793712615967,0.42581307888031006,0.4481232762336731,0.32756900787353516,0.4624031186103821,0.4142569601535797,0.4233208894729614,0.5353635549545288,0.46136295795440674,0.4477634131908417,0.37594589591026306],[0.40142640471458435,0.46652165055274963,0.6389602422714233,1.0,0.29921990633010864,0.3327849805355072,0.427816778421402,0.3749922215938568,0.23454268276691437,0.2938261330127716,0.2712615728378296,0.34247371554374695,0.4073459208011627,0.36964529752731323,0.3935052752494812,0.30995771288871765],[0.26268038153648376,0.26407015323638916,0.3847733438014984,0.29921990633010864,0.9999999403953552,0.4780651926994324,0.3568643033504486,0.45784318447113037,0.25851792097091675,0.22908362746238708,0.218028724193573,0.3311097025871277,0.3667350709438324,0.2823238968849182,0.33056920766830444,0.30677926540374756],[0.3580155372619629,0.35551729798316956,0.40832793712615967,0.3327849805355072,0.4780651926994324,1.0,0.5326830744743347,0.6578561067581177,0.31660622358322144,0.2647668123245239,0.30269116163253784,0.34059181809425354,0.31294769048690796,0.4166046977043152,0.4845924377441406,0.3681729733943939],[0.31548216938972473,0.36830300092697144,0.42581307888031006,0.427816778421402,0.3568643033504486,0.5326830744743347,1.0,0.45718762278556824,0.2800205647945404,0.26836997270584106,0.31212353706359863,0.30694299936294556,0.3475913405418396,0.47546622157096863,0.46841496229171753,0.3561229705810547],[0.32994475960731506,0.35789039731025696,0.4481232762336731,0.3749922215938568,0.45784318447113037,0.6578561067581177,0.45718762278556824,1.0,0.26476967334747314,0.2354530245065689,0.25273221731185913,0.31164103746414185,0.37316185235977173,0.38246268033981323,0.4815351665019989,0.26072731614112854],[0.171587273478508,0.25635021924972534,0.32756900787353516,0.23454268276691437,0.25851792097091675,0.31660622358322144,0.2800205647945404,0.26476967334747314,1.0000001192092896,0.4497835040092468,0.48925694823265076,0.21181419491767883,0.34704089164733887,0.2830534279346466,0.42506054043769836,0.2828890085220337],[0.31806474924087524,0.26666927337646484,0.4624031186103821,0.2938261330127716,0.22908362746238708,0.2647668123245239,0.26836997270584106,0.2354530245065689,0.4497835040092468,1.0,0.5927952527999878,0.31080713868141174,0.3759119212627411,0.3210127353668213,0.2412162870168686,0.3163225054740906],[0.30458134412765503,0.32531100511550903,0.4142569601535797,0.2712615728378296,0.218028724193573,0.30269116163253784,0.31212353706359863,0.25273221731185913,0.48925694823265076,0.5927952527999878,0.9999999403953552,0.38145267963409424,0.31958112120628357,0.3091961443424225,0.33263495564460754,0.39072802662849426],[0.3119160234928131,0.3260303735733032,0.4233208894729614,0.34247371554374695,0.3311097025871277,0.34059181809425354,0.30694299936294556,0.31164103746414185,0.21181419491767883,0.31080713868141174,0.38145267963409424,1.0,0.33381757140159607,0.2748970687389374,0.2621583342552185,0.5455483198165894],[0.36022698879241943,0.3713308274745941,0.5353635549545288,0.4073459208011627,0.3667350709438324,0.31294769048690796,0.3475913405418396,0.37316185235977173,0.34704089164733887,0.3759119212627411,0.31958112120628357,0.33381757140159607,1.0,0.44320517778396606,0.3748716413974762,0.37486517429351807],[0.37653833627700806,0.5046890377998352,0.46136295795440674,0.36964529752731323,0.2823238968849182,0.4166046977043152,0.47546622157096863,0.38246268033981323,0.2830534279346466,0.3210127353668213,0.3091961443424225,0.2748970687389374,0.44320517778396606,1.0,0.5202757716178894,0.3031870126724243],[0.3130524158477783,0.4373959004878998,0.4477634131908417,0.3935052752494812,0.33056920766830444,0.4845924377441406,0.46841496229171753,0.4815351665019989,0.42506054043769836,0.2412162870168686,0.33263495564460754,0.2621583342552185,0.3748716413974762,0.5202757716178894,1.0,0.2917971909046173],[0.3500828742980957,0.30130091309547424,0.37594589591026306,0.30995771288871765,0.30677926540374756,0.3681729733943939,0.3561229705810547,0.26072731614112854,0.2828890085220337,0.3163225054740906,0.39072802662849426,0.5455483198165894,0.37486517429351807,0.3031870126724243,0.2917971909046173,0.9999999403953552]]}