{"game_number":76,"words":["DRAFT","OUTLINE","PLAN","SKETCH","DINE","FEAST","FEED","SUP","ELLA","ME","SUS","YO","FIT","JIM","PICKINGS","SHADY"],"adjacency_matrix":[[1.0,0.5191991329193115,0.5310593843460083,0.4680691361427307,0.18318292498588562,0.2489824891090393,0.32015517354011536,0.1761711835861206,0.13795287907123566,0.17884011566638947,0.2320701777935028,0.09686960279941559,0.38055288791656494,0.11757352203130722,0.28485625982284546,0.2265949696302414],[0.5191991329193115,1.0,0.6058225035667419,0.6599419116973877,0.1459902673959732,0.3350534439086914,0.3251884877681732,0.21174778044223785,0.17245370149612427,0.3244399130344391,0.21476846933364868,0.03669260814785957,0.5088897943496704,0.09275379776954651,0.28548866510391235,0.27034878730773926],[0.5310593843460083,0.6058225035667419,1.0,0.5378231406211853,0.3198561370372772,0.3756321966648102,0.37901967763900757,0.21664965152740479,0.2715325653553009,0.2713128924369812,0.21660637855529785,0.07839255779981613,0.4597600996494293,0.09868475049734116,0.21761801838874817,0.26020029187202454],[0.4680691361427307,0.6599419116973877,0.5378231406211853,1.0,0.24915286898612976,0.3168966472148895,0.3211945593357086,0.18372809886932373,0.18535016477108002,0.3072624206542969,0.21593917906284332,0.08713070303201675,0.4166599214076996,0.14346620440483093,0.23247215151786804,0.25051018595695496],[0.18318292498588562,0.1459902673959732,0.3198561370372772,0.24915286898612976,1.0,0.43571972846984863,0.38368794322013855,0.44486042857170105,0.28107690811157227,0.29020166397094727,0.1919492930173874,0.23555313050746918,0.2570650279521942,0.21116028726100922,0.21005527675151825,0.21691890060901642],[0.2489824891090393,0.3350534439086914,0.3756321966648102,0.3168966472148895,0.43571972846984863,1.0,0.4088152348995209,0.2848231792449951,0.18569932878017426,0.20970770716667175,0.23142987489700317,0.10630788654088974,0.3154487609863281,0.10451354831457138,0.3318789303302765,0.22534707188606262],[0.32015517354011536,0.3251884877681732,0.37901967763900757,0.3211945593357086,0.38368794322013855,0.4088152348995209,1.0,0.3199274241924286,0.20561303198337555,0.32058605551719666,0.22618189454078674,0.19559118151664734,0.44966253638267517,0.11670014262199402,0.3067680895328522,0.22753141820430756],[0.1761711835861206,0.21174778044223785,0.21664965152740479,0.18372809886932373,0.44486042857170105,0.2848231792449951,0.3199274241924286,1.0,0.3119909167289734,0.31628891825675964,0.30119675397872925,0.41754138469696045,0.26606279611587524,0.42277464270591736,0.15388169884681702,0.19957661628723145],[0.13795287907123566,0.17245370149612427,0.2715325653553009,0.18535016477108002,0.28107690811157227,0.18569932878017426,0.20561303198337555,0.3119909167289734,1.0,0.2512722909450531,0.4370846450328827,0.43407484889030457,0.1928648203611374,0.46157440543174744,0.1427161693572998,0.2588312327861786],[0.17884011566638947,0.3244399130344391,0.2713128924369812,0.3072624206542969,0.29020166397094727,0.20970770716667175,0.32058605551719666,0.31628891825675964,0.2512722909450531,1.0,0.28614500164985657,0.38469594717025757,0.38911423087120056,0.27202966809272766,0.24767468869686127,0.24661807715892792],[0.2320701777935028,0.21476846933364868,0.21660637855529785,0.21593917906284332,0.1919492930173874,0.23142987489700317,0.22618189454078674,0.30119675397872925,0.4370846450328827,0.28614500164985657,1.0,0.4085955321788788,0.2626573443412781,0.33708488941192627,0.27903515100479126,0.31002092361450195],[0.09686960279941559,0.03669260814785957,0.07839255779981613,0.08713070303201675,0.23555313050746918,0.10630788654088974,0.19559118151664734,0.41754138469696045,0.43407484889030457,0.38469594717025757,0.4085955321788788,1.0,0.18018533289432526,0.48719674348831177,0.13273578882217407,0.12317713350057602],[0.38055288791656494,0.5088897943496704,0.4597600996494293,0.4166599214076996,0.2570650279521942,0.3154487609863281,0.44966253638267517,0.26606279611587524,0.1928648203611374,0.38911423087120056,0.2626573443412781,0.18018533289432526,1.0,0.10074583441019058,0.3174755573272705,0.2830953001976013],[0.11757352203130722,0.09275379776954651,0.09868475049734116,0.14346620440483093,0.21116028726100922,0.10451354831457138,0.11670014262199402,0.42277464270591736,0.46157440543174744,0.27202966809272766,0.33708488941192627,0.48719674348831177,0.10074583441019058,1.0,0.17457184195518494,0.20455008745193481],[0.28485625982284546,0.28548866510391235,0.21761801838874817,0.23247215151786804,0.21005527675151825,0.3318789303302765,0.3067680895328522,0.15388169884681702,0.1427161693572998,0.24767468869686127,0.27903515100479126,0.13273578882217407,0.3174755573272705,0.17457184195518494,1.0,0.40528804063796997],[0.2265949696302414,0.27034878730773926,0.26020029187202454,0.25051018595695496,0.21691890060901642,0.22534707188606262,0.22753141820430756,0.19957661628723145,0.2588312327861786,0.24661807715892792,0.31002092361450195,0.12317713350057602,0.2830953001976013,0.20455008745193481,0.40528804063796997,1.0]]}