{
  "game_number": 409,
  "words": [
    "CLEAR",
    "DRAIN",
    "EMPTY",
    "FLUSH",
    "CIGARETTE",
    "PENCIL",
    "TICKET",
    "TOE",
    "AMERICAN",
    "FEVER",
    "LUCID",
    "PIPE",
    "HANGAR",
    "RUNWAY",
    "TARMAC",
    "TERMINAL"
  ],
  "adjacency_matrix": [
    [
      1.0,
      0.3637477457523346,
      0.4703274965286255,
      0.44048452377319336,
      0.19662360846996307,
      0.30734607577323914,
      0.29864126443862915,
      0.24113017320632935,
      0.22759288549423218,
      0.26145702600479126,
      0.5468336343765259,
      0.3159136474132538,
      0.2642553746700287,
      0.3157846927642822,
      0.27937474846839905,
      0.34333816170692444
    ],
    [
      0.3637477457523346,
      0.9999999403953552,
      0.4551539719104767,
      0.6260558366775513,
      0.2692737281322479,
      0.28867673873901367,
      0.2853774428367615,
      0.36612045764923096,
      0.24764183163642883,
      0.33801960945129395,
      0.15598879754543304,
      0.48702460527420044,
      0.30674251914024353,
      0.29732561111450195,
      0.3145740330219269,
      0.3766169548034668
    ],
    [
      0.4703274965286255,
      0.4551539719104767,
      1.0000001192092896,
      0.47548967599868774,
      0.2901569604873657,
      0.29973286390304565,
      0.3344612419605255,
      0.21477657556533813,
      0.2589607834815979,
      0.24421606957912445,
      0.2743305265903473,
      0.3977009356021881,
      0.41761577129364014,
      0.304669588804245,
      0.3300672769546509,
      0.42999783158302307
    ],
    [
      0.44048452377319336,
      0.6260558366775513,
      0.47548967599868774,
      1.0,
      0.31089943647384644,
      0.3538866639137268,
      0.34756845235824585,
      0.37934479117393494,
      0.3075892925262451,
      0.35322698950767517,
      0.27545082569122314,
      0.4723614454269409,
      0.3024369776248932,
      0.36211860179901123,
      0.30956771969795227,
      0.42600712180137634
    ],
    [
      0.19662360846996307,
      0.2692737281322479,
      0.2901569604873657,
      0.31089943647384644,
      0.9999999403953552,
      0.402468204498291,
      0.34804484248161316,
      0.2867461144924164,
      0.2648555636405945,
      0.23377682268619537,
      0.19259358942508698,
      0.5194858908653259,
      0.21418160200119019,
      0.22242943942546844,
      0.19933532178401947,
      0.30154165625572205
    ],
    [
      0.30734607577323914,
      0.28867673873901367,
      0.29973286390304565,
      0.3538866639137268,
      0.402468204498291,
      1.0,
      0.3256910741329193,
      0.38144704699516296,
      0.1835954636335373,
      0.3084762692451477,
      0.2534216344356537,
      0.3612804710865021,
      0.26034286618232727,
      0.25511911511421204,
      0.2571375072002411,
      0.33758172392845154
    ],
    [
      0.29864126443862915,
      0.2853774428367615,
      0.3344612419605255,
      0.34756845235824585,
      0.34804484248161316,
      0.3256910741329193,
      0.9999999403953552,
      0.27821826934814453,
      0.23292529582977295,
      0.3366124629974365,
      0.16789881885051727,
      0.3356195092201233,
      0.32804349064826965,
      0.31254541873931885,
      0.2824515700340271,
      0.42686429619789124
    ],
    [
      0.24113017320632935,
      0.36612045764923096,
      0.21477657556533813,
      0.37934479117393494,
      0.2867461144924164,
      0.38144704699516296,
      0.27821826934814453,
      0.9999999403953552,
      0.21832911670207977,
      0.24583062529563904,
      0.11417756229639053,
      0.40809231996536255,
      0.21756364405155182,
      0.35185399651527405,
      0.24643956124782562,
      0.29848262667655945
    ],
    [
      0.22759288549423218,
      0.24764183163642883,
      0.2589607834815979,
      0.3075892925262451,
      0.2648555636405945,
      0.1835954636335373,
      0.23292529582977295,
      0.21832911670207977,
      1.0,
      0.22386881709098816,
      0.23747894167900085,
      0.24143622815608978,
      0.20385654270648956,
      0.1981097012758255,
      0.14708350598812103,
      0.30829668045043945
    ],
    [
      0.26145702600479126,
      0.33801960945129395,
      0.24421606957912445,
      0.35322698950767517,
      0.23377682268619537,
      0.3084762692451477,
      0.3366124629974365,
      0.24583062529563904,
      0.22386881709098816,
      1.0,
      0.22107556462287903,
      0.21213661134243011,
      0.1359158456325531,
      0.1460440456867218,
      0.21921105682849884,
      0.29373699426651
    ],
    [
      0.5468336343765259,
      0.15598879754543304,
      0.2743305265903473,
      0.27545082569122314,
      0.19259358942508698,
      0.2534216344356537,
      0.16789881885051727,
      0.11417756229639053,
      0.23747894167900085,
      0.22107556462287903,
      1.0,
      0.18556427955627441,
      0.09601383656263351,
      0.1029357984662056,
      0.09770268946886063,
      0.21323753893375397
    ],
    [
      0.3159136474132538,
      0.48702460527420044,
      0.3977009356021881,
      0.4723614454269409,
      0.5194858908653259,
      0.3612804710865021,
      0.3356195092201233,
      0.40809231996536255,
      0.24143622815608978,
      0.21213661134243011,
      0.18556427955627441,
      1.0,
      0.2859621047973633,
      0.24613377451896667,
      0.23428456485271454,
      0.39926618337631226
    ],
    [
      0.2642553746700287,
      0.30674251914024353,
      0.41761577129364014,
      0.3024369776248932,
      0.21418160200119019,
      0.26034286618232727,
      0.32804349064826965,
      0.21756364405155182,
      0.20385654270648956,
      0.1359158456325531,
      0.09601383656263351,
      0.2859621047973633,
      1.0,
      0.5576293468475342,
      0.5278749465942383,
      0.47334417700767517
    ],
    [
      0.3157846927642822,
      0.29732561111450195,
      0.304669588804245,
      0.36211860179901123,
      0.22242943942546844,
      0.25511911511421204,
      0.31254541873931885,
      0.35185399651527405,
      0.1981097012758255,
      0.1460440456867218,
      0.1029357984662056,
      0.24613377451896667,
      0.5576293468475342,
      0.9999999403953552,
      0.5993426442146301,
      0.4212077856063843
    ],
    [
      0.27937474846839905,
      0.3145740330219269,
      0.3300672769546509,
      0.30956771969795227,
      0.19933532178401947,
      0.2571375072002411,
      0.2824515700340271,
      0.24643956124782562,
      0.14708350598812103,
      0.21921105682849884,
      0.09770268946886063,
      0.23428456485271454,
      0.5278749465942383,
      0.5993426442146301,
      1.0,
      0.408346951007843
    ],
    [
      0.34333816170692444,
      0.3766169548034668,
      0.42999783158302307,
      0.42600712180137634,
      0.30154165625572205,
      0.33758172392845154,
      0.42686429619789124,
      0.29848262667655945,
      0.30829668045043945,
      0.29373699426651,
      0.21323753893375397,
      0.39926618337631226,
      0.47334417700767517,
      0.4212077856063843,
      0.408346951007843,
      1.0
    ]
  ]
}