{"game_number":29,"words":["ATTRACTION","CHEMISTRY","FIREWORKS","SPARKS","CACHE","COOKIES","DATA","HISTORY","CYCLE","LAP","TURN","REVOLUTION","BAR","DINNER","LIBERTY","TINKER"],"adjacency_matrix":[[0.9999999403953552,0.37681663036346436,0.3224092721939087,0.45447754859924316,0.24825893342494965,0.21582894027233124,0.2790703773498535,0.3586183190345764,0.37545499205589294,0.2134772092103958,0.4055233895778656,0.3630993664264679,0.3208933472633362,0.2969190180301666,0.29328739643096924,0.21785259246826172],[0.37681663036346436,0.9999999403953552,0.38592249155044556,0.3399992883205414,0.2706679701805115,0.2360990047454834,0.36260759830474854,0.5252690315246582,0.38337016105651855,0.16881872713565826,0.26964184641838074,0.42710089683532715,0.2893592417240143,0.292604923248291,0.2792591452598572,0.3220032751560211],[0.3224092721939087,0.38592249155044556,0.9999999403953552,0.5468138456344604,0.27547022700309753,0.3582153022289276,0.33252909779548645,0.3084163963794708,0.28024277091026306,0.27897098660469055,0.278242826461792,0.3457135856151581,0.30369827151298523,0.4176160395145416,0.30250731110572815,0.2973543405532837],[0.45447754859924316,0.3399992883205414,0.5468138456344604,1.0,0.2685931622982025,0.26515406370162964,0.3648305833339691,0.2867957055568695,0.3478271961212158,0.25944018363952637,0.37510019540786743,0.4118652641773224,0.31325095891952515,0.282761812210083,0.2744724750518799,0.3210331201553345],[0.24825893342494965,0.2706679701805115,0.27547022700309753,0.2685931622982025,1.0,0.46956536173820496,0.441769003868103,0.3568256199359894,0.30158084630966187,0.2006908357143402,0.2457941770553589,0.22559967637062073,0.2427680641412735,0.2603367269039154,0.16268305480480194,0.243989959359169],[0.21582894027233124,0.2360990047454834,0.3582153022289276,0.26515406370162964,0.46956536173820496,0.9999999403953552,0.378939151763916,0.278493732213974,0.18941211700439453,0.25029242038726807,0.2721058130264282,0.19485297799110413,0.3145262598991394,0.35602566599845886,0.2709071636199951,0.26839759945869446],[0.2790703773498535,0.36260759830474854,0.33252909779548645,0.3648305833339691,0.441769003868103,0.378939151763916,1.0,0.4599769115447998,0.41201052069664,0.2639304995536804,0.35248109698295593,0.30093491077423096,0.26465997099876404,0.2545260488986969,0.24191871285438538,0.21774746477603912],[0.3586183190345764,0.5252690315246582,0.3084163963794708,0.2867957055568695,0.3568256199359894,0.278493732213974,0.4599769115447998,1.0,0.45607319474220276,0.3005326986312866,0.37888744473457336,0.49073606729507446,0.2556425929069519,0.292738676071167,0.4088209867477417,0.24327434599399567],[0.37545499205589294,0.38337016105651855,0.28024277091026306,0.3478271961212158,0.30158084630966187,0.18941211700439453,0.41201052069664,0.45607319474220276,1.0,0.3782618045806885,0.4602215886116028,0.44947412610054016,0.22550995647907257,0.3139381408691406,0.2602461278438568,0.3153783977031708],[0.2134772092103958,0.16881872713565826,0.27897098660469055,0.25944018363952637,0.2006908357143402,0.25029242038726807,0.2639304995536804,0.3005326986312866,0.3782618045806885,1.0,0.4410916864871979,0.26946407556533813,0.334720641374588,0.3687140643596649,0.2410825490951538,0.1969684511423111],[0.4055233895778656,0.26964184641838074,0.278242826461792,0.37510019540786743,0.2457941770553589,0.2721058130264282,0.35248109698295593,0.37888744473457336,0.4602215886116028,0.4410916864871979,1.0,0.43736732006073,0.3475286364555359,0.40218693017959595,0.2924152612686157,0.37414804100990295],[0.3630993664264679,0.42710089683532715,0.3457135856151581,0.4118652641773224,0.22559967637062073,0.19485297799110413,0.30093491077423096,0.49073606729507446,0.44947412610054016,0.26946407556533813,0.43736732006073,0.9999999403953552,0.261885404586792,0.2915143370628357,0.4491930305957794,0.2955505847930908],[0.3208933472633362,0.2893592417240143,0.30369827151298523,0.31325095891952515,0.2427680641412735,0.3145262598991394,0.26465997099876404,0.2556425929069519,0.22550995647907257,0.334720641374588,0.3475286364555359,0.261885404586792,1.0,0.4206099808216095,0.2476179003715515,0.2985588014125824],[0.2969190180301666,0.292604923248291,0.4176160395145416,0.282761812210083,0.2603367269039154,0.35602566599845886,0.2545260488986969,0.292738676071167,0.3139381408691406,0.3687140643596649,0.40218693017959595,0.2915143370628357,0.4206099808216095,1.0,0.279503732919693,0.28374865651130676],[0.29328739643096924,0.2792591452598572,0.30250731110572815,0.2744724750518799,0.16268305480480194,0.2709071636199951,0.24191871285438538,0.4088209867477417,0.2602461278438568,0.2410825490951538,0.2924152612686157,0.4491930305957794,0.2476179003715515,0.279503732919693,1.0,0.35862642526626587],[0.21785259246826172,0.3220032751560211,0.2973543405532837,0.3210331201553345,0.243989959359169,0.26839759945869446,0.21774746477603912,0.24327434599399567,0.3153783977031708,0.1969684511423111,0.37414804100990295,0.2955505847930908,0.2985588014125824,0.28374865651130676,0.35862642526626587,1.0]]}