{"game_number":246,"words":["EW","ICK","PU","UGH","O","OK","US","W","HAI","JA","SI","DA","OUI","WE","WEE","WII"],"adjacency_matrix":[[1.0,0.4631696939468384,0.4403237998485565,0.48458394408226013,0.5226729512214661,0.17633949220180511,-0.0010957696940749884,0.4501153826713562,0.36730363965034485,0.3226858377456665,0.31790974736213684,0.31865063309669495,0.2973005175590515,0.023836173117160797,0.19120444357395172,0.32907357811927795],[0.4631696939468384,1.0,0.2936338186264038,0.6359889507293701,0.3038347065448761,0.2949363589286804,0.16733171045780182,0.22293856739997864,0.2944621741771698,0.2505829930305481,0.19181948900222778,0.2572437822818756,0.2691171169281006,0.1756974756717682,0.3803892731666565,0.26813533902168274],[0.4403237998485565,0.2936338186264038,1.0,0.30126702785491943,0.5179160833358765,0.15160441398620605,0.013762852177023888,0.49553629755973816,0.3850240409374237,0.4042280912399292,0.4900306463241577,0.3225630223751068,0.4560999572277069,0.07489573210477829,0.17430844902992249,0.39682045578956604],[0.48458394408226013,0.6359889507293701,0.30126702785491943,1.0,0.28691574931144714,0.4776803255081177,0.19741816818714142,0.2240191251039505,0.3220897912979126,0.2331884652376175,0.23225851356983185,0.23052054643630981,0.30155059695243835,0.29995083808898926,0.3519308865070343,0.29150626063346863],[0.5226729512214661,0.3038347065448761,0.5179160833358765,0.28691574931144714,1.0,0.11193455755710602,-0.07171294838190079,0.803398072719574,0.29950910806655884,0.30674979090690613,0.3596864938735962,0.3665938079357147,0.31807002425193787,0.017779061570763588,0.04065889120101929,0.3409377336502075],[0.17633949220180511,0.2949363589286804,0.15160441398620605,0.4776803255081177,0.11193455755710602,0.9999999403953552,0.39550378918647766,0.023483745753765106,0.28248780965805054,0.20758897066116333,0.32046079635620117,0.2622118890285492,0.23439854383468628,0.466094434261322,0.344071626663208,0.22323830425739288],[-0.0010957696940749884,0.16733171045780182,0.013762852177023888,0.19741816818714142,-0.07171294838190079,0.39550378918647766,1.0,-0.12981575727462769,0.142362579703331,-0.016289306804537773,0.08974570035934448,0.15685470402240753,0.11037109047174454,0.6267114877700806,0.38953980803489685,0.009321790188550949],[0.4501153826713562,0.22293856739997864,0.49553629755973816,0.2240191251039505,0.803398072719574,0.023483745753765106,-0.12981575727462769,1.0,0.20040784776210785,0.262289434671402,0.27089276909828186,0.22760827839374542,0.2471562772989273,0.005899129435420036,-0.08648642152547836,0.3216359317302704],[0.36730363965034485,0.2944621741771698,0.3850240409374237,0.3220897912979126,0.29950910806655884,0.28248780965805054,0.142362579703331,0.20040784776210785,1.0,0.41363003849983215,0.4372292459011078,0.3429889976978302,0.40043550729751587,0.10740472376346588,0.2668359875679016,0.2856966257095337],[0.3226858377456665,0.2505829930305481,0.4042280912399292,0.2331884652376175,0.30674979090690613,0.20758897066116333,-0.016289306804537773,0.262289434671402,0.41363003849983215,1.0,0.514702558517456,0.4407532513141632,0.39168795943260193,0.013177028857171535,0.13202321529388428,0.29247021675109863],[0.31790974736213684,0.19181948900222778,0.4900306463241577,0.23225851356983185,0.3596864938735962,0.32046079635620117,0.08974570035934448,0.27089276909828186,0.4372292459011078,0.514702558517456,1.0,0.44973111152648926,0.4277407228946686,0.12559790909290314,0.22185957431793213,0.28333809971809387],[0.31865063309669495,0.2572437822818756,0.3225630223751068,0.23052054643630981,0.3665938079357147,0.2622118890285492,0.15685470402240753,0.22760827839374542,0.3429889976978302,0.4407532513141632,0.44973111152648926,1.0,0.3293589651584625,0.08657152950763702,0.19242504239082336,0.2324191778898239],[0.2973005175590515,0.2691171169281006,0.4560999572277069,0.30155059695243835,0.31807002425193787,0.23439854383468628,0.11037109047174454,0.2471562772989273,0.40043550729751587,0.39168795943260193,0.4277407228946686,0.3293589651584625,1.0,0.14955805242061615,0.3419341444969177,0.2956465780735016],[0.023836173117160797,0.1756974756717682,0.07489573210477829,0.29995083808898926,0.017779061570763588,0.466094434261322,0.6267114877700806,0.005899129435420036,0.10740472376346588,0.013177028857171535,0.12559790909290314,0.08657152950763702,0.14955805242061615,0.9999999403953552,0.3025454580783844,0.10684949159622192],[0.19120444357395172,0.3803892731666565,0.17430844902992249,0.3519308865070343,0.04065889120101929,0.344071626663208,0.38953980803489685,-0.08648642152547836,0.2668359875679016,0.13202321529388428,0.22185957431793213,0.19242504239082336,0.3419341444969177,0.3025454580783844,0.9999999403953552,0.27216407656669617],[0.32907357811927795,0.26813533902168274,0.39682045578956604,0.29150626063346863,0.3409377336502075,0.22323830425739288,0.009321790188550949,0.3216359317302704,0.2856966257095337,0.29247021675109863,0.28333809971809387,0.2324191778898239,0.2956465780735016,0.10684949159622192,0.27216407656669617,1.0]]}