{"game_number":63,"words":["EASY","FLEXIBLE","OPEN","RECEPTIVE","EVIL","LIVE","VEIL","VILE","AMAZING","BEGINNER","GENIUS","SOLID","LIT","SCENTED","WAXY","WICKED"],"adjacency_matrix":[[1.0,0.5857179164886475,0.5322071313858032,0.42598408460617065,0.38349902629852295,0.3807562291622162,0.2238386571407318,0.3725144863128662,0.5130091905593872,0.46936583518981934,0.3408726155757904,0.5161029696464539,0.25829198956489563,0.30776217579841614,0.2206171751022339,0.3924430012702942],[0.5857179164886475,1.0,0.5614206194877625,0.5239967107772827,0.23322544991970062,0.3599247634410858,0.27186110615730286,0.29482507705688477,0.3987652361392975,0.29532578587532043,0.3040262460708618,0.5547856688499451,0.2857961058616638,0.33431145548820496,0.3410413861274719,0.29774636030197144],[0.5322071313858032,0.5614206194877625,1.0,0.5258108973503113,0.30418816208839417,0.5055965781211853,0.3748810291290283,0.3153611719608307,0.3727121651172638,0.31013956665992737,0.2583713233470917,0.4304945170879364,0.45394521951675415,0.38272181153297424,0.22769160568714142,0.3405545651912689],[0.42598408460617065,0.5239967107772827,0.5258108973503113,1.0,0.3685896098613739,0.37912076711654663,0.23029854893684387,0.36047297716140747,0.379678338766098,0.3061440587043762,0.3744417726993561,0.46813544631004333,0.3364136815071106,0.4034650921821594,0.3117457926273346,0.36462968587875366],[0.38349902629852295,0.23322544991970062,0.30418816208839417,0.3685896098613739,1.0,0.32970547676086426,0.35822805762290955,0.6161916255950928,0.42474544048309326,0.19292935729026794,0.47882694005966187,0.3164406418800354,0.21841052174568176,0.2483423799276352,0.2403309941291809,0.6969499588012695],[0.3807562291622162,0.3599247634410858,0.5055965781211853,0.37912076711654663,0.32970547676086426,1.0000001192092896,0.3053523898124695,0.3324005603790283,0.3870393633842468,0.2378050833940506,0.29889360070228577,0.4088073670864105,0.38357025384902954,0.26176247000694275,0.1709798276424408,0.4077714681625366],[0.2238386571407318,0.27186110615730286,0.3748810291290283,0.23029854893684387,0.35822805762290955,0.3053523898124695,0.9999999403953552,0.3676861524581909,0.21496227383613586,0.1013617143034935,0.2534058392047882,0.27412861585617065,0.2522660791873932,0.2973636984825134,0.3757539391517639,0.2887594997882843],[0.3725144863128662,0.29482507705688477,0.3153611719608307,0.36047297716140747,0.6161916255950928,0.3324005603790283,0.3676861524581909,1.0000001192092896,0.4798257052898407,0.15156790614128113,0.3938998878002167,0.34384939074516296,0.25150778889656067,0.38633447885513306,0.3653744161128998,0.6008692383766174],[0.5130091905593872,0.3987652361392975,0.3727121651172638,0.379678338766098,0.42474544048309326,0.3870393633842468,0.21496227383613586,0.4798257052898407,0.9999999403953552,0.2774251103401184,0.4889480769634247,0.5041784644126892,0.28078997135162354,0.30656662583351135,0.2303597331047058,0.42115312814712524],[0.46936583518981934,0.29532578587532043,0.31013956665992737,0.3061440587043762,0.19292935729026794,0.2378050833940506,0.1013617143034935,0.15156790614128113,0.2774251103401184,1.0,0.3319273293018341,0.31594517827033997,0.16694261133670807,0.23538179695606232,0.14126889407634735,0.23534902930259705],[0.3408726155757904,0.3040262460708618,0.2583713233470917,0.3744417726993561,0.47882694005966187,0.29889360070228577,0.2534058392047882,0.3938998878002167,0.4889480769634247,0.3319273293018341,0.9999999403953552,0.35491734743118286,0.2375456988811493,0.21635955572128296,0.25837522745132446,0.4326808750629425],[0.5161029696464539,0.5547856688499451,0.4304945170879364,0.46813544631004333,0.3164406418800354,0.4088073670864105,0.27412861585617065,0.34384939074516296,0.5041784644126892,0.31594517827033997,0.35491734743118286,1.0,0.3529662489891052,0.3893710672855377,0.41763943433761597,0.3231032192707062],[0.25829198956489563,0.2857961058616638,0.45394521951675415,0.3364136815071106,0.21841052174568176,0.38357025384902954,0.2522660791873932,0.25150778889656067,0.28078997135162354,0.16694261133670807,0.2375456988811493,0.3529662489891052,1.0,0.4605548679828644,0.20690621435642242,0.29447051882743835],[0.30776217579841614,0.33431145548820496,0.38272181153297424,0.4034650921821594,0.2483423799276352,0.26176247000694275,0.2973636984825134,0.38633447885513306,0.30656662583351135,0.23538179695606232,0.21635955572128296,0.3893710672855377,0.4605548679828644,1.0,0.41700735688209534,0.35952726006507874],[0.2206171751022339,0.3410413861274719,0.22769160568714142,0.3117457926273346,0.2403309941291809,0.1709798276424408,0.3757539391517639,0.3653744161128998,0.2303597331047058,0.14126889407634735,0.25837522745132446,0.41763943433761597,0.20690621435642242,0.41700735688209534,0.9999999403953552,0.2950647473335266],[0.3924430012702942,0.29774636030197144,0.3405545651912689,0.36462968587875366,0.6969499588012695,0.4077714681625366,0.2887594997882843,0.6008692383766174,0.42115312814712524,0.23534902930259705,0.4326808750629425,0.3231032192707062,0.29447051882743835,0.35952726006507874,0.2950647473335266,0.9999999403953552]]}