{"game_number":205,"words":["CROP","POLO","TANK","TEE","BAD","FLY","FRESH","RAD","BEE","EX","GEE","JAY","BOY","BY","CURIOUS","SAINT"],"adjacency_matrix":[[1.0,0.3129726052284241,0.3552989363670349,0.3173789083957672,0.3455013930797577,0.41631004214286804,0.43324196338653564,0.2756562829017639,0.42346546053886414,0.14492039382457733,0.21956966817378998,0.11688033491373062,0.3788045346736908,0.26163503527641296,0.2329789400100708,0.2806730568408966],[0.3129726052284241,0.9999999403953552,0.38545745611190796,0.3482070863246918,0.24234361946582794,0.2105206698179245,0.2757941484451294,0.1286473125219345,0.2571924328804016,0.12820343673229218,0.210427388548851,0.16770479083061218,0.3603651225566864,0.18299095332622528,0.1717802733182907,0.21873746812343597],[0.3552989363670349,0.38545745611190796,1.0,0.31302666664123535,0.3055861294269562,0.318637490272522,0.3608815670013428,0.21998807787895203,0.25681185722351074,0.15056867897510529,0.26534783840179443,0.08963727951049805,0.3210945427417755,0.21135501563549042,0.20291496813297272,0.28714364767074585],[0.3173789083957672,0.3482070863246918,0.31302666664123535,1.0,0.2812829911708832,0.34059658646583557,0.2600715458393097,0.303521066904068,0.35280469059944153,0.18545538187026978,0.3331722915172577,0.23947595059871674,0.3743188977241516,0.25330960750579834,0.21122217178344727,0.26087069511413574],[0.3455013930797577,0.24234361946582794,0.3055861294269562,0.2812829911708832,1.0,0.3217254877090454,0.48648515343666077,0.29023730754852295,0.2833162844181061,0.2336955964565277,0.35329243540763855,0.12958145141601562,0.3627960681915283,0.317112535238266,0.4427027404308319,0.3284192979335785],[0.41631004214286804,0.2105206698179245,0.318637490272522,0.34059658646583557,0.3217254877090454,1.0,0.35764971375465393,0.2642711102962494,0.4779721200466156,0.18527576327323914,0.2873033881187439,0.24271604418754578,0.3593601882457733,0.27954766154289246,0.25311478972435,0.2628626525402069],[0.43324196338653564,0.2757941484451294,0.3608815670013428,0.2600715458393097,0.48648515343666077,0.35764971375465393,1.0,0.2742154896259308,0.2757578194141388,0.15742601454257965,0.22413532435894012,0.08849622309207916,0.308461457490921,0.27059802412986755,0.46371033787727356,0.27543163299560547],[0.2756562829017639,0.1286473125219345,0.21998807787895203,0.303521066904068,0.29023730754852295,0.2642711102962494,0.2742154896259308,1.0,0.20268596708774567,0.2739807665348053,0.3933541178703308,0.2632695734500885,0.27140218019485474,0.15190492570400238,0.21752490103244781,0.2059352695941925],[0.42346546053886414,0.2571924328804016,0.25681185722351074,0.35280469059944153,0.2833162844181061,0.4779721200466156,0.2757578194141388,0.20268596708774567,1.0,0.18191689252853394,0.3344261944293976,0.347027987241745,0.4012647867202759,0.1687941700220108,0.2743600606918335,0.28239697217941284],[0.14492039382457733,0.12820343673229218,0.15056867897510529,0.18545538187026978,0.2336955964565277,0.18527576327323914,0.15742601454257965,0.2739807665348053,0.18191689252853394,1.0,0.24948391318321228,0.24155855178833008,0.2618902623653412,0.20512254536151886,0.1596149057149887,0.24099424481391907],[0.21956966817378998,0.210427388548851,0.26534783840179443,0.3331722915172577,0.35329243540763855,0.2873033881187439,0.22413532435894012,0.3933541178703308,0.3344261944293976,0.24948391318321228,0.9999999403953552,0.39908042550086975,0.4048558473587036,0.20467647910118103,0.3911232054233551,0.26204073429107666],[0.11688033491373062,0.16770479083061218,0.08963727951049805,0.23947595059871674,0.12958145141601562,0.24271604418754578,0.08849622309207916,0.2632695734500885,0.347027987241745,0.24155855178833008,0.39908042550086975,0.9999999403953552,0.33810335397720337,0.1512276977300644,0.1501891016960144,0.28035420179367065],[0.3788045346736908,0.3603651225566864,0.3210945427417755,0.3743188977241516,0.3627960681915283,0.3593601882457733,0.308461457490921,0.27140218019485474,0.4012647867202759,0.2618902623653412,0.4048558473587036,0.33810335397720337,1.0,0.3092869520187378,0.39239606261253357,0.4333105981349945],[0.26163503527641296,0.18299095332622528,0.21135501563549042,0.25330960750579834,0.317112535238266,0.27954766154289246,0.27059802412986755,0.15190492570400238,0.1687941700220108,0.20512254536151886,0.20467647910118103,0.1512276977300644,0.3092869520187378,1.0,0.3090900778770447,0.2567560374736786],[0.2329789400100708,0.1717802733182907,0.20291496813297272,0.21122217178344727,0.4427027404308319,0.25311478972435,0.46371033787727356,0.21752490103244781,0.2743600606918335,0.1596149057149887,0.3911232054233551,0.1501891016960144,0.39239606261253357,0.3090900778770447,1.0,0.2885584831237793],[0.2806730568408966,0.21873746812343597,0.28714364767074585,0.26087069511413574,0.3284192979335785,0.2628626525402069,0.27543163299560547,0.2059352695941925,0.28239697217941284,0.24099424481391907,0.26204073429107666,0.28035420179367065,0.4333105981349945,0.2567560374736786,0.2885584831237793,1.0]]}