{"game_number":164,"words":["CANARY","FINK","RAT","SNITCH","JAM","PACK","SQUEEZE","STUFF","CAT","COW","MOUNTAIN","TRIANGLE","BUTTER","DRAGON","FIRE","HORSE"],"adjacency_matrix":[[1.0,0.4129537343978882,0.4622431993484497,0.3641294240951538,0.23074908554553986,0.2715201675891876,0.2942343056201935,0.26837819814682007,0.46761637926101685,0.36902832984924316,0.35360461473464966,0.3116149604320526,0.24206842482089996,0.4306735098361969,0.3073037564754486,0.3130990266799927],[0.4129537343978882,1.0,0.49637728929519653,0.5252329111099243,0.32345184683799744,0.3788784146308899,0.3742806315422058,0.46317577362060547,0.38505882024765015,0.3369264602661133,0.24363701045513153,0.33602064847946167,0.2756193280220032,0.3527371287345886,0.35194161534309387,0.32308152318000793],[0.4622431993484497,0.49637728929519653,1.0,0.4951743483543396,0.2768402695655823,0.4486655592918396,0.3549436926841736,0.36996960639953613,0.5887805223464966,0.4867934584617615,0.3586302399635315,0.3643374741077423,0.35428333282470703,0.43869537115097046,0.37489455938339233,0.44964706897735596],[0.3641294240951538,0.5252329111099243,0.4951743483543396,0.9999999403953552,0.33856329321861267,0.36237603425979614,0.3729821741580963,0.3569384813308716,0.3093002736568451,0.3046759068965912,0.23281855881214142,0.3558349013328552,0.2852776348590851,0.38056838512420654,0.3236256539821625,0.2651051878929138],[0.23074908554553986,0.32345184683799744,0.2768402695655823,0.33856329321861267,1.0,0.3907833993434906,0.49057459831237793,0.3580784797668457,0.21617282927036285,0.2791319489479065,0.2661758065223694,0.3203456699848175,0.4553963243961334,0.20293574035167694,0.3072570562362671,0.1690925508737564],[0.2715201675891876,0.3788784146308899,0.4486655592918396,0.36237603425979614,0.3907833993434906,1.0,0.5098546147346497,0.45810481905937195,0.39287805557250977,0.34400123357772827,0.4349900186061859,0.32385626435279846,0.32344335317611694,0.36799338459968567,0.42017385363578796,0.40256139636039734],[0.2942343056201935,0.3742806315422058,0.3549436926841736,0.3729821741580963,0.49057459831237793,0.5098546147346497,1.0,0.4013788104057312,0.3281179666519165,0.3485138714313507,0.3077615201473236,0.42898672819137573,0.3974436819553375,0.35323241353034973,0.36595281958580017,0.2811236083507538],[0.26837819814682007,0.46317577362060547,0.36996960639953613,0.3569384813308716,0.3580784797668457,0.45810481905937195,0.4013788104057312,1.0,0.37201762199401855,0.3297509253025055,0.3765014111995697,0.34175676107406616,0.40501418709754944,0.350374698638916,0.33628833293914795,0.33177250623703003],[0.46761637926101685,0.38505882024765015,0.5887805223464966,0.3093002736568451,0.21617282927036285,0.39287805557250977,0.3281179666519165,0.37201762199401855,1.0,0.4518999755382538,0.35961106419563293,0.2910343110561371,0.256327360868454,0.42502838373184204,0.30805131793022156,0.4614456295967102],[0.36902832984924316,0.3369264602661133,0.4867934584617615,0.3046759068965912,0.2791319489479065,0.34400123357772827,0.3485138714313507,0.3297509253025055,0.4518999755382538,1.0,0.42669081687927246,0.3304973542690277,0.4885387122631073,0.4450521469116211,0.3129083812236786,0.6014713644981384],[0.35360461473464966,0.24363701045513153,0.3586302399635315,0.23281855881214142,0.2661758065223694,0.4349900186061859,0.3077615201473236,0.3765014111995697,0.35961106419563293,0.42669081687927246,0.9999999403953552,0.407297819852829,0.3365241289138794,0.47300732135772705,0.4235454797744751,0.47500914335250854],[0.3116149604320526,0.33602064847946167,0.3643374741077423,0.3558349013328552,0.3203456699848175,0.32385626435279846,0.42898672819137573,0.34175676107406616,0.2910343110561371,0.3304973542690277,0.407297819852829,1.0,0.38385114073753357,0.41607803106307983,0.35888540744781494,0.28665757179260254],[0.24206842482089996,0.2756193280220032,0.35428333282470703,0.2852776348590851,0.4553963243961334,0.32344335317611694,0.3974436819553375,0.40501418709754944,0.256327360868454,0.4885387122631073,0.3365241289138794,0.38385114073753357,1.0,0.3060706853866577,0.34114113450050354,0.353095144033432],[0.4306735098361969,0.3527371287345886,0.43869537115097046,0.38056838512420654,0.20293574035167694,0.36799338459968567,0.35323241353034973,0.350374698638916,0.42502838373184204,0.4450521469116211,0.47300732135772705,0.41607803106307983,0.3060706853866577,1.0,0.4291892945766449,0.48369452357292175],[0.3073037564754486,0.35194161534309387,0.37489455938339233,0.3236256539821625,0.3072570562362671,0.42017385363578796,0.36595281958580017,0.33628833293914795,0.30805131793022156,0.3129083812236786,0.4235454797744751,0.35888540744781494,0.34114113450050354,0.4291892945766449,1.0,0.3714601695537567],[0.3130990266799927,0.32308152318000793,0.44964706897735596,0.2651051878929138,0.1690925508737564,0.40256139636039734,0.2811236083507538,0.33177250623703003,0.4614456295967102,0.6014713644981384,0.47500914335250854,0.28665757179260254,0.353095144033432,0.48369452357292175,0.3714601695537567,1.0]]}