{"game_number":317,"words":["RISK","SORRY","TABOO","TROUBLE","BUSINESS","NATIONAL","OPINION","STYLE","ATLAS","HERMES","NIKE","PARIS","FOXY","GUCCI","KILLER","NOTORIOUS"],"adjacency_matrix":[[1.0000001192092896,0.3447607159614563,0.38228631019592285,0.5710596442222595,0.4512934684753418,0.3913975656032562,0.3948131501674652,0.341686487197876,0.14845527708530426,0.2594575881958008,0.09024471044540405,0.1763184368610382,0.19702599942684174,0.14029599726200104,0.3563618063926697,0.3786950409412384],[0.3447607159614563,1.0,0.3026827871799469,0.5333651304244995,0.3068036437034607,0.19738589227199554,0.4048865735530853,0.25589919090270996,0.16301879286766052,0.31082943081855774,0.1756935864686966,0.21834376454353333,0.3147038519382477,0.2058333456516266,0.26554548740386963,0.36200353503227234],[0.38228631019592285,0.3026827871799469,0.9999999403953552,0.31918758153915405,0.33071622252464294,0.36231955885887146,0.334500789642334,0.32228171825408936,0.12937137484550476,0.22847461700439453,0.1522037386894226,0.19364182651042938,0.23281797766685486,0.05012299865484238,0.2424665093421936,0.42271488904953003],[0.5710596442222595,0.5333651304244995,0.31918758153915405,1.0,0.4606590270996094,0.32271021604537964,0.38576540350914,0.2951344847679138,0.18091538548469543,0.3105081021785736,0.16199688613414764,0.25194624066352844,0.23288683593273163,0.14944322407245636,0.32577115297317505,0.4519345462322235],[0.4512934684753418,0.3068036437034607,0.33071622252464294,0.4606590270996094,1.0,0.5089863538742065,0.44425374269485474,0.4733239710330963,0.24701152741909027,0.3423871099948883,0.20572395622730255,0.3078348636627197,0.24446508288383484,0.1667967587709427,0.3526606261730194,0.35678642988204956],[0.3913975656032562,0.19738589227199554,0.36231955885887146,0.32271021604537964,0.5089863538742065,1.0,0.4265517592430115,0.4166140854358673,0.30211544036865234,0.26372990012168884,0.14198528230190277,0.24502229690551758,0.207365483045578,0.08492640405893326,0.28881826996803284,0.4001995921134949],[0.3948131501674652,0.4048865735530853,0.334500789642334,0.38576540350914,0.44425374269485474,0.4265517592430115,1.0,0.48395466804504395,0.2334820032119751,0.2874104976654053,0.14351558685302734,0.25455063581466675,0.26401951909065247,0.15562206506729126,0.3016495704650879,0.3760676085948944],[0.341686487197876,0.25589919090270996,0.32228171825408936,0.2951344847679138,0.4733239710330963,0.4166140854358673,0.48395466804504395,1.0,0.19298909604549408,0.31284138560295105,0.23562844097614288,0.25070813298225403,0.30572807788848877,0.18762433528900146,0.34103068709373474,0.32718953490257263],[0.14845527708530426,0.16301879286766052,0.12937137484550476,0.18091538548469543,0.24701152741909027,0.30211544036865234,0.2334820032119751,0.19298909604549408,1.0,0.3244307041168213,0.22298377752304077,0.3490697145462036,0.11506221443414688,0.1864491105079651,0.22034183144569397,0.14476639032363892],[0.2594575881958008,0.31082943081855774,0.22847461700439453,0.3105081021785736,0.3423871099948883,0.26372990012168884,0.2874104976654053,0.31284138560295105,0.3244307041168213,1.0,0.40050095319747925,0.4749053120613098,0.2825126647949219,0.4669420123100281,0.34946271777153015,0.32525718212127686],[0.09024471044540405,0.1756935864686966,0.1522037386894226,0.16199688613414764,0.20572395622730255,0.14198528230190277,0.14351558685302734,0.23562844097614288,0.22298377752304077,0.40050095319747925,1.0,0.3419680595397949,0.3353661000728607,0.577651858329773,0.22263549268245697,0.1538296937942505],[0.1763184368610382,0.21834376454353333,0.19364182651042938,0.25194624066352844,0.3078348636627197,0.24502229690551758,0.25455063581466675,0.25070813298225403,0.3490697145462036,0.4749053120613098,0.3419680595397949,1.0,0.27495744824409485,0.34929925203323364,0.23098158836364746,0.21063533425331116],[0.19702599942684174,0.3147038519382477,0.23281797766685486,0.23288683593273163,0.24446508288383484,0.207365483045578,0.26401951909065247,0.30572807788848877,0.11506221443414688,0.2825126647949219,0.3353661000728607,0.27495744824409485,1.0,0.4174107611179352,0.34985601902008057,0.35823681950569153],[0.14029599726200104,0.2058333456516266,0.05012299865484238,0.14944322407245636,0.1667967587709427,0.08492640405893326,0.15562206506729126,0.18762433528900146,0.1864491105079651,0.4669420123100281,0.577651858329773,0.34929925203323364,0.4174107611179352,1.0,0.2820466160774231,0.16946528851985931],[0.3563618063926697,0.26554548740386963,0.2424665093421936,0.32577115297317505,0.3526606261730194,0.28881826996803284,0.3016495704650879,0.34103068709373474,0.22034183144569397,0.34946271777153015,0.22263549268245697,0.23098158836364746,0.34985601902008057,0.2820466160774231,0.9999999403953552,0.44466304779052734],[0.3786950409412384,0.36200353503227234,0.42271488904953003,0.4519345462322235,0.35678642988204956,0.4001995921134949,0.3760676085948944,0.32718953490257263,0.14476639032363892,0.32525718212127686,0.1538296937942505,0.21063533425331116,0.35823681950569153,0.16946528851985931,0.44466304779052734,1.0]]}