{"game_number":379,"words":["HAIL","RAIN","SLEET","SNOW","BUCKS","HEAT","JAZZ","NETS","OPTION","RETURN","SHIFT","TAB","KAYAK","LEVEL","MOM","RACECAR"],"adjacency_matrix":[[1.0,0.5747758150100708,0.49727892875671387,0.46919798851013184,0.26585134863853455,0.3881045877933502,0.2315089851617813,0.2729339599609375,0.16692419350147247,0.38913896679878235,0.2048463523387909,0.15190066397190094,0.1284978985786438,0.23644985258579254,0.252296507358551,0.20688855648040771],[0.5747758150100708,1.0,0.5980952978134155,0.6733648180961609,0.2398844063282013,0.5093408823013306,0.2434823364019394,0.3199434280395508,0.19067633152008057,0.3829352557659149,0.31408947706222534,0.12143521010875702,0.22295533120632172,0.3210194408893585,0.18539762496948242,0.27948471903800964],[0.49727892875671387,0.5980952978134155,1.0,0.6455492377281189,0.18989931046962738,0.32708799839019775,0.31327134370803833,0.22243303060531616,0.13712488114833832,0.11539202183485031,0.1939365565776825,0.10094483941793442,0.2381593883037567,0.20384520292282104,0.2304503172636032,0.3051965832710266],[0.46919798851013184,0.6733648180961609,0.6455492377281189,1.0,0.28208696842193604,0.4778292179107666,0.27666085958480835,0.3490521311759949,0.25232717394828796,0.30749937891960144,0.27048373222351074,0.16595958173274994,0.31827375292778015,0.3442864716053009,0.2488531470298767,0.33059749007225037],[0.26585134863853455,0.2398844063282013,0.18989931046962738,0.28208696842193604,1.0,0.2534997761249542,0.2089630365371704,0.3250952959060669,0.27176934480667114,0.27932286262512207,0.33709830045700073,0.2474210113286972,0.15942689776420593,0.2443140298128128,0.33026161789894104,0.2201303392648697],[0.3881045877933502,0.5093408823013306,0.32708799839019775,0.4778292179107666,0.2534997761249542,1.0,0.2836066484451294,0.320077121257782,0.298312783241272,0.41384392976760864,0.36308011412620544,0.23765429854393005,0.1984131932258606,0.4084949195384979,0.20378409326076508,0.2842300534248352],[0.2315089851617813,0.2434823364019394,0.31327134370803833,0.27666085958480835,0.2089630365371704,0.2836066484451294,1.0,0.20945364236831665,0.24562931060791016,0.2367066740989685,0.26221853494644165,0.22922375798225403,0.2282101809978485,0.267788827419281,0.30661460757255554,0.3455834984779358],[0.2729339599609375,0.3199434280395508,0.22243303060531616,0.3490521311759949,0.3250952959060669,0.320077121257782,0.20945364236831665,1.0,0.24106764793395996,0.36255326867103577,0.30061307549476624,0.20174181461334229,0.29267561435699463,0.30752506852149963,0.2112385481595993,0.23850367963314056],[0.16692419350147247,0.19067633152008057,0.13712488114833832,0.25232717394828796,0.27176934480667114,0.298312783241272,0.24562931060791016,0.24106764793395996,0.9999999403953552,0.47254759073257446,0.3800828754901886,0.4792965352535248,0.16910603642463684,0.42203986644744873,0.26639747619628906,0.24134404957294464],[0.38913896679878235,0.3829352557659149,0.11539202183485031,0.30749937891960144,0.27932286262512207,0.41384392976760864,0.2367066740989685,0.36255326867103577,0.47254759073257446,1.0,0.4969434142112732,0.25787681341171265,0.19860292971134186,0.4328674077987671,0.2970774173736572,0.20692501962184906],[0.2048463523387909,0.31408947706222534,0.1939365565776825,0.27048373222351074,0.33709830045700073,0.36308011412620544,0.26221853494644165,0.30061307549476624,0.3800828754901886,0.4969434142112732,1.0,0.4111455976963043,0.17689111828804016,0.42401447892189026,0.24105459451675415,0.21578215062618256],[0.15190066397190094,0.12143521010875702,0.10094483941793442,0.16595958173274994,0.2474210113286972,0.23765429854393005,0.22922375798225403,0.20174181461334229,0.4792965352535248,0.25787681341171265,0.4111455976963043,0.9999999403953552,0.15324147045612335,0.3652764856815338,0.19613005220890045,0.15696610510349274],[0.1284978985786438,0.22295533120632172,0.2381593883037567,0.31827375292778015,0.15942689776420593,0.1984131932258606,0.2282101809978485,0.29267561435699463,0.16910603642463684,0.19860292971134186,0.17689111828804016,0.15324147045612335,1.0,0.17436109483242035,0.2845032215118408,0.3892284035682678],[0.23644985258579254,0.3210194408893585,0.20384520292282104,0.3442864716053009,0.2443140298128128,0.4084949195384979,0.267788827419281,0.30752506852149963,0.42203986644744873,0.4328674077987671,0.42401447892189026,0.3652764856815338,0.17436109483242035,1.0,0.23601901531219482,0.24215267598628998],[0.252296507358551,0.18539762496948242,0.2304503172636032,0.2488531470298767,0.33026161789894104,0.20378409326076508,0.30661460757255554,0.2112385481595993,0.26639747619628906,0.2970774173736572,0.24105459451675415,0.19613005220890045,0.2845032215118408,0.23601901531219482,0.9999999403953552,0.3332718312740326],[0.20688855648040771,0.27948471903800964,0.3051965832710266,0.33059749007225037,0.2201303392648697,0.2842300534248352,0.3455834984779358,0.23850367963314056,0.24134404957294464,0.20692501962184906,0.21578215062618256,0.15696610510349274,0.3892284035682678,0.24215267598628998,0.3332718312740326,1.0]]}