{
  "game_number": 321,
  "words": [
    "AB",
    "PEC",
    "QUAD",
    "TRI",
    "DUB",
    "EMO",
    "POP",
    "TRAP",
    "HI",
    "LO",
    "MED",
    "OFF",
    "CRUX",
    "ESSENCE",
    "HEART",
    "SUBSTANCE"
  ],
  "adjacency_matrix": [
    [
      1.0,
      0.3243238627910614,
      0.1671508103609085,
      0.3089599013328552,
      0.02973920665681362,
      0.0563012957572937,
      0.06067440286278725,
      0.0606318935751915,
      0.3003820478916168,
      0.3864145576953888,
      0.15772950649261475,
      0.056923817843198776,
      0.21875198185443878,
      0.09426496177911758,
      0.030359022319316864,
      0.06668619066476822
    ],
    [
      0.3243238627910614,
      1.0,
      0.4042765498161316,
      0.37641021609306335,
      0.1962643265724182,
      0.19122807681560516,
      0.2860293686389923,
      0.25165316462516785,
      0.22818279266357422,
      0.19322875142097473,
      0.24282671511173248,
      0.2621473968029022,
      0.22591137886047363,
      0.1367160975933075,
      0.310512512922287,
      0.16942159831523895
    ],
    [
      0.1671508103609085,
      0.4042765498161316,
      1.0,
      0.44815772771835327,
      0.22550369799137115,
      0.14764828979969025,
      0.2578465938568115,
      0.3299747109413147,
      0.1725521832704544,
      0.1218094453215599,
      0.31825312972068787,
      0.3211093842983246,
      0.24989455938339233,
      0.23573076725006104,
      0.3079608976840973,
      0.21934902667999268
    ],
    [
      0.3089599013328552,
      0.37641021609306335,
      0.44815772771835327,
      0.9999999403953552,
      0.31122955679893494,
      0.2600075602531433,
      0.2652561068534851,
      0.3000473082065582,
      0.33283260464668274,
      0.266076922416687,
      0.40569424629211426,
      0.2793892025947571,
      0.29261282086372375,
      0.26708224415779114,
      0.23626266419887543,
      0.18125738203525543
    ],
    [
      0.02973920665681362,
      0.1962643265724182,
      0.22550369799137115,
      0.31122955679893494,
      1.0000001192092896,
      0.2578444480895996,
      0.38773152232170105,
      0.3163544535636902,
      0.15897932648658752,
      0.14643028378486633,
      0.2016211748123169,
      0.23146487772464752,
      0.16490387916564941,
      0.2608558237552643,
      0.22968873381614685,
      0.21999822556972504
    ],
    [
      0.0563012957572937,
      0.19122807681560516,
      0.14764828979969025,
      0.2600075602531433,
      0.2578444480895996,
      1.0,
      0.41752785444259644,
      0.23415544629096985,
      0.24112224578857422,
      0.13363635540008545,
      0.2556505501270294,
      0.2245127558708191,
      0.21875683963298798,
      0.27348002791404724,
      0.2697978913784027,
      0.2860984206199646
    ],
    [
      0.06067440286278725,
      0.2860293686389923,
      0.2578465938568115,
      0.2652561068534851,
      0.38773152232170105,
      0.41752785444259644,
      0.9999999403953552,
      0.3974415957927704,
      0.22588187456130981,
      0.15085718035697937,
      0.350558340549469,
      0.3997950553894043,
      0.19441576302051544,
      0.2740277051925659,
      0.3620612621307373,
      0.3373176157474518
    ],
    [
      0.0606318935751915,
      0.25165316462516785,
      0.3299747109413147,
      0.3000473082065582,
      0.3163544535636902,
      0.23415544629096985,
      0.3974415957927704,
      1.0,
      0.0801682248711586,
      0.0776897743344307,
      0.2479342371225357,
      0.45893871784210205,
      0.3256065249443054,
      0.4069651663303375,
      0.39568787813186646,
      0.3938240110874176
    ],
    [
      0.3003820478916168,
      0.22818279266357422,
      0.1725521832704544,
      0.33283260464668274,
      0.15897932648658752,
      0.24112224578857422,
      0.22588187456130981,
      0.0801682248711586,
      1.0,
      0.48430362343788147,
      0.2293182760477066,
      0.16719701886177063,
      0.1767498105764389,
      0.16451774537563324,
      0.1715104579925537,
      0.16548565030097961
    ],
    [
      0.3864145576953888,
      0.19322875142097473,
      0.1218094453215599,
      0.266076922416687,
      0.14643028378486633,
      0.13363635540008545,
      0.15085718035697937,
      0.0776897743344307,
      0.48430362343788147,
      0.9999999403953552,
      0.1606294959783554,
      0.04508175700902939,
      0.12080802768468857,
      0.06553915143013,
      0.0861002504825592,
      0.06186295673251152
    ],
    [
      0.15772950649261475,
      0.24282671511173248,
      0.31825312972068787,
      0.40569424629211426,
      0.2016211748123169,
      0.2556505501270294,
      0.350558340549469,
      0.2479342371225357,
      0.2293182760477066,
      0.1606294959783554,
      1.0,
      0.4577558636665344,
      0.31508368253707886,
      0.2470645308494568,
      0.30285704135894775,
      0.2581883370876312
    ],
    [
      0.056923817843198776,
      0.2621473968029022,
      0.3211093842983246,
      0.2793892025947571,
      0.23146487772464752,
      0.2245127558708191,
      0.3997950553894043,
      0.45893871784210205,
      0.16719701886177063,
      0.04508175700902939,
      0.4577558636665344,
      1.0,
      0.29301485419273376,
      0.3742634654045105,
      0.45375826954841614,
      0.35163581371307373
    ],
    [
      0.21875198185443878,
      0.22591137886047363,
      0.24989455938339233,
      0.29261282086372375,
      0.16490387916564941,
      0.21875683963298798,
      0.19441576302051544,
      0.3256065249443054,
      0.1767498105764389,
      0.12080802768468857,
      0.31508368253707886,
      0.29301485419273376,
      1.0,
      0.5059667825698853,
      0.3981536328792572,
      0.46099230647087097
    ],
    [
      0.09426496177911758,
      0.1367160975933075,
      0.23573076725006104,
      0.26708224415779114,
      0.2608558237552643,
      0.27348002791404724,
      0.2740277051925659,
      0.4069651663303375,
      0.16451774537563324,
      0.06553915143013,
      0.2470645308494568,
      0.3742634654045105,
      0.5059667825698853,
      1.0,
      0.5011537671089172,
      0.6431581974029541
    ],
    [
      0.030359022319316864,
      0.310512512922287,
      0.3079608976840973,
      0.23626266419887543,
      0.22968873381614685,
      0.2697978913784027,
      0.3620612621307373,
      0.39568787813186646,
      0.1715104579925537,
      0.0861002504825592,
      0.30285704135894775,
      0.45375826954841614,
      0.3981536328792572,
      0.5011537671089172,
      1.0,
      0.4726967513561249
    ],
    [
      0.06668619066476822,
      0.16942159831523895,
      0.21934902667999268,
      0.18125738203525543,
      0.21999822556972504,
      0.2860984206199646,
      0.3373176157474518,
      0.3938240110874176,
      0.16548565030097961,
      0.06186295673251152,
      0.2581883370876312,
      0.35163581371307373,
      0.46099230647087097,
      0.6431581974029541,
      0.4726967513561249,
      1.0
    ]
  ]
}