{"game_number":256,"words":["BURN","KINDLE","LIGHT","TORCH","DATA","INFO","INTEL","NEWS","DELL","GLEN","HOLLOW","VALLEY","APPLE","COMPUTER","PLANET","REACTOR"],"adjacency_matrix":[[1.0,0.5564355850219727,0.41777947545051575,0.5134856104850769,0.30982309579849243,0.27527523040771484,0.23134493827819824,0.2759344279766083,0.24842217564582825,0.26366373896598816,0.3320719599723816,0.2973819375038147,0.3158983588218689,0.34041208028793335,0.35909387469291687,0.35616910457611084],[0.5564355850219727,1.0,0.4062776565551758,0.4365936815738678,0.24878469109535217,0.30381321907043457,0.24187690019607544,0.27533242106437683,0.25264859199523926,0.2979643642902374,0.2752573788166046,0.2829273045063019,0.2754209041595459,0.3837595582008362,0.22875304520130157,0.2164643555879593],[0.41777947545051575,0.4062776565551758,1.0,0.47833094000816345,0.38663655519485474,0.33623820543289185,0.2625237703323364,0.39360859990119934,0.18009784817695618,0.27801960706710815,0.4462275803089142,0.32000571489334106,0.3648688793182373,0.334593266248703,0.32366251945495605,0.29444655776023865],[0.5134856104850769,0.4365936815738678,0.47833094000816345,1.0,0.24089336395263672,0.27055680751800537,0.19030028581619263,0.27901190519332886,0.1151040643453598,0.241835817694664,0.3307267129421234,0.2617640197277069,0.2820042669773102,0.30522477626800537,0.26880913972854614,0.28230613470077515],[0.30982309579849243,0.24878469109535217,0.38663655519485474,0.24089336395263672,1.0,0.6494761109352112,0.4029982089996338,0.4932892918586731,0.13537907600402832,0.1549958884716034,0.26647600531578064,0.2563239336013794,0.2879333198070526,0.5118962526321411,0.3201698362827301,0.2949160933494568],[0.27527523040771484,0.30381321907043457,0.33623820543289185,0.27055680751800537,0.6494761109352112,1.0000001192092896,0.44926413893699646,0.523960292339325,0.16945599019527435,0.23874309659004211,0.26998209953308105,0.21793170273303986,0.2957957088947296,0.35434311628341675,0.2749720513820648,0.2631465792655945],[0.23134493827819824,0.24187690019607544,0.2625237703323364,0.19030028581619263,0.4029982089996338,0.44926413893699646,1.0,0.3908349871635437,0.2099897414445877,0.1603572964668274,0.178636834025383,0.17311452329158783,0.3513413369655609,0.40299662947654724,0.28444695472717285,0.25410985946655273],[0.2759344279766083,0.27533242106437683,0.39360859990119934,0.27901190519332886,0.4932892918586731,0.523960292339325,0.3908349871635437,0.9999999403953552,0.12197761237621307,0.19709882140159607,0.25327351689338684,0.28700706362724304,0.2888334393501282,0.3895878195762634,0.32975253462791443,0.2945343554019928],[0.24842217564582825,0.25264859199523926,0.18009784817695618,0.1151040643453598,0.13537907600402832,0.16945599019527435,0.2099897414445877,0.12197761237621307,1.0,0.4470895528793335,0.30586299300193787,0.3966428339481354,0.3728376626968384,0.2812744379043579,0.24033425748348236,0.17603012919425964],[0.26366373896598816,0.2979643642902374,0.27801960706710815,0.241835817694664,0.1549958884716034,0.23874309659004211,0.1603572964668274,0.19709882140159607,0.4470895528793335,1.0,0.3985484838485718,0.6033235788345337,0.2766570746898651,0.16612838208675385,0.24789486825466156,0.21383370459079742],[0.3320719599723816,0.2752573788166046,0.4462275803089142,0.3307267129421234,0.26647600531578064,0.26998209953308105,0.178636834025383,0.25327351689338684,0.30586299300193787,0.3985484838485718,1.0,0.42325395345687866,0.3807184398174286,0.25936222076416016,0.3427444100379944,0.3294394314289093],[0.2973819375038147,0.2829273045063019,0.32000571489334106,0.2617640197277069,0.2563239336013794,0.21793170273303986,0.17311452329158783,0.28700706362724304,0.3966428339481354,0.6033235788345337,0.42325395345687866,0.9999999403953552,0.2857949137687683,0.31026726961135864,0.4384765625,0.2971762716770172],[0.3158983588218689,0.2754209041595459,0.3648688793182373,0.2820042669773102,0.2879333198070526,0.2957957088947296,0.3513413369655609,0.2888334393501282,0.3728376626968384,0.2766570746898651,0.3807184398174286,0.2857949137687683,1.0,0.3742632567882538,0.32821154594421387,0.2349376380443573],[0.34041208028793335,0.3837595582008362,0.334593266248703,0.30522477626800537,0.5118962526321411,0.35434311628341675,0.40299662947654724,0.3895878195762634,0.2812744379043579,0.16612838208675385,0.25936222076416016,0.31026726961135864,0.3742632567882538,1.0,0.4425274133682251,0.3749966025352478],[0.35909387469291687,0.22875304520130157,0.32366251945495605,0.26880913972854614,0.3201698362827301,0.2749720513820648,0.28444695472717285,0.32975253462791443,0.24033425748348236,0.24789486825466156,0.3427444100379944,0.4384765625,0.32821154594421387,0.4425274133682251,1.0,0.3426867127418518],[0.35616910457611084,0.2164643555879593,0.29444655776023865,0.28230613470077515,0.2949160933494568,0.2631465792655945,0.25410985946655273,0.2945343554019928,0.17603012919425964,0.21383370459079742,0.3294394314289093,0.2971762716770172,0.2349376380443573,0.3749966025352478,0.3426867127418518,1.0]]}