{"game_number":5,"words":["GRUFF","HOARSE","HUSKY","ROUGH","LITTLE","MIDDLE","POINTER","RING","AMBER","PORTER","SOUR","STOUT","BULLDOG","FRY","HORN","KISS"],"adjacency_matrix":[[1.0,0.5454464554786682,0.5838050246238708,0.5058180689811707,0.41322585940361023,0.24592332541942596,0.23341238498687744,0.23768246173858643,0.22912800312042236,0.36019575595855713,0.4518195390701294,0.5342651605606079,0.4038929343223572,0.19363555312156677,0.33323678374290466,0.2810647487640381],[0.5454464554786682,1.0,0.5217875242233276,0.42543989419937134,0.40917226672172546,0.26595720648765564,0.23659728467464447,0.30876344442367554,0.2177278995513916,0.3012363016605377,0.3458494246006012,0.432616263628006,0.3162539303302765,0.22206822037696838,0.4004104733467102,0.2600416839122772],[0.5838050246238708,0.5217875242233276,1.0,0.42152202129364014,0.38507410883903503,0.35337594151496887,0.2933269441127777,0.352792888879776,0.28611546754837036,0.3599116802215576,0.3757516145706177,0.4585442841053009,0.509074866771698,0.2503431737422943,0.36645379662513733,0.29120364785194397],[0.5058180689811707,0.42543989419937134,0.42152202129364014,1.0,0.5393480062484741,0.45837458968162537,0.30828070640563965,0.4018867313861847,0.27372127771377563,0.263791024684906,0.44505783915519714,0.44630560278892517,0.32248738408088684,0.18150056898593903,0.2895508408546448,0.29660311341285706],[0.41322585940361023,0.40917226672172546,0.38507410883903503,0.5393480062484741,0.9999999403953552,0.38692790269851685,0.4198937714099884,0.34173598885536194,0.2906140983104706,0.25810056924819946,0.4315672814846039,0.4615645110607147,0.31507378816604614,0.26363056898117065,0.28572148084640503,0.31469056010246277],[0.24592332541942596,0.26595720648765564,0.35337594151496887,0.45837458968162537,0.38692790269851685,1.0,0.31995856761932373,0.41569140553474426,0.29802608489990234,0.29766955971717834,0.3396981656551361,0.30656003952026367,0.25706201791763306,0.22596310079097748,0.35576561093330383,0.30156582593917847],[0.23341238498687744,0.23659728467464447,0.2933269441127777,0.30828070640563965,0.4198937714099884,0.31995856761932373,1.0,0.40712589025497437,0.3191330134868622,0.2316768318414688,0.2931796908378601,0.300916850566864,0.28706082701683044,0.1627918779850006,0.39362630248069763,0.27666807174682617],[0.23768246173858643,0.30876344442367554,0.352792888879776,0.4018867313861847,0.34173598885536194,0.41569140553474426,0.40712589025497437,1.0,0.32490262389183044,0.3032573163509369,0.2767525911331177,0.3221687078475952,0.34798678755760193,0.19396936893463135,0.45498988032341003,0.43812474608421326],[0.22912800312042236,0.2177278995513916,0.28611546754837036,0.27372127771377563,0.2906140983104706,0.29802608489990234,0.3191330134868622,0.32490262389183044,1.0,0.2971530258655548,0.38551533222198486,0.3483816981315613,0.21445369720458984,0.20235638320446014,0.4272545874118805,0.2540128827095032],[0.36019575595855713,0.3012363016605377,0.3599116802215576,0.263791024684906,0.25810056924819946,0.29766955971717834,0.2316768318414688,0.3032573163509369,0.2971530258655548,1.0,0.28675025701522827,0.46555617451667786,0.35523736476898193,0.23112079501152039,0.36710602045059204,0.24927261471748352],[0.4518195390701294,0.3458494246006012,0.3757516145706177,0.44505783915519714,0.4315672814846039,0.3396981656551361,0.2931796908378601,0.2767525911331177,0.38551533222198486,0.28675025701522827,1.0,0.3821248710155487,0.2574319541454315,0.2689887285232544,0.28388938307762146,0.36612468957901],[0.5342651605606079,0.432616263628006,0.4585442841053009,0.44630560278892517,0.4615645110607147,0.30656003952026367,0.300916850566864,0.3221687078475952,0.3483816981315613,0.46555617451667786,0.3821248710155487,1.0,0.4006529450416565,0.250343382358551,0.32823827862739563,0.27109068632125854],[0.4038929343223572,0.3162539303302765,0.509074866771698,0.32248738408088684,0.31507378816604614,0.25706201791763306,0.28706082701683044,0.34798678755760193,0.21445369720458984,0.35523736476898193,0.2574319541454315,0.4006529450416565,0.9999999403953552,0.18165509402751923,0.35660043358802795,0.3594058156013489],[0.19363555312156677,0.22206822037696838,0.2503431737422943,0.18150056898593903,0.26363056898117065,0.22596310079097748,0.1627918779850006,0.19396936893463135,0.20235638320446014,0.23112079501152039,0.2689887285232544,0.250343382358551,0.18165509402751923,1.0,0.2552656829357147,0.27887970209121704],[0.33323678374290466,0.4004104733467102,0.36645379662513733,0.2895508408546448,0.28572148084640503,0.35576561093330383,0.39362630248069763,0.45498988032341003,0.4272545874118805,0.36710602045059204,0.28388938307762146,0.32823827862739563,0.35660043358802795,0.2552656829357147,1.0,0.3241254687309265],[0.2810647487640381,0.2600416839122772,0.29120364785194397,0.29660311341285706,0.31469056010246277,0.30156582593917847,0.27666807174682617,0.43812474608421326,0.2540128827095032,0.24927261471748352,0.36612468957901,0.27109068632125854,0.3594058156013489,0.27887970209121704,0.3241254687309265,1.0]]}