{"game_number":207,"words":["MESSAGE","OMEN","SIGN","WARNING","GEN","MS","PROF","REV","CHARCOAL","INK","PAINT","PASTEL","BELL","BLACK","DR","GHOST"],"adjacency_matrix":[[1.0,0.317693293094635,0.5257792472839355,0.5975592136383057,0.20758558809757233,0.06504054367542267,0.21200716495513916,0.2602064311504364,0.25445282459259033,0.29490041732788086,0.3436641991138458,0.224504753947258,0.38607510924339294,0.31367483735084534,0.04556608572602272,0.3397558629512787],[0.317693293094635,0.9999999403953552,0.3902069330215454,0.3302491009235382,0.2494075745344162,0.055764053016901016,0.15791432559490204,0.13731439411640167,0.15209776163101196,0.20721660554409027,0.16087183356285095,0.1686353236436844,0.2665300965309143,0.2699953615665436,0.161661759018898,0.3581828474998474],[0.5257792472839355,0.3902069330215454,0.9999999403953552,0.5047914981842041,0.20434007048606873,0.01587039791047573,0.18018227815628052,0.2337576448917389,0.27060893177986145,0.40529489517211914,0.3919569253921509,0.24238452315330505,0.34816354513168335,0.36038723587989807,0.07148288935422897,0.40234339237213135],[0.5975592136383057,0.3302491009235382,0.5047914981842041,1.0,0.20338372886180878,-0.04952916502952576,0.1893792748451233,0.24904702603816986,0.24671795964241028,0.22671248018741608,0.25065118074417114,0.14421524107456207,0.35680270195007324,0.2629415988922119,0.04758099094033241,0.30135124921798706],[0.20758558809757233,0.2494075745344162,0.20434007048606873,0.20338372886180878,0.9999999403953552,0.17597144842147827,0.35505563020706177,0.39805635809898376,0.209781676530838,0.10520098358392715,0.156997412443161,0.2349560260772705,0.32026851177215576,0.29728081822395325,0.2377537041902542,0.2513873279094696],[0.06504054367542267,0.055764053016901016,0.01587039791047573,-0.04952916502952576,0.17597144842147827,1.0,0.1244385614991188,0.25086894631385803,0.11440515518188477,0.17067071795463562,0.05382755026221275,0.14543724060058594,0.14484889805316925,0.118159219622612,0.37298980355262756,0.10222592949867249],[0.21200716495513916,0.15791432559490204,0.18018227815628052,0.1893792748451233,0.35505563020706177,0.1244385614991188,1.0,0.22769975662231445,0.13319484889507294,0.10361731052398682,0.11817324161529541,0.11225389689207077,0.23651814460754395,0.20953042805194855,0.4686827063560486,0.2547997832298279],[0.2602064311504364,0.13731439411640167,0.2337576448917389,0.24904702603816986,0.39805635809898376,0.25086894631385803,0.22769975662231445,1.0,0.12831754982471466,0.11910920590162277,0.14170938730239868,0.1722126454114914,0.3248814046382904,0.2199942171573639,0.21553947031497955,0.24678637087345123],[0.25445282459259033,0.15209776163101196,0.27060893177986145,0.24671795964241028,0.209781676530838,0.11440515518188477,0.13319484889507294,0.12831754982471466,1.0000001192092896,0.4625987112522125,0.4849541187286377,0.4927698075771332,0.2900199890136719,0.47059762477874756,0.07795168459415436,0.31393441557884216],[0.29490041732788086,0.20721660554409027,0.40529489517211914,0.22671248018741608,0.10520098358392715,0.17067071795463562,0.10361731052398682,0.11910920590162277,0.4625987112522125,1.0,0.5401731133460999,0.451429545879364,0.21319223940372467,0.4384646713733673,0.07990743219852448,0.34850332140922546],[0.3436641991138458,0.16087183356285095,0.3919569253921509,0.25065118074417114,0.156997412443161,0.05382755026221275,0.11817324161529541,0.14170938730239868,0.4849541187286377,0.5401731133460999,0.9999999403953552,0.5313855409622192,0.2852279543876648,0.4337734282016754,-0.0278131365776062,0.3553524911403656],[0.224504753947258,0.1686353236436844,0.24238452315330505,0.14421524107456207,0.2349560260772705,0.14543724060058594,0.11225389689207077,0.1722126454114914,0.4927698075771332,0.451429545879364,0.5313855409622192,1.0,0.2564869225025177,0.45548948645591736,0.06803049147129059,0.3103773593902588],[0.38607510924339294,0.2665300965309143,0.34816354513168335,0.35680270195007324,0.32026851177215576,0.14484889805316925,0.23651814460754395,0.3248814046382904,0.2900199890136719,0.21319223940372467,0.2852279543876648,0.2564869225025177,0.9999999403953552,0.3356628119945526,0.15718039870262146,0.39668843150138855],[0.31367483735084534,0.2699953615665436,0.36038723587989807,0.2629415988922119,0.29728081822395325,0.118159219622612,0.20953042805194855,0.2199942171573639,0.47059762477874756,0.4384646713733673,0.4337734282016754,0.45548948645591736,0.3356628119945526,1.0,0.13409104943275452,0.5146946907043457],[0.04556608572602272,0.161661759018898,0.07148288935422897,0.04758099094033241,0.2377537041902542,0.37298980355262756,0.4686827063560486,0.21553947031497955,0.07795168459415436,0.07990743219852448,-0.0278131365776062,0.06803049147129059,0.15718039870262146,0.13409104943275452,1.0,0.13088193535804749],[0.3397558629512787,0.3581828474998474,0.40234339237213135,0.30135124921798706,0.2513873279094696,0.10222592949867249,0.2547997832298279,0.24678637087345123,0.31393441557884216,0.34850332140922546,0.3553524911403656,0.3103773593902588,0.39668843150138855,0.5146946907043457,0.13088193535804749,1.0]]}