{"game_number":314,"words":["SANDBOX","SEESAW","SLIDE","SWING","CLOUT","PULL","SWAY","WEIGHT","ANKH","CROOK","EYE","SCARAB","COURIER","IMPACT","PAPYRUS","TIMES"],"adjacency_matrix":[[1.0,0.12116427719593048,0.2729834020137787,0.19484873116016388,0.1831512153148651,0.28414517641067505,0.16491226851940155,0.14111873507499695,0.08833809196949005,0.1214478611946106,0.14687220752239227,0.1989169418811798,0.12863196432590485,0.19772133231163025,0.13707566261291504,0.15003538131713867],[0.12116427719593048,1.0,0.3985762596130371,0.4997401833534241,0.1798478364944458,0.43653833866119385,0.36345377564430237,0.3203478157520294,0.10904257744550705,0.16744673252105713,0.2396279126405716,0.21580766141414642,0.10446880012750626,0.3131348788738251,0.15753121674060822,0.23964200913906097],[0.2729834020137787,0.3985762596130371,1.0,0.5430944561958313,0.23817335069179535,0.5479522943496704,0.43315503001213074,0.3562857210636139,0.08873720467090607,0.3099849820137024,0.3579275906085968,0.3190407156944275,0.20057713985443115,0.428293377161026,0.2717062532901764,0.30553334951400757],[0.19484873116016388,0.4997401833534241,0.5430944561958313,0.9999999403953552,0.3743165135383606,0.5805241465568542,0.6118435859680176,0.4339810311794281,0.0828617662191391,0.399959921836853,0.36402425169944763,0.35452908277511597,0.23861393332481384,0.43563172221183777,0.14581431448459625,0.35732585191726685],[0.1831512153148651,0.1798478364944458,0.23817335069179535,0.3743165135383606,1.0,0.4381084740161896,0.5432772040367126,0.4950629472732544,0.07194522768259048,0.3222790062427521,0.30870479345321655,0.2704751491546631,0.2913311719894409,0.4572826623916626,0.12411321699619293,0.27636387944221497],[0.28414517641067505,0.43653833866119385,0.5479522943496704,0.5805241465568542,0.4381084740161896,1.0,0.5557445287704468,0.46731406450271606,0.04311255365610123,0.3579937219619751,0.34617477655410767,0.34890878200531006,0.24285262823104858,0.42819103598594666,0.14184166491031647,0.33416569232940674],[0.16491226851940155,0.36345377564430237,0.43315503001213074,0.6118435859680176,0.5432772040367126,0.5557445287704468,1.0,0.5453121662139893,0.11780378967523575,0.3726997375488281,0.3972853720188141,0.3392609655857086,0.174419566988945,0.4690245985984802,0.1544104367494583,0.3433121144771576],[0.14111873507499695,0.3203478157520294,0.3562857210636139,0.4339810311794281,0.4950629472732544,0.46731406450271606,0.5453121662139893,1.0,0.1858508288860321,0.23969806730747223,0.3055124580860138,0.369234561920166,0.2360314577817917,0.49496060609817505,0.2029990702867508,0.36386847496032715],[0.08833809196949005,0.10904257744550705,0.08873720467090607,0.0828617662191391,0.07194522768259048,0.04311255365610123,0.11780378967523575,0.1858508288860321,1.0,0.20011940598487854,0.2137567400932312,0.455443412065506,0.08807498216629028,0.052147071808576584,0.3709353804588318,0.045516032725572586],[0.1214478611946106,0.16744673252105713,0.3099849820137024,0.399959921836853,0.3222790062427521,0.3579937219619751,0.3726997375488281,0.23969806730747223,0.20011940598487854,1.0,0.40853339433670044,0.31795424222946167,0.3564079701900482,0.1992138922214508,0.2017999291419983,0.18946954607963562],[0.14687220752239227,0.2396279126405716,0.3579275906085968,0.36402425169944763,0.30870479345321655,0.34617477655410767,0.3972853720188141,0.3055124580860138,0.2137567400932312,0.40853339433670044,1.0,0.3364170789718628,0.28386083245277405,0.3606485426425934,0.18786339461803436,0.2876043915748596],[0.1989169418811798,0.21580766141414642,0.3190407156944275,0.35452908277511597,0.2704751491546631,0.34890878200531006,0.3392609655857086,0.369234561920166,0.455443412065506,0.31795424222946167,0.3364170789718628,1.0,0.2646377682685852,0.35029318928718567,0.41095203161239624,0.24944044649600983],[0.12863196432590485,0.10446880012750626,0.20057713985443115,0.23861393332481384,0.2913311719894409,0.24285262823104858,0.174419566988945,0.2360314577817917,0.08807498216629028,0.3564079701900482,0.28386083245277405,0.2646377682685852,0.9999999403953552,0.2144847959280014,0.2726106345653534,0.30630239844322205],[0.19772133231163025,0.3131348788738251,0.428293377161026,0.43563172221183777,0.4572826623916626,0.42819103598594666,0.4690245985984802,0.49496060609817505,0.052147071808576584,0.1992138922214508,0.3606485426425934,0.35029318928718567,0.2144847959280014,1.0,0.1889938861131668,0.39861243963241577],[0.13707566261291504,0.15753121674060822,0.2717062532901764,0.14581431448459625,0.12411321699619293,0.14184166491031647,0.1544104367494583,0.2029990702867508,0.3709353804588318,0.2017999291419983,0.18786339461803436,0.41095203161239624,0.2726106345653534,0.1889938861131668,1.0,0.19387754797935486],[0.15003538131713867,0.23964200913906097,0.30553334951400757,0.35732585191726685,0.27636387944221497,0.33416569232940674,0.3433121144771576,0.36386847496032715,0.045516032725572586,0.18946954607963562,0.2876043915748596,0.24944044649600983,0.30630239844322205,0.39861243963241577,0.19387754797935486,1.0]]}