{"game_number":52,"words":["ABSORB","ENGROSS","HOLD","RIVET","FILM","RECORD","SHOOT","TAPE","PASTEL","PETALS","PLEATS","STAPLE","GOOD","PENNY","PLEASE","WOMAN"],"adjacency_matrix":[[1.0,0.5129876136779785,0.43837153911590576,0.23937565088272095,0.17266741394996643,0.22430026531219482,0.3438965678215027,0.2799358665943146,0.1371089220046997,0.2670716345310211,0.2699863016605377,0.26789188385009766,0.2809799909591675,0.2358112931251526,0.3328508138656616,0.14317192137241364],[0.5129876136779785,1.0,0.46317535638809204,0.4418051540851593,0.3702264726161957,0.421574205160141,0.37165844440460205,0.28099334239959717,0.24680039286613464,0.2642339766025543,0.23279961943626404,0.41188284754753113,0.42302805185317993,0.37202200293540955,0.40221133828163147,0.31081655621528625],[0.43837153911590576,0.46317535638809204,1.0,0.43180686235427856,0.3010167181491852,0.5138837695121765,0.45094189047813416,0.4014917016029358,0.1822168231010437,0.25792351365089417,0.2771243155002594,0.40506651997566223,0.4631921052932739,0.3396088182926178,0.42148837447166443,0.3230895400047302],[0.23937565088272095,0.4418051540851593,0.43180686235427856,1.0,0.32551833987236023,0.2968832850456238,0.3589537441730499,0.3707089126110077,0.2356129139661789,0.27333101630210876,0.40190884470939636,0.41752976179122925,0.29738128185272217,0.36731046438217163,0.24624419212341309,0.335727334022522],[0.17266741394996643,0.3702264726161957,0.3010167181491852,0.32551833987236023,0.9999999403953552,0.41957536339759827,0.5109140872955322,0.48801615834236145,0.31349286437034607,0.20475183427333832,0.22796250879764557,0.39369770884513855,0.37798234820365906,0.2212703973054886,0.23606839776039124,0.34956568479537964],[0.22430026531219482,0.421574205160141,0.5138837695121765,0.2968832850456238,0.41957536339759827,1.0,0.3455599546432495,0.5528319478034973,0.19683614373207092,0.15859325230121613,0.2083723545074463,0.41619765758514404,0.45957645773887634,0.24970702826976776,0.35874155163764954,0.30042463541030884],[0.3438965678215027,0.37165844440460205,0.45094189047813416,0.3589537441730499,0.5109140872955322,0.3455599546432495,0.9999999403953552,0.3754240572452545,0.16401474177837372,0.3149755895137787,0.256504088640213,0.3097987473011017,0.339914470911026,0.22177430987358093,0.3676671087741852,0.3085351586341858],[0.2799358665943146,0.28099334239959717,0.4014917016029358,0.3707089126110077,0.48801615834236145,0.5528319478034973,0.3754240572452545,1.0000001192092896,0.2779340147972107,0.2594645619392395,0.2953324317932129,0.4206991493701935,0.316786527633667,0.2817820608615875,0.23892024159431458,0.2652645707130432],[0.1371089220046997,0.24680039286613464,0.1822168231010437,0.2356129139661789,0.31349286437034607,0.19683614373207092,0.16401474177837372,0.2779340147972107,1.0,0.2609056234359741,0.3769729733467102,0.3497682213783264,0.2625713646411896,0.2613371014595032,0.1630154550075531,0.27100512385368347],[0.2670716345310211,0.2642339766025543,0.25792351365089417,0.27333101630210876,0.20475183427333832,0.15859325230121613,0.3149755895137787,0.2594645619392395,0.2609056234359741,1.0,0.3782190680503845,0.1945551335811615,0.20737722516059875,0.23134618997573853,0.15365110337734222,0.22399777173995972],[0.2699863016605377,0.23279961943626404,0.2771243155002594,0.40190884470939636,0.22796250879764557,0.2083723545074463,0.256504088640213,0.2953324317932129,0.3769729733467102,0.3782190680503845,1.0,0.387099951505661,0.27648791670799255,0.21342767775058746,0.28195029497146606,0.2053581327199936],[0.26789188385009766,0.41188284754753113,0.40506651997566223,0.41752976179122925,0.39369770884513855,0.41619765758514404,0.3097987473011017,0.4206991493701935,0.3497682213783264,0.1945551335811615,0.387099951505661,1.0,0.4387812912464142,0.356061190366745,0.24556298553943634,0.32445570826530457],[0.2809799909591675,0.42302805185317993,0.4631921052932739,0.29738128185272217,0.37798234820365906,0.45957645773887634,0.339914470911026,0.316786527633667,0.2625713646411896,0.20737722516059875,0.27648791670799255,0.4387812912464142,1.0,0.3452416658401489,0.41222795844078064,0.37037786841392517],[0.2358112931251526,0.37202200293540955,0.3396088182926178,0.36731046438217163,0.2212703973054886,0.24970702826976776,0.22177430987358093,0.2817820608615875,0.2613371014595032,0.23134618997573853,0.21342767775058746,0.356061190366745,0.3452416658401489,1.0,0.16555273532867432,0.2930615544319153],[0.3328508138656616,0.40221133828163147,0.42148837447166443,0.24624419212341309,0.23606839776039124,0.35874155163764954,0.3676671087741852,0.23892024159431458,0.1630154550075531,0.15365110337734222,0.28195029497146606,0.24556298553943634,0.41222795844078064,0.16555273532867432,1.0,0.28189995884895325],[0.14317192137241364,0.31081655621528625,0.3230895400047302,0.335727334022522,0.34956568479537964,0.30042463541030884,0.3085351586341858,0.2652645707130432,0.27100512385368347,0.22399777173995972,0.2053581327199936,0.32445570826530457,0.37037786841392517,0.2930615544319153,0.28189995884895325,1.0]]}