{"game_number":254,"words":["DRILL","PRACTICE","STUDY","TRAIN","HOSE","PIPE","STRAW","TUBE","CANDLESTICK","KNIFE","ROPE","WRENCH","CIGARETTE","BIKE","TICKET","SPORTS"],"adjacency_matrix":[[1.0,0.4850226044654846,0.39415308833122253,0.4639121890068054,0.39632099866867065,0.5227459669113159,0.29302868247032166,0.3717808425426483,0.3251171410083771,0.41632020473480225,0.42132672667503357,0.45252999663352966,0.2343599796295166,0.25004786252975464,0.28631308674812317,0.3415968120098114],[0.4850226044654846,1.0,0.5614396333694458,0.48275214433670044,0.29266947507858276,0.3825313150882721,0.26938650012016296,0.3281925916671753,0.3372029960155487,0.3454475998878479,0.3441929221153259,0.282003253698349,0.29345643520355225,0.3654031753540039,0.28020843863487244,0.4916025400161743],[0.39415308833122253,0.5614396333694458,1.0,0.450411319732666,0.21650663018226624,0.2765800654888153,0.3098251223564148,0.26935291290283203,0.26485419273376465,0.2528705894947052,0.25496524572372437,0.2361869215965271,0.27013474702835083,0.31686562299728394,0.2969527542591095,0.4211990535259247],[0.4639121890068054,0.48275214433670044,0.450411319732666,1.0,0.41567766666412354,0.40806668996810913,0.30428236722946167,0.43615758419036865,0.3541480004787445,0.3793419301509857,0.4134337306022644,0.3698877692222595,0.2969406247138977,0.47690680623054504,0.4852038621902466,0.3843487501144409],[0.39632099866867065,0.29266947507858276,0.21650663018226624,0.41567766666412354,1.0,0.5981264114379883,0.4222615957260132,0.5223178267478943,0.3662858009338379,0.3821641802787781,0.5166270732879639,0.43527284264564514,0.3651393949985504,0.36201345920562744,0.2938424050807953,0.2644730508327484],[0.5227459669113159,0.3825313150882721,0.2765800654888153,0.40806668996810913,0.5981264114379883,1.0,0.4462490677833557,0.5712022185325623,0.40348973870277405,0.4254801273345947,0.48149728775024414,0.4640769064426422,0.5194858908653259,0.33014747500419617,0.3356195092201233,0.308567613363266],[0.29302868247032166,0.26938650012016296,0.3098251223564148,0.30428236722946167,0.4222615957260132,0.4462490677833557,1.0000001192092896,0.3641776144504547,0.4279008209705353,0.3578689396381378,0.49282482266426086,0.40155789256095886,0.40796616673469543,0.23516565561294556,0.3179108500480652,0.2321391999721527],[0.3717808425426483,0.3281925916671753,0.26935291290283203,0.43615758419036865,0.5223178267478943,0.5712022185325623,0.3641776144504547,1.0,0.3690764904022217,0.4463006258010864,0.41073933243751526,0.39414769411087036,0.43137797713279724,0.40360790491104126,0.4047299921512604,0.29606980085372925],[0.3251171410083771,0.3372029960155487,0.26485419273376465,0.3541480004787445,0.3662858009338379,0.40348973870277405,0.4279008209705353,0.3690764904022217,1.0,0.4533122181892395,0.41252100467681885,0.4429744482040405,0.3847085237503052,0.23792973160743713,0.3341812193393707,0.2401071935892105],[0.41632020473480225,0.3454475998878479,0.2528705894947052,0.3793419301509857,0.3821641802787781,0.4254801273345947,0.3578689396381378,0.4463006258010864,0.4533122181892395,1.0,0.48228296637535095,0.5082266926765442,0.3982389569282532,0.3782898485660553,0.33779531717300415,0.2837012708187103],[0.42132672667503357,0.3441929221153259,0.25496524572372437,0.4134337306022644,0.5166270732879639,0.48149728775024414,0.49282482266426086,0.41073933243751526,0.41252100467681885,0.48228296637535095,1.0,0.5009596943855286,0.3701953589916229,0.4009794592857361,0.3135247826576233,0.29153722524642944],[0.45252999663352966,0.282003253698349,0.2361869215965271,0.3698877692222595,0.43527284264564514,0.4640769064426422,0.40155789256095886,0.39414769411087036,0.4429744482040405,0.5082266926765442,0.5009596943855286,0.9999999403953552,0.31749865412712097,0.3349481225013733,0.2610800266265869,0.23942331969738007],[0.2343599796295166,0.29345643520355225,0.27013474702835083,0.2969406247138977,0.3651393949985504,0.5194858908653259,0.40796616673469543,0.43137797713279724,0.3847085237503052,0.3982389569282532,0.3701953589916229,0.31749865412712097,0.9999999403953552,0.3854134678840637,0.34804484248161316,0.3088824152946472],[0.25004786252975464,0.3654031753540039,0.31686562299728394,0.47690680623054504,0.36201345920562744,0.33014747500419617,0.23516565561294556,0.40360790491104126,0.23792973160743713,0.3782898485660553,0.4009794592857361,0.3349481225013733,0.3854134678840637,1.0,0.3934798836708069,0.4533441662788391],[0.28631308674812317,0.28020843863487244,0.2969527542591095,0.4852038621902466,0.2938424050807953,0.3356195092201233,0.3179108500480652,0.4047299921512604,0.3341812193393707,0.33779531717300415,0.3135247826576233,0.2610800266265869,0.34804484248161316,0.3934798836708069,0.9999999403953552,0.39555370807647705],[0.3415968120098114,0.4916025400161743,0.4211990535259247,0.3843487501144409,0.2644730508327484,0.308567613363266,0.2321391999721527,0.29606980085372925,0.2401071935892105,0.2837012708187103,0.29153722524642944,0.23942331969738007,0.3088824152946472,0.4533441662788391,0.39555370807647705,1.0]]}