{
  "game_number": 326,
  "words": [
    "DRAW",
    "REVERSE",
    "SKIP",
    "WILD",
    "BASEBALL",
    "GRAPEFRUIT",
    "MARBLE",
    "PEA",
    "COURTROOM",
    "DUGOUT",
    "GYM",
    "PARK",
    "COOL",
    "NICE",
    "SICK",
    "SWEET"
  ],
  "adjacency_matrix": [
    [
      0.9999999403953552,
      0.402098685503006,
      0.4208313226699829,
      0.3596281111240387,
      0.23086276650428772,
      0.16049830615520477,
      0.2527392506599426,
      0.11231368035078049,
      0.25484099984169006,
      0.2207493633031845,
      0.2120482325553894,
      0.3283904492855072,
      0.41054484248161316,
      0.38176631927490234,
      0.24961258471012115,
      0.3095330595970154
    ],
    [
      0.402098685503006,
      1.0,
      0.43218138813972473,
      0.3424474596977234,
      0.2571466267108917,
      0.19668255746364594,
      0.3233385980129242,
      0.14212559163570404,
      0.21640120446681976,
      0.2265915721654892,
      0.18107467889785767,
      0.2786687910556793,
      0.42426660656929016,
      0.36295071244239807,
      0.26361528038978577,
      0.32686781883239746
    ],
    [
      0.4208313226699829,
      0.43218138813972473,
      1.0,
      0.2747774124145508,
      0.2988702654838562,
      0.21128830313682556,
      0.2702646255493164,
      0.16716210544109344,
      0.18500544130802155,
      0.26148518919944763,
      0.3166520297527313,
      0.29952800273895264,
      0.33170637488365173,
      0.33440518379211426,
      0.2886543273925781,
      0.2703438997268677
    ],
    [
      0.3596281111240387,
      0.3424474596977234,
      0.2747774124145508,
      1.0,
      0.31157243251800537,
      0.3228990435600281,
      0.30671215057373047,
      0.32851511240005493,
      0.27890437841415405,
      0.3148830235004425,
      0.1987076699733734,
      0.4115326702594757,
      0.4883800148963928,
      0.4230412542819977,
      0.494345098733902,
      0.5431895852088928
    ],
    [
      0.23086276650428772,
      0.2571466267108917,
      0.2988702654838562,
      0.31157243251800537,
      1.0000001192092896,
      0.41701000928878784,
      0.3471851944923401,
      0.2736194431781769,
      0.33730512857437134,
      0.5273832082748413,
      0.390951007604599,
      0.4681345522403717,
      0.33100083470344543,
      0.2620925307273865,
      0.23436103761196136,
      0.31065914034843445
    ],
    [
      0.16049830615520477,
      0.19668255746364594,
      0.21128830313682556,
      0.3228990435600281,
      0.41701000928878784,
      0.9999999403953552,
      0.37174808979034424,
      0.48359090089797974,
      0.18010792136192322,
      0.195797860622406,
      0.2992488741874695,
      0.32623574137687683,
      0.29184257984161377,
      0.23029036819934845,
      0.2324727326631546,
      0.44691577553749084
    ],
    [
      0.2527392506599426,
      0.3233385980129242,
      0.2702646255493164,
      0.30671215057373047,
      0.3471851944923401,
      0.37174808979034424,
      1.0,
      0.3952198326587677,
      0.28594771027565,
      0.2806101441383362,
      0.29895737767219543,
      0.37279012799263,
      0.35396936535835266,
      0.3125974237918854,
      0.22528968751430511,
      0.3923671841621399
    ],
    [
      0.11231368035078049,
      0.14212559163570404,
      0.16716210544109344,
      0.32851511240005493,
      0.2736194431781769,
      0.48359090089797974,
      0.3952198326587677,
      1.0,
      0.13635961711406708,
      0.20341737568378448,
      0.19322200119495392,
      0.2526033818721771,
      0.22744187712669373,
      0.19656024873256683,
      0.22933679819107056,
      0.4260266423225403
    ],
    [
      0.25484099984169006,
      0.21640120446681976,
      0.18500544130802155,
      0.27890437841415405,
      0.33730512857437134,
      0.18010792136192322,
      0.28594771027565,
      0.13635961711406708,
      1.0,
      0.39561891555786133,
      0.3742465078830719,
      0.3992723226547241,
      0.31448328495025635,
      0.2418249249458313,
      0.19895005226135254,
      0.20391371846199036
    ],
    [
      0.2207493633031845,
      0.2265915721654892,
      0.26148518919944763,
      0.3148830235004425,
      0.5273832082748413,
      0.195797860622406,
      0.2806101441383362,
      0.20341737568378448,
      0.39561891555786133,
      1.0,
      0.3196238875389099,
      0.4302399456501007,
      0.314864844083786,
      0.22466187179088593,
      0.25387486815452576,
      0.18815380334854126
    ],
    [
      0.2120482325553894,
      0.18107467889785767,
      0.3166520297527313,
      0.1987076699733734,
      0.390951007604599,
      0.2992488741874695,
      0.29895737767219543,
      0.19322200119495392,
      0.3742465078830719,
      0.3196238875389099,
      1.0,
      0.44665566086769104,
      0.3335822522640228,
      0.27971360087394714,
      0.2746584713459015,
      0.20772968232631683
    ],
    [
      0.3283904492855072,
      0.2786687910556793,
      0.29952800273895264,
      0.4115326702594757,
      0.4681345522403717,
      0.32623574137687683,
      0.37279012799263,
      0.2526033818721771,
      0.3992723226547241,
      0.4302399456501007,
      0.44665566086769104,
      1.0,
      0.369627445936203,
      0.3234216272830963,
      0.23469431698322296,
      0.286003977060318
    ],
    [
      0.41054484248161316,
      0.42426660656929016,
      0.33170637488365173,
      0.4883800148963928,
      0.33100083470344543,
      0.29184257984161377,
      0.35396936535835266,
      0.22744187712669373,
      0.31448328495025635,
      0.314864844083786,
      0.3335822522640228,
      0.369627445936203,
      1.0,
      0.6812921762466431,
      0.4250253736972809,
      0.6087905764579773
    ],
    [
      0.38176631927490234,
      0.36295071244239807,
      0.33440518379211426,
      0.4230412542819977,
      0.2620925307273865,
      0.23029036819934845,
      0.3125974237918854,
      0.19656024873256683,
      0.2418249249458313,
      0.22466187179088593,
      0.27971360087394714,
      0.3234216272830963,
      0.6812921762466431,
      1.0,
      0.443820059299469,
      0.6268559098243713
    ],
    [
      0.24961258471012115,
      0.26361528038978577,
      0.2886543273925781,
      0.494345098733902,
      0.23436103761196136,
      0.2324727326631546,
      0.22528968751430511,
      0.22933679819107056,
      0.19895005226135254,
      0.25387486815452576,
      0.2746584713459015,
      0.23469431698322296,
      0.4250253736972809,
      0.443820059299469,
      1.0,
      0.431030809879303
    ],
    [
      0.3095330595970154,
      0.32686781883239746,
      0.2703438997268677,
      0.5431895852088928,
      0.31065914034843445,
      0.44691577553749084,
      0.3923671841621399,
      0.4260266423225403,
      0.20391371846199036,
      0.18815380334854126,
      0.20772968232631683,
      0.286003977060318,
      0.6087905764579773,
      0.6268559098243713,
      0.431030809879303,
      1.0
    ]
  ]
}