{"game_number":93,"words":["ELEGANCE","GRACE","STYLE","TASTE","BAKE","BASK","SUN","TAN","AFFECT","IMPACT","MOVE","TOUCH","SEN","SIGHT","SINE","SOUR"],"adjacency_matrix":[[1.0,0.6204103827476501,0.6000925302505493,0.5652710795402527,0.21071772277355194,0.37501612305641174,0.3074902296066284,0.29654935002326965,0.30596959590911865,0.35307222604751587,0.2789977490901947,0.45418232679367065,0.0889783501625061,0.39402395486831665,0.20792920887470245,0.21586886048316956],[0.6204103827476501,1.0,0.4976879954338074,0.474265992641449,0.26124516129493713,0.4708450436592102,0.3616810142993927,0.2891028821468353,0.384324848651886,0.38242247700691223,0.39053037762641907,0.5124725699424744,0.21092772483825684,0.4887404143810272,0.2966775596141815,0.28396695852279663],[0.6000925302505493,0.4976879954338074,1.0,0.540436327457428,0.24382232129573822,0.2616269588470459,0.28157109022140503,0.32030197978019714,0.37011921405792236,0.3920954167842865,0.3720783293247223,0.42705854773521423,0.21312007308006287,0.37377411127090454,0.24071583151817322,0.291562020778656],[0.5652710795402527,0.474265992641449,0.540436327457428,1.0,0.34707507491111755,0.37306323647499084,0.2514810264110565,0.3140512704849243,0.4657911956310272,0.43447017669677734,0.3216799795627594,0.5758708119392395,0.22175143659114838,0.5247172117233276,0.23781654238700867,0.5399265885353088],[0.21071772277355194,0.26124516129493713,0.24382232129573822,0.34707507491111755,1.0,0.4196203052997589,0.3606429100036621,0.35760369896888733,0.3761076331138611,0.276265412569046,0.3793080151081085,0.3752683699131012,0.3139496147632599,0.22043843567371368,0.34882333874702454,0.34390583634376526],[0.37501612305641174,0.4708450436592102,0.2616269588470459,0.37306323647499084,0.4196203052997589,1.0,0.5260617136955261,0.43085500597953796,0.3435582220554352,0.31554749608039856,0.3995797336101532,0.48873409628868103,0.2867763638496399,0.376253604888916,0.2934035360813141,0.3677407205104828],[0.3074902296066284,0.3616810142993927,0.28157109022140503,0.2514810264110565,0.3606429100036621,0.5260617136955261,1.0,0.5142943263053894,0.29936641454696655,0.28762906789779663,0.2509970963001251,0.34394189715385437,0.24418506026268005,0.3631253242492676,0.33052322268486023,0.2662971019744873],[0.29654935002326965,0.2891028821468353,0.32030197978019714,0.3140512704849243,0.35760369896888733,0.43085500597953796,0.5142943263053894,1.0,0.24905815720558167,0.21754465997219086,0.24080854654312134,0.3709237575531006,0.32550498843193054,0.28376683592796326,0.4175605773925781,0.3832543194293976],[0.30596959590911865,0.384324848651886,0.37011921405792236,0.4657911956310272,0.3761076331138611,0.3435582220554352,0.29936641454696655,0.24905815720558167,1.0,0.7709115743637085,0.5184453129768372,0.5735630989074707,0.31044426560401917,0.39482125639915466,0.24808736145496368,0.39210012555122375],[0.35307222604751587,0.38242247700691223,0.3920954167842865,0.43447017669677734,0.276265412569046,0.31554749608039856,0.28762906789779663,0.21754465997219086,0.7709115743637085,1.0,0.46935102343559265,0.5215039849281311,0.22246704995632172,0.41701728105545044,0.2440796196460724,0.3111727237701416],[0.2789977490901947,0.39053037762641907,0.3720783293247223,0.3216799795627594,0.3793080151081085,0.3995797336101532,0.2509970963001251,0.24080854654312134,0.5184453129768372,0.46935102343559265,0.9999999403953552,0.5596646666526794,0.31973162293434143,0.4400775134563446,0.28415754437446594,0.2954162061214447],[0.45418232679367065,0.5124725699424744,0.42705854773521423,0.5758708119392395,0.3752683699131012,0.48873409628868103,0.34394189715385437,0.3709237575531006,0.5735630989074707,0.5215039849281311,0.5596646666526794,1.0,0.35485291481018066,0.6178578734397888,0.33922895789146423,0.4412335157394409],[0.0889783501625061,0.21092772483825684,0.21312007308006287,0.22175143659114838,0.3139496147632599,0.2867763638496399,0.24418506026268005,0.32550498843193054,0.31044426560401917,0.22246704995632172,0.31973162293434143,0.35485291481018066,0.9999999403953552,0.30778172612190247,0.42703521251678467,0.28514909744262695],[0.39402395486831665,0.4887404143810272,0.37377411127090454,0.5247172117233276,0.22043843567371368,0.376253604888916,0.3631253242492676,0.28376683592796326,0.39482125639915466,0.41701728105545044,0.4400775134563446,0.6178578734397888,0.30778172612190247,1.0,0.3030751347541809,0.3472846746444702],[0.20792920887470245,0.2966775596141815,0.24071583151817322,0.23781654238700867,0.34882333874702454,0.2934035360813141,0.33052322268486023,0.4175605773925781,0.24808736145496368,0.2440796196460724,0.28415754437446594,0.33922895789146423,0.42703521251678467,0.3030751347541809,1.0,0.2997778058052063],[0.21586886048316956,0.28396695852279663,0.291562020778656,0.5399265885353088,0.34390583634376526,0.3677407205104828,0.2662971019744873,0.3832543194293976,0.39210012555122375,0.3111727237701416,0.2954162061214447,0.4412335157394409,0.28514909744262695,0.3472846746444702,0.2997778058052063,1.0]]}