{"game_number":115,"words":["BENCHMARK","GAUGE","STANDARD","YARDSTICK","BET","CALL","CHECK","FOLD","COMBINATION","DRY","NORMAL","OILY","KENT","MARY","MASS","WASH"],"adjacency_matrix":[[1.0,0.4593377113342285,0.6556416749954224,0.6498903036117554,0.340190589427948,0.3604639172554016,0.39979544281959534,0.30714964866638184,0.42643260955810547,0.2887619733810425,0.38872095942497253,0.1690426468849182,0.16463477909564972,0.1837489753961563,0.3192988634109497,0.29121851921081543],[0.4593377113342285,0.9999999403953552,0.4812450706958771,0.5116872787475586,0.3056071400642395,0.3328332304954529,0.41372421383857727,0.3318248987197876,0.35761502385139465,0.3167547881603241,0.35148996114730835,0.2194034308195114,0.10239686816930771,0.19604717195034027,0.4319201409816742,0.32927238941192627],[0.6556416749954224,0.4812450706958771,1.0,0.5693541169166565,0.33059462904930115,0.4247453808784485,0.3814838230609894,0.4123178720474243,0.5453409552574158,0.3751145005226135,0.6247276067733765,0.283984512090683,0.21206769347190857,0.2256496399641037,0.43326056003570557,0.33762767910957336],[0.6498903036117554,0.5116872787475586,0.5693541169166565,1.0,0.28235724568367004,0.2573933005332947,0.3249973952770233,0.2565537095069885,0.36756810545921326,0.3193691670894623,0.3332473933696747,0.1734897494316101,0.14210383594036102,0.17054270207881927,0.36496615409851074,0.29532817006111145],[0.340190589427948,0.3056071400642395,0.33059462904930115,0.28235724568367004,1.0,0.4595474600791931,0.46104761958122253,0.36161112785339355,0.38268551230430603,0.2836151421070099,0.2557891607284546,0.17261193692684174,0.2639053165912628,0.30333635210990906,0.22840717434883118,0.33039483428001404],[0.3604639172554016,0.3328332304954529,0.4247453808784485,0.2573933005332947,0.4595474600791931,1.0,0.5541864633560181,0.36885714530944824,0.39550113677978516,0.2914075255393982,0.38305702805519104,0.19850273430347443,0.2781617045402527,0.40007710456848145,0.37394893169403076,0.368931382894516],[0.39979544281959534,0.41372421383857727,0.3814838230609894,0.3249973952770233,0.46104761958122253,0.5541864633560181,1.0,0.3980851173400879,0.3604818284511566,0.3169380724430084,0.3772519528865814,0.1946014165878296,0.2655807137489319,0.30120721459388733,0.3076952397823334,0.4488784968852997],[0.30714964866638184,0.3318248987197876,0.4123178720474243,0.2565537095069885,0.36161112785339355,0.36885714530944824,0.3980851173400879,1.0,0.40390992164611816,0.4298621118068695,0.4513557255268097,0.2523987889289856,0.2718726396560669,0.2406325340270996,0.3819662630558014,0.4655774235725403],[0.42643260955810547,0.35761502385139465,0.5453409552574158,0.36756810545921326,0.38268551230430603,0.39550113677978516,0.3604818284511566,0.40390992164611816,1.0,0.3881229758262634,0.42521050572395325,0.3141777813434601,0.2148195058107376,0.266181081533432,0.4280500113964081,0.35833367705345154],[0.2887619733810425,0.3167547881603241,0.3751145005226135,0.3193691670894623,0.2836151421070099,0.2914075255393982,0.3169380724430084,0.4298621118068695,0.3881229758262634,1.0,0.47690367698669434,0.5767261385917664,0.26943179965019226,0.33772167563438416,0.38118013739585876,0.6104646325111389],[0.38872095942497253,0.35148996114730835,0.6247276067733765,0.3332473933696747,0.2557891607284546,0.38305702805519104,0.3772519528865814,0.4513557255268097,0.42521050572395325,0.47690367698669434,1.0,0.3673836290836334,0.2384057193994522,0.24428649246692657,0.4546022117137909,0.3513554036617279],[0.1690426468849182,0.2194034308195114,0.283984512090683,0.1734897494316101,0.17261193692684174,0.19850273430347443,0.1946014165878296,0.2523987889289856,0.3141777813434601,0.5767261385917664,0.3673836290836334,0.9999999403953552,0.19355008006095886,0.2783663272857666,0.3336527943611145,0.5171252489089966],[0.16463477909564972,0.10239686816930771,0.21206769347190857,0.14210383594036102,0.2639053165912628,0.2781617045402527,0.2655807137489319,0.2718726396560669,0.2148195058107376,0.26943179965019226,0.2384057193994522,0.19355008006095886,1.0,0.49745506048202515,0.16696521639823914,0.24393661320209503],[0.1837489753961563,0.19604717195034027,0.2256496399641037,0.17054270207881927,0.30333635210990906,0.40007710456848145,0.30120721459388733,0.2406325340270996,0.266181081533432,0.33772167563438416,0.24428649246692657,0.2783663272857666,0.49745506048202515,0.9999999403953552,0.3046528100967407,0.34908318519592285],[0.3192988634109497,0.4319201409816742,0.43326056003570557,0.36496615409851074,0.22840717434883118,0.37394893169403076,0.3076952397823334,0.3819662630558014,0.4280500113964081,0.38118013739585876,0.4546022117137909,0.3336527943611145,0.16696521639823914,0.3046528100967407,1.0,0.3698602318763733],[0.29121851921081543,0.32927238941192627,0.33762767910957336,0.29532817006111145,0.33039483428001404,0.368931382894516,0.4488784968852997,0.4655774235725403,0.35833367705345154,0.6104646325111389,0.3513554036617279,0.5171252489089966,0.24393661320209503,0.34908318519592285,0.3698602318763733,1.0000001192092896]]}