{
  "game_number": 286,
  "words": [
    "ANCHOR",
    "HOST",
    "MODERATE",
    "PRESENT",
    "FACULTY",
    "FLAIR",
    "INSTINCT",
    "TALENT",
    "BURRITO",
    "GIFT",
    "MUMMY",
    "SPRAIN",
    "KID",
    "RAZZ",
    "RIB",
    "TEASE"
  ],
  "adjacency_matrix": [
    [
      1.0,
      0.525903582572937,
      0.3009500503540039,
      0.40211743116378784,
      0.32608115673065186,
      0.32991525530815125,
      0.2561551332473755,
      0.30440759658813477,
      0.2532801330089569,
      0.28557971119880676,
      0.26494064927101135,
      0.12692339718341827,
      0.31541508436203003,
      0.2524581551551819,
      0.31996768712997437,
      0.3882657289505005
    ],
    [
      0.525903582572937,
      1.0,
      0.4123537838459015,
      0.5468431711196899,
      0.38448676466941833,
      0.2666471302509308,
      0.27338433265686035,
      0.3749774396419525,
      0.31040024757385254,
      0.34458956122398376,
      0.3013342618942261,
      0.10098052769899368,
      0.35748642683029175,
      0.31611332297325134,
      0.21176350116729736,
      0.38886433839797974
    ],
    [
      0.3009500503540039,
      0.4123537838459015,
      1.0,
      0.4561837315559387,
      0.33959105610847473,
      0.39161568880081177,
      0.323645681142807,
      0.34885331988334656,
      0.19295798242092133,
      0.28239986300468445,
      0.2482258677482605,
      0.30465081334114075,
      0.3084235191345215,
      0.2833818197250366,
      0.2428223341703415,
      0.35652342438697815
    ],
    [
      0.40211743116378784,
      0.5468431711196899,
      0.4561837315559387,
      0.9999999403953552,
      0.35832610726356506,
      0.2810843586921692,
      0.3606482744216919,
      0.3442016541957855,
      0.2450198382139206,
      0.4217526912689209,
      0.30002570152282715,
      0.12469502538442612,
      0.2932594418525696,
      0.2043980211019516,
      0.1592436283826828,
      0.4082254469394684
    ],
    [
      0.32608115673065186,
      0.38448676466941833,
      0.33959105610847473,
      0.35832610726356506,
      1.0,
      0.24095726013183594,
      0.2717435956001282,
      0.35151591897010803,
      0.1754608154296875,
      0.3102133870124817,
      0.17214637994766235,
      0.0885738730430603,
      0.31926268339157104,
      0.2318979650735855,
      0.12352125346660614,
      0.2642449140548706
    ],
    [
      0.32991525530815125,
      0.2666471302509308,
      0.39161568880081177,
      0.2810843586921692,
      0.24095726013183594,
      1.0,
      0.47520023584365845,
      0.6467673778533936,
      0.273610383272171,
      0.40275272727012634,
      0.24749968945980072,
      0.18552426993846893,
      0.36864185333251953,
      0.38048064708709717,
      0.23946541547775269,
      0.3824133574962616
    ],
    [
      0.2561551332473755,
      0.27338433265686035,
      0.323645681142807,
      0.3606482744216919,
      0.2717435956001282,
      0.47520023584365845,
      1.0,
      0.48630020022392273,
      0.15587098896503448,
      0.3896985352039337,
      0.29283231496810913,
      0.1823350191116333,
      0.34821459650993347,
      0.27831485867500305,
      0.2129717767238617,
      0.30659645795822144
    ],
    [
      0.30440759658813477,
      0.3749774396419525,
      0.34885331988334656,
      0.3442016541957855,
      0.35151591897010803,
      0.6467673778533936,
      0.48630020022392273,
      1.0,
      0.1635298877954483,
      0.5025705099105835,
      0.2519863247871399,
      0.17219096422195435,
      0.4398191571235657,
      0.3358260691165924,
      0.2326442003250122,
      0.3313632309436798
    ],
    [
      0.2532801330089569,
      0.31040024757385254,
      0.19295798242092133,
      0.2450198382139206,
      0.1754608154296875,
      0.273610383272171,
      0.15587098896503448,
      0.1635298877954483,
      1.0,
      0.30700844526290894,
      0.2567577064037323,
      0.11636903882026672,
      0.32158517837524414,
      0.3222614824771881,
      0.3460003137588501,
      0.3009018898010254
    ],
    [
      0.28557971119880676,
      0.34458956122398376,
      0.28239986300468445,
      0.4217526912689209,
      0.3102133870124817,
      0.40275272727012634,
      0.3896985352039337,
      0.5025705099105835,
      0.30700844526290894,
      0.9999999403953552,
      0.3445754051208496,
      0.1820681244134903,
      0.3367404639720917,
      0.2608110308647156,
      0.24783161282539368,
      0.350398987531662
    ],
    [
      0.26494064927101135,
      0.3013342618942261,
      0.2482258677482605,
      0.30002570152282715,
      0.17214637994766235,
      0.24749968945980072,
      0.29283231496810913,
      0.2519863247871399,
      0.2567577064037323,
      0.3445754051208496,
      1.0,
      0.24375151097774506,
      0.45529115200042725,
      0.2503923773765564,
      0.25185975432395935,
      0.36301150918006897
    ],
    [
      0.12692339718341827,
      0.10098052769899368,
      0.30465081334114075,
      0.12469502538442612,
      0.0885738730430603,
      0.18552426993846893,
      0.1823350191116333,
      0.17219096422195435,
      0.11636903882026672,
      0.1820681244134903,
      0.24375151097774506,
      1.0,
      0.17693723738193512,
      0.2543546259403229,
      0.36436834931373596,
      0.3172786235809326
    ],
    [
      0.31541508436203003,
      0.35748642683029175,
      0.3084235191345215,
      0.2932594418525696,
      0.31926268339157104,
      0.36864185333251953,
      0.34821459650993347,
      0.4398191571235657,
      0.32158517837524414,
      0.3367404639720917,
      0.45529115200042725,
      0.17693723738193512,
      1.0,
      0.5253522992134094,
      0.2621705234050751,
      0.4172748327255249
    ],
    [
      0.2524581551551819,
      0.31611332297325134,
      0.2833818197250366,
      0.2043980211019516,
      0.2318979650735855,
      0.38048064708709717,
      0.27831485867500305,
      0.3358260691165924,
      0.3222614824771881,
      0.2608110308647156,
      0.2503923773765564,
      0.2543546259403229,
      0.5253522992134094,
      1.0,
      0.26853683590888977,
      0.5058209896087646
    ],
    [
      0.31996768712997437,
      0.21176350116729736,
      0.2428223341703415,
      0.1592436283826828,
      0.12352125346660614,
      0.23946541547775269,
      0.2129717767238617,
      0.2326442003250122,
      0.3460003137588501,
      0.24783161282539368,
      0.25185975432395935,
      0.36436834931373596,
      0.2621705234050751,
      0.26853683590888977,
      1.0,
      0.3052622079849243
    ],
    [
      0.3882657289505005,
      0.38886433839797974,
      0.35652342438697815,
      0.4082254469394684,
      0.2642449140548706,
      0.3824133574962616,
      0.30659645795822144,
      0.3313632309436798,
      0.3009018898010254,
      0.350398987531662,
      0.36301150918006897,
      0.3172786235809326,
      0.4172748327255249,
      0.5058209896087646,
      0.3052622079849243,
      1.0
    ]
  ]
}