{"game_number":107,"words":["CLEAN","NEAT","TIDY","TRIM","HYPER","SUPER","UBER","ULTRA","BALLOON","MUSHROOM","SNOWBALL","SWELL","DOMINO","JACK","MARBLE","STICK"],"adjacency_matrix":[[1.0,0.643740177154541,0.734491765499115,0.5122725963592529,0.36664658784866333,0.44240114092826843,0.29377734661102295,0.4180262088775635,0.26749566197395325,0.2744750678539276,0.31062766909599304,0.3863023817539215,0.21385040879249573,0.2836780846118927,0.3920463025569916,0.4909946620464325],[0.643740177154541,1.0,0.7494439482688904,0.38900503516197205,0.3326151967048645,0.4521171450614929,0.3342057168483734,0.37088102102279663,0.2649948298931122,0.2684912383556366,0.2589133679866791,0.37909629940986633,0.2484113723039627,0.2622900605201721,0.3166106641292572,0.43428605794906616],[0.734491765499115,0.7494439482688904,1.0,0.5143001675605774,0.3246767520904541,0.37352025508880615,0.2772611081600189,0.2980325520038605,0.24798046052455902,0.25372329354286194,0.28802913427352905,0.3744145929813385,0.2225901186466217,0.2684813439846039,0.2880908250808716,0.38996800780296326],[0.5122725963592529,0.38900503516197205,0.5143001675605774,1.0,0.3253408372402191,0.3642360270023346,0.2429947704076767,0.31829577684402466,0.3435036540031433,0.2894716262817383,0.26323050260543823,0.44116413593292236,0.3214583992958069,0.4301677644252777,0.3852578401565552,0.45717304944992065],[0.36664658784866333,0.3326151967048645,0.3246767520904541,0.3253408372402191,1.0,0.65237957239151,0.5626713633537292,0.6115546226501465,0.3674032986164093,0.27486059069633484,0.26764538884162903,0.358845055103302,0.30064868927001953,0.24481193721294403,0.22861264646053314,0.2836594879627228],[0.44240114092826843,0.4521171450614929,0.37352025508880615,0.3642360270023346,0.65237957239151,1.0,0.6001853942871094,0.6548513770103455,0.3256792426109314,0.40666764974594116,0.34738439321517944,0.3755485415458679,0.3822983503341675,0.32883116602897644,0.29953470826148987,0.3083953261375427],[0.29377734661102295,0.3342057168483734,0.2772611081600189,0.2429947704076767,0.5626713633537292,0.6001853942871094,0.9999999403953552,0.5916985273361206,0.2236964851617813,0.3280048370361328,0.2221883088350296,0.2857557535171509,0.21838746964931488,0.3082274794578552,0.13837303221225739,0.2015380859375],[0.4180262088775635,0.37088102102279663,0.2980325520038605,0.31829577684402466,0.6115546226501465,0.6548513770103455,0.5916985273361206,1.0,0.23668329417705536,0.23296533524990082,0.19820523262023926,0.2878555655479431,0.18458987772464752,0.18725430965423584,0.22192680835723877,0.2169506847858429],[0.26749566197395325,0.2649948298931122,0.24798046052455902,0.3435036540031433,0.3674032986164093,0.3256792426109314,0.2236964851617813,0.23668329417705536,0.9999999403953552,0.4300132095813751,0.470200777053833,0.4384077489376068,0.3274402320384979,0.329978883266449,0.2838584780693054,0.46469753980636597],[0.2744750678539276,0.2684912383556366,0.25372329354286194,0.2894716262817383,0.27486059069633484,0.40666764974594116,0.3280048370361328,0.23296533524990082,0.4300132095813751,1.0,0.4547633230686188,0.40544700622558594,0.3538169860839844,0.42208823561668396,0.3448615074157715,0.38234585523605347],[0.31062766909599304,0.2589133679866791,0.28802913427352905,0.26323050260543823,0.26764538884162903,0.34738439321517944,0.2221883088350296,0.19820523262023926,0.470200777053833,0.4547633230686188,1.0,0.4114297032356262,0.4093623459339142,0.2557753026485443,0.30178797245025635,0.43921899795532227],[0.3863023817539215,0.37909629940986633,0.3744145929813385,0.44116413593292236,0.358845055103302,0.3755485415458679,0.2857557535171509,0.2878555655479431,0.4384077489376068,0.40544700622558594,0.4114297032356262,1.0,0.39870238304138184,0.3907526433467865,0.3253757655620575,0.41575613617897034],[0.21385040879249573,0.2484113723039627,0.2225901186466217,0.3214583992958069,0.30064868927001953,0.3822983503341675,0.21838746964931488,0.18458987772464752,0.3274402320384979,0.3538169860839844,0.4093623459339142,0.39870238304138184,1.0,0.37105339765548706,0.37431612610816956,0.3054153025150299],[0.2836780846118927,0.2622900605201721,0.2684813439846039,0.4301677644252777,0.24481193721294403,0.32883116602897644,0.3082274794578552,0.18725430965423584,0.329978883266449,0.42208823561668396,0.2557753026485443,0.3907526433467865,0.37105339765548706,1.0,0.3477385640144348,0.4433138370513916],[0.3920463025569916,0.3166106641292572,0.2880908250808716,0.3852578401565552,0.22861264646053314,0.29953470826148987,0.13837303221225739,0.22192680835723877,0.2838584780693054,0.3448615074157715,0.30178797245025635,0.3253757655620575,0.37431612610816956,0.3477385640144348,1.0,0.3746987283229828],[0.4909946620464325,0.43428605794906616,0.38996800780296326,0.45717304944992065,0.2836594879627228,0.3083953261375427,0.2015380859375,0.2169506847858429,0.46469753980636597,0.38234585523605347,0.43921899795532227,0.41575613617897034,0.3054153025150299,0.4433138370513916,0.3746987283229828,1.0]]}