{"game_number":180,"words":["COIN","CREATE","DEVISE","INVENT","FINE","PRIME","QUALITY","STERLING","AT","DOLLAR","PERCENT","POUND","BAR","BUCK","TIME","TORCH"],"adjacency_matrix":[[1.0000001192092896,0.2989099621772766,0.3126693069934845,0.28223562240600586,0.31055712699890137,0.23360271751880646,0.26997438073158264,0.42218834161758423,0.18732950091362,0.5340251326560974,0.1465020328760147,0.4528559744358063,0.24308691918849945,0.357708215713501,0.289803683757782,0.29142338037490845],[0.2989099621772766,1.0,0.6282039284706116,0.6208363175392151,0.41638070344924927,0.311135858297348,0.3929571509361267,0.31030330061912537,0.25521838665008545,0.23308560252189636,0.24679744243621826,0.28196844458580017,0.28256604075431824,0.2705923616886139,0.37692373991012573,0.26324284076690674],[0.3126693069934845,0.6282039284706116,1.0,0.6610375642776489,0.33629146218299866,0.28114646673202515,0.2832619249820709,0.27551954984664917,0.21739865839481354,0.19620244204998016,0.14068986475467682,0.2445686161518097,0.21531255543231964,0.3121824860572815,0.3143845498561859,0.30472734570503235],[0.28223562240600586,0.6208363175392151,0.6610375642776489,1.0,0.25078728795051575,0.2344849705696106,0.2649170458316803,0.16914784908294678,0.12255240231752396,0.16786986589431763,0.11549117416143417,0.1811385154724121,0.1909215748310089,0.23270659148693085,0.25532740354537964,0.2671394944190979],[0.31055712699890137,0.41638070344924927,0.33629146218299866,0.25078728795051575,1.0,0.3577708303928375,0.5106769800186157,0.5405378341674805,0.3205755650997162,0.36583176255226135,0.2962214946746826,0.35798075795173645,0.3335796892642975,0.3165498971939087,0.4019315838813782,0.2972680330276489],[0.23360271751880646,0.311135858297348,0.28114646673202515,0.2344849705696106,0.3577708303928375,1.0,0.470039963722229,0.347459614276886,0.2602825462818146,0.3786352574825287,0.296271413564682,0.29262933135032654,0.2674153745174408,0.27782994508743286,0.47754523158073425,0.28435030579566956],[0.26997438073158264,0.3929571509361267,0.2832619249820709,0.2649170458316803,0.5106769800186157,0.470039963722229,1.0,0.46701326966285706,0.25582554936408997,0.3912687599658966,0.3193797767162323,0.27539005875587463,0.30753323435783386,0.30654147267341614,0.4373380243778229,0.31347817182540894],[0.42218834161758423,0.31030330061912537,0.27551954984664917,0.16914784908294678,0.5405378341674805,0.347459614276886,0.46701326966285706,1.0,0.19302456080913544,0.569017231464386,0.2619316577911377,0.5900958776473999,0.27175408601760864,0.36596012115478516,0.3073160946369171,0.30088046193122864],[0.18732950091362,0.25521838665008545,0.21739865839481354,0.12255240231752396,0.3205755650997162,0.2602825462818146,0.25582554936408997,0.19302456080913544,1.0,0.18883328139781952,0.23253531754016876,0.23497095704078674,0.35854747891426086,0.2099054902791977,0.504459798336029,0.24298937618732452],[0.5340251326560974,0.23308560252189636,0.19620244204998016,0.16786986589431763,0.36583176255226135,0.3786352574825287,0.3912687599658966,0.569017231464386,0.18883328139781952,0.9999999403953552,0.4129602611064911,0.6503550410270691,0.26716652512550354,0.4333420991897583,0.41423508524894714,0.21886856853961945],[0.1465020328760147,0.24679744243621826,0.14068986475467682,0.11549117416143417,0.2962214946746826,0.296271413564682,0.3193797767162323,0.2619316577911377,0.23253531754016876,0.4129602611064911,1.0,0.3886469006538391,0.268061101436615,0.2291322499513626,0.37150272727012634,0.11647148430347443],[0.4528559744358063,0.28196844458580017,0.2445686161518097,0.1811385154724121,0.35798075795173645,0.29262933135032654,0.27539005875587463,0.5900958776473999,0.23497095704078674,0.6503550410270691,0.3886469006538391,1.0,0.27439773082733154,0.3906635046005249,0.320523738861084,0.27247855067253113],[0.24308691918849945,0.28256604075431824,0.21531255543231964,0.1909215748310089,0.3335796892642975,0.2674153745174408,0.30753323435783386,0.27175408601760864,0.35854747891426086,0.26716652512550354,0.268061101436615,0.27439773082733154,1.0,0.31601986289024353,0.29957565665245056,0.30423590540885925],[0.357708215713501,0.2705923616886139,0.3121824860572815,0.23270659148693085,0.3165498971939087,0.27782994508743286,0.30654147267341614,0.36596012115478516,0.2099054902791977,0.4333420991897583,0.2291322499513626,0.3906635046005249,0.31601986289024353,0.9999999403953552,0.33193063735961914,0.373318612575531],[0.289803683757782,0.37692373991012573,0.3143845498561859,0.25532740354537964,0.4019315838813782,0.47754523158073425,0.4373380243778229,0.3073160946369171,0.504459798336029,0.41423508524894714,0.37150272727012634,0.320523738861084,0.29957565665245056,0.33193063735961914,1.0,0.28705960512161255],[0.29142338037490845,0.26324284076690674,0.30472734570503235,0.2671394944190979,0.2972680330276489,0.28435030579566956,0.31347817182540894,0.30088046193122864,0.24298937618732452,0.21886856853961945,0.11647148430347443,0.27247855067253113,0.30423590540885925,0.373318612575531,0.28705960512161255,1.0]]}