{"game_number":262,"words":["BUILD","GROW","SWELL","MOUNT","ACES","KEEN","NEATO","NIFTY","FOAM","FROTH","HEAD","LATHER","BUBBLE","GLOBE","MARBLE","PEARL"],"adjacency_matrix":[[1.0,0.631019651889801,0.4390661418437958,0.4826355278491974,0.20552895963191986,0.3633537292480469,0.2831888794898987,0.21172721683979034,0.2635950446128845,0.24689334630966187,0.3946146070957184,0.32295966148376465,0.37048372626304626,0.282060444355011,0.3584488332271576,0.2361413687467575],[0.631019651889801,1.0,0.6051784753799438,0.3935229480266571,0.16011261940002441,0.3926697075366974,0.2835105061531067,0.1295957714319229,0.230154350399971,0.2872330844402313,0.3866809606552124,0.3337104618549347,0.40252506732940674,0.33171945810317993,0.24841031432151794,0.2635907232761383],[0.4390661418437958,0.6051784753799438,1.0,0.3750641644001007,0.24446631968021393,0.3968798518180847,0.330160915851593,0.24809351563453674,0.41727951169013977,0.4630936086177826,0.4842144250869751,0.40966227650642395,0.5041788816452026,0.31984877586364746,0.3253757655620575,0.35190266370773315],[0.4826355278491974,0.3935229480266571,0.3750641644001007,1.0,0.16578587889671326,0.25395625829696655,0.24379509687423706,0.1678144484758377,0.28940853476524353,0.24322853982448578,0.4541550576686859,0.28762733936309814,0.3074629604816437,0.3422549068927765,0.37024495005607605,0.2994740307331085],[0.20552895963191986,0.16011261940002441,0.24446631968021393,0.16578587889671326,1.0,0.2353440672159195,0.2243155837059021,0.22981666028499603,0.22104793787002563,0.17697976529598236,0.23423703014850616,0.1518448442220688,0.23947806656360626,0.16955403983592987,0.17071181535720825,0.2262227088212967],[0.3633537292480469,0.3926697075366974,0.3968798518180847,0.25395625829696655,0.2353440672159195,0.9999998807907104,0.38612353801727295,0.34493574500083923,0.11341623216867447,0.2821411192417145,0.38772279024124146,0.36355671286582947,0.26613494753837585,0.23802827298641205,0.20435503125190735,0.24026556313037872],[0.2831888794898987,0.2835105061531067,0.330160915851593,0.24379509687423706,0.2243155837059021,0.38612353801727295,1.0,0.596409022808075,0.2592778503894806,0.3752194046974182,0.2880788743495941,0.305624395608902,0.35206475853919983,0.2998918294906616,0.2811693847179413,0.2594796121120453],[0.21172721683979034,0.1295957714319229,0.24809351563453674,0.1678144484758377,0.22981666028499603,0.34493574500083923,0.596409022808075,1.0,0.22781208157539368,0.2848713994026184,0.17071808874607086,0.2810764014720917,0.2977555990219116,0.23803038895130157,0.22981610894203186,0.21353787183761597],[0.2635950446128845,0.230154350399971,0.41727951169013977,0.28940853476524353,0.22104793787002563,0.11341623216867447,0.2592778503894806,0.22781208157539368,1.0,0.5504376292228699,0.3342738151550293,0.4103012979030609,0.5406410098075867,0.3064430356025696,0.43048250675201416,0.3517775237560272],[0.24689334630966187,0.2872330844402313,0.4630936086177826,0.24322853982448578,0.17697976529598236,0.2821411192417145,0.3752194046974182,0.2848713994026184,0.5504376292228699,1.0,0.32290467619895935,0.5892658233642578,0.5952596068382263,0.31420832872390747,0.33948755264282227,0.34405258297920227],[0.3946146070957184,0.3866809606552124,0.4842144250869751,0.4541550576686859,0.23423703014850616,0.38772279024124146,0.2880788743495941,0.17071808874607086,0.3342738151550293,0.32290467619895935,1.0,0.31207266449928284,0.38518333435058594,0.343551903963089,0.38136932253837585,0.32740816473960876],[0.32295966148376465,0.3337104618549347,0.40966227650642395,0.28762733936309814,0.1518448442220688,0.36355671286582947,0.305624395608902,0.2810764014720917,0.4103012979030609,0.5892658233642578,0.31207266449928284,1.0,0.3976086974143982,0.2535971403121948,0.2970500886440277,0.3194016218185425],[0.37048372626304626,0.40252506732940674,0.5041788816452026,0.3074629604816437,0.23947806656360626,0.26613494753837585,0.35206475853919983,0.2977555990219116,0.5406410098075867,0.5952596068382263,0.38518333435058594,0.3976086974143982,1.0,0.36103716492652893,0.3280487656593323,0.3647649884223938],[0.282060444355011,0.33171945810317993,0.31984877586364746,0.3422549068927765,0.16955403983592987,0.23802827298641205,0.2998918294906616,0.23803038895130157,0.3064430356025696,0.31420832872390747,0.343551903963089,0.2535971403121948,0.36103716492652893,0.9999999403953552,0.36938202381134033,0.31419071555137634],[0.3584488332271576,0.24841031432151794,0.3253757655620575,0.37024495005607605,0.17071181535720825,0.20435503125190735,0.2811693847179413,0.22981610894203186,0.43048250675201416,0.33948755264282227,0.38136932253837585,0.2970500886440277,0.3280487656593323,0.36938202381134033,1.0,0.4467944800853729],[0.2361413687467575,0.2635907232761383,0.35190266370773315,0.2994740307331085,0.2262227088212967,0.24026556313037872,0.2594796121120453,0.21353787183761597,0.3517775237560272,0.34405258297920227,0.32740816473960876,0.3194016218185425,0.3647649884223938,0.31419071555137634,0.4467944800853729,1.0]]}