{"game_number":35,"words":["CLUTCH","MESSENGER","SATCHEL","TOTE","FREEDOM","LATITUDE","LICENSE","SLACK","CUE","PROMPT","SIGNAL","WORD","BOXER","BRIEF","DRAWER","SHORT"],"adjacency_matrix":[[1.0,0.30750370025634766,0.40718239545822144,0.41069772839546204,0.3026893436908722,0.18830308318138123,0.34679844975471497,0.3894927203655243,0.35479211807250977,0.27000996470451355,0.3387383222579956,0.36563944816589355,0.30946844816207886,0.3662065267562866,0.35166215896606445,0.3707072138786316],[0.30750370025634766,1.0,0.403224915266037,0.33096644282341003,0.2945127785205841,0.15995851159095764,0.226616770029068,0.254098504781723,0.4139573276042938,0.2773768901824951,0.4594239294528961,0.40599244832992554,0.28591421246528625,0.21908383071422577,0.24981747567653656,0.26263192296028137],[0.40718239545822144,0.403224915266037,1.0,0.5915550589561462,0.2006821632385254,0.046438008546829224,0.22395269572734833,0.24929969012737274,0.20260225236415863,0.18358053267002106,0.2579987347126007,0.3775474429130554,0.2638898193836212,0.25100618600845337,0.4998711347579956,0.3150358498096466],[0.41069772839546204,0.33096644282341003,0.5915550589561462,1.0,0.21329768002033234,0.11359658092260361,0.2582113742828369,0.32070815563201904,0.2513197064399719,0.20949533581733704,0.23109343647956848,0.34360042214393616,0.18937909603118896,0.20884346961975098,0.38841721415519714,0.3005431890487671],[0.3026893436908722,0.2945127785205841,0.2006821632385254,0.21329768002033234,1.0,0.5011699199676514,0.46486684679985046,0.37448057532310486,0.26487207412719727,0.3291839063167572,0.3450421392917633,0.38704681396484375,0.2887854278087616,0.2592717409133911,0.17007359862327576,0.31232377886772156],[0.18830308318138123,0.15995851159095764,0.046438008546829224,0.11359658092260361,0.5011699199676514,1.0,0.2988118529319763,0.40244072675704956,0.24373769760131836,0.2989981472492218,0.29505017399787903,0.2629067897796631,0.09725894033908844,0.25686463713645935,0.1483408510684967,0.3154979348182678],[0.34679844975471497,0.226616770029068,0.22395269572734833,0.2582113742828369,0.46486684679985046,0.2988118529319763,1.0,0.21904565393924713,0.26326704025268555,0.2930039167404175,0.37078118324279785,0.35567036271095276,0.23222729563713074,0.32176706194877625,0.21223635971546173,0.3241559863090515],[0.3894927203655243,0.254098504781723,0.24929969012737274,0.32070815563201904,0.37448057532310486,0.40244072675704956,0.21904565393924713,0.9999999403953552,0.34510329365730286,0.3120928108692169,0.33688849210739136,0.3462848961353302,0.17235933244228363,0.26414304971694946,0.3022010326385498,0.4649602770805359],[0.35479211807250977,0.4139573276042938,0.20260225236415863,0.2513197064399719,0.26487207412719727,0.24373769760131836,0.26326704025268555,0.34510329365730286,1.0,0.48068052530288696,0.5753679275512695,0.4744221866130829,0.2773883044719696,0.3357669711112976,0.28796616196632385,0.3730182349681854],[0.27000996470451355,0.2773768901824951,0.18358053267002106,0.20949533581733704,0.3291839063167572,0.2989981472492218,0.2930039167404175,0.3120928108692169,0.48068052530288696,1.0,0.44234657287597656,0.37681618332862854,0.13948623836040497,0.4823155701160431,0.266814261674881,0.42743563652038574],[0.3387383222579956,0.4594239294528961,0.2579987347126007,0.23109343647956848,0.3450421392917633,0.29505017399787903,0.37078118324279785,0.33688849210739136,0.5753679275512695,0.44234657287597656,0.9999999403953552,0.4579165279865265,0.24384620785713196,0.37049785256385803,0.21239495277404785,0.3836711049079895],[0.36563944816589355,0.40599244832992554,0.3775474429130554,0.34360042214393616,0.38704681396484375,0.2629067897796631,0.35567036271095276,0.3462848961353302,0.4744221866130829,0.37681618332862854,0.4579165279865265,1.0,0.25415152311325073,0.3899631202220917,0.33450931310653687,0.47755980491638184],[0.30946844816207886,0.28591421246528625,0.2638898193836212,0.18937909603118896,0.2887854278087616,0.09725894033908844,0.23222729563713074,0.17235933244228363,0.2773883044719696,0.13948623836040497,0.24384620785713196,0.25415152311325073,1.0,0.26575103402137756,0.27773264050483704,0.3122563660144806],[0.3662065267562866,0.21908383071422577,0.25100618600845337,0.20884346961975098,0.2592717409133911,0.25686463713645935,0.32176706194877625,0.26414304971694946,0.3357669711112976,0.4823155701160431,0.37049785256385803,0.3899631202220917,0.26575103402137756,1.0,0.27619653940200806,0.7009974122047424],[0.35166215896606445,0.24981747567653656,0.4998711347579956,0.38841721415519714,0.17007359862327576,0.1483408510684967,0.21223635971546173,0.3022010326385498,0.28796616196632385,0.266814261674881,0.21239495277404785,0.33450931310653687,0.27773264050483704,0.27619653940200806,1.0,0.32331210374832153],[0.3707072138786316,0.26263192296028137,0.3150358498096466,0.3005431890487671,0.31232377886772156,0.3154979348182678,0.3241559863090515,0.4649602770805359,0.3730182349681854,0.42743563652038574,0.3836711049079895,0.47755980491638184,0.3122563660144806,0.7009974122047424,0.32331210374832153,1.0]]}