{"game_number":363,"words":["BARLEY","OAT","RYE","SPELT","BARON","EARL","KING","PRINCE","BROWN","DUKE","HOWARD","RICE","BONG","FORD","LEE","STONE"],"adjacency_matrix":[[1.0,0.6684731841087341,0.6366757750511169,0.3652883768081665,0.34705615043640137,0.3183291554450989,0.26931023597717285,0.2756956219673157,0.4190025329589844,0.26552096009254456,0.23102577030658722,0.6058927178382874,0.2751326560974121,0.30373042821884155,0.33578237891197205,0.3978424072265625],[0.6684731841087341,1.0,0.6012340784072876,0.30553165078163147,0.304383784532547,0.27083149552345276,0.23102803528308868,0.22246745228767395,0.41313013434410095,0.24242188036441803,0.16911636292934418,0.5043691992759705,0.2669539153575897,0.26062995195388794,0.3119153678417206,0.3455013632774353],[0.6366757750511169,0.6012340784072876,1.0,0.3097800612449646,0.2557683289051056,0.2192583680152893,0.11592382937669754,0.13335777819156647,0.3156162202358246,0.21708287298679352,0.08660800755023956,0.39804255962371826,0.18296201527118683,0.22377637028694153,0.2469920963048935,0.2459849715232849],[0.3652883768081665,0.30553165078163147,0.3097800612449646,1.0,0.2849332094192505,0.3115966320037842,0.28200763463974,0.29097282886505127,0.3882807493209839,0.24168604612350464,0.2532213032245636,0.3290115296840668,0.24701471626758575,0.2831779420375824,0.33425819873809814,0.3521769940853119],[0.34705615043640137,0.304383784532547,0.2557683289051056,0.2849332094192505,1.0000001192092896,0.6190522313117981,0.5212282538414001,0.5619878768920898,0.3491162955760956,0.6050103902816772,0.3458351492881775,0.32597815990448,0.2992406487464905,0.35021114349365234,0.3239462077617645,0.30323487520217896],[0.3183291554450989,0.27083149552345276,0.2192583680152893,0.3115966320037842,0.6190522313117981,1.0,0.5007908940315247,0.525047779083252,0.3261222541332245,0.6083197593688965,0.47363272309303284,0.3316091001033783,0.1796335130929947,0.3858918845653534,0.4180040955543518,0.2551017701625824],[0.26931023597717285,0.23102803528308868,0.11592382937669754,0.28200763463974,0.5212282538414001,0.5007908940315247,1.0,0.7700966596603394,0.3260546922683716,0.5933805704116821,0.3649902045726776,0.3441561460494995,0.2582029700279236,0.365459680557251,0.2902620732784271,0.3801659643650055],[0.2756956219673157,0.22246745228767395,0.13335777819156647,0.29097282886505127,0.5619878768920898,0.525047779083252,0.7700966596603394,1.0,0.34546351432800293,0.6886658072471619,0.35345980525016785,0.27125921845436096,0.24386025965213776,0.317487508058548,0.2881394922733307,0.35383155941963196],[0.4190025329589844,0.41313013434410095,0.3156162202358246,0.3882807493209839,0.3491162955760956,0.3261222541332245,0.3260546922683716,0.34546351432800293,1.0,0.25508710741996765,0.3613464832305908,0.47678273916244507,0.34761983156204224,0.3434484899044037,0.3623785078525543,0.4678826332092285],[0.26552096009254456,0.24242188036441803,0.21708287298679352,0.24168604612350464,0.6050103902816772,0.6083197593688965,0.5933805704116821,0.6886658072471619,0.25508710741996765,1.0000001192092896,0.29448091983795166,0.26144593954086304,0.207824245095253,0.3050400912761688,0.28313225507736206,0.19236956536769867],[0.23102577030658722,0.16911636292934418,0.08660800755023956,0.2532213032245636,0.3458351492881775,0.47363272309303284,0.3649902045726776,0.35345980525016785,0.3613464832305908,0.29448091983795166,1.0,0.3022672235965729,0.3163207173347473,0.3949441909790039,0.5048970580101013,0.2653767466545105],[0.6058927178382874,0.5043691992759705,0.39804255962371826,0.3290115296840668,0.32597815990448,0.3316091001033783,0.3441561460494995,0.27125921845436096,0.47678273916244507,0.26144593954086304,0.3022672235965729,1.0,0.38072603940963745,0.2622760832309723,0.3269188404083252,0.3685079514980316],[0.2751326560974121,0.2669539153575897,0.18296201527118683,0.24701471626758575,0.2992406487464905,0.1796335130929947,0.2582029700279236,0.24386025965213776,0.34761983156204224,0.207824245095253,0.3163207173347473,0.38072603940963745,1.0,0.2567844092845917,0.3496614396572113,0.322595477104187],[0.30373042821884155,0.26062995195388794,0.22377637028694153,0.2831779420375824,0.35021114349365234,0.3858918845653534,0.365459680557251,0.317487508058548,0.3434484899044037,0.3050400912761688,0.3949441909790039,0.2622760832309723,0.2567844092845917,1.0,0.49228018522262573,0.3485455811023712],[0.33578237891197205,0.3119153678417206,0.2469920963048935,0.33425819873809814,0.3239462077617645,0.4180040955543518,0.2902620732784271,0.2881394922733307,0.3623785078525543,0.28313225507736206,0.5048970580101013,0.3269188404083252,0.3496614396572113,0.49228018522262573,1.0,0.3227766156196594],[0.3978424072265625,0.3455013632774353,0.2459849715232849,0.3521769940853119,0.30323487520217896,0.2551017701625824,0.3801659643650055,0.35383155941963196,0.4678826332092285,0.19236956536769867,0.2653767466545105,0.3685079514980316,0.322595477104187,0.3485455811023712,0.3227766156196594,1.0]]}