{
  "game_number": 541,
  "words": [
    "JERK",
    "TUG",
    "WRENCH",
    "YANK",
    "COPY",
    "FIND",
    "PRINT",
    "SAVE",
    "BABE",
    "BEETHOVEN",
    "CHARLOTTE",
    "WILLY",
    "BOTTOM",
    "BUNS",
    "SEAT",
    "TAIL"
  ],
  "adjacency_matrix": [
    [
      1.0,
      0.3384256958961487,
      0.4268823266029358,
      0.5123149156570435,
      0.2575216591358185,
      0.2854953110218048,
      0.21045097708702087,
      0.25644126534461975,
      0.38816195726394653,
      0.2940579950809479,
      0.29391664266586304,
      0.3658256232738495,
      0.22511176764965057,
      0.2537257969379425,
      0.23493236303329468,
      0.3851286768913269
    ],
    [
      0.3384256958961487,
      1.0,
      0.4196222126483917,
      0.37230706214904785,
      0.21485203504562378,
      0.1925615519285202,
      0.17383995652198792,
      0.17489828169345856,
      0.2517954707145691,
      0.13112010061740875,
      0.20864245295524597,
      0.25101223587989807,
      0.24059943854808807,
      0.22352372109889984,
      0.2386845350265503,
      0.36126741766929626
    ],
    [
      0.4268823266029358,
      0.4196222126483917,
      0.9999999403953552,
      0.5173676013946533,
      0.3027406334877014,
      0.38082292675971985,
      0.2897060811519623,
      0.36590641736984253,
      0.27040567994117737,
      0.28887057304382324,
      0.25714391469955444,
      0.35391348600387573,
      0.31714436411857605,
      0.2464969903230667,
      0.35528650879859924,
      0.3686774969100952
    ],
    [
      0.5123149156570435,
      0.37230706214904785,
      0.5173676013946533,
      1.0,
      0.3924506902694702,
      0.35287752747535706,
      0.2912883460521698,
      0.3916391134262085,
      0.3214693069458008,
      0.3188062906265259,
      0.32286134362220764,
      0.3279136121273041,
      0.303195983171463,
      0.2740248143672943,
      0.2335454821586609,
      0.3600371479988098
    ],
    [
      0.2575216591358185,
      0.21485203504562378,
      0.3027406334877014,
      0.3924506902694702,
      1.0,
      0.4443126618862152,
      0.6104597449302673,
      0.5160905718803406,
      0.2507685124874115,
      0.3526838421821594,
      0.28502658009529114,
      0.2608414888381958,
      0.33309486508369446,
      0.29401570558547974,
      0.2925511300563812,
      0.34930217266082764
    ],
    [
      0.2854953110218048,
      0.1925615519285202,
      0.38082292675971985,
      0.35287752747535706,
      0.4443126618862152,
      1.0,
      0.4307793974876404,
      0.5573159456253052,
      0.30832934379577637,
      0.3327007591724396,
      0.32192644476890564,
      0.31299108266830444,
      0.3381222188472748,
      0.24599917232990265,
      0.29714253544807434,
      0.29796525835990906
    ],
    [
      0.21045097708702087,
      0.17383995652198792,
      0.2897060811519623,
      0.2912883460521698,
      0.6104597449302673,
      0.4307793974876404,
      1.0,
      0.457090824842453,
      0.214010551571846,
      0.3297814130783081,
      0.3375775218009949,
      0.25103870034217834,
      0.3696006238460541,
      0.2643546462059021,
      0.3020227253437042,
      0.3472311198711395
    ],
    [
      0.25644126534461975,
      0.17489828169345856,
      0.36590641736984253,
      0.3916391134262085,
      0.5160905718803406,
      0.5573159456253052,
      0.457090824842453,
      1.0,
      0.297905296087265,
      0.2963755130767822,
      0.29364076256752014,
      0.26835402846336365,
      0.40686362981796265,
      0.2633250951766968,
      0.30921387672424316,
      0.31073683500289917
    ],
    [
      0.38816195726394653,
      0.2517954707145691,
      0.27040567994117737,
      0.3214693069458008,
      0.2507685124874115,
      0.30832934379577637,
      0.214010551571846,
      0.297905296087265,
      1.0,
      0.29394862055778503,
      0.4409000277519226,
      0.36598002910614014,
      0.2524498999118805,
      0.3719724118709564,
      0.25169533491134644,
      0.24866454303264618
    ],
    [
      0.2940579950809479,
      0.13112010061740875,
      0.28887057304382324,
      0.3188062906265259,
      0.3526838421821594,
      0.3327007591724396,
      0.3297814130783081,
      0.2963755130767822,
      0.29394862055778503,
      0.9999999403953552,
      0.483820378780365,
      0.33179864287376404,
      0.23627018928527832,
      0.32148367166519165,
      0.2631114423274994,
      0.292587012052536
    ],
    [
      0.29391664266586304,
      0.20864245295524597,
      0.25714391469955444,
      0.32286134362220764,
      0.28502658009529114,
      0.32192644476890564,
      0.3375775218009949,
      0.29364076256752014,
      0.4409000277519226,
      0.483820378780365,
      1.0000001192092896,
      0.3521457016468048,
      0.31741783022880554,
      0.3791985511779785,
      0.3112858235836029,
      0.30795979499816895
    ],
    [
      0.3658256232738495,
      0.25101223587989807,
      0.35391348600387573,
      0.3279136121273041,
      0.2608414888381958,
      0.31299108266830444,
      0.25103870034217834,
      0.26835402846336365,
      0.36598002910614014,
      0.33179864287376404,
      0.3521457016468048,
      1.0,
      0.2645714282989502,
      0.3447555899620056,
      0.19619272649288177,
      0.33224350214004517
    ],
    [
      0.22511176764965057,
      0.24059943854808807,
      0.31714436411857605,
      0.303195983171463,
      0.33309486508369446,
      0.3381222188472748,
      0.3696006238460541,
      0.40686362981796265,
      0.2524498999118805,
      0.23627018928527832,
      0.31741783022880554,
      0.2645714282989502,
      1.0,
      0.3111172318458557,
      0.3818117678165436,
      0.4413750171661377
    ],
    [
      0.2537257969379425,
      0.22352372109889984,
      0.2464969903230667,
      0.2740248143672943,
      0.29401570558547974,
      0.24599917232990265,
      0.2643546462059021,
      0.2633250951766968,
      0.3719724118709564,
      0.32148367166519165,
      0.3791985511779785,
      0.3447555899620056,
      0.3111172318458557,
      0.9999999403953552,
      0.28602930903434753,
      0.3769908845424652
    ],
    [
      0.23493236303329468,
      0.2386845350265503,
      0.35528650879859924,
      0.2335454821586609,
      0.2925511300563812,
      0.29714253544807434,
      0.3020227253437042,
      0.30921387672424316,
      0.25169533491134644,
      0.2631114423274994,
      0.3112858235836029,
      0.19619272649288177,
      0.3818117678165436,
      0.28602930903434753,
      1.0,
      0.3760030269622803
    ],
    [
      0.3851286768913269,
      0.36126741766929626,
      0.3686774969100952,
      0.3600371479988098,
      0.34930217266082764,
      0.29796525835990906,
      0.3472311198711395,
      0.31073683500289917,
      0.24866454303264618,
      0.292587012052536,
      0.30795979499816895,
      0.33224350214004517,
      0.4413750171661377,
      0.3769908845424652,
      0.3760030269622803,
      0.9999999403953552
    ]
  ]
}