{"game_number":67,"words":["DRAIN","DUCT","PIPE","SEWER","CHEESE","CORN","SAP","SCHMALTZ","EGG","KNUCKLES","SMILE","WINDOW","CHUMP","CLIMATE","LOOSE","SEA"],"adjacency_matrix":[[0.9999999403953552,0.41179439425468445,0.48702460527420044,0.5806692242622375,0.2878788709640503,0.3078067898750305,0.4773451089859009,0.3130451738834381,0.37352603673934937,0.22721870243549347,0.2177717685699463,0.3566754460334778,0.40417104959487915,0.25390174984931946,0.4621550142765045,0.4298057556152344],[0.41179439425468445,1.0,0.5016453266143799,0.4792706370353699,0.27127987146377563,0.22116273641586304,0.27379629015922546,0.18919940292835236,0.3139494061470032,0.2696542739868164,0.152879998087883,0.36670175194740295,0.2220037281513214,0.1648908108472824,0.26953667402267456,0.3068349063396454],[0.48702460527420044,0.5016453266143799,1.0,0.5630045533180237,0.329898864030838,0.35019856691360474,0.3479308485984802,0.3151690363883972,0.32959118485450745,0.29538506269454956,0.25457173585891724,0.4195709526538849,0.34383028745651245,0.1991295963525772,0.37023839354515076,0.36977240443229675],[0.5806692242622375,0.4792706370353699,0.5630045533180237,1.0,0.27487635612487793,0.2832455635070801,0.3428860604763031,0.22711396217346191,0.31051504611968994,0.21247781813144684,0.15421807765960693,0.284932017326355,0.3641844093799591,0.2738860845565796,0.34348028898239136,0.4191924035549164],[0.2878788709640503,0.27127987146377563,0.329898864030838,0.27487635612487793,1.0,0.4684685170650482,0.21717378497123718,0.47511693835258484,0.4669831693172455,0.3243257701396942,0.2714490294456482,0.3090776801109314,0.32161661982536316,0.30552932620048523,0.3446398973464966,0.3708951771259308],[0.3078067898750305,0.22116273641586304,0.35019856691360474,0.2832455635070801,0.4684685170650482,1.0,0.30647167563438416,0.32099491357803345,0.40381258726119995,0.23859412968158722,0.1903258115053177,0.3068099915981293,0.26359182596206665,0.24773527681827545,0.3462417423725128,0.322495698928833],[0.4773451089859009,0.27379629015922546,0.3479308485984802,0.3428860604763031,0.21717378497123718,0.30647167563438416,1.0,0.3038184344768524,0.27099165320396423,0.1897539496421814,0.1707184761762619,0.17590010166168213,0.26445403695106506,0.20526447892189026,0.3511631488800049,0.20658910274505615],[0.3130451738834381,0.18919940292835236,0.3151690363883972,0.22711396217346191,0.47511693835258484,0.32099491357803345,0.3038184344768524,1.0,0.38861244916915894,0.25738921761512756,0.30699974298477173,0.22369809448719025,0.4114748239517212,0.23601990938186646,0.3412970304489136,0.26631155610084534],[0.37352603673934937,0.3139494061470032,0.32959118485450745,0.31051504611968994,0.4669831693172455,0.40381258726119995,0.27099165320396423,0.38861244916915894,1.0,0.27498748898506165,0.260693222284317,0.3128175139427185,0.3492065668106079,0.16865739226341248,0.3151211142539978,0.3888741433620453],[0.22721870243549347,0.2696542739868164,0.29538506269454956,0.21247781813144684,0.3243257701396942,0.23859412968158722,0.1897539496421814,0.25738921761512756,0.27498748898506165,1.0,0.2844477891921997,0.23989257216453552,0.3536360263824463,0.09563375264406204,0.3538055717945099,0.2205047607421875],[0.2177717685699463,0.152879998087883,0.25457173585891724,0.15421807765960693,0.2714490294456482,0.1903258115053177,0.1707184761762619,0.30699974298477173,0.260693222284317,0.2844477891921997,0.9999999403953552,0.36951425671577454,0.4284321963787079,0.2797202467918396,0.34443917870521545,0.27079394459724426],[0.3566754460334778,0.36670175194740295,0.4195709526538849,0.284932017326355,0.3090776801109314,0.3068099915981293,0.17590010166168213,0.22369809448719025,0.3128175139427185,0.23989257216453552,0.36951425671577454,1.0,0.336874783039093,0.32603684067726135,0.3465345501899719,0.4042830765247345],[0.40417104959487915,0.2220037281513214,0.34383028745651245,0.3641844093799591,0.32161661982536316,0.26359182596206665,0.26445403695106506,0.4114748239517212,0.3492065668106079,0.3536360263824463,0.4284321963787079,0.336874783039093,0.9999999403953552,0.2411404401063919,0.44924986362457275,0.29684075713157654],[0.25390174984931946,0.1648908108472824,0.1991295963525772,0.2738860845565796,0.30552932620048523,0.24773527681827545,0.20526447892189026,0.23601990938186646,0.16865739226341248,0.09563375264406204,0.2797202467918396,0.32603684067726135,0.2411404401063919,1.0,0.27890151739120483,0.43334659934043884],[0.4621550142765045,0.26953667402267456,0.37023839354515076,0.34348028898239136,0.3446398973464966,0.3462417423725128,0.3511631488800049,0.3412970304489136,0.3151211142539978,0.3538055717945099,0.34443917870521545,0.3465345501899719,0.44924986362457275,0.27890151739120483,1.0,0.37917396426200867],[0.4298057556152344,0.3068349063396454,0.36977240443229675,0.4191924035549164,0.3708951771259308,0.322495698928833,0.20658910274505615,0.26631155610084534,0.3888741433620453,0.2205047607421875,0.27079394459724426,0.4042830765247345,0.29684075713157654,0.43334659934043884,0.37917396426200867,1.0]]}