{"game_number":129,"words":["CYCLE","PHASE","ROUND","STAGE","CYGNUS","GEMINI","ORION","PEGASUS","CYCLONE","GALAXY","SNAIL","SUNFLOWER","CYCLOPS","MONOLOGUE","SOLITAIRE","UNICYCLE"],"adjacency_matrix":[[1.0,0.6320111155509949,0.4516391456127167,0.5625964999198914,0.22895511984825134,0.3446834087371826,0.33570989966392517,0.3565245270729065,0.3502903878688812,0.27678799629211426,0.314546138048172,0.2878740727901459,0.29271483421325684,0.3994852602481842,0.2265579253435135,0.4643973410129547],[0.6320111155509949,1.0,0.5088781714439392,0.6818477511405945,0.17712074518203735,0.36593154072761536,0.3950006067752838,0.3211405277252197,0.3988022804260254,0.32163363695144653,0.3123672902584076,0.2868141829967499,0.3253030776977539,0.37293750047683716,0.2271193563938141,0.3258201479911804],[0.4516391456127167,0.5088781714439392,0.9999999403953552,0.5525415539741516,0.15319067239761353,0.26650556921958923,0.34043240547180176,0.31486403942108154,0.2944816052913666,0.2959005832672119,0.32158419489860535,0.3064406216144562,0.3116350769996643,0.3481750786304474,0.28065043687820435,0.33677828311920166],[0.5625964999198914,0.6818477511405945,0.5525415539741516,1.0,0.13639283180236816,0.32584723830223083,0.2954966425895691,0.29761946201324463,0.32153379917144775,0.28487783670425415,0.31216347217559814,0.33737441897392273,0.3019774854183197,0.5053003430366516,0.26163315773010254,0.41243404150009155],[0.22895511984825134,0.17712074518203735,0.15319067239761353,0.13639283180236816,1.0,0.41980278491973877,0.4235062599182129,0.47554388642311096,0.13744640350341797,0.25382474064826965,0.30027708411216736,0.2513270974159241,0.2986193895339966,0.1626368910074234,0.22102317214012146,0.1848021149635315],[0.3446834087371826,0.36593154072761536,0.26650556921958923,0.32584723830223083,0.41980278491973877,1.0,0.4965543746948242,0.48654910922050476,0.3303416967391968,0.3248663544654846,0.42202135920524597,0.3587597906589508,0.4959654211997986,0.34748315811157227,0.2609217166900635,0.3724250793457031],[0.33570989966392517,0.3950006067752838,0.34043240547180176,0.2954966425895691,0.4235062599182129,0.4965543746948242,1.0,0.5426858067512512,0.22093172371387482,0.4373270571231842,0.3651857376098633,0.29200655221939087,0.4391477406024933,0.21233239769935608,0.3116605877876282,0.3750571012496948],[0.3565245270729065,0.3211405277252197,0.31486403942108154,0.29761946201324463,0.47554388642311096,0.48654910922050476,0.5426858067512512,1.0,0.2843012511730194,0.45271602272987366,0.3556908667087555,0.38774847984313965,0.4924888014793396,0.26097390055656433,0.3386988937854767,0.46885666251182556],[0.3502903878688812,0.3988022804260254,0.2944816052913666,0.32153379917144775,0.13744640350341797,0.3303416967391968,0.22093172371387482,0.2843012511730194,1.0,0.293593168258667,0.2538796663284302,0.24971874058246613,0.37872546911239624,0.25068244338035583,0.15774260461330414,0.2335149496793747],[0.27678799629211426,0.32163363695144653,0.2959005832672119,0.28487783670425415,0.25382474064826965,0.3248663544654846,0.4373270571231842,0.45271602272987366,0.293593168258667,1.0,0.2637210488319397,0.33591359853744507,0.3367443084716797,0.16768226027488708,0.19173820316791534,0.23380747437477112],[0.314546138048172,0.3123672902584076,0.32158419489860535,0.31216347217559814,0.30027708411216736,0.42202135920524597,0.3651857376098633,0.3556908667087555,0.2538796663284302,0.2637210488319397,1.0,0.3891853392124176,0.33637845516204834,0.29667752981185913,0.29920729994773865,0.3282555937767029],[0.2878740727901459,0.2868141829967499,0.3064406216144562,0.33737441897392273,0.2513270974159241,0.3587597906589508,0.29200655221939087,0.38774847984313965,0.24971874058246613,0.33591359853744507,0.3891853392124176,1.0,0.352195143699646,0.22650015354156494,0.2589661478996277,0.35243192315101624],[0.29271483421325684,0.3253030776977539,0.3116350769996643,0.3019774854183197,0.2986193895339966,0.4959654211997986,0.4391477406024933,0.4924888014793396,0.37872546911239624,0.3367443084716797,0.33637845516204834,0.352195143699646,1.0,0.283267617225647,0.21068023145198822,0.3437086343765259],[0.3994852602481842,0.37293750047683716,0.3481750786304474,0.5053003430366516,0.1626368910074234,0.34748315811157227,0.21233239769935608,0.26097390055656433,0.25068244338035583,0.16768226027488708,0.29667752981185913,0.22650015354156494,0.283267617225647,0.9999999403953552,0.2639096975326538,0.35512953996658325],[0.2265579253435135,0.2271193563938141,0.28065043687820435,0.26163315773010254,0.22102317214012146,0.2609217166900635,0.3116605877876282,0.3386988937854767,0.15774260461330414,0.19173820316791534,0.29920729994773865,0.2589661478996277,0.21068023145198822,0.2639096975326538,1.0,0.2760797142982483],[0.4643973410129547,0.3258201479911804,0.33677828311920166,0.41243404150009155,0.1848021149635315,0.3724250793457031,0.3750571012496948,0.46885666251182556,0.2335149496793747,0.23380747437477112,0.3282555937767029,0.35243192315101624,0.3437086343765259,0.35512953996658325,0.2760797142982483,0.9999999403953552]]}