{
  "game_number": 32,
  "words": [
    "BOGEYMAN",
    "BUGBEAR",
    "HOBGOBLIN",
    "PHANTOM",
    "CHATEAUBRIAND",
    "FLATIRON",
    "PORTERHOUSE",
    "TOMAHAWK",
    "APPRAISAL",
    "ESCROW",
    "INSURANCE",
    "MORTGAGE",
    "GEODUCK",
    "SEAHORSE",
    "TITMOUSE",
    "WOMBAT"
  ],
  "adjacency_matrix": [
    [
      1.0,
      0.5516870617866516,
      0.5548719763755798,
      0.49652618169784546,
      0.2981356978416443,
      0.3320881426334381,
      0.2227361798286438,
      0.2478218525648117,
      0.2151414155960083,
      0.19884823262691498,
      0.3068225085735321,
      0.2766752243041992,
      0.2947327494621277,
      0.26519298553466797,
      0.3297695815563202,
      0.2814517021179199
    ],
    [
      0.5516870617866516,
      1.0,
      0.5741827487945557,
      0.45798951387405396,
      0.37936121225357056,
      0.3761453330516815,
      0.34573355317115784,
      0.2150433510541916,
      0.30278125405311584,
      0.2662329077720642,
      0.29734787344932556,
      0.31837189197540283,
      0.3736863434314728,
      0.26984870433807373,
      0.35651594400405884,
      0.38656195998191833
    ],
    [
      0.5548719763755798,
      0.5741827487945557,
      1.0,
      0.5049619078636169,
      0.40180718898773193,
      0.39800700545310974,
      0.34581655263900757,
      0.31801724433898926,
      0.19550774991512299,
      0.1583995819091797,
      0.1697196364402771,
      0.21249939501285553,
      0.35035327076911926,
      0.2616053521633148,
      0.4972890317440033,
      0.35870787501335144
    ],
    [
      0.49652618169784546,
      0.45798951387405396,
      0.5049619078636169,
      1.0,
      0.332671582698822,
      0.39759963750839233,
      0.30903223156929016,
      0.3896516263484955,
      0.2915308177471161,
      0.23852509260177612,
      0.321221262216568,
      0.31882625818252563,
      0.3562999665737152,
      0.41287851333618164,
      0.41648024320602417,
      0.36176785826683044
    ],
    [
      0.2981356978416443,
      0.37936121225357056,
      0.40180718898773193,
      0.332671582698822,
      0.9999999403953552,
      0.47619324922561646,
      0.4449925124645233,
      0.33792951703071594,
      0.2965151369571686,
      0.14315743744373322,
      0.29751431941986084,
      0.3292875289916992,
      0.4678989052772522,
      0.300967812538147,
      0.37308499217033386,
      0.34916332364082336
    ],
    [
      0.3320881426334381,
      0.3761453330516815,
      0.39800700545310974,
      0.39759963750839233,
      0.47619324922561646,
      1.0,
      0.5315189957618713,
      0.39799636602401733,
      0.31102341413497925,
      0.20776088535785675,
      0.28763923048973083,
      0.3417779505252838,
      0.4509906768798828,
      0.3715187609195709,
      0.4158170521259308,
      0.33515655994415283
    ],
    [
      0.2227361798286438,
      0.34573355317115784,
      0.34581655263900757,
      0.30903223156929016,
      0.4449925124645233,
      0.5315189957618713,
      1.0,
      0.3108721375465393,
      0.20587573945522308,
      0.20654943585395813,
      0.2519213557243347,
      0.2705342769622803,
      0.4770820438861847,
      0.3460676968097687,
      0.40087148547172546,
      0.33587968349456787
    ],
    [
      0.2478218525648117,
      0.2150433510541916,
      0.31801724433898926,
      0.3896516263484955,
      0.33792951703071594,
      0.39799636602401733,
      0.3108721375465393,
      1.0,
      0.22305172681808472,
      0.13437490165233612,
      0.22729220986366272,
      0.30053043365478516,
      0.37166255712509155,
      0.26147428154945374,
      0.3577784299850464,
      0.31603673100471497
    ],
    [
      0.2151414155960083,
      0.30278125405311584,
      0.19550774991512299,
      0.2915308177471161,
      0.2965151369571686,
      0.31102341413497925,
      0.20587573945522308,
      0.22305172681808472,
      1.0,
      0.3958607614040375,
      0.442574143409729,
      0.4884399473667145,
      0.26311591267585754,
      0.23021498322486877,
      0.19780917465686798,
      0.23407287895679474
    ],
    [
      0.19884823262691498,
      0.2662329077720642,
      0.1583995819091797,
      0.23852509260177612,
      0.14315743744373322,
      0.20776088535785675,
      0.20654943585395813,
      0.13437490165233612,
      0.3958607614040375,
      1.0,
      0.37554964423179626,
      0.4259715676307678,
      0.28309354186058044,
      0.20119141042232513,
      0.20821675658226013,
      0.05957376956939697
    ],
    [
      0.3068225085735321,
      0.29734787344932556,
      0.1697196364402771,
      0.321221262216568,
      0.29751431941986084,
      0.28763923048973083,
      0.2519213557243347,
      0.22729220986366272,
      0.442574143409729,
      0.37554964423179626,
      1.0,
      0.6041345000267029,
      0.3328291177749634,
      0.2369059920310974,
      0.14545230567455292,
      0.2017468512058258
    ],
    [
      0.2766752243041992,
      0.31837189197540283,
      0.21249939501285553,
      0.31882625818252563,
      0.3292875289916992,
      0.3417779505252838,
      0.2705342769622803,
      0.30053043365478516,
      0.4884399473667145,
      0.4259715676307678,
      0.6041345000267029,
      0.9999999403953552,
      0.28240975737571716,
      0.21657082438468933,
      0.2711566090583801,
      0.23437561094760895
    ],
    [
      0.2947327494621277,
      0.3736863434314728,
      0.35035327076911926,
      0.3562999665737152,
      0.4678989052772522,
      0.4509906768798828,
      0.4770820438861847,
      0.37166255712509155,
      0.26311591267585754,
      0.28309354186058044,
      0.3328291177749634,
      0.28240975737571716,
      1.0,
      0.4970773458480835,
      0.45929014682769775,
      0.3506166338920593
    ],
    [
      0.26519298553466797,
      0.26984870433807373,
      0.2616053521633148,
      0.41287851333618164,
      0.300967812538147,
      0.3715187609195709,
      0.3460676968097687,
      0.26147428154945374,
      0.23021498322486877,
      0.20119141042232513,
      0.2369059920310974,
      0.21657082438468933,
      0.4970773458480835,
      0.9999999403953552,
      0.4463222026824951,
      0.534241795539856
    ],
    [
      0.3297695815563202,
      0.35651594400405884,
      0.4972890317440033,
      0.41648024320602417,
      0.37308499217033386,
      0.4158170521259308,
      0.40087148547172546,
      0.3577784299850464,
      0.19780917465686798,
      0.20821675658226013,
      0.14545230567455292,
      0.2711566090583801,
      0.45929014682769775,
      0.4463222026824951,
      1.0,
      0.3938109874725342
    ],
    [
      0.2814517021179199,
      0.38656195998191833,
      0.35870787501335144,
      0.36176785826683044,
      0.34916332364082336,
      0.33515655994415283,
      0.33587968349456787,
      0.31603673100471497,
      0.23407287895679474,
      0.05957376956939697,
      0.2017468512058258,
      0.23437561094760895,
      0.3506166338920593,
      0.534241795539856,
      0.3938109874725342,
      1.0
    ]
  ]
}