{"game_number":8,"words":["COVER","JACKET","PAGE","SPINE","CALICO","TABBY","TORTOISESHELL","TUXEDO","BUTTERFLY","JITTER","NERVE","WILLY","BEETHOVEN","CORNUCOPIA","KALEIDOSCOPE","PEACOCK"],"adjacency_matrix":[[1.0,0.463873028755188,0.4654214680194855,0.45665067434310913,0.2716396152973175,0.22302837669849396,0.30079495906829834,0.22825677692890167,0.2993391752243042,0.20691007375717163,0.30664822459220886,0.33748766779899597,0.2774614095687866,0.3126770257949829,0.19983555376529694,0.2952147424221039],[0.463873028755188,1.0,0.32036980986595154,0.4290519952774048,0.3315412998199463,0.2884392738342285,0.34383830428123474,0.561595618724823,0.37152326107025146,0.22563616931438446,0.3038318157196045,0.27496740221977234,0.33512958884239197,0.28372320532798767,0.26165083050727844,0.3232034742832184],[0.4654214680194855,0.32036980986595154,1.0,0.3832818865776062,0.1950114667415619,0.29174456000328064,0.2884890139102936,0.17666295170783997,0.3319174349308014,0.15972965955734253,0.26313096284866333,0.29622992873191833,0.30575087666511536,0.26904308795928955,0.2380513697862625,0.29515230655670166],[0.45665067434310913,0.4290519952774048,0.3832818865776062,1.0,0.2511306405067444,0.2839917540550232,0.36811548471450806,0.1964372843503952,0.37655341625213623,0.1782657653093338,0.5586745142936707,0.24789460003376007,0.31129685044288635,0.32087284326553345,0.3000060021877289,0.23743444681167603],[0.2716396152973175,0.3315412998199463,0.1950114667415619,0.2511306405067444,0.9999999403953552,0.5444748997688293,0.576867401599884,0.37986648082733154,0.35874223709106445,0.2065333127975464,0.2409733086824417,0.3896237015724182,0.22503623366355896,0.2734387218952179,0.23220139741897583,0.35755422711372375],[0.22302837669849396,0.2884392738342285,0.29174456000328064,0.2839917540550232,0.5444748997688293,1.0,0.5195410251617432,0.32829588651657104,0.32925933599472046,0.19878938794136047,0.16845281422138214,0.21821869909763336,0.2482462376356125,0.24368979036808014,0.23608152568340302,0.36332961916923523],[0.30079495906829834,0.34383830428123474,0.2884890139102936,0.36811548471450806,0.576867401599884,0.5195410251617432,1.0,0.3481766879558563,0.5213258266448975,0.22404608130455017,0.2721053659915924,0.29667508602142334,0.3643960952758789,0.38030028343200684,0.35854196548461914,0.4241909682750702],[0.22825677692890167,0.561595618724823,0.17666295170783997,0.1964372843503952,0.37986648082733154,0.32829588651657104,0.3481766879558563,1.0,0.277715265750885,0.2158515453338623,0.1279049962759018,0.22572991251945496,0.2848375141620636,0.2051551789045334,0.259491503238678,0.3107427954673767],[0.2993391752243042,0.37152326107025146,0.3319174349308014,0.37655341625213623,0.35874223709106445,0.32925933599472046,0.5213258266448975,0.277715265750885,1.0,0.2434113323688507,0.3100230097770691,0.32102397084236145,0.4063897728919983,0.35745635628700256,0.4181476831436157,0.42083173990249634],[0.20691007375717163,0.22563616931438446,0.15972965955734253,0.1782657653093338,0.2065333127975464,0.19878938794136047,0.22404608130455017,0.2158515453338623,0.2434113323688507,1.0,0.22530597448349,0.18948093056678772,0.24569033086299896,0.21309030055999756,0.3226551115512848,0.28603971004486084],[0.30664822459220886,0.3038318157196045,0.26313096284866333,0.5586745142936707,0.2409733086824417,0.16845281422138214,0.2721053659915924,0.1279049962759018,0.3100230097770691,0.22530597448349,1.0,0.24077001214027405,0.4012829661369324,0.3177015483379364,0.23418520390987396,0.21178995072841644],[0.33748766779899597,0.27496740221977234,0.29622992873191833,0.24789460003376007,0.3896237015724182,0.21821869909763336,0.29667508602142334,0.22572991251945496,0.32102397084236145,0.18948093056678772,0.24077001214027405,1.0,0.33179864287376404,0.2450631856918335,0.19253727793693542,0.33490779995918274],[0.2774614095687866,0.33512958884239197,0.30575087666511536,0.31129685044288635,0.22503623366355896,0.2482462376356125,0.3643960952758789,0.2848375141620636,0.4063897728919983,0.24569033086299896,0.4012829661369324,0.33179864287376404,0.9999999403953552,0.348827600479126,0.3401658833026886,0.3036913573741913],[0.3126770257949829,0.28372320532798767,0.26904308795928955,0.32087284326553345,0.2734387218952179,0.24368979036808014,0.38030028343200684,0.2051551789045334,0.35745635628700256,0.21309030055999756,0.3177015483379364,0.2450631856918335,0.348827600479126,1.0,0.4701137840747833,0.3630431294441223],[0.19983555376529694,0.26165083050727844,0.2380513697862625,0.3000060021877289,0.23220139741897583,0.23608152568340302,0.35854196548461914,0.259491503238678,0.4181476831436157,0.3226551115512848,0.23418520390987396,0.19253727793693542,0.3401658833026886,0.4701137840747833,0.9999999403953552,0.29873913526535034],[0.2952147424221039,0.3232034742832184,0.29515230655670166,0.23743444681167603,0.35755422711372375,0.36332961916923523,0.4241909682750702,0.3107427954673767,0.42083173990249634,0.28603971004486084,0.21178995072841644,0.33490779995918274,0.3036913573741913,0.3630431294441223,0.29873913526535034,1.0]]}