{
  "game_number": 495,
  "words": [
    "BULL",
    "CRAB",
    "SCALES",
    "TWINS",
    "CAPITOL",
    "COLUMBIA",
    "VIRGIN",
    "ISLAND",
    "CAN",
    "GEM",
    "LIB",
    "TAU",
    "BIG",
    "GIANT",
    "GREAT",
    "HUGE"
  ],
  "adjacency_matrix": [
    [
      1.0,
      0.39759695529937744,
      0.2167164534330368,
      0.29596465826034546,
      0.2758013606071472,
      0.19236430525779724,
      0.4249250888824463,
      0.30835458636283875,
      0.22947381436824799,
      0.32337018847465515,
      0.25681689381599426,
      0.17575740814208984,
      0.43576791882514954,
      0.4794217348098755,
      0.4228106141090393,
      0.42090022563934326
    ],
    [
      0.39759695529937744,
      1.0,
      0.24235183000564575,
      0.23027147352695465,
      0.21202169358730316,
      0.26692378520965576,
      0.30269482731819153,
      0.41845718026161194,
      0.2608499526977539,
      0.365253746509552,
      0.1894274652004242,
      0.26298993825912476,
      0.3553618788719177,
      0.5093638300895691,
      0.3317544162273407,
      0.34568217396736145
    ],
    [
      0.2167164534330368,
      0.24235183000564575,
      1.0,
      0.24344567954540253,
      0.24333080649375916,
      0.2045079469680786,
      0.1627170294523239,
      0.28364238142967224,
      0.31550249457359314,
      0.27173128724098206,
      0.09008442610502243,
      0.20550525188446045,
      0.34463438391685486,
      0.326932430267334,
      0.3203008472919464,
      0.34564208984375
    ],
    [
      0.29596465826034546,
      0.23027147352695465,
      0.24344567954540253,
      0.9999999403953552,
      0.14168839156627655,
      0.18849490582942963,
      0.30057254433631897,
      0.24075056612491608,
      0.29258832335472107,
      0.19080807268619537,
      0.12855571508407593,
      0.1348942071199417,
      0.3561415374279022,
      0.39116421341896057,
      0.32750919461250305,
      0.32698798179626465
    ],
    [
      0.2758013606071472,
      0.21202169358730316,
      0.24333080649375916,
      0.14168839156627655,
      0.9999999403953552,
      0.45128992199897766,
      0.2922883629798889,
      0.4350013732910156,
      0.17915399372577667,
      0.25329428911209106,
      0.23159752786159515,
      0.17397859692573547,
      0.32008564472198486,
      0.3145773112773895,
      0.3456071615219116,
      0.31303489208221436
    ],
    [
      0.19236430525779724,
      0.26692378520965576,
      0.2045079469680786,
      0.18849490582942963,
      0.45128992199897766,
      1.0,
      0.3046684265136719,
      0.3445102870464325,
      0.2272055447101593,
      0.27476194500923157,
      0.26255252957344055,
      0.18059010803699493,
      0.2449600100517273,
      0.31280672550201416,
      0.23367030918598175,
      0.21669062972068787
    ],
    [
      0.4249250888824463,
      0.30269482731819153,
      0.1627170294523239,
      0.30057254433631897,
      0.2922883629798889,
      0.3046684265136719,
      1.0,
      0.4073939919471741,
      0.1648707538843155,
      0.3575800657272339,
      0.27429288625717163,
      0.17703589797019958,
      0.28077542781829834,
      0.35531750321388245,
      0.31651338934898376,
      0.28142309188842773
    ],
    [
      0.30835458636283875,
      0.41845718026161194,
      0.28364238142967224,
      0.24075056612491608,
      0.4350013732910156,
      0.3445102870464325,
      0.4073939919471741,
      1.0,
      0.2511223256587982,
      0.32024112343788147,
      0.11591628193855286,
      0.20402361452579498,
      0.2871454358100891,
      0.38006269931793213,
      0.31727537512779236,
      0.29634830355644226
    ],
    [
      0.22947381436824799,
      0.2608499526977539,
      0.31550249457359314,
      0.29258832335472107,
      0.17915399372577667,
      0.2272055447101593,
      0.1648707538843155,
      0.2511223256587982,
      1.0,
      0.19803427159786224,
      0.1562778204679489,
      0.13726435601711273,
      0.34332695603370667,
      0.22833149135112762,
      0.3696996867656708,
      0.30651959776878357
    ],
    [
      0.32337018847465515,
      0.365253746509552,
      0.27173128724098206,
      0.19080807268619537,
      0.25329428911209106,
      0.27476194500923157,
      0.3575800657272339,
      0.32024112343788147,
      0.19803427159786224,
      1.0,
      0.12128964811563492,
      0.1507621705532074,
      0.328208327293396,
      0.4171399474143982,
      0.3872489333152771,
      0.35355839133262634
    ],
    [
      0.25681689381599426,
      0.1894274652004242,
      0.09008442610502243,
      0.12855571508407593,
      0.23159752786159515,
      0.26255252957344055,
      0.27429288625717163,
      0.11591628193855286,
      0.1562778204679489,
      0.12128964811563492,
      1.0,
      0.17252539098262787,
      0.23532560467720032,
      0.24647146463394165,
      0.24153617024421692,
      0.1775359958410263
    ],
    [
      0.17575740814208984,
      0.26298993825912476,
      0.20550525188446045,
      0.1348942071199417,
      0.17397859692573547,
      0.18059010803699493,
      0.17703589797019958,
      0.20402361452579498,
      0.13726435601711273,
      0.1507621705532074,
      0.17252539098262787,
      1.0000001192092896,
      0.09944254904985428,
      0.21242308616638184,
      0.05869331210851669,
      0.08359815925359726
    ],
    [
      0.43576791882514954,
      0.3553618788719177,
      0.34463438391685486,
      0.3561415374279022,
      0.32008564472198486,
      0.2449600100517273,
      0.28077542781829834,
      0.2871454358100891,
      0.34332695603370667,
      0.328208327293396,
      0.23532560467720032,
      0.09944254904985428,
      1.0,
      0.6611828207969666,
      0.7603718042373657,
      0.8716933727264404
    ],
    [
      0.4794217348098755,
      0.5093638300895691,
      0.326932430267334,
      0.39116421341896057,
      0.3145773112773895,
      0.31280672550201416,
      0.35531750321388245,
      0.38006269931793213,
      0.22833149135112762,
      0.4171399474143982,
      0.24647146463394165,
      0.21242308616638184,
      0.6611828207969666,
      1.0,
      0.5042018890380859,
      0.6773829460144043
    ],
    [
      0.4228106141090393,
      0.3317544162273407,
      0.3203008472919464,
      0.32750919461250305,
      0.3456071615219116,
      0.23367030918598175,
      0.31651338934898376,
      0.31727537512779236,
      0.3696996867656708,
      0.3872489333152771,
      0.24153617024421692,
      0.05869331210851669,
      0.7603718042373657,
      0.5042018890380859,
      1.0,
      0.7802958488464355
    ],
    [
      0.42090022563934326,
      0.34568217396736145,
      0.34564208984375,
      0.32698798179626465,
      0.31303489208221436,
      0.21669062972068787,
      0.28142309188842773,
      0.29634830355644226,
      0.30651959776878357,
      0.35355839133262634,
      0.1775359958410263,
      0.08359815925359726,
      0.8716933727264404,
      0.6773829460144043,
      0.7802958488464355,
      0.9999999403953552
    ]
  ]
}