{"game_number":225,"words":["EBB","FADE","FLAG","WANE","PURE","SHEER","TOTAL","UTTER","AIR","SPEAK","STATE","VOICE","BANNER","PRINCE","STARK","WAYNE"],"adjacency_matrix":[[1.0,0.4542897343635559,0.15934792160987854,0.48962581157684326,0.1871071457862854,0.3405798673629761,0.2315077930688858,0.25550079345703125,0.26466941833496094,0.23748447000980377,0.255127489566803,0.1955786645412445,0.12415596097707748,0.12442001700401306,0.2231653481721878,0.12827658653259277],[0.4542897343635559,1.0,0.37832966446876526,0.6304417848587036,0.3344154357910156,0.28992101550102234,0.257529079914093,0.3444945216178894,0.3850306272506714,0.418416827917099,0.31534117460250854,0.35430076718330383,0.3335741460323334,0.24312637746334076,0.3383046090602875,0.2767801582813263],[0.15934792160987854,0.37832966446876526,1.0,0.22130422294139862,0.3045758605003357,0.24485699832439423,0.28131094574928284,0.2733382284641266,0.3896038234233856,0.34150755405426025,0.4326717257499695,0.34162524342536926,0.6769327521324158,0.3412044942378998,0.23440001904964447,0.3137279450893402],[0.48962581157684326,0.6304417848587036,0.22130422294139862,0.9999999403953552,0.2790645360946655,0.2927640676498413,0.1796530932188034,0.24025045335292816,0.3065659701824188,0.3315636217594147,0.26142555475234985,0.26258358359336853,0.23221687972545624,0.27320218086242676,0.22745008766651154,0.2387511283159256],[0.1871071457862854,0.3344154357910156,0.3045758605003357,0.2790645360946655,1.0,0.5607539415359497,0.5139227509498596,0.4759535491466522,0.4624314308166504,0.36416390538215637,0.42784202098846436,0.41827571392059326,0.3183753788471222,0.37171369791030884,0.501910924911499,0.33543190360069275],[0.3405798673629761,0.28992101550102234,0.24485699832439423,0.2927640676498413,0.5607539415359497,1.0,0.515308141708374,0.5735737085342407,0.3585093915462494,0.2774125933647156,0.2985322177410126,0.33513936400413513,0.3120446503162384,0.2608669698238373,0.5067581534385681,0.30020859837532043],[0.2315077930688858,0.257529079914093,0.28131094574928284,0.1796530932188034,0.5139227509498596,0.515308141708374,1.0000001192092896,0.43960002064704895,0.42822906374931335,0.2912842333316803,0.4719424843788147,0.3710988759994507,0.3056112229824066,0.2787784934043884,0.3420427739620209,0.2574863135814667],[0.25550079345703125,0.3444945216178894,0.2733382284641266,0.24025045335292816,0.4759535491466522,0.5735737085342407,0.43960002064704895,1.0000001192092896,0.33346298336982727,0.5234062671661377,0.32897698879241943,0.41609951853752136,0.2860362231731415,0.27995848655700684,0.4284704625606537,0.35133451223373413],[0.26466941833496094,0.3850306272506714,0.3896038234233856,0.3065659701824188,0.4624314308166504,0.3585093915462494,0.42822906374931335,0.33346298336982727,1.0,0.373187392950058,0.4045887887477875,0.46785983443260193,0.361075222492218,0.3243021070957184,0.3037428855895996,0.23909103870391846],[0.23748447000980377,0.418416827917099,0.34150755405426025,0.3315636217594147,0.36416390538215637,0.2774125933647156,0.2912842333316803,0.5234062671661377,0.373187392950058,0.9999999403953552,0.47457584738731384,0.5513330101966858,0.29654088616371155,0.38187074661254883,0.34107157588005066,0.33499807119369507],[0.255127489566803,0.31534117460250854,0.4326717257499695,0.26142555475234985,0.42784202098846436,0.2985322177410126,0.4719424843788147,0.32897698879241943,0.4045887887477875,0.47457584738731384,1.0,0.43008074164390564,0.3932892084121704,0.4610065221786499,0.34039610624313354,0.33280646800994873],[0.1955786645412445,0.35430076718330383,0.34162524342536926,0.26258358359336853,0.41827571392059326,0.33513936400413513,0.3710988759994507,0.41609951853752136,0.46785983443260193,0.5513330101966858,0.43008074164390564,1.0,0.3636328876018524,0.37876951694488525,0.36864373087882996,0.29931744933128357],[0.12415596097707748,0.3335741460323334,0.6769327521324158,0.23221687972545624,0.3183753788471222,0.3120446503162384,0.3056112229824066,0.2860362231731415,0.361075222492218,0.29654088616371155,0.3932892084121704,0.3636328876018524,1.0,0.3219178020954132,0.29422760009765625,0.2784350514411926],[0.12442001700401306,0.24312637746334076,0.3412044942378998,0.27320218086242676,0.37171369791030884,0.2608669698238373,0.2787784934043884,0.27995848655700684,0.3243021070957184,0.38187074661254883,0.4610065221786499,0.37876951694488525,0.3219178020954132,1.0,0.21663405001163483,0.4084269106388092],[0.2231653481721878,0.3383046090602875,0.23440001904964447,0.22745008766651154,0.501910924911499,0.5067581534385681,0.3420427739620209,0.4284704625606537,0.3037428855895996,0.34107157588005066,0.34039610624313354,0.36864373087882996,0.29422760009765625,0.21663405001163483,1.0,0.27688056230545044],[0.12827658653259277,0.2767801582813263,0.3137279450893402,0.2387511283159256,0.33543190360069275,0.30020859837532043,0.2574863135814667,0.35133451223373413,0.23909103870391846,0.33499807119369507,0.33280646800994873,0.29931744933128357,0.2784350514411926,0.4084269106388092,0.27688056230545044,1.0]]}