{"game_number":340,"words":["CORDUROY","DENIM","LINEN","TWEED","GHOST","PHANTOM","SPECTER","SPIRIT","NEEDLE","POKE","RIB","TEASE","BEAST","GENIE","SCAR","STITCH"],"adjacency_matrix":[[1.0,0.6408208608627319,0.5312367081642151,0.6441763043403625,0.3580881655216217,0.4204149842262268,0.2647438943386078,0.29446640610694885,0.3367902934551239,0.2668274939060211,0.36459410190582275,0.3076637089252472,0.3657176196575165,0.19270798563957214,0.387733519077301,0.4564664959907532],[0.6408208608627319,0.9999999403953552,0.4602128863334656,0.5427830815315247,0.22355854511260986,0.2391153872013092,0.2429104447364807,0.19881191849708557,0.26713377237319946,0.1589922159910202,0.3147716522216797,0.2387361377477646,0.23041932284832,0.1929401159286499,0.3132593035697937,0.44675105810165405],[0.5312367081642151,0.4602128863334656,1.0,0.48919934034347534,0.2914273142814636,0.3490109443664551,0.23449435830116272,0.27498337626457214,0.37363606691360474,0.15225183963775635,0.27127838134765625,0.20658940076828003,0.2868896424770355,0.2571680545806885,0.25373172760009766,0.4625037610530853],[0.6441763043403625,0.5427830815315247,0.48919934034347534,0.9999999403953552,0.33260929584503174,0.34504833817481995,0.2523397207260132,0.2476174384355545,0.30145928263664246,0.2355017215013504,0.21370795369148254,0.31050121784210205,0.2830224633216858,0.2718450129032135,0.28708985447883606,0.4352935254573822],[0.3580881655216217,0.22355854511260986,0.2914273142814636,0.33260929584503174,1.0,0.7019616961479187,0.58903968334198,0.510103702545166,0.31408700346946716,0.31300896406173706,0.23771540820598602,0.35392922163009644,0.5043734312057495,0.39141419529914856,0.3628300726413727,0.31478971242904663],[0.4204149842262268,0.2391153872013092,0.3490109443664551,0.34504833817481995,0.7019616961479187,1.0,0.557157576084137,0.36714425683021545,0.36922863125801086,0.2798006534576416,0.3016011118888855,0.30955103039741516,0.5175569653511047,0.360882043838501,0.3393232524394989,0.350068598985672],[0.2647438943386078,0.2429104447364807,0.23449435830116272,0.2523397207260132,0.58903968334198,0.557157576084137,1.0,0.3806861639022827,0.29700982570648193,0.27647486329078674,0.17765018343925476,0.31924402713775635,0.4981008768081665,0.3814765214920044,0.3374112844467163,0.2610282301902771],[0.29446640610694885,0.19881191849708557,0.27498337626457214,0.2476174384355545,0.510103702545166,0.36714425683021545,0.3806861639022827,1.0,0.3774228096008301,0.2590683102607727,0.23002110421657562,0.3313431441783905,0.49206799268722534,0.38612422347068787,0.3141855299472809,0.26206937432289124],[0.3367902934551239,0.26713377237319946,0.37363606691360474,0.30145928263664246,0.31408700346946716,0.36922863125801086,0.29700982570648193,0.3774228096008301,0.9999999403953552,0.5108892917633057,0.3799438774585724,0.3630780279636383,0.3569517433643341,0.28455913066864014,0.44360077381134033,0.5452857613563538],[0.2668274939060211,0.1589922159910202,0.15225183963775635,0.2355017215013504,0.31300896406173706,0.2798006534576416,0.27647486329078674,0.2590683102607727,0.5108892917633057,0.9999999403953552,0.39149048924446106,0.5362379550933838,0.3620099127292633,0.2665129005908966,0.346365362405777,0.412544310092926],[0.36459410190582275,0.3147716522216797,0.27127838134765625,0.21370795369148254,0.23771540820598602,0.3016011118888855,0.17765018343925476,0.23002110421657562,0.3799438774585724,0.39149048924446106,1.0,0.3052622079849243,0.36183202266693115,0.10814780741930008,0.37845978140830994,0.44684210419654846],[0.3076637089252472,0.2387361377477646,0.20658940076828003,0.31050121784210205,0.35392922163009644,0.30955103039741516,0.31924402713775635,0.3313431441783905,0.3630780279636383,0.5362379550933838,0.3052622079849243,1.0,0.3712209463119507,0.30708497762680054,0.4116930365562439,0.40137961506843567],[0.3657176196575165,0.23041932284832,0.2868896424770355,0.2830224633216858,0.5043734312057495,0.5175569653511047,0.4981008768081665,0.49206799268722534,0.3569517433643341,0.3620099127292633,0.36183202266693115,0.3712209463119507,1.0,0.36306965351104736,0.3927735984325409,0.3511006236076355],[0.19270798563957214,0.1929401159286499,0.2571680545806885,0.2718450129032135,0.39141419529914856,0.360882043838501,0.3814765214920044,0.38612422347068787,0.28455913066864014,0.2665129005908966,0.10814780741930008,0.30708497762680054,0.36306965351104736,0.9999999403953552,0.2006174772977829,0.19529969990253448],[0.387733519077301,0.3132593035697937,0.25373172760009766,0.28708985447883606,0.3628300726413727,0.3393232524394989,0.3374112844467163,0.3141855299472809,0.44360077381134033,0.346365362405777,0.37845978140830994,0.4116930365562439,0.3927735984325409,0.2006174772977829,0.9999999403953552,0.4644933342933655],[0.4564664959907532,0.44675105810165405,0.4625037610530853,0.4352935254573822,0.31478971242904663,0.350068598985672,0.2610282301902771,0.26206937432289124,0.5452857613563538,0.412544310092926,0.44684210419654846,0.40137961506843567,0.3511006236076355,0.19529969990253448,0.4644933342933655,0.9999999403953552]]}