{
  "game_number": 230,
  "words": [
    "DIP",
    "DIVE",
    "SPLASH",
    "SWIM",
    "BONUS",
    "EXTRA",
    "FROSTING",
    "GRAVY",
    "BRASS",
    "CHEEK",
    "NERVE",
    "SAUCE",
    "ARM",
    "EYE",
    "HIP",
    "LEG"
  ],
  "adjacency_matrix": [
    [
      1.0,
      0.5276186466217041,
      0.542226254940033,
      0.4870499074459076,
      0.3130466341972351,
      0.3601478934288025,
      0.34739580750465393,
      0.4096193313598633,
      0.3063352704048157,
      0.39234137535095215,
      0.3439745306968689,
      0.44825348258018494,
      0.3804689943790436,
      0.33243870735168457,
      0.34463247656822205,
      0.3924247622489929
    ],
    [
      0.5276186466217041,
      1.0,
      0.42254993319511414,
      0.5530151128768921,
      0.30437275767326355,
      0.38267982006073,
      0.19876810908317566,
      0.2288169115781784,
      0.2337731122970581,
      0.26871737837791443,
      0.32842811942100525,
      0.2709503769874573,
      0.2976239323616028,
      0.2910396158695221,
      0.25040754675865173,
      0.3144620656967163
    ],
    [
      0.542226254940033,
      0.42254993319511414,
      0.9999999403953552,
      0.4615751802921295,
      0.3813330829143524,
      0.38781943917274475,
      0.3793790638446808,
      0.4125712811946869,
      0.37218526005744934,
      0.3923472464084625,
      0.2452152818441391,
      0.44474977254867554,
      0.34277451038360596,
      0.357307493686676,
      0.3079625368118286,
      0.3051632046699524
    ],
    [
      0.4870499074459076,
      0.5530151128768921,
      0.4615751802921295,
      1.0,
      0.20543032884597778,
      0.2351066768169403,
      0.14373019337654114,
      0.269290030002594,
      0.18432298302650452,
      0.2161555141210556,
      0.2879703640937805,
      0.31632596254348755,
      0.3499414324760437,
      0.30742329359054565,
      0.23536895215511322,
      0.37021133303642273
    ],
    [
      0.3130466341972351,
      0.30437275767326355,
      0.3813330829143524,
      0.20543032884597778,
      1.0,
      0.6054553389549255,
      0.3075011968612671,
      0.3940702974796295,
      0.32222944498062134,
      0.2250925451517105,
      0.2854654788970947,
      0.33523496985435486,
      0.2766081392765045,
      0.24451656639575958,
      0.17834946513175964,
      0.3214353024959564
    ],
    [
      0.3601478934288025,
      0.38267982006073,
      0.38781943917274475,
      0.2351066768169403,
      0.6054553389549255,
      1.0,
      0.316318154335022,
      0.3773464262485504,
      0.3764483630657196,
      0.27607759833335876,
      0.34886443614959717,
      0.35492512583732605,
      0.3144422471523285,
      0.296600878238678,
      0.2571975886821747,
      0.35885369777679443
    ],
    [
      0.34739580750465393,
      0.19876810908317566,
      0.3793790638446808,
      0.14373019337654114,
      0.3075011968612671,
      0.316318154335022,
      1.0,
      0.4164763391017914,
      0.3098055124282837,
      0.33617931604385376,
      0.22084099054336548,
      0.41998589038848877,
      0.24412046372890472,
      0.25558987259864807,
      0.1765614151954651,
      0.1805032193660736
    ],
    [
      0.4096193313598633,
      0.2288169115781784,
      0.4125712811946869,
      0.269290030002594,
      0.3940702974796295,
      0.3773464262485504,
      0.4164763391017914,
      1.0,
      0.36578190326690674,
      0.2883993685245514,
      0.2434329390525818,
      0.6172078847885132,
      0.2880845367908478,
      0.21811382472515106,
      0.2598158121109009,
      0.282557874917984
    ],
    [
      0.3063352704048157,
      0.2337731122970581,
      0.37218526005744934,
      0.18432298302650452,
      0.32222944498062134,
      0.3764483630657196,
      0.3098055124282837,
      0.36578190326690674,
      1.0,
      0.361735075712204,
      0.3730453848838806,
      0.3834057152271271,
      0.44420164823532104,
      0.3016465902328491,
      0.3222361207008362,
      0.31957271695137024
    ],
    [
      0.39234137535095215,
      0.26871737837791443,
      0.3923472464084625,
      0.2161555141210556,
      0.2250925451517105,
      0.27607759833335876,
      0.33617931604385376,
      0.2883993685245514,
      0.361735075712204,
      0.9999999403953552,
      0.4688730835914612,
      0.3785904347896576,
      0.47983086109161377,
      0.5213502645492554,
      0.3889283239841461,
      0.45244795083999634
    ],
    [
      0.3439745306968689,
      0.32842811942100525,
      0.2452152818441391,
      0.2879703640937805,
      0.2854654788970947,
      0.34886443614959717,
      0.22084099054336548,
      0.2434329390525818,
      0.3730453848838806,
      0.4688730835914612,
      1.0,
      0.33661743998527527,
      0.5012481212615967,
      0.44598397612571716,
      0.4095034897327423,
      0.4842010736465454
    ],
    [
      0.44825348258018494,
      0.2709503769874573,
      0.44474977254867554,
      0.31632596254348755,
      0.33523496985435486,
      0.35492512583732605,
      0.41998589038848877,
      0.6172078847885132,
      0.3834057152271271,
      0.3785904347896576,
      0.33661743998527527,
      1.0,
      0.3221590220928192,
      0.28125038743019104,
      0.27008792757987976,
      0.32996639609336853
    ],
    [
      0.3804689943790436,
      0.2976239323616028,
      0.34277451038360596,
      0.3499414324760437,
      0.2766081392765045,
      0.3144422471523285,
      0.24412046372890472,
      0.2880845367908478,
      0.44420164823532104,
      0.47983086109161377,
      0.5012481212615967,
      0.3221590220928192,
      1.0,
      0.47987085580825806,
      0.5116357207298279,
      0.6570681929588318
    ],
    [
      0.33243870735168457,
      0.2910396158695221,
      0.357307493686676,
      0.30742329359054565,
      0.24451656639575958,
      0.296600878238678,
      0.25558987259864807,
      0.21811382472515106,
      0.3016465902328491,
      0.5213502645492554,
      0.44598397612571716,
      0.28125038743019104,
      0.47987085580825806,
      1.0,
      0.3437722325325012,
      0.44285497069358826
    ],
    [
      0.34463247656822205,
      0.25040754675865173,
      0.3079625368118286,
      0.23536895215511322,
      0.17834946513175964,
      0.2571975886821747,
      0.1765614151954651,
      0.2598158121109009,
      0.3222361207008362,
      0.3889283239841461,
      0.4095034897327423,
      0.27008792757987976,
      0.5116357207298279,
      0.3437722325325012,
      1.0,
      0.5332562923431396
    ],
    [
      0.3924247622489929,
      0.3144620656967163,
      0.3051632046699524,
      0.37021133303642273,
      0.3214353024959564,
      0.35885369777679443,
      0.1805032193660736,
      0.282557874917984,
      0.31957271695137024,
      0.45244795083999634,
      0.4842010736465454,
      0.32996639609336853,
      0.6570681929588318,
      0.44285497069358826,
      0.5332562923431396,
      1.0
    ]
  ]
}