{"game_number":224,"words":["FLOAT","SHAKE","SPLIT","SUNDAE","BOLT","NAIL","RIVET","SCREW","CORN","OLIVE","PALM","PEANUT","FINGERS","NOTE","RICE","WICKET"],"adjacency_matrix":[[1.0,0.47636449337005615,0.43863365054130554,0.26849275827407837,0.37219858169555664,0.32364320755004883,0.3451199233531952,0.40036216378211975,0.33967554569244385,0.247941255569458,0.3067606985569,0.25903579592704773,0.3240582048892975,0.3064131438732147,0.37475481629371643,0.1884840875864029],[0.47636449337005615,1.0,0.46609175205230713,0.3564976155757904,0.4271441400051117,0.4363137185573578,0.39901044964790344,0.4585646390914917,0.34739547967910767,0.31602075695991516,0.4305003583431244,0.32181933522224426,0.4488430321216583,0.35672175884246826,0.36963561177253723,0.26802781224250793],[0.43863365054130554,0.46609175205230713,1.0,0.20257769525051117,0.4211662709712982,0.36632588505744934,0.32018449902534485,0.37176236510276794,0.24668855965137482,0.25026363134384155,0.253167062997818,0.19917134940624237,0.31821420788764954,0.33589211106300354,0.22030478715896606,0.19641730189323425],[0.26849275827407837,0.3564976155757904,0.20257769525051117,1.0,0.22583003342151642,0.32702380418777466,0.3275057077407837,0.2509354054927826,0.30852755904197693,0.30688056349754333,0.3142840564250946,0.42027372121810913,0.2382308840751648,0.1502072513103485,0.381106436252594,0.20603187382221222],[0.37219858169555664,0.4271441400051117,0.4211662709712982,0.22583003342151642,1.0,0.4895598292350769,0.5998155474662781,0.5491480827331543,0.37702295184135437,0.24362564086914062,0.29224520921707153,0.39569318294525146,0.3215867578983307,0.2578625977039337,0.2968110740184784,0.30433472990989685],[0.32364320755004883,0.4363137185573578,0.36632588505744934,0.32702380418777466,0.4895598292350769,1.0,0.5299733877182007,0.5081080794334412,0.2731792628765106,0.29140034317970276,0.4442252218723297,0.2889757454395294,0.48038962483406067,0.3256094455718994,0.24130791425704956,0.3025510311126709],[0.3451199233531952,0.39901044964790344,0.32018449902534485,0.3275057077407837,0.5998155474662781,0.5299733877182007,1.0,0.5811887383460999,0.34911805391311646,0.20395153760910034,0.35501810908317566,0.39947453141212463,0.3888300955295563,0.3087497353553772,0.27178603410720825,0.2653828561306],[0.40036216378211975,0.4585646390914917,0.37176236510276794,0.2509354054927826,0.5491480827331543,0.5081080794334412,0.5811887383460999,1.0000001192092896,0.28403377532958984,0.21668267250061035,0.29036441445350647,0.2995440661907196,0.3895263969898224,0.26676467061042786,0.2681921720504761,0.20879918336868286],[0.33967554569244385,0.34739547967910767,0.24668855965137482,0.30852755904197693,0.37702295184135437,0.2731792628765106,0.34911805391311646,0.28403377532958984,1.0,0.3708655834197998,0.36694425344467163,0.5839546322822571,0.27094024419784546,0.1845615804195404,0.6305328011512756,0.32426249980926514],[0.247941255569458,0.31602075695991516,0.25026363134384155,0.30688056349754333,0.24362564086914062,0.29140034317970276,0.20395153760910034,0.21668267250061035,0.3708655834197998,0.9999999403953552,0.5513601899147034,0.4154311716556549,0.2934267818927765,0.1491028070449829,0.4041573703289032,0.11375066637992859],[0.3067606985569,0.4305003583431244,0.253167062997818,0.3142840564250946,0.29224520921707153,0.4442252218723297,0.35501810908317566,0.29036441445350647,0.36694425344467163,0.5513601899147034,0.9999999403953552,0.4316084384918213,0.5761566758155823,0.2486051470041275,0.46453163027763367,0.31895214319229126],[0.25903579592704773,0.32181933522224426,0.19917134940624237,0.42027372121810913,0.39569318294525146,0.2889757454395294,0.39947453141212463,0.2995440661907196,0.5839546322822571,0.4154311716556549,0.4316084384918213,1.0,0.27985680103302,0.12199743837118149,0.5511429309844971,0.25544267892837524],[0.3240582048892975,0.4488430321216583,0.31821420788764954,0.2382308840751648,0.3215867578983307,0.48038962483406067,0.3888300955295563,0.3895263969898224,0.27094024419784546,0.2934267818927765,0.5761566758155823,0.27985680103302,1.0,0.3079036772251129,0.319053590297699,0.28807708621025085],[0.3064131438732147,0.35672175884246826,0.33589211106300354,0.1502072513103485,0.2578625977039337,0.3256094455718994,0.3087497353553772,0.26676467061042786,0.1845615804195404,0.1491028070449829,0.2486051470041275,0.12199743837118149,0.3079036772251129,1.0,0.1801517754793167,0.26841065287590027],[0.37475481629371643,0.36963561177253723,0.22030478715896606,0.381106436252594,0.2968110740184784,0.24130791425704956,0.27178603410720825,0.2681921720504761,0.6305328011512756,0.4041573703289032,0.46453163027763367,0.5511429309844971,0.319053590297699,0.1801517754793167,1.0,0.26822629570961],[0.1884840875864029,0.26802781224250793,0.19641730189323425,0.20603187382221222,0.30433472990989685,0.3025510311126709,0.2653828561306,0.20879918336868286,0.32426249980926514,0.11375066637992859,0.31895214319229126,0.25544267892837524,0.28807708621025085,0.26841065287590027,0.26822629570961,1.0]]}