{
  "game_number": 220,
  "words": [
    "BERET",
    "GOBLIN",
    "SALAD",
    "THUMB",
    "JAY",
    "JEANS",
    "MOON",
    "WHALE",
    "HAZE",
    "HEART",
    "PROSE",
    "RAIN",
    "DESIGNER",
    "HAUTE",
    "HIGH-END",
    "LUXURY"
  ],
  "adjacency_matrix": [
    [
      0.9999999403953552,
      0.3340590000152588,
      0.36733925342559814,
      0.24052979052066803,
      0.2840847373008728,
      0.45079413056373596,
      0.31934306025505066,
      0.19897592067718506,
      0.29915952682495117,
      0.19279199838638306,
      0.17493374645709991,
      0.26717808842658997,
      0.21429705619812012,
      0.38260790705680847,
      0.22892318665981293,
      0.21234101057052612
    ],
    [
      0.3340590000152588,
      1.0,
      0.3150066137313843,
      0.27064213156700134,
      0.2576431334018707,
      0.13350482285022736,
      0.40751171112060547,
      0.38666966557502747,
      0.2898404896259308,
      0.2875053882598877,
      0.23438091576099396,
      0.27824461460113525,
      0.27138108015060425,
      0.22319848835468292,
      0.22980548441410065,
      0.19695721566677094
    ],
    [
      0.36733925342559814,
      0.3150066137313843,
      1.0,
      0.23299890756607056,
      0.18655230104923248,
      0.3666045069694519,
      0.36127492785453796,
      0.274687796831131,
      0.20346005260944366,
      0.3402610719203949,
      0.2858049273490906,
      0.2832009196281433,
      0.28587162494659424,
      0.37745070457458496,
      0.2938806116580963,
      0.30360496044158936
    ],
    [
      0.24052979052066803,
      0.27064213156700134,
      0.23299890756607056,
      0.9999999403953552,
      0.13288076221942902,
      0.20112237334251404,
      0.2389439344406128,
      0.2190951257944107,
      0.16187720000743866,
      0.4273333251476288,
      0.2283385992050171,
      0.16783419251441956,
      0.20132574439048767,
      0.15939722955226898,
      0.20030105113983154,
      0.2057228684425354
    ],
    [
      0.2840847373008728,
      0.2576431334018707,
      0.18655230104923248,
      0.13288076221942902,
      0.9999999403953552,
      0.1936555653810501,
      0.3272603154182434,
      0.24233411252498627,
      0.17700015008449554,
      0.11649315804243088,
      0.09588470309972763,
      0.1329716593027115,
      0.1317487359046936,
      0.17528408765792847,
      0.08726190030574799,
      0.05645973980426788
    ],
    [
      0.45079413056373596,
      0.13350482285022736,
      0.3666045069694519,
      0.20112237334251404,
      0.1936555653810501,
      0.9999999403953552,
      0.24708470702171326,
      0.28746581077575684,
      0.2513042688369751,
      0.19306714832782745,
      0.25540873408317566,
      0.2501765787601471,
      0.3764476776123047,
      0.3660769462585449,
      0.3487725853919983,
      0.30213111639022827
    ],
    [
      0.31934306025505066,
      0.40751171112060547,
      0.36127492785453796,
      0.2389439344406128,
      0.3272603154182434,
      0.24708470702171326,
      1.0,
      0.4029879868030548,
      0.3932325541973114,
      0.3485108017921448,
      0.25450146198272705,
      0.38805878162384033,
      0.2512120306491852,
      0.26569485664367676,
      0.20446127653121948,
      0.25300177931785583
    ],
    [
      0.19897592067718506,
      0.38666966557502747,
      0.274687796831131,
      0.2190951257944107,
      0.24233411252498627,
      0.28746581077575684,
      0.4029879868030548,
      0.9999999403953552,
      0.3017193377017975,
      0.36954596638679504,
      0.2662642002105713,
      0.27504509687423706,
      0.2692064344882965,
      0.24947987496852875,
      0.2760225832462311,
      0.2776181697845459
    ],
    [
      0.29915952682495117,
      0.2898404896259308,
      0.20346005260944366,
      0.16187720000743866,
      0.17700015008449554,
      0.2513042688369751,
      0.3932325541973114,
      0.3017193377017975,
      1.0,
      0.2747538387775421,
      0.28467443585395813,
      0.4862537682056427,
      0.14977532625198364,
      0.2547377645969391,
      0.2106412798166275,
      0.27106523513793945
    ],
    [
      0.19279199838638306,
      0.2875053882598877,
      0.3402610719203949,
      0.4273333251476288,
      0.11649315804243088,
      0.19306714832782745,
      0.3485108017921448,
      0.36954596638679504,
      0.2747538387775421,
      1.0,
      0.34783947467803955,
      0.31669187545776367,
      0.2627957761287689,
      0.2907903790473938,
      0.3080911636352539,
      0.3155921399593353
    ],
    [
      0.17493374645709991,
      0.23438091576099396,
      0.2858049273490906,
      0.2283385992050171,
      0.09588470309972763,
      0.25540873408317566,
      0.25450146198272705,
      0.2662642002105713,
      0.28467443585395813,
      0.34783947467803955,
      1.0,
      0.29926615953445435,
      0.2692801058292389,
      0.271923303604126,
      0.3374049663543701,
      0.3229219913482666
    ],
    [
      0.26717808842658997,
      0.27824461460113525,
      0.2832009196281433,
      0.16783419251441956,
      0.1329716593027115,
      0.2501765787601471,
      0.38805878162384033,
      0.27504509687423706,
      0.4862537682056427,
      0.31669187545776367,
      0.29926615953445435,
      1.0,
      0.21458347141742706,
      0.2425566464662552,
      0.19941122829914093,
      0.25312909483909607
    ],
    [
      0.21429705619812012,
      0.27138108015060425,
      0.28587162494659424,
      0.20132574439048767,
      0.1317487359046936,
      0.3764476776123047,
      0.2512120306491852,
      0.2692064344882965,
      0.14977532625198364,
      0.2627957761287689,
      0.2692801058292389,
      0.21458347141742706,
      1.0,
      0.3615948557853699,
      0.4111053943634033,
      0.3798963129520416
    ],
    [
      0.38260790705680847,
      0.22319848835468292,
      0.37745070457458496,
      0.15939722955226898,
      0.17528408765792847,
      0.3660769462585449,
      0.26569485664367676,
      0.24947987496852875,
      0.2547377645969391,
      0.2907903790473938,
      0.271923303604126,
      0.2425566464662552,
      0.3615948557853699,
      1.0,
      0.5334149599075317,
      0.47564300894737244
    ],
    [
      0.22892318665981293,
      0.22980548441410065,
      0.2938806116580963,
      0.20030105113983154,
      0.08726190030574799,
      0.3487725853919983,
      0.20446127653121948,
      0.2760225832462311,
      0.2106412798166275,
      0.3080911636352539,
      0.3374049663543701,
      0.19941122829914093,
      0.4111053943634033,
      0.5334149599075317,
      1.0,
      0.6642069816589355
    ],
    [
      0.21234101057052612,
      0.19695721566677094,
      0.30360496044158936,
      0.2057228684425354,
      0.05645973980426788,
      0.30213111639022827,
      0.25300177931785583,
      0.2776181697845459,
      0.27106523513793945,
      0.3155921399593353,
      0.3229219913482666,
      0.25312909483909607,
      0.3798963129520416,
      0.47564300894737244,
      0.6642069816589355,
      0.9999999403953552
    ]
  ]
}