{"game_number":358,"words":["DENMARK","GREECE","POLAND","PORTUGAL","COPY","ECHO","MIMIC","PARROT","CRUISE","HOLLAND","PETTY","WAITS","DILL","LIVID","MILD","MIX"],"adjacency_matrix":[[1.0000001192092896,0.6177752614021301,0.6957957148551941,0.6843999028205872,0.2387295812368393,0.2162250131368637,0.2608872950077057,0.2470620572566986,0.3231137692928314,0.7481949329376221,0.23707902431488037,0.27363017201423645,0.31286153197288513,0.2274693250656128,0.2792603373527527,0.3040759563446045],[0.6177752614021301,1.0,0.6188768148422241,0.6850895881652832,0.1897834837436676,0.18121109902858734,0.24000832438468933,0.22782643139362335,0.2856293022632599,0.5616442561149597,0.21485042572021484,0.24745547771453857,0.2548651397228241,0.18442776799201965,0.23132091760635376,0.24674342572689056],[0.6957957148551941,0.6188768148422241,1.0000001192092896,0.6351317167282104,0.23788917064666748,0.16692857444286346,0.21291089057922363,0.26704612374305725,0.29472193121910095,0.6706804037094116,0.25329333543777466,0.257633239030838,0.31607457995414734,0.25416892766952515,0.2404111623764038,0.2845878005027771],[0.6843999028205872,0.6850895881652832,0.6351317167282104,1.0,0.21787138283252716,0.1693771630525589,0.2513667047023773,0.2870640754699707,0.3178703486919403,0.6153302192687988,0.18976259231567383,0.2532801032066345,0.24911381304264069,0.16944566369056702,0.23124836385250092,0.31373974680900574],[0.2387295812368393,0.1897834837436676,0.23788917064666748,0.21787138283252716,1.0,0.3697930574417114,0.42119327187538147,0.344346284866333,0.29120275378227234,0.25664258003234863,0.2555947005748749,0.3291965425014496,0.23381422460079193,0.24272404611110687,0.23606149852275848,0.38610029220581055],[0.2162250131368637,0.18121109902858734,0.16692857444286346,0.1693771630525589,0.3697930574417114,1.0,0.4456775486469269,0.3642072379589081,0.26088327169418335,0.23350687325000763,0.2711156904697418,0.3439588248729706,0.2972826063632965,0.276912659406662,0.3392246663570404,0.37309083342552185],[0.2608872950077057,0.24000832438468933,0.21291089057922363,0.2513667047023773,0.42119327187538147,0.4456775486469269,1.0,0.4153537154197693,0.2626667320728302,0.28827807307243347,0.2618255019187927,0.3015999495983124,0.23558543622493744,0.21857185661792755,0.3766292631626129,0.4034477770328522],[0.2470620572566986,0.22782643139362335,0.26704612374305725,0.2870640754699707,0.344346284866333,0.3642072379589081,0.4153537154197693,1.0,0.2734827995300293,0.35496005415916443,0.30583062767982483,0.30568379163742065,0.3065205216407776,0.23764587938785553,0.21569795906543732,0.32947003841400146],[0.3231137692928314,0.2856293022632599,0.29472193121910095,0.3178703486919403,0.29120275378227234,0.26088327169418335,0.2626667320728302,0.2734827995300293,0.9999999403953552,0.3655184507369995,0.2697761356830597,0.25834205746650696,0.1736402064561844,0.14993761479854584,0.2939969301223755,0.3744407296180725],[0.7481949329376221,0.5616442561149597,0.6706804037094116,0.6153302192687988,0.25664258003234863,0.23350687325000763,0.28827807307243347,0.35496005415916443,0.3655184507369995,1.0,0.2512310743331909,0.32886210083961487,0.3669067919254303,0.29934245347976685,0.3092775046825409,0.34229812026023865],[0.23707902431488037,0.21485042572021484,0.25329333543777466,0.18976259231567383,0.2555947005748749,0.2711156904697418,0.2618255019187927,0.30583062767982483,0.2697761356830597,0.2512310743331909,1.0,0.24340051412582397,0.35739508271217346,0.369158536195755,0.46537506580352783,0.26341333985328674],[0.27363017201423645,0.24745547771453857,0.257633239030838,0.2532801032066345,0.3291965425014496,0.3439588248729706,0.3015999495983124,0.30568379163742065,0.25834205746650696,0.32886210083961487,0.24340051412582397,1.0,0.24020037055015564,0.2586909532546997,0.24191498756408691,0.2792723476886749],[0.31286153197288513,0.2548651397228241,0.31607457995414734,0.24911381304264069,0.23381422460079193,0.2972826063632965,0.23558543622493744,0.3065205216407776,0.1736402064561844,0.3669067919254303,0.35739508271217346,0.24020037055015564,1.0,0.24049030244350433,0.34744855761528015,0.39850136637687683],[0.2274693250656128,0.18442776799201965,0.25416892766952515,0.16944566369056702,0.24272404611110687,0.276912659406662,0.21857185661792755,0.23764587938785553,0.14993761479854584,0.29934245347976685,0.369158536195755,0.2586909532546997,0.24049030244350433,1.0,0.3430140018463135,0.24632325768470764],[0.2792603373527527,0.23132091760635376,0.2404111623764038,0.23124836385250092,0.23606149852275848,0.3392246663570404,0.3766292631626129,0.21569795906543732,0.2939969301223755,0.3092775046825409,0.46537506580352783,0.24191498756408691,0.34744855761528015,0.3430140018463135,1.0,0.34122833609580994],[0.3040759563446045,0.24674342572689056,0.2845878005027771,0.31373974680900574,0.38610029220581055,0.37309083342552185,0.4034477770328522,0.32947003841400146,0.3744407296180725,0.34229812026023865,0.26341333985328674,0.2792723476886749,0.39850136637687683,0.24632325768470764,0.34122833609580994,1.0]]}