{"game_number":118,"words":["GASPS","HUFFS","PANTS","PUFFS","CANS","CURES","SALTS","SMOKES","BINDS","JAMS","PICKLES","SPOTS","KETTLES","MITTENS","RAINDROPS","WHISKERS"],"adjacency_matrix":[[1.0,0.5132209062576294,0.30483147501945496,0.42199084162712097,0.21012063324451447,0.27974772453308105,0.2476496398448944,0.3309047520160675,0.22609879076480865,0.27939969301223755,0.2447831630706787,0.2763594388961792,0.2324000597000122,0.23974323272705078,0.3644346594810486,0.265043169260025],[0.5132209062576294,1.0,0.4516395032405853,0.7221325635910034,0.3563508689403534,0.3116362690925598,0.3183908462524414,0.5917294025421143,0.28389352560043335,0.4244349002838135,0.413945734500885,0.38433846831321716,0.3620869815349579,0.3005642890930176,0.36819925904273987,0.41724660992622375],[0.30483147501945496,0.4516395032405853,1.0,0.4153749942779541,0.36135175824165344,0.2915340065956116,0.37937599420547485,0.41344308853149414,0.322866827249527,0.3510310649871826,0.4459904730319977,0.41823825240135193,0.38837185502052307,0.5601944923400879,0.3524044454097748,0.41633543372154236],[0.42199084162712097,0.7221325635910034,0.4153749942779541,1.0000001192092896,0.36204028129577637,0.3015322983264923,0.32895782589912415,0.6438672542572021,0.29666805267333984,0.3994079530239105,0.39131540060043335,0.4159597158432007,0.33836933970451355,0.3175358772277832,0.37465956807136536,0.45308220386505127],[0.21012063324451447,0.3563508689403534,0.36135175824165344,0.36204028129577637,1.0,0.2944176495075226,0.3620358407497406,0.40860357880592346,0.27393510937690735,0.36447879672050476,0.4838792681694031,0.3918342590332031,0.492096871137619,0.3665047287940979,0.3342626392841339,0.35324978828430176],[0.27974772453308105,0.3116362690925598,0.2915340065956116,0.3015322983264923,0.2944176495075226,1.0,0.4655965566635132,0.3186289668083191,0.3239114284515381,0.3591121435165405,0.3609951436519623,0.47150906920433044,0.2605334520339966,0.31036055088043213,0.27671608328819275,0.347663551568985],[0.2476496398448944,0.3183908462524414,0.37937599420547485,0.32895782589912415,0.3620358407497406,0.4655965566635132,1.0,0.36094245314598083,0.35229209065437317,0.33501094579696655,0.44003528356552124,0.40683820843696594,0.42591631412506104,0.2983279526233673,0.39827004075050354,0.4132247567176819],[0.3309047520160675,0.5917294025421143,0.41344308853149414,0.6438672542572021,0.40860357880592346,0.3186289668083191,0.36094245314598083,1.0,0.35957396030426025,0.38502681255340576,0.36875638365745544,0.41648295521736145,0.3630760908126831,0.2583935856819153,0.3154805898666382,0.3067748248577118],[0.22609879076480865,0.28389352560043335,0.322866827249527,0.29666805267333984,0.27393510937690735,0.3239114284515381,0.35229209065437317,0.35957396030426025,1.0,0.34491902589797974,0.3280509114265442,0.3474113941192627,0.22603237628936768,0.33714747428894043,0.29580679535865784,0.23692885041236877],[0.27939969301223755,0.4244349002838135,0.3510310649871826,0.3994079530239105,0.36447879672050476,0.3591121435165405,0.33501094579696655,0.38502681255340576,0.34491902589797974,1.0,0.5335239171981812,0.41948625445365906,0.3234829902648926,0.3097764849662781,0.3853576183319092,0.308188259601593],[0.2447831630706787,0.413945734500885,0.4459904730319977,0.39131540060043335,0.4838792681694031,0.3609951436519623,0.44003528356552124,0.36875638365745544,0.3280509114265442,0.5335239171981812,0.9999999403953552,0.40359288454055786,0.38287949562072754,0.38160303235054016,0.27813535928726196,0.3713924288749695],[0.2763594388961792,0.38433846831321716,0.41823825240135193,0.4159597158432007,0.3918342590332031,0.47150906920433044,0.40683820843696594,0.41648295521736145,0.3474113941192627,0.41948625445365906,0.40359288454055786,0.9999999403953552,0.35755378007888794,0.3570067584514618,0.3844926059246063,0.42971181869506836],[0.2324000597000122,0.3620869815349579,0.38837185502052307,0.33836933970451355,0.492096871137619,0.2605334520339966,0.42591631412506104,0.3630760908126831,0.22603237628936768,0.3234829902648926,0.38287949562072754,0.35755378007888794,0.9999999403953552,0.40854769945144653,0.3112945854663849,0.4101240634918213],[0.23974323272705078,0.3005642890930176,0.5601944923400879,0.3175358772277832,0.3665047287940979,0.31036055088043213,0.2983279526233673,0.2583935856819153,0.33714747428894043,0.3097764849662781,0.38160303235054016,0.3570067584514618,0.40854769945144653,1.0,0.3424627184867859,0.457782119512558],[0.3644346594810486,0.36819925904273987,0.3524044454097748,0.37465956807136536,0.3342626392841339,0.27671608328819275,0.39827004075050354,0.3154805898666382,0.29580679535865784,0.3853576183319092,0.27813535928726196,0.3844926059246063,0.3112945854663849,0.3424627184867859,1.0,0.3870323598384857],[0.265043169260025,0.41724660992622375,0.41633543372154236,0.45308220386505127,0.35324978828430176,0.347663551568985,0.4132247567176819,0.3067748248577118,0.23692885041236877,0.308188259601593,0.3713924288749695,0.42971181869506836,0.4101240634918213,0.457782119512558,0.3870323598384857,1.0]]}