{"game_number":255,"words":["HOWEVER","STILL","THOUGH","YET","HEAR","KNOCK","THERE","TUT","ARE","SEE","WHY","YOU","FAMILY","FLUSH","JELLY","WE"],"adjacency_matrix":[[0.9999999403953552,0.6710062026977539,0.8418985605239868,0.725291907787323,0.44906774163246155,0.317954957485199,0.6056630611419678,0.1635250598192215,0.5525907874107361,0.5552293658256531,0.528444766998291,0.5146426558494568,0.30210191011428833,0.29830029606819153,0.13045640289783478,0.5324745774269104],[0.6710062026977539,1.0,0.5863174796104431,0.6606916189193726,0.45613840222358704,0.3719683289527893,0.5911673307418823,0.1854877471923828,0.667757511138916,0.5396775603294373,0.39719101786613464,0.4854663610458374,0.41366279125213623,0.3613193929195404,0.2295811027288437,0.5735324621200562],[0.8418985605239868,0.5863174796104431,1.0,0.7064015865325928,0.418118953704834,0.32584071159362793,0.5721902251243591,0.1620294451713562,0.4759533703327179,0.528092086315155,0.5467639565467834,0.48165804147720337,0.2945431172847748,0.3243107199668884,0.17869697511196136,0.4385921061038971],[0.725291907787323,0.6606916189193726,0.7064015865325928,1.0,0.4464855194091797,0.3491038978099823,0.5905961990356445,0.16489264369010925,0.5784919857978821,0.5457701086997986,0.4774661958217621,0.49937203526496887,0.3047501742839813,0.34944456815719604,0.16307371854782104,0.5376444458961487],[0.44906774163246155,0.45613840222358704,0.418118953704834,0.4464855194091797,1.0,0.49340081214904785,0.490231990814209,0.33289265632629395,0.38046330213546753,0.6845276355743408,0.37023645639419556,0.537568211555481,0.2712702453136444,0.35071828961372375,0.20440684258937836,0.4805945158004761],[0.317954957485199,0.3719683289527893,0.32584071159362793,0.3491038978099823,0.49340081214904785,1.0,0.3123761713504791,0.27199482917785645,0.2850814163684845,0.39101850986480713,0.23979304730892181,0.3612690567970276,0.23759940266609192,0.49814409017562866,0.24497736990451813,0.31100285053253174],[0.6056630611419678,0.5911673307418823,0.5721902251243591,0.5905961990356445,0.490231990814209,0.3123761713504791,1.0,0.12216062843799591,0.5402712821960449,0.5738353729248047,0.504392147064209,0.5704684853553772,0.32593536376953125,0.29880446195602417,0.1799943894147873,0.5496353507041931],[0.1635250598192215,0.1854877471923828,0.1620294451713562,0.16489264369010925,0.33289265632629395,0.27199482917785645,0.12216062843799591,1.0,0.1259128600358963,0.24977681040763855,0.13286879658699036,0.2158302366733551,0.08117761462926865,0.20604752004146576,0.18540233373641968,0.20830543339252472],[0.5525907874107361,0.667757511138916,0.4759533703327179,0.5784919857978821,0.38046330213546753,0.2850814163684845,0.5402712821960449,0.1259128600358963,1.0,0.48773300647735596,0.39589500427246094,0.46066197752952576,0.3813880383968353,0.31440210342407227,0.19587014615535736,0.518312931060791],[0.5552293658256531,0.5396775603294373,0.528092086315155,0.5457701086997986,0.6845276355743408,0.39101850986480713,0.5738353729248047,0.24977681040763855,0.48773300647735596,1.0,0.5010278224945068,0.5387231111526489,0.2687879204750061,0.3649387061595917,0.17647700011730194,0.505518913269043],[0.528444766998291,0.39719101786613464,0.5467639565467834,0.4774661958217621,0.37023645639419556,0.23979304730892181,0.504392147064209,0.13286879658699036,0.39589500427246094,0.5010278224945068,1.0,0.5436264872550964,0.21469518542289734,0.23366472125053406,0.15026137232780457,0.47444823384284973],[0.5146426558494568,0.4854663610458374,0.48165804147720337,0.49937203526496887,0.537568211555481,0.3612690567970276,0.5704684853553772,0.2158302366733551,0.46066197752952576,0.5387231111526489,0.5436264872550964,0.9999999403953552,0.3142724335193634,0.30493855476379395,0.15894551575183868,0.6704053282737732],[0.30210191011428833,0.41366279125213623,0.2945431172847748,0.3047501742839813,0.2712702453136444,0.23759940266609192,0.32593536376953125,0.08117761462926865,0.3813880383968353,0.2687879204750061,0.21469518542289734,0.3142724335193634,1.0,0.2573027014732361,0.1778598576784134,0.3030693829059601],[0.29830029606819153,0.3613193929195404,0.3243107199668884,0.34944456815719604,0.35071828961372375,0.49814409017562866,0.29880446195602417,0.20604752004146576,0.31440210342407227,0.3649387061595917,0.23366472125053406,0.30493855476379395,0.2573027014732361,1.0,0.2750096917152405,0.27614203095436096],[0.13045640289783478,0.2295811027288437,0.17869697511196136,0.16307371854782104,0.20440684258937836,0.24497736990451813,0.1799943894147873,0.18540233373641968,0.19587014615535736,0.17647700011730194,0.15026137232780457,0.15894551575183868,0.1778598576784134,0.2750096917152405,1.0,0.1070944145321846],[0.5324745774269104,0.5735324621200562,0.4385921061038971,0.5376444458961487,0.4805945158004761,0.31100285053253174,0.5496353507041931,0.20830543339252472,0.518312931060791,0.505518913269043,0.47444823384284973,0.6704053282737732,0.3030693829059601,0.27614203095436096,0.1070944145321846,0.9999999403953552]]}