{"game_number":72,"words":["BULLDOG","CATFISH","HORSEFLY","TURTLEDOVE","DOGLEG","HAIRPIN","SWITCHBACK","ZAG","CATEGORIES","CHARADES","FISHBOWL","WEREWOLF","CLOCK","MATTRESS","MOUSETRAP","TRAMPOLINE"],"adjacency_matrix":[[0.9999999403953552,0.3607519268989563,0.5198898315429688,0.38002943992614746,0.34841907024383545,0.2184678316116333,0.3274906575679779,0.08980517089366913,0.1813078075647354,0.3221847712993622,0.3320378363132477,0.3761194050312042,0.2920418381690979,0.28134363889694214,0.4001937508583069,0.3699781596660614],[0.3607519268989563,1.0,0.4756602346897125,0.41827183961868286,0.30159398913383484,0.17466308176517487,0.21204377710819244,0.04427334666252136,0.2670784890651703,0.22249703109264374,0.47882914543151855,0.2652982473373413,0.22079196572303772,0.24818959832191467,0.39517444372177124,0.2491326779127121],[0.5198898315429688,0.4756602346897125,1.0,0.5688381195068359,0.42769190669059753,0.30149364471435547,0.2747287154197693,0.07597265392541885,0.22881951928138733,0.2923196256160736,0.3249134421348572,0.49272575974464417,0.28021445870399475,0.3340711295604706,0.4025384187698364,0.37809377908706665],[0.38002943992614746,0.41827183961868286,0.5688381195068359,0.9999999403953552,0.4361765682697296,0.286812424659729,0.2793147563934326,0.06284723430871964,0.2629718482494354,0.32899871468544006,0.437529981136322,0.36242666840553284,0.3199649453163147,0.25181853771209717,0.28475889563560486,0.36548516154289246],[0.34841907024383545,0.30159398913383484,0.42769190669059753,0.4361765682697296,1.0000001192092896,0.512117326259613,0.5603828430175781,0.2382897585630417,0.22143645584583282,0.2986006438732147,0.36432185769081116,0.29130786657333374,0.3369177281856537,0.25410568714141846,0.33980846405029297,0.36505427956581116],[0.2184678316116333,0.17466308176517487,0.30149364471435547,0.286812424659729,0.512117326259613,1.0,0.4999305009841919,0.27686765789985657,0.1622798889875412,0.253944456577301,0.20093920826911926,0.2531313896179199,0.3142668306827545,0.22933654487133026,0.3047952353954315,0.2843358516693115],[0.3274906575679779,0.21204377710819244,0.2747287154197693,0.2793147563934326,0.5603828430175781,0.4999305009841919,1.0,0.2333129197359085,0.25038838386535645,0.31396523118019104,0.27131393551826477,0.30959829688072205,0.33698999881744385,0.21525558829307556,0.30939820408821106,0.3776577115058899],[0.08980517089366913,0.04427334666252136,0.07597265392541885,0.06284723430871964,0.2382897585630417,0.27686765789985657,0.2333129197359085,1.0,0.03725563734769821,0.0654812827706337,0.07332982867956161,0.014989740215241909,0.044104836881160736,0.09357511252164841,0.18571870028972626,0.19275639951229095],[0.1813078075647354,0.2670784890651703,0.22881951928138733,0.2629718482494354,0.22143645584583282,0.1622798889875412,0.25038838386535645,0.03725563734769821,0.9999999403953552,0.33249664306640625,0.2663385570049286,0.25049373507499695,0.1787608563899994,0.31263500452041626,0.23807111382484436,0.30632126331329346],[0.3221847712993622,0.22249703109264374,0.2923196256160736,0.32899871468544006,0.2986006438732147,0.253944456577301,0.31396523118019104,0.0654812827706337,0.33249664306640625,1.0000001192092896,0.4021853506565094,0.2594781219959259,0.34547752141952515,0.24526718258857727,0.31302040815353394,0.3340621888637543],[0.3320378363132477,0.47882914543151855,0.3249134421348572,0.437529981136322,0.36432185769081116,0.20093920826911926,0.27131393551826477,0.07332982867956161,0.2663385570049286,0.4021853506565094,1.0,0.20718181133270264,0.31786930561065674,0.31661033630371094,0.4015922248363495,0.31367477774620056],[0.3761194050312042,0.2652982473373413,0.49272575974464417,0.36242666840553284,0.29130786657333374,0.2531313896179199,0.30959829688072205,0.014989740215241909,0.25049373507499695,0.2594781219959259,0.20718181133270264,1.0,0.24262557923793793,0.2600243389606476,0.26091787219047546,0.2675040364265442],[0.2920418381690979,0.22079196572303772,0.28021445870399475,0.3199649453163147,0.3369177281856537,0.3142668306827545,0.33698999881744385,0.044104836881160736,0.1787608563899994,0.34547752141952515,0.31786930561065674,0.24262557923793793,1.0,0.3353336453437805,0.3386916518211365,0.29651784896850586],[0.28134363889694214,0.24818959832191467,0.3340711295604706,0.25181853771209717,0.25410568714141846,0.22933654487133026,0.21525558829307556,0.09357511252164841,0.31263500452041626,0.24526718258857727,0.31661033630371094,0.2600243389606476,0.3353336453437805,1.0,0.42333894968032837,0.48048123717308044],[0.4001937508583069,0.39517444372177124,0.4025384187698364,0.28475889563560486,0.33980846405029297,0.3047952353954315,0.30939820408821106,0.18571870028972626,0.23807111382484436,0.31302040815353394,0.4015922248363495,0.26091787219047546,0.3386916518211365,0.42333894968032837,1.0,0.42870238423347473],[0.3699781596660614,0.2491326779127121,0.37809377908706665,0.36548516154289246,0.36505427956581116,0.2843358516693115,0.3776577115058899,0.19275639951229095,0.30632126331329346,0.3340621888637543,0.31367477774620056,0.2675040364265442,0.29651784896850586,0.48048123717308044,0.42870238423347473,1.0]]}