{"game_number":263,"words":["FUTURE","PAST","PERFECT","PRESENT","GOODNESS","HEAVENS","LORD","MERCY","DRUMMER","LADY","RING","SWAN","CORN","COUGH","MAPLE","SIMPLE"],"adjacency_matrix":[[1.0,0.6755411624908447,0.5091869235038757,0.5985417366027832,0.4238085150718689,0.35726556181907654,0.28992339968681335,0.3592812418937683,0.3044128715991974,0.3296707570552826,0.2665831744670868,0.25134819746017456,0.3158443868160248,0.20700688660144806,0.2746693193912506,0.3612802028656006],[0.6755411624908447,1.0,0.4291483759880066,0.6741219162940979,0.3013934791088104,0.31397292017936707,0.28278225660324097,0.3020855486392975,0.2970600128173828,0.33675244450569153,0.3080209195613861,0.29956644773483276,0.2840634882450104,0.2823406159877777,0.26036399602890015,0.36571502685546875],[0.5091869235038757,0.4291483759880066,1.0,0.5579406023025513,0.5460109710693359,0.39768126606941223,0.33357909321784973,0.42957282066345215,0.3114006221294403,0.4002567529678345,0.408189594745636,0.34988826513290405,0.2842737138271332,0.2722814381122589,0.2808489501476288,0.6090942621231079],[0.5985417366027832,0.6741219162940979,0.5579406023025513,0.9999999403953552,0.317755788564682,0.28273501992225647,0.2925701439380646,0.3253435790538788,0.3224923014640808,0.3633258044719696,0.40078598260879517,0.2721841633319855,0.2873099446296692,0.2981783449649811,0.27983856201171875,0.4237515926361084],[0.4238085150718689,0.3013934791088104,0.5460109710693359,0.317755788564682,1.0,0.5302422642707825,0.44245925545692444,0.6039252877235413,0.2280655801296234,0.38770294189453125,0.2920372486114502,0.2545766532421112,0.3263688385486603,0.29303014278411865,0.3344084322452545,0.4134634733200073],[0.35726556181907654,0.31397292017936707,0.39768126606941223,0.28273501992225647,0.5302422642707825,1.0,0.4873257279396057,0.4268362820148468,0.14775681495666504,0.36683163046836853,0.4058856666088104,0.3235069215297699,0.3039419949054718,0.24795983731746674,0.26940804719924927,0.33473363518714905],[0.28992339968681335,0.28278225660324097,0.33357909321784973,0.2925701439380646,0.44245925545692444,0.4873257279396057,1.0,0.5133025050163269,0.33330047130584717,0.5608472228050232,0.3985050618648529,0.31368401646614075,0.31377193331718445,0.269054651260376,0.2272227704524994,0.2762078046798706],[0.3592812418937683,0.3020855486392975,0.42957282066345215,0.3253435790538788,0.6039252877235413,0.4268362820148468,0.5133025050163269,1.0,0.2579488456249237,0.3877700865268707,0.29775962233543396,0.265280544757843,0.3024475574493408,0.19269782304763794,0.21963314712047577,0.36987951397895813],[0.3044128715991974,0.2970600128173828,0.3114006221294403,0.3224923014640808,0.2280655801296234,0.14775681495666504,0.33330047130584717,0.2579488456249237,1.0,0.3455340564250946,0.22264482080936432,0.25175943970680237,0.2484038919210434,0.18788191676139832,0.2683301866054535,0.23080818355083466],[0.3296707570552826,0.33675244450569153,0.4002567529678345,0.3633258044719696,0.38770294189453125,0.36683163046836853,0.5608472228050232,0.3877700865268707,0.3455340564250946,1.0,0.35758793354034424,0.4608974754810333,0.3044108748435974,0.3006109893321991,0.3241296410560608,0.33292049169540405],[0.2665831744670868,0.3080209195613861,0.408189594745636,0.40078598260879517,0.2920372486114502,0.4058856666088104,0.3985050618648529,0.29775962233543396,0.22264482080936432,0.35758793354034424,1.0,0.32109856605529785,0.3272906541824341,0.3087898790836334,0.34331053495407104,0.34887340664863586],[0.25134819746017456,0.29956644773483276,0.34988826513290405,0.2721841633319855,0.2545766532421112,0.3235069215297699,0.31368401646614075,0.265280544757843,0.25175943970680237,0.4608974754810333,0.32109856605529785,1.0,0.23672349750995636,0.21289430558681488,0.36904624104499817,0.24597734212875366],[0.3158443868160248,0.2840634882450104,0.2842737138271332,0.2873099446296692,0.3263688385486603,0.3039419949054718,0.31377193331718445,0.3024475574493408,0.2484038919210434,0.3044108748435974,0.3272906541824341,0.23672349750995636,1.0,0.26708605885505676,0.451937735080719,0.26100048422813416],[0.20700688660144806,0.2823406159877777,0.2722814381122589,0.2981783449649811,0.29303014278411865,0.24795983731746674,0.269054651260376,0.19269782304763794,0.18788191676139832,0.3006109893321991,0.3087898790836334,0.21289430558681488,0.26708605885505676,1.0,0.32016685605049133,0.2955513894557953],[0.2746693193912506,0.26036399602890015,0.2808489501476288,0.27983856201171875,0.3344084322452545,0.26940804719924927,0.2272227704524994,0.21963314712047577,0.2683301866054535,0.3241296410560608,0.34331053495407104,0.36904624104499817,0.451937735080719,0.32016685605049133,1.0,0.28681445121765137],[0.3612802028656006,0.36571502685546875,0.6090942621231079,0.4237515926361084,0.4134634733200073,0.33473363518714905,0.2762078046798706,0.36987951397895813,0.23080818355083466,0.33292049169540405,0.34887340664863586,0.24597734212875366,0.26100048422813416,0.2955513894557953,0.28681445121765137,0.9999999403953552]]}