{"game_number":333,"words":["HORROR","MUSICAL","ROMANCE","WESTERN","HOUNDSTOOTH","PAISLEY","PLAID","STRIPES","FIB","FICTION","LIE","TALE","DOT","GOOBER","KISS","WHOPPER"],"adjacency_matrix":[[1.0,0.44432511925697327,0.5124479532241821,0.39778849482536316,0.26924893260002136,0.2763538360595703,0.23335888981819153,0.24299919605255127,0.20024213194847107,0.5455899238586426,0.36721184849739075,0.507252037525177,0.2662385404109955,0.31402352452278137,0.3535037636756897,0.3092155158519745],[0.44432511925697327,1.0,0.51137775182724,0.4495939612388611,0.30981776118278503,0.3678404986858368,0.33216628432273865,0.25591936707496643,0.1526426076889038,0.4044361710548401,0.24086026847362518,0.45199325680732727,0.26050692796707153,0.3382742404937744,0.285706102848053,0.24919556081295013],[0.5124479532241821,0.51137775182724,1.0,0.34882980585098267,0.3133542835712433,0.3390324115753174,0.2572093605995178,0.19984717667102814,0.22664804756641388,0.5871302485466003,0.30351021885871887,0.5704911947250366,0.25444284081459045,0.24636341631412506,0.5037433505058289,0.24443301558494568],[0.39778849482536316,0.4495939612388611,0.34882980585098267,1.0,0.34392881393432617,0.40538477897644043,0.30965107679367065,0.2703739404678345,0.15252839028835297,0.386670857667923,0.35354357957839966,0.3528567850589752,0.307097464799881,0.37079668045043945,0.23426389694213867,0.2416057586669922],[0.26924893260002136,0.30981776118278503,0.3133542835712433,0.34392881393432617,1.0,0.6002522706985474,0.5721616744995117,0.4625593423843384,0.2532351315021515,0.2719699740409851,0.25262022018432617,0.36079779267311096,0.28098997473716736,0.3536103367805481,0.26199567317962646,0.2884680926799774],[0.2763538360595703,0.3678404986858368,0.3390324115753174,0.40538477897644043,0.6002522706985474,0.9999999403953552,0.6997120380401611,0.4754849672317505,0.1712189018726349,0.3023190498352051,0.33623838424682617,0.3406907021999359,0.32403621077537537,0.39552801847457886,0.29769498109817505,0.2912472188472748],[0.23335888981819153,0.33216628432273865,0.2572093605995178,0.30965107679367065,0.5721616744995117,0.6997120380401611,1.0,0.4556608200073242,0.22521448135375977,0.2543010115623474,0.3482488989830017,0.2944338917732239,0.31558308005332947,0.42421755194664,0.24698318541049957,0.260570764541626],[0.24299919605255127,0.25591936707496643,0.19984717667102814,0.2703739404678345,0.4625593423843384,0.4754849672317505,0.4556608200073242,0.9999999403953552,0.19039703905582428,0.20945300161838531,0.3677860200405121,0.23036538064479828,0.3299313485622406,0.26168155670166016,0.2592278718948364,0.21093320846557617],[0.20024213194847107,0.1526426076889038,0.22664804756641388,0.15252839028835297,0.2532351315021515,0.1712189018726349,0.22521448135375977,0.19039703905582428,1.0,0.2224414348602295,0.49679890275001526,0.3673247694969177,0.20159761607646942,0.3569668233394623,0.3419223129749298,0.4832049310207367],[0.5455899238586426,0.4044361710548401,0.5871302485466003,0.386670857667923,0.2719699740409851,0.3023190498352051,0.2543010115623474,0.20945300161838531,0.2224414348602295,1.0,0.3842593729496002,0.5450631380081177,0.21035295724868774,0.2698199450969696,0.2569763660430908,0.2840200364589691],[0.36721184849739075,0.24086026847362518,0.30351021885871887,0.35354357957839966,0.25262022018432617,0.33623838424682617,0.3482488989830017,0.3677860200405121,0.49679890275001526,0.3842593729496002,0.9999999403953552,0.41261494159698486,0.28342998027801514,0.3591977059841156,0.44740983843803406,0.4389403164386749],[0.507252037525177,0.45199325680732727,0.5704911947250366,0.3528567850589752,0.36079779267311096,0.3406907021999359,0.2944338917732239,0.23036538064479828,0.3673247694969177,0.5450631380081177,0.41261494159698486,1.0,0.2204296886920929,0.3341670632362366,0.34370383620262146,0.45438259840011597],[0.2662385404109955,0.26050692796707153,0.25444284081459045,0.307097464799881,0.28098997473716736,0.32403621077537537,0.31558308005332947,0.3299313485622406,0.20159761607646942,0.21035295724868774,0.28342998027801514,0.2204296886920929,1.0,0.2807922661304474,0.3116140067577362,0.26193588972091675],[0.31402352452278137,0.3382742404937744,0.24636341631412506,0.37079668045043945,0.3536103367805481,0.39552801847457886,0.42421755194664,0.26168155670166016,0.3569668233394623,0.2698199450969696,0.3591977059841156,0.3341670632362366,0.2807922661304474,1.0,0.31171566247940063,0.5049939155578613],[0.3535037636756897,0.285706102848053,0.5037433505058289,0.23426389694213867,0.26199567317962646,0.29769498109817505,0.24698318541049957,0.2592278718948364,0.3419223129749298,0.2569763660430908,0.44740983843803406,0.34370383620262146,0.3116140067577362,0.31171566247940063,1.0,0.32335951924324036],[0.3092155158519745,0.24919556081295013,0.24443301558494568,0.2416057586669922,0.2884680926799774,0.2912472188472748,0.260570764541626,0.21093320846557617,0.4832049310207367,0.2840200364589691,0.4389403164386749,0.45438259840011597,0.26193588972091675,0.5049939155578613,0.32335951924324036,1.0]]}