{"game_number":36,"words":["CHASE","HUNT","QUEST","SEARCH","ALWAYS","KISSES","LOVE","YOURS","CAMP","PARTY","SIDE","WING","BOND","LEAF","MINE","RUSH"],"adjacency_matrix":[[0.9999999403953552,0.6812057495117188,0.5286146998405457,0.4806710481643677,0.39876899123191833,0.33504369854927063,0.45209404826164246,0.258540540933609,0.3441813588142395,0.3945142328739166,0.40178415179252625,0.35568803548812866,0.35977885127067566,0.3610263168811798,0.3339966833591461,0.5227984189987183],[0.6812057495117188,1.0,0.5408766269683838,0.5456420183181763,0.37436890602111816,0.22834356129169464,0.4492949843406677,0.2893511950969696,0.44579267501831055,0.42775043845176697,0.3696679472923279,0.3292611539363861,0.3234385550022125,0.35000133514404297,0.3929483890533447,0.4488396644592285],[0.5286146998405457,0.5408766269683838,1.0,0.580557107925415,0.3410470485687256,0.15236294269561768,0.4656248390674591,0.3262281119823456,0.31755077838897705,0.3697289526462555,0.37461262941360474,0.30167335271835327,0.332251638174057,0.2853327691555023,0.37046071887016296,0.43583396077156067],[0.4806710481643677,0.5456420183181763,0.580557107925415,0.9999999403953552,0.31784409284591675,0.18096525967121124,0.4023478329181671,0.27537110447883606,0.31073078513145447,0.3493562340736389,0.3524681031703949,0.292900949716568,0.35139814019203186,0.31581541895866394,0.35547858476638794,0.4069853127002716],[0.39876899123191833,0.37436890602111816,0.3410470485687256,0.31784409284591675,1.0,0.33425942063331604,0.4827936291694641,0.4506700336933136,0.27872440218925476,0.3783857226371765,0.42832815647125244,0.2548426389694214,0.2909105718135834,0.23151841759681702,0.3762802183628082,0.38413915038108826],[0.33504369854927063,0.22834356129169464,0.15236294269561768,0.18096525967121124,0.33425942063331604,1.0,0.5001164674758911,0.32109394669532776,0.20927074551582336,0.3073125183582306,0.2792472839355469,0.2111784666776657,0.32250848412513733,0.3513593375682831,0.2787863314151764,0.31216099858283997],[0.45209404826164246,0.4492949843406677,0.4656248390674591,0.4023478329181671,0.4827936291694641,0.5001164674758911,1.0,0.4313217103481293,0.3012603521347046,0.38822469115257263,0.41807958483695984,0.3308480679988861,0.490498811006546,0.32515648007392883,0.3975130617618561,0.441969096660614],[0.258540540933609,0.2893511950969696,0.3262281119823456,0.27537110447883606,0.4506700336933136,0.32109394669532776,0.4313217103481293,1.0,0.21650797128677368,0.3078484833240509,0.35065796971321106,0.2170344442129135,0.2441895306110382,0.19680024683475494,0.6223247051239014,0.2873084843158722],[0.3441813588142395,0.44579267501831055,0.31755077838897705,0.31073078513145447,0.27872440218925476,0.20927074551582336,0.3012603521347046,0.21650797128677368,1.0,0.4958861768245697,0.4198114275932312,0.39322835206985474,0.3251537084579468,0.22161974012851715,0.41606009006500244,0.3462298810482025],[0.3945142328739166,0.42775043845176697,0.3697289526462555,0.3493562340736389,0.3783857226371765,0.3073125183582306,0.38822469115257263,0.3078484833240509,0.4958861768245697,1.0,0.5052874088287354,0.5124465823173523,0.44163715839385986,0.35941967368125916,0.38677191734313965,0.3444144129753113],[0.40178415179252625,0.3696679472923279,0.37461262941360474,0.3524681031703949,0.42832815647125244,0.2792472839355469,0.41807958483695984,0.35065796971321106,0.4198114275932312,0.5052874088287354,1.0,0.5698288679122925,0.354441374540329,0.44319501519203186,0.422776460647583,0.3944145441055298],[0.35568803548812866,0.3292611539363861,0.30167335271835327,0.292900949716568,0.2548426389694214,0.2111784666776657,0.3308480679988861,0.2170344442129135,0.39322835206985474,0.5124465823173523,0.5698288679122925,1.0,0.32901817560195923,0.4581240713596344,0.2563578188419342,0.28278297185897827],[0.35977885127067566,0.3234385550022125,0.332251638174057,0.35139814019203186,0.2909105718135834,0.32250848412513733,0.490498811006546,0.2441895306110382,0.3251537084579468,0.44163715839385986,0.354441374540329,0.32901817560195923,1.0,0.27624720335006714,0.3556767404079437,0.2857646048069],[0.3610263168811798,0.35000133514404297,0.2853327691555023,0.31581541895866394,0.23151841759681702,0.3513593375682831,0.32515648007392883,0.19680024683475494,0.22161974012851715,0.35941967368125916,0.44319501519203186,0.4581240713596344,0.27624720335006714,1.0,0.2863331139087677,0.3504234254360199],[0.3339966833591461,0.3929483890533447,0.37046071887016296,0.35547858476638794,0.3762802183628082,0.2787863314151764,0.3975130617618561,0.6223247051239014,0.41606009006500244,0.38677191734313965,0.422776460647583,0.2563578188419342,0.3556767404079437,0.2863331139087677,1.0,0.3970193564891815],[0.5227984189987183,0.4488396644592285,0.43583396077156067,0.4069853127002716,0.38413915038108826,0.31216099858283997,0.441969096660614,0.2873084843158722,0.3462298810482025,0.3444144129753113,0.3944145441055298,0.28278297185897827,0.2857646048069,0.3504234254360199,0.3970193564891815,1.0]]}