{"game_number":34,"words":["TO","TOO","TUE","TWO","COUPLE","TIE","UNITE","WED","LAID","PLACED","PUT","SAT","MAY","SUN","WALL","WILD"],"adjacency_matrix":[[1.0,0.44194233417510986,0.16352412104606628,0.4179340898990631,0.36126118898391724,0.44558799266815186,0.468228816986084,0.38732418417930603,0.29985836148262024,0.4075756072998047,0.5749393105506897,0.29989883303642273,0.4732179045677185,0.2552526891231537,0.34781384468078613,0.3170553743839264],[0.44194233417510986,0.9999999403953552,0.19678978621959686,0.3826613128185272,0.36239442229270935,0.30341339111328125,0.33979377150535583,0.3329679071903229,0.3359978199005127,0.43345654010772705,0.4526572823524475,0.3491479456424713,0.49517175555229187,0.3054359555244446,0.28005272150039673,0.40695783495903015],[0.16352412104606628,0.19678978621959686,1.0,0.13836051523685455,0.13049206137657166,0.199769526720047,0.2244488000869751,0.33047011494636536,0.12665221095085144,0.11562342196702957,0.21383075416088104,0.17574270069599152,0.12661319971084595,0.3251654803752899,0.17802515625953674,0.17352606356143951],[0.4179340898990631,0.3826613128185272,0.13836051523685455,0.9999999403953552,0.6920611262321472,0.3654124140739441,0.4082188010215759,0.35192617774009705,0.3347832262516022,0.43771132826805115,0.408415824174881,0.36661720275878906,0.29775846004486084,0.22943426668643951,0.3362056314945221,0.37420299649238586],[0.36126118898391724,0.36239442229270935,0.13049206137657166,0.6920611262321472,1.0,0.3092364966869354,0.3540736734867096,0.5054116249084473,0.26310083270072937,0.36392977833747864,0.37987926602363586,0.34730955958366394,0.31926825642585754,0.18726734817028046,0.30765023827552795,0.3447745740413666],[0.44558799266815186,0.30341339111328125,0.199769526720047,0.3654124140739441,0.3092364966869354,1.0,0.41872885823249817,0.38959217071533203,0.37276381254196167,0.4148360788822174,0.5248078107833862,0.3009607791900635,0.2888154983520508,0.23688620328903198,0.3777228891849518,0.28325074911117554],[0.468228816986084,0.33979377150535583,0.2244488000869751,0.4082188010215759,0.3540736734867096,0.41872885823249817,1.0,0.4332751929759979,0.2679089307785034,0.2571854591369629,0.36346444487571716,0.15042677521705627,0.3485797047615051,0.23789627850055695,0.37490248680114746,0.29898470640182495],[0.38732418417930603,0.3329679071903229,0.33047011494636536,0.35192617774009705,0.5054116249084473,0.38959217071533203,0.4332751929759979,1.0,0.362384170293808,0.352782666683197,0.39483749866485596,0.37768903374671936,0.3073387145996094,0.25762370228767395,0.17114029824733734,0.33059343695640564],[0.29985836148262024,0.3359978199005127,0.12665221095085144,0.3347832262516022,0.26310083270072937,0.37276381254196167,0.2679089307785034,0.362384170293808,1.0,0.6237069368362427,0.5988237261772156,0.5359600782394409,0.3318319618701935,0.23373574018478394,0.3752743899822235,0.24631290137767792],[0.4075756072998047,0.43345654010772705,0.11562342196702957,0.43771132826805115,0.36392977833747864,0.4148360788822174,0.2571854591369629,0.352782666683197,0.6237069368362427,1.0,0.7325025796890259,0.5345909595489502,0.4037042558193207,0.20073461532592773,0.40196704864501953,0.30948159098625183],[0.5749393105506897,0.4526572823524475,0.21383075416088104,0.408415824174881,0.37987926602363586,0.5248078107833862,0.36346444487571716,0.39483749866485596,0.5988237261772156,0.7325025796890259,1.0,0.48530325293540955,0.45270493626594543,0.226106658577919,0.37259626388549805,0.35244888067245483],[0.29989883303642273,0.3491479456424713,0.17574270069599152,0.36661720275878906,0.34730955958366394,0.3009607791900635,0.15042677521705627,0.37768903374671936,0.5359600782394409,0.5345909595489502,0.48530325293540955,1.0,0.2907283902168274,0.3073568642139435,0.32094261050224304,0.2289172112941742],[0.4732179045677185,0.49517175555229187,0.12661319971084595,0.29775846004486084,0.31926825642585754,0.2888154983520508,0.3485797047615051,0.3073387145996094,0.3318319618701935,0.4037042558193207,0.45270493626594543,0.2907283902168274,0.9999999403953552,0.13550624251365662,0.2357870191335678,0.27311137318611145],[0.2552526891231537,0.3054359555244446,0.3251654803752899,0.22943426668643951,0.18726734817028046,0.23688620328903198,0.23789627850055695,0.25762370228767395,0.23373574018478394,0.20073461532592773,0.226106658577919,0.3073568642139435,0.13550624251365662,1.0,0.3802655041217804,0.31897199153900146],[0.34781384468078613,0.28005272150039673,0.17802515625953674,0.3362056314945221,0.30765023827552795,0.3777228891849518,0.37490248680114746,0.17114029824733734,0.3752743899822235,0.40196704864501953,0.37259626388549805,0.32094261050224304,0.2357870191335678,0.3802655041217804,1.0,0.3063184916973114],[0.3170553743839264,0.40695783495903015,0.17352606356143951,0.37420299649238586,0.3447745740413666,0.28325074911117554,0.29898470640182495,0.33059343695640564,0.24631290137767792,0.30948159098625183,0.35244888067245483,0.2289172112941742,0.27311137318611145,0.31897199153900146,0.3063184916973114,1.0]]}