{"game_number":365,"words":["ASCOT","BOLO","SCARF","TIE","BOW","PORT","STARBOARD","STERN","ALL","ERA","GAIN","TIDE","ACUTE","BERMUDA","LOVE","RIGHT"],"adjacency_matrix":[[1.0,0.4604146182537079,0.5514575839042664,0.5079102516174316,0.4233514368534088,0.3408653736114502,0.2893616259098053,0.3604159951210022,0.32775038480758667,0.319611519575119,0.24646331369876862,0.24269329011440277,0.23100033402442932,0.5220153331756592,0.33333227038383484,0.3150222599506378],[0.4604146182537079,0.9999999403953552,0.4662667512893677,0.4739232361316681,0.4616216719150543,0.35652634501457214,0.3081126809120178,0.33296138048171997,0.212188258767128,0.3121115267276764,0.22313924133777618,0.2521281838417053,0.20600377023220062,0.36079710721969604,0.2911786735057831,0.25736674666404724],[0.5514575839042664,0.4662667512893677,0.9999999403953552,0.5635541081428528,0.44337403774261475,0.3258950114250183,0.30235055088996887,0.34088218212127686,0.32347923517227173,0.19357161223888397,0.27025604248046875,0.32364556193351746,0.16695794463157654,0.35415369272232056,0.37045446038246155,0.39237484335899353],[0.5079102516174316,0.4739232361316681,0.5635541081428528,1.0,0.5012269616127014,0.3783546984195709,0.2841539978981018,0.32385367155075073,0.41368842124938965,0.2758946418762207,0.3844359517097473,0.34025076031684875,0.1856481283903122,0.3369865417480469,0.37133264541625977,0.39408186078071594],[0.4233514368534088,0.4616216719150543,0.44337403774261475,0.5012269616127014,1.0,0.38118478655815125,0.4837023913860321,0.6141659617424011,0.33435919880867004,0.25049781799316406,0.30001774430274963,0.4129108488559723,0.20974412560462952,0.34139636158943176,0.3802449405193329,0.4101625084877014],[0.3408653736114502,0.35652634501457214,0.3258950114250183,0.3783546984195709,0.38118478655815125,0.9999999403953552,0.5984657406806946,0.4037666916847229,0.37187767028808594,0.35288727283477783,0.3233115077018738,0.3761303126811981,0.2373187094926834,0.4107325077056885,0.27027028799057007,0.3597220480442047],[0.2893616259098053,0.3081126809120178,0.30235055088996887,0.2841539978981018,0.4837023913860321,0.5984657406806946,0.9999999403953552,0.5032503604888916,0.2868433892726898,0.19187617301940918,0.23689952492713928,0.3717135787010193,0.17700916528701782,0.3423497676849365,0.1930561661720276,0.4026505947113037],[0.3604159951210022,0.33296138048171997,0.34088218212127686,0.32385367155075073,0.6141659617424011,0.4037666916847229,0.5032503604888916,0.9999999403953552,0.3826695680618286,0.28504762053489685,0.2573831379413605,0.42551153898239136,0.38348519802093506,0.28582319617271423,0.3543964922428131,0.37421363592147827],[0.32775038480758667,0.212188258767128,0.32347923517227173,0.41368842124938965,0.33435919880867004,0.37187767028808594,0.2868433892726898,0.3826695680618286,1.0,0.3478516638278961,0.4688384532928467,0.332089900970459,0.3630478084087372,0.24708522856235504,0.5330608487129211,0.5558376908302307],[0.319611519575119,0.3121115267276764,0.19357161223888397,0.2758946418762207,0.25049781799316406,0.35288727283477783,0.19187617301940918,0.28504762053489685,0.3478516638278961,1.0,0.21580234169960022,0.3126681447029114,0.28624439239501953,0.22378261387348175,0.3035096526145935,0.31972095370292664],[0.24646331369876862,0.22313924133777618,0.27025604248046875,0.3844359517097473,0.30001774430274963,0.3233115077018738,0.23689952492713928,0.2573831379413605,0.4688384532928467,0.21580234169960022,1.0,0.3004656136035919,0.2937278151512146,0.1685839146375656,0.45863762497901917,0.4685293436050415],[0.24269329011440277,0.2521281838417053,0.32364556193351746,0.34025076031684875,0.4129108488559723,0.3761303126811981,0.3717135787010193,0.42551153898239136,0.332089900970459,0.3126681447029114,0.3004656136035919,1.0,0.2419605851173401,0.28070423007011414,0.3272508978843689,0.36592262983322144],[0.23100033402442932,0.20600377023220062,0.16695794463157654,0.1856481283903122,0.20974412560462952,0.2373187094926834,0.17700916528701782,0.38348519802093506,0.3630478084087372,0.28624439239501953,0.2937278151512146,0.2419605851173401,1.0,0.18922272324562073,0.3248465061187744,0.27145323157310486],[0.5220153331756592,0.36079710721969604,0.35415369272232056,0.3369865417480469,0.34139636158943176,0.4107325077056885,0.3423497676849365,0.28582319617271423,0.24708522856235504,0.22378261387348175,0.1685839146375656,0.28070423007011414,0.18922272324562073,1.0,0.260964572429657,0.21109308302402496],[0.33333227038383484,0.2911786735057831,0.37045446038246155,0.37133264541625977,0.3802449405193329,0.27027028799057007,0.1930561661720276,0.3543964922428131,0.5330608487129211,0.3035096526145935,0.45863762497901917,0.3272508978843689,0.3248465061187744,0.260964572429657,1.0,0.46230340003967285],[0.3150222599506378,0.25736674666404724,0.39237484335899353,0.39408186078071594,0.4101625084877014,0.3597220480442047,0.4026505947113037,0.37421363592147827,0.5558376908302307,0.31972095370292664,0.4685293436050415,0.36592262983322144,0.27145323157310486,0.21109308302402496,0.46230340003967285,1.0]]}