{"game_number":121,"words":["AMEND","CORRECT","FIX","REVISE","FIGHT","ROW","SCRAP","TIFF","BINGO","LOTTERY","ROULETTE","WAR","BLUE","COMPUTER","POKER","POTATO"],"adjacency_matrix":[[0.9999999403953552,0.5751941204071045,0.6050797700881958,0.8210057020187378,0.3609522879123688,0.2829035520553589,0.4495962858200073,0.16272549331188202,0.22622990608215332,0.18299047648906708,0.1562270075082779,0.26389697194099426,0.22048671543598175,0.19197656214237213,0.1827995628118515,0.1424146443605423],[0.5751941204071045,1.0,0.6919561624526978,0.5787392854690552,0.39173176884651184,0.3801906704902649,0.38161036372184753,0.14701834321022034,0.3030046820640564,0.3193914294242859,0.3014847934246063,0.2967514395713806,0.38950875401496887,0.407815158367157,0.25789859890937805,0.27278009057044983],[0.6050797700881958,0.6919561624526978,0.9999999403953552,0.6065855622291565,0.4526519179344177,0.3763168752193451,0.4603426456451416,0.22643090784549713,0.3031512498855591,0.2864669859409332,0.2503856122493744,0.33660566806793213,0.3393881916999817,0.37419435381889343,0.28127676248550415,0.3059808909893036],[0.8210057020187378,0.5787392854690552,0.6065855622291565,1.0,0.39505404233932495,0.2870652377605438,0.5011311173439026,0.09876734018325806,0.22249369323253632,0.21530500054359436,0.2033277004957199,0.30257993936538696,0.25012874603271484,0.26756203174591064,0.21583764255046844,0.15298421680927277],[0.3609522879123688,0.39173176884651184,0.4526519179344177,0.39505404233932495,1.0,0.4081461727619171,0.42205116152763367,0.25839725136756897,0.32863354682922363,0.37670567631721497,0.29624760150909424,0.6362287402153015,0.2968941926956177,0.3030344843864441,0.35937198996543884,0.25397688150405884],[0.2829035520553589,0.3801906704902649,0.3763168752193451,0.2870652377605438,0.4081461727619171,1.0,0.34894198179244995,0.24831800162792206,0.33484944701194763,0.345383882522583,0.33140361309051514,0.3495003283023834,0.36911097168922424,0.31463974714279175,0.31696268916130066,0.3273436427116394],[0.4495962858200073,0.38161036372184753,0.4603426456451416,0.5011311173439026,0.42205116152763367,0.34894198179244995,0.9999999403953552,0.18012885749340057,0.3261042833328247,0.35504528880119324,0.24794107675552368,0.38405075669288635,0.352247953414917,0.3531246781349182,0.2526378631591797,0.2874222695827484],[0.16272549331188202,0.14701834321022034,0.22643090784549713,0.09876734018325806,0.25839725136756897,0.24831800162792206,0.18012885749340057,0.9999999403953552,0.17609062790870667,0.13672204315662384,0.1426258683204651,0.2497112900018692,0.2155335694551468,0.17234458029270172,0.20746640861034393,0.2410801202058792],[0.22622990608215332,0.3030046820640564,0.3031512498855591,0.22249369323253632,0.32863354682922363,0.33484944701194763,0.3261042833328247,0.17609062790870667,1.0,0.5210062265396118,0.5070368051528931,0.312199205160141,0.2845204472541809,0.4120306968688965,0.5808408260345459,0.32534366846084595],[0.18299047648906708,0.3193914294242859,0.2864669859409332,0.21530500054359436,0.37670567631721497,0.345383882522583,0.35504528880119324,0.13672204315662384,0.5210062265396118,1.0,0.5898358225822449,0.36740291118621826,0.3396299481391907,0.38873156905174255,0.45001649856567383,0.30904653668403625],[0.1562270075082779,0.3014847934246063,0.2503856122493744,0.2033277004957199,0.29624760150909424,0.33140361309051514,0.24794107675552368,0.1426258683204651,0.5070368051528931,0.5898358225822449,0.9999999403953552,0.2842707931995392,0.38203415274620056,0.3633556365966797,0.65567946434021,0.3923080563545227],[0.26389697194099426,0.2967514395713806,0.33660566806793213,0.30257993936538696,0.6362287402153015,0.3495003283023834,0.38405075669288635,0.2497112900018692,0.312199205160141,0.36740291118621826,0.2842707931995392,1.0,0.2518128752708435,0.3291289806365967,0.32515546679496765,0.27354541420936584],[0.22048671543598175,0.38950875401496887,0.3393881916999817,0.25012874603271484,0.2968941926956177,0.36911097168922424,0.352247953414917,0.2155335694551468,0.2845204472541809,0.3396299481391907,0.38203415274620056,0.2518128752708435,1.0,0.3049737513065338,0.3051212728023529,0.367235004901886],[0.19197656214237213,0.407815158367157,0.37419435381889343,0.26756203174591064,0.3030344843864441,0.31463974714279175,0.3531246781349182,0.17234458029270172,0.4120306968688965,0.38873156905174255,0.3633556365966797,0.3291289806365967,0.3049737513065338,1.0,0.4248234033584595,0.35174480080604553],[0.1827995628118515,0.25789859890937805,0.28127676248550415,0.21583764255046844,0.35937198996543884,0.31696268916130066,0.2526378631591797,0.20746640861034393,0.5808408260345459,0.45001649856567383,0.65567946434021,0.32515546679496765,0.3051212728023529,0.4248234033584595,1.0,0.3563973605632782],[0.1424146443605423,0.27278009057044983,0.3059808909893036,0.15298421680927277,0.25397688150405884,0.3273436427116394,0.2874222695827484,0.2410801202058792,0.32534366846084595,0.30904653668403625,0.3923080563545227,0.27354541420936584,0.367235004901886,0.35174480080604553,0.3563973605632782,0.9999999403953552]]}