{"game_number":21,"words":["GIANT","MAMMOTH","MONSTER","TITANIC","AVATAR","CHARACTER","FIGURE","PERSONA","APPEAR","LOOK","SEEM","SOUND","CASTLE","HUSTLE","LISTEN","WITCH"],"adjacency_matrix":[[1.0,0.6730896830558777,0.6366419196128845,0.5386843681335449,0.3852402865886688,0.3657709062099457,0.4277624189853668,0.3349955677986145,0.3039471507072449,0.30114883184432983,0.24990759789943695,0.3480736017227173,0.39882490038871765,0.2724156975746155,0.17003537714481354,0.42481476068496704],[0.6730896830558777,1.0,0.5575475692749023,0.5757699608802795,0.2948767840862274,0.3146447539329529,0.30616387724876404,0.293447881937027,0.24699731171131134,0.2292698621749878,0.2136986404657364,0.30988243222236633,0.36125168204307556,0.26773443818092346,0.13733184337615967,0.3476752042770386],[0.6366419196128845,0.5575475692749023,1.0,0.4963145852088928,0.4801867604255676,0.49763476848602295,0.444449245929718,0.43728163838386536,0.3530237376689911,0.35049861669540405,0.2658703029155731,0.39674466848373413,0.4719424247741699,0.2734164893627167,0.2393561452627182,0.5531908869743347],[0.5386843681335449,0.5757699608802795,0.4963145852088928,1.0,0.3327382206916809,0.356862336397171,0.3738209903240204,0.29862964153289795,0.255931556224823,0.25409844517707825,0.22041670978069305,0.34067752957344055,0.2902916669845581,0.2820253074169159,0.20609150826931,0.2925364673137665],[0.3852402865886688,0.2948767840862274,0.4801867604255676,0.3327382206916809,0.9999999403953552,0.5384708046913147,0.4338688850402832,0.5861836075782776,0.3417592942714691,0.2996695637702942,0.2689678966999054,0.327253520488739,0.32902902364730835,0.20724500715732574,0.2520824670791626,0.43042469024658203],[0.3657709062099457,0.3146447539329529,0.49763476848602295,0.356862336397171,0.5384708046913147,1.0,0.4906569719314575,0.6188437938690186,0.3843739628791809,0.3936097025871277,0.25624799728393555,0.3926059603691101,0.37407055497169495,0.31291621923446655,0.25729864835739136,0.4274733066558838],[0.4277624189853668,0.30616387724876404,0.444449245929718,0.3738209903240204,0.4338688850402832,0.4906569719314575,0.9999999403953552,0.4122283160686493,0.4310144782066345,0.5244979858398438,0.3763177692890167,0.34163451194763184,0.3189147710800171,0.3310807943344116,0.34120848774909973,0.37918785214424133],[0.3349955677986145,0.293447881937027,0.43728163838386536,0.29862964153289795,0.5861836075782776,0.6188437938690186,0.4122283160686493,0.9999999403953552,0.3235299289226532,0.31033995747566223,0.29036426544189453,0.3537503480911255,0.2863699495792389,0.34846675395965576,0.23054906725883484,0.34073102474212646],[0.3039471507072449,0.24699731171131134,0.3530237376689911,0.255931556224823,0.3417592942714691,0.3843739628791809,0.4310144782066345,0.3235299289226532,1.0,0.5993798971176147,0.7960633039474487,0.4907923638820648,0.3184615671634674,0.26178205013275146,0.4307628273963928,0.3142339587211609],[0.30114883184432983,0.2292698621749878,0.35049861669540405,0.25409844517707825,0.2996695637702942,0.3936097025871277,0.5244979858398438,0.31033995747566223,0.5993798971176147,1.0,0.6060640215873718,0.47778207063674927,0.3350032866001129,0.3245219588279724,0.5227624177932739,0.2984013557434082],[0.24990759789943695,0.2136986404657364,0.2658703029155731,0.22041670978069305,0.2689678966999054,0.25624799728393555,0.3763177692890167,0.29036426544189453,0.7960633039474487,0.6060640215873718,1.0,0.4930010437965393,0.24287199974060059,0.27114585041999817,0.3704497218132019,0.23739618062973022],[0.3480736017227173,0.30988243222236633,0.39674466848373413,0.34067752957344055,0.327253520488739,0.3926059603691101,0.34163451194763184,0.3537503480911255,0.4907923638820648,0.47778207063674927,0.4930010437965393,1.0,0.3572913408279419,0.3288925290107727,0.4704693853855133,0.3294311463832855],[0.39882490038871765,0.36125168204307556,0.4719424247741699,0.2902916669845581,0.32902902364730835,0.37407055497169495,0.3189147710800171,0.2863699495792389,0.3184615671634674,0.3350032866001129,0.24287199974060059,0.3572913408279419,1.0,0.2838020920753479,0.22431248426437378,0.44854170083999634],[0.2724156975746155,0.26773443818092346,0.2734164893627167,0.2820253074169159,0.20724500715732574,0.31291621923446655,0.3310807943344116,0.34846675395965576,0.26178205013275146,0.3245219588279724,0.27114585041999817,0.3288925290107727,0.2838020920753479,1.0,0.316118061542511,0.24887293577194214],[0.17003537714481354,0.13733184337615967,0.2393561452627182,0.20609150826931,0.2520824670791626,0.25729864835739136,0.34120848774909973,0.23054906725883484,0.4307628273963928,0.5227624177932739,0.3704497218132019,0.4704693853855133,0.22431248426437378,0.316118061542511,1.0,0.25899848341941833],[0.42481476068496704,0.3476752042770386,0.5531908869743347,0.2925364673137665,0.43042469024658203,0.4274733066558838,0.37918785214424133,0.34073102474212646,0.3142339587211609,0.2984013557434082,0.23739618062973022,0.3294311463832855,0.44854170083999634,0.24887293577194214,0.25899848341941833,0.9999999403953552]]}