{"game_number":126,"words":["CRICKET","FROG","HARE","KANGAROO","CRUSH","MASH","PRESS","SQUASH","BREAKING","HOCKEY","SKELETON","TRAMPOLINE","MOOD","RECORD","TABLE","VOLLEYBALL"],"adjacency_matrix":[[0.9999999403953552,0.3967618942260742,0.3206968605518341,0.37306588888168335,0.29868295788764954,0.26842641830444336,0.2968674600124359,0.5043285489082336,0.34114474058151245,0.5484514832496643,0.35034018754959106,0.36625218391418457,0.3344438076019287,0.34484681487083435,0.33880117535591125,0.48334410786628723],[0.3967618942260742,1.0,0.46705687046051025,0.5026751756668091,0.28442931175231934,0.29991862177848816,0.25135156512260437,0.32991838455200195,0.2289017140865326,0.21138788759708405,0.47903427481651306,0.3804919421672821,0.24382387101650238,0.20184774696826935,0.2779672145843506,0.26352229714393616],[0.3206968605518341,0.46705687046051025,1.0,0.4050520956516266,0.29488712549209595,0.3490395247936249,0.2685059905052185,0.3275868892669678,0.3415701985359192,0.23039282858371735,0.3605240285396576,0.2756611406803131,0.32278189063072205,0.29655757546424866,0.32239994406700134,0.24248994886875153],[0.37306588888168335,0.5026751756668091,0.4050520956516266,1.0,0.2905237376689911,0.2589578926563263,0.19499605894088745,0.3610297739505768,0.1469315141439438,0.27027738094329834,0.33397701382637024,0.37975361943244934,0.18840663135051727,0.1926971822977066,0.16382521390914917,0.22968526184558868],[0.29868295788764954,0.28442931175231934,0.29488712549209595,0.2905237376689911,1.0,0.5058984160423279,0.4682852029800415,0.5291944146156311,0.4664750397205353,0.3095718026161194,0.3618728220462799,0.3824736773967743,0.3949551582336426,0.3669482171535492,0.291847825050354,0.31571775674819946],[0.26842641830444336,0.29991862177848816,0.3490395247936249,0.2589578926563263,0.5058984160423279,1.0,0.38052764534950256,0.49377599358558655,0.3839501142501831,0.23867790400981903,0.29081887006759644,0.2652798295021057,0.3414548635482788,0.35614123940467834,0.3768565058708191,0.21136216819286346],[0.2968674600124359,0.25135156512260437,0.2685059905052185,0.19499605894088745,0.4682852029800415,0.38052764534950256,1.0,0.39159050583839417,0.3977271020412445,0.30195119976997375,0.2345392107963562,0.2644687294960022,0.38505232334136963,0.43341705203056335,0.3735025227069855,0.25742748379707336],[0.5043285489082336,0.32991838455200195,0.3275868892669678,0.3610297739505768,0.5291944146156311,0.49377599358558655,0.39159050583839417,1.0,0.3624880313873291,0.43763601779937744,0.3367070257663727,0.45186832547187805,0.2567514479160309,0.32950663566589355,0.35860514640808105,0.5122804045677185],[0.34114474058151245,0.2289017140865326,0.3415701985359192,0.1469315141439438,0.4664750397205353,0.3839501142501831,0.3977271020412445,0.3624880313873291,0.9999999403953552,0.26690319180488586,0.2878177762031555,0.3092149496078491,0.3555486500263214,0.47940492630004883,0.36800384521484375,0.32269352674484253],[0.5484514832496643,0.21138788759708405,0.23039282858371735,0.27027738094329834,0.3095718026161194,0.23867790400981903,0.30195119976997375,0.43763601779937744,0.26690319180488586,1.0,0.34846365451812744,0.4200744926929474,0.316027969121933,0.3070141673088074,0.30060046911239624,0.5675202012062073],[0.35034018754959106,0.47903427481651306,0.3605240285396576,0.33397701382637024,0.3618728220462799,0.29081887006759644,0.2345392107963562,0.3367070257663727,0.2878177762031555,0.34846365451812744,1.0,0.4175347089767456,0.3100811541080475,0.3624923527240753,0.38417717814445496,0.3742045760154724],[0.36625218391418457,0.3804919421672821,0.2756611406803131,0.37975361943244934,0.3824736773967743,0.2652798295021057,0.2644687294960022,0.45186832547187805,0.3092149496078491,0.4200744926929474,0.4175347089767456,1.0,0.296303927898407,0.26502707600593567,0.30605167150497437,0.47891464829444885],[0.3344438076019287,0.24382387101650238,0.32278189063072205,0.18840663135051727,0.3949551582336426,0.3414548635482788,0.38505232334136963,0.2567514479160309,0.3555486500263214,0.316027969121933,0.3100811541080475,0.296303927898407,0.9999999403953552,0.4056333303451538,0.345856249332428,0.26553085446357727],[0.34484681487083435,0.20184774696826935,0.29655757546424866,0.1926971822977066,0.3669482171535492,0.35614123940467834,0.43341705203056335,0.32950663566589355,0.47940492630004883,0.3070141673088074,0.3624923527240753,0.26502707600593567,0.4056333303451538,1.0,0.4603310823440552,0.30299052596092224],[0.33880117535591125,0.2779672145843506,0.32239994406700134,0.16382521390914917,0.291847825050354,0.3768565058708191,0.3735025227069855,0.35860514640808105,0.36800384521484375,0.30060046911239624,0.38417717814445496,0.30605167150497437,0.345856249332428,0.4603310823440552,1.0,0.34371453523635864],[0.48334410786628723,0.26352229714393616,0.24248994886875153,0.22968526184558868,0.31571775674819946,0.21136216819286346,0.25742748379707336,0.5122804045677185,0.32269352674484253,0.5675202012062073,0.3742045760154724,0.47891464829444885,0.26553085446357727,0.30299052596092224,0.34371453523635864,1.0]]}