{"game_number":44,"words":["CHANNEL","MENU","POWER","VOLUME","BLOCK","COVER","SCREEN","SHIELD","CHERRY","OLIVE","SWORD","UMBRELLA","CASINO","DIAMONDS","QUANTUM","TOMORROW"],"adjacency_matrix":[[1.0,0.37589070200920105,0.4330252408981323,0.3858552575111389,0.45526012778282166,0.37586522102355957,0.46969690918922424,0.38374239206314087,0.16662922501564026,0.21581169962882996,0.29793184995651245,0.28724077343940735,0.30711284279823303,0.21447528898715973,0.29998844861984253,0.2434454709291458],[0.37589070200920105,1.0,0.2944618761539459,0.3201819360256195,0.33843550086021423,0.3590945601463318,0.49789291620254517,0.2790544331073761,0.2678629159927368,0.28885990381240845,0.27552056312561035,0.3348044753074646,0.3223001956939697,0.140584334731102,0.21453896164894104,0.23805612325668335],[0.4330252408981323,0.2944618761539459,0.9999999403953552,0.41819068789482117,0.4215497374534607,0.3847064673900604,0.3869116008281708,0.4824957549571991,0.27119407057762146,0.3052063584327698,0.512874186038971,0.31492358446121216,0.331652969121933,0.2873321771621704,0.4030829966068268,0.27041780948638916],[0.3858552575111389,0.3201819360256195,0.41819068789482117,1.0,0.34247130155563354,0.46447327733039856,0.3740757703781128,0.30473193526268005,0.20367322862148285,0.2590779960155487,0.2616981267929077,0.22496701776981354,0.19949746131896973,0.24151495099067688,0.32570311427116394,0.1540035456418991],[0.45526012778282166,0.33843550086021423,0.4215497374534607,0.34247130155563354,1.0,0.42307281494140625,0.44049692153930664,0.43289634585380554,0.25507473945617676,0.27420198917388916,0.34261298179626465,0.27974793314933777,0.2821083962917328,0.22094577550888062,0.2594628632068634,0.3232748210430145],[0.37586522102355957,0.3590945601463318,0.3847064673900604,0.46447327733039856,0.42307281494140625,1.0,0.4672054052352905,0.5438957810401917,0.2053612619638443,0.2662856876850128,0.3383648991584778,0.444736510515213,0.26091018319129944,0.2662159204483032,0.20911797881126404,0.28897014260292053],[0.46969690918922424,0.49789291620254517,0.3869116008281708,0.3740757703781128,0.44049692153930664,0.4672054052352905,1.0,0.46275627613067627,0.2515365183353424,0.24960173666477203,0.3669651746749878,0.2912747263908386,0.35670721530914307,0.24983572959899902,0.3031124472618103,0.2867790162563324],[0.38374239206314087,0.2790544331073761,0.4824957549571991,0.30473193526268005,0.43289634585380554,0.5438957810401917,0.46275627613067627,1.0,0.24949243664741516,0.31540313363075256,0.5636388063430786,0.4068366587162018,0.2833479940891266,0.3201005458831787,0.24744971096515656,0.2236088514328003],[0.16662922501564026,0.2678629159927368,0.27119407057762146,0.20367322862148285,0.25507473945617676,0.2053612619638443,0.2515365183353424,0.24949243664741516,1.0,0.4161846935749054,0.30160197615623474,0.26681649684906006,0.16613821685314178,0.2962585389614105,0.27641761302948,0.14914029836654663],[0.21581169962882996,0.28885990381240845,0.3052063584327698,0.2590779960155487,0.27420198917388916,0.2662856876850128,0.24960173666477203,0.31540313363075256,0.4161846935749054,0.9999999403953552,0.26502543687820435,0.26384237408638,0.2316543161869049,0.3292652368545532,0.2828081548213959,0.15683026611804962],[0.29793184995651245,0.27552056312561035,0.512874186038971,0.2616981267929077,0.34261298179626465,0.3383648991584778,0.3669651746749878,0.5636388063430786,0.30160197615623474,0.26502543687820435,1.0000001192092896,0.3714459538459778,0.2553786337375641,0.3069606423377991,0.29867449402809143,0.2180882692337036],[0.28724077343940735,0.3348044753074646,0.31492358446121216,0.22496701776981354,0.27974793314933777,0.444736510515213,0.2912747263908386,0.4068366587162018,0.26681649684906006,0.26384237408638,0.3714459538459778,0.9999999403953552,0.24703064560890198,0.14919213950634003,0.20368745923042297,0.1840941607952118],[0.30711284279823303,0.3223001956939697,0.331652969121933,0.19949746131896973,0.2821083962917328,0.26091018319129944,0.35670721530914307,0.2833479940891266,0.16613821685314178,0.2316543161869049,0.2553786337375641,0.24703064560890198,1.0,0.350421667098999,0.3154227137565613,0.2522188425064087],[0.21447528898715973,0.140584334731102,0.2873321771621704,0.24151495099067688,0.22094577550888062,0.2662159204483032,0.24983572959899902,0.3201005458831787,0.2962585389614105,0.3292652368545532,0.3069606423377991,0.14919213950634003,0.350421667098999,1.0,0.25209495425224304,0.21567673981189728],[0.29998844861984253,0.21453896164894104,0.4030829966068268,0.32570311427116394,0.2594628632068634,0.20911797881126404,0.3031124472618103,0.24744971096515656,0.27641761302948,0.2828081548213959,0.29867449402809143,0.20368745923042297,0.3154227137565613,0.25209495425224304,0.9999999403953552,0.1619575470685959],[0.2434454709291458,0.23805612325668335,0.27041780948638916,0.1540035456418991,0.3232748210430145,0.28897014260292053,0.2867790162563324,0.2236088514328003,0.14914029836654663,0.15683026611804962,0.2180882692337036,0.1840941607952118,0.2522188425064087,0.21567673981189728,0.1619575470685959,1.0]]}