{
  "game_number": 221,
  "words": [
    "DRAW",
    "GRAB",
    "HOOK",
    "PULL",
    "DRIVE",
    "LOW",
    "NEUTRAL",
    "REVERSE",
    "CAR",
    "DEAD",
    "LIVER",
    "WHIRL",
    "ARTICLE",
    "COLUMN",
    "FEATURE",
    "STORY"
  ],
  "adjacency_matrix": [
    [
      0.9999999403953552,
      0.575471043586731,
      0.43474456667900085,
      0.6309741735458374,
      0.4649823009967804,
      0.3912101089954376,
      0.35693034529685974,
      0.402098685503006,
      0.2574407458305359,
      0.3120378851890564,
      0.2163361757993698,
      0.35452523827552795,
      0.26561057567596436,
      0.30508407950401306,
      0.45366838574409485,
      0.36726826429367065
    ],
    [
      0.575471043586731,
      1.0,
      0.5396572351455688,
      0.7212822437286377,
      0.5214838981628418,
      0.3394392430782318,
      0.2921277582645416,
      0.41231366991996765,
      0.36088448762893677,
      0.3254553973674774,
      0.26555001735687256,
      0.4044644832611084,
      0.27655741572380066,
      0.24644778668880463,
      0.4173990488052368,
      0.31983593106269836
    ],
    [
      0.43474456667900085,
      0.5396572351455688,
      1.0,
      0.5518658757209778,
      0.4291326403617859,
      0.3073233664035797,
      0.3477644920349121,
      0.40093663334846497,
      0.3408963084220886,
      0.35347387194633484,
      0.3115527629852295,
      0.33715465664863586,
      0.4164083003997803,
      0.3398160934448242,
      0.48045751452445984,
      0.46536779403686523
    ],
    [
      0.6309741735458374,
      0.7212822437286377,
      0.5518658757209778,
      1.0,
      0.6273240447044373,
      0.40069708228111267,
      0.3597128987312317,
      0.5033475756645203,
      0.4254339933395386,
      0.35510608553886414,
      0.2619607448577881,
      0.44214025139808655,
      0.2581895589828491,
      0.2958400249481201,
      0.434937059879303,
      0.36859363317489624
    ],
    [
      0.4649823009967804,
      0.5214838981628418,
      0.4291326403617859,
      0.6273240447044373,
      1.0,
      0.4430965185165405,
      0.3420379161834717,
      0.5053665041923523,
      0.6404226422309875,
      0.34916070103645325,
      0.33684760332107544,
      0.3469699025154114,
      0.36349421739578247,
      0.3455418646335602,
      0.470029354095459,
      0.3523285388946533
    ],
    [
      0.3912101089954376,
      0.3394392430782318,
      0.3073233664035797,
      0.40069708228111267,
      0.4430965185165405,
      1.0,
      0.4875107407569885,
      0.38677915930747986,
      0.3120032846927643,
      0.4361402690410614,
      0.30176979303359985,
      0.23671691119670868,
      0.2544797956943512,
      0.3111017048358917,
      0.4136451482772827,
      0.28075698018074036
    ],
    [
      0.35693034529685974,
      0.2921277582645416,
      0.3477644920349121,
      0.3597128987312317,
      0.3420379161834717,
      0.4875107407569885,
      0.9999999403953552,
      0.38548246026039124,
      0.2981974184513092,
      0.3920862376689911,
      0.1495772898197174,
      0.19363775849342346,
      0.405607134103775,
      0.2734430134296417,
      0.3978270888328552,
      0.3899732530117035
    ],
    [
      0.402098685503006,
      0.41231366991996765,
      0.40093663334846497,
      0.5033475756645203,
      0.5053665041923523,
      0.38677915930747986,
      0.38548246026039124,
      1.0,
      0.35474804043769836,
      0.3413228392601013,
      0.3082577586174011,
      0.3492167294025421,
      0.3198007345199585,
      0.34915462136268616,
      0.4886757731437683,
      0.42914193868637085
    ],
    [
      0.2574407458305359,
      0.36088448762893677,
      0.3408963084220886,
      0.4254339933395386,
      0.6404226422309875,
      0.3120032846927643,
      0.2981974184513092,
      0.35474804043769836,
      1.0,
      0.39303189516067505,
      0.35887017846107483,
      0.31343773007392883,
      0.37501853704452515,
      0.34578052163124084,
      0.4050790071487427,
      0.3641652464866638
    ],
    [
      0.3120378851890564,
      0.3254553973674774,
      0.35347387194633484,
      0.35510608553886414,
      0.34916070103645325,
      0.4361402690410614,
      0.3920862376689911,
      0.3413228392601013,
      0.39303189516067505,
      1.0,
      0.3563327193260193,
      0.24472948908805847,
      0.3079584240913391,
      0.3090432286262512,
      0.37572959065437317,
      0.35906532406806946
    ],
    [
      0.2163361757993698,
      0.26555001735687256,
      0.3115527629852295,
      0.2619607448577881,
      0.33684760332107544,
      0.30176979303359985,
      0.1495772898197174,
      0.3082577586174011,
      0.35887017846107483,
      0.3563327193260193,
      1.0,
      0.24197234213352203,
      0.24017630517482758,
      0.23734000325202942,
      0.2589772343635559,
      0.3094180226325989
    ],
    [
      0.35452523827552795,
      0.4044644832611084,
      0.33715465664863586,
      0.44214025139808655,
      0.3469699025154114,
      0.23671691119670868,
      0.19363775849342346,
      0.3492167294025421,
      0.31343773007392883,
      0.24472948908805847,
      0.24197234213352203,
      1.0,
      0.2262297421693802,
      0.29165998101234436,
      0.31316396594047546,
      0.33599644899368286
    ],
    [
      0.26561057567596436,
      0.27655741572380066,
      0.4164083003997803,
      0.2581895589828491,
      0.36349421739578247,
      0.2544797956943512,
      0.405607134103775,
      0.3198007345199585,
      0.37501853704452515,
      0.3079584240913391,
      0.24017630517482758,
      0.2262297421693802,
      1.0,
      0.5198355913162231,
      0.5035044550895691,
      0.5182515382766724
    ],
    [
      0.30508407950401306,
      0.24644778668880463,
      0.3398160934448242,
      0.2958400249481201,
      0.3455418646335602,
      0.3111017048358917,
      0.2734430134296417,
      0.34915462136268616,
      0.34578052163124084,
      0.3090432286262512,
      0.23734000325202942,
      0.29165998101234436,
      0.5198355913162231,
      1.0,
      0.500316321849823,
      0.46778586506843567
    ],
    [
      0.45366838574409485,
      0.4173990488052368,
      0.48045751452445984,
      0.434937059879303,
      0.470029354095459,
      0.4136451482772827,
      0.3978270888328552,
      0.4886757731437683,
      0.4050790071487427,
      0.37572959065437317,
      0.2589772343635559,
      0.31316396594047546,
      0.5035044550895691,
      0.500316321849823,
      1.0,
      0.5734905004501343
    ],
    [
      0.36726826429367065,
      0.31983593106269836,
      0.46536779403686523,
      0.36859363317489624,
      0.3523285388946533,
      0.28075698018074036,
      0.3899732530117035,
      0.42914193868637085,
      0.3641652464866638,
      0.35906532406806946,
      0.3094180226325989,
      0.33599644899368286,
      0.5182515382766724,
      0.46778586506843567,
      0.5734905004501343,
      1.0
    ]
  ]
}