{"game_number":294,"words":["FLOAT","MALT","SHAKE","SUNDAE","CONCRETE","FIRM","SOLID","TANGIBLE","GLASS","OLD","SIGNS","SPLIT","DASH","HOVER","KEY","STAR"],"adjacency_matrix":[[1.0,0.30238085985183716,0.47636449337005615,0.26849275827407837,0.384907603263855,0.33920520544052124,0.38553231954574585,0.30097755789756775,0.40477636456489563,0.3187795579433441,0.334166020154953,0.43863365054130554,0.42417091131210327,0.582648754119873,0.3417140245437622,0.3615313470363617],[0.30238085985183716,1.0,0.3554358184337616,0.3510616719722748,0.29078251123428345,0.2737862765789032,0.31236201524734497,0.20847538113594055,0.46478915214538574,0.32581445574760437,0.09784102439880371,0.24506112933158875,0.2745071351528168,0.20428241789340973,0.19964443147182465,0.23087354004383087],[0.47636449337005615,0.3554358184337616,1.0,0.3564976155757904,0.37775370478630066,0.41624653339385986,0.393189400434494,0.3034171164035797,0.44543835520744324,0.3753967583179474,0.2895534038543701,0.46609175205230713,0.3531067371368408,0.3760862946510315,0.32399430871009827,0.3112654387950897],[0.26849275827407837,0.3510616719722748,0.3564976155757904,1.0,0.27335771918296814,0.22131924331188202,0.23935145139694214,0.2175532877445221,0.37822848558425903,0.22488558292388916,0.15160715579986572,0.20257769525051117,0.24259167909622192,0.11019446700811386,0.17042839527130127,0.27707958221435547],[0.384907603263855,0.29078251123428345,0.37775370478630066,0.27335771918296814,1.0,0.3843752443790436,0.6204596757888794,0.650982141494751,0.4880509078502655,0.385305792093277,0.42235246300697327,0.29837238788604736,0.31914111971855164,0.20190861821174622,0.4094620943069458,0.23643501102924347],[0.33920520544052124,0.2737862765789032,0.41624653339385986,0.22131924331188202,0.3843752443790436,0.9999999403953552,0.4780651926994324,0.3186754882335663,0.3429420590400696,0.30893152952194214,0.32718712091445923,0.3009148836135864,0.21146930754184723,0.20873253047466278,0.34806570410728455,0.3013152480125427],[0.38553231954574585,0.31236201524734497,0.393189400434494,0.23935145139694214,0.6204596757888794,0.4780651926994324,1.0,0.5878442525863647,0.44147706031799316,0.45564883947372437,0.3477083146572113,0.38228675723075867,0.3724152445793152,0.2725204527378082,0.5010117888450623,0.37694475054740906],[0.30097755789756775,0.20847538113594055,0.3034171164035797,0.2175532877445221,0.650982141494751,0.3186754882335663,0.5878442525863647,1.0,0.3236992061138153,0.33959299325942993,0.4603451192378998,0.22536712884902954,0.2797032594680786,0.21057617664337158,0.5036268830299377,0.2326517403125763],[0.40477636456489563,0.46478915214538574,0.44543835520744324,0.37822848558425903,0.4880509078502655,0.3429420590400696,0.44147706031799316,0.3236992061138153,1.0,0.3438138961791992,0.3092038631439209,0.3182865381240845,0.3979523479938507,0.25003963708877563,0.3076527416706085,0.32385995984077454],[0.3187795579433441,0.32581445574760437,0.3753967583179474,0.22488558292388916,0.385305792093277,0.30893152952194214,0.45564883947372437,0.33959299325942993,0.3438138961791992,1.0,0.3345351219177246,0.40053677558898926,0.3121134042739868,0.20894618332386017,0.4103032946586609,0.37054070830345154],[0.334166020154953,0.09784102439880371,0.2895534038543701,0.15160715579986572,0.42235246300697327,0.32718712091445923,0.3477083146572113,0.4603451192378998,0.3092038631439209,0.3345351219177246,1.0,0.2757406234741211,0.3233799338340759,0.25754889845848083,0.4274403154850006,0.3801075518131256],[0.43863365054130554,0.24506112933158875,0.46609175205230713,0.20257769525051117,0.29837238788604736,0.3009148836135864,0.38228675723075867,0.22536712884902954,0.3182865381240845,0.40053677558898926,0.2757406234741211,1.0,0.3955371081829071,0.25399407744407654,0.3434890806674957,0.3413647711277008],[0.42417091131210327,0.2745071351528168,0.3531067371368408,0.24259167909622192,0.31914111971855164,0.21146930754184723,0.3724152445793152,0.2797032594680786,0.3979523479938507,0.3121134042739868,0.3233799338340759,0.3955371081829071,1.0,0.39478063583374023,0.3402506709098816,0.33153510093688965],[0.582648754119873,0.20428241789340973,0.3760862946510315,0.11019446700811386,0.20190861821174622,0.20873253047466278,0.2725204527378082,0.21057617664337158,0.25003963708877563,0.20894618332386017,0.25754889845848083,0.25399407744407654,0.39478063583374023,1.0,0.2810633182525635,0.27844077348709106],[0.3417140245437622,0.19964443147182465,0.32399430871009827,0.17042839527130127,0.4094620943069458,0.34806570410728455,0.5010117888450623,0.5036268830299377,0.3076527416706085,0.4103032946586609,0.4274403154850006,0.3434890806674957,0.3402506709098816,0.2810633182525635,1.0,0.36585891246795654],[0.3615313470363617,0.23087354004383087,0.3112654387950897,0.27707958221435547,0.23643501102924347,0.3013152480125427,0.37694475054740906,0.2326517403125763,0.32385995984077454,0.37054070830345154,0.3801075518131256,0.3413647711277008,0.33153510093688965,0.27844077348709106,0.36585891246795654,1.0]]}