{
  "game_number": 47,
  "words": [
    "HUSTLE",
    "RACKET",
    "SCHEME",
    "STING",
    "BEAT",
    "BLEND",
    "FOLD",
    "STIR",
    "BURN",
    "ITCH",
    "LONG",
    "PINE",
    "BUCKET",
    "LAUNDRY",
    "SHORT",
    "TO-DO"
  ],
  "adjacency_matrix": [
    [
      1.0,
      0.449720174074173,
      0.281629741191864,
      0.3746001720428467,
      0.512540340423584,
      0.4048701524734497,
      0.35529884696006775,
      0.3883635699748993,
      0.32359352707862854,
      0.3085368871688843,
      0.3269394338130951,
      0.21680442988872528,
      0.3125782907009125,
      0.41411396861076355,
      0.32163017988204956,
      0.1834515631198883
    ],
    [
      0.449720174074173,
      1.0,
      0.42216062545776367,
      0.4030095040798187,
      0.435904324054718,
      0.24893510341644287,
      0.28440022468566895,
      0.2400015890598297,
      0.239294171333313,
      0.269231379032135,
      0.3159344792366028,
      0.2786773145198822,
      0.37663957476615906,
      0.38746345043182373,
      0.2963573932647705,
      0.19412465393543243
    ],
    [
      0.281629741191864,
      0.42216062545776367,
      0.9999999403953552,
      0.2661285698413849,
      0.3042049705982208,
      0.39155375957489014,
      0.3405534625053406,
      0.19233953952789307,
      0.28226715326309204,
      0.12706544995307922,
      0.2830803692340851,
      0.2387240082025528,
      0.36389678716659546,
      0.3243502676486969,
      0.3548189401626587,
      0.2656650245189667
    ],
    [
      0.3746001720428467,
      0.4030095040798187,
      0.2661285698413849,
      1.0,
      0.427805632352829,
      0.27246570587158203,
      0.32141929864883423,
      0.37057027220726013,
      0.3301617205142975,
      0.43733346462249756,
      0.3898440897464752,
      0.22927115857601166,
      0.3117407560348511,
      0.25437697768211365,
      0.37964919209480286,
      0.1329517364501953
    ],
    [
      0.512540340423584,
      0.435904324054718,
      0.3042049705982208,
      0.427805632352829,
      1.0,
      0.46328213810920715,
      0.4002331793308258,
      0.41246455907821655,
      0.4822676479816437,
      0.32054176926612854,
      0.350422203540802,
      0.3577861487865448,
      0.35548338294029236,
      0.26518091559410095,
      0.40277034044265747,
      0.18184085190296173
    ],
    [
      0.4048701524734497,
      0.24893510341644287,
      0.39155375957489014,
      0.27246570587158203,
      0.46328213810920715,
      1.0,
      0.4319098889827728,
      0.4268253445625305,
      0.4492155909538269,
      0.23797975480556488,
      0.29178085923194885,
      0.3129222095012665,
      0.3086448311805725,
      0.2653156518936157,
      0.3583216965198517,
      0.149722158908844
    ],
    [
      0.35529884696006775,
      0.28440022468566895,
      0.3405534625053406,
      0.32141929864883423,
      0.4002331793308258,
      0.4319098889827728,
      1.0,
      0.3852626085281372,
      0.3690441846847534,
      0.2627032399177551,
      0.4002654552459717,
      0.3321249485015869,
      0.3490886092185974,
      0.3326273262500763,
      0.42766448855400085,
      0.19926799833774567
    ],
    [
      0.3883635699748993,
      0.2400015890598297,
      0.19233953952789307,
      0.37057027220726013,
      0.41246455907821655,
      0.4268253445625305,
      0.3852626085281372,
      1.0,
      0.40723663568496704,
      0.3887178897857666,
      0.31754374504089355,
      0.29061511158943176,
      0.31148701906204224,
      0.23408986628055573,
      0.2883128821849823,
      0.22981131076812744
    ],
    [
      0.32359352707862854,
      0.239294171333313,
      0.28226715326309204,
      0.3301617205142975,
      0.4822676479816437,
      0.4492155909538269,
      0.3690441846847534,
      0.40723663568496704,
      1.0,
      0.39161187410354614,
      0.33344271779060364,
      0.45921584963798523,
      0.3019449710845947,
      0.3287833034992218,
      0.36476489901542664,
      0.23344947397708893
    ],
    [
      0.3085368871688843,
      0.269231379032135,
      0.12706544995307922,
      0.43733346462249756,
      0.32054176926612854,
      0.23797975480556488,
      0.2627032399177551,
      0.3887178897857666,
      0.39161187410354614,
      1.0,
      0.24703523516654968,
      0.27759960293769836,
      0.1370394080877304,
      0.245661199092865,
      0.2138810157775879,
      0.3013666272163391
    ],
    [
      0.3269394338130951,
      0.3159344792366028,
      0.2830803692340851,
      0.3898440897464752,
      0.350422203540802,
      0.29178085923194885,
      0.4002654552459717,
      0.31754374504089355,
      0.33344271779060364,
      0.24703523516654968,
      0.9999999403953552,
      0.2884491980075836,
      0.307148814201355,
      0.3392595648765564,
      0.7923824787139893,
      0.3084461987018585
    ],
    [
      0.21680442988872528,
      0.2786773145198822,
      0.2387240082025528,
      0.22927115857601166,
      0.3577861487865448,
      0.3129222095012665,
      0.3321249485015869,
      0.29061511158943176,
      0.45921584963798523,
      0.27759960293769836,
      0.2884491980075836,
      1.0,
      0.36027371883392334,
      0.28184205293655396,
      0.28859463334083557,
      0.2037205994129181
    ],
    [
      0.3125782907009125,
      0.37663957476615906,
      0.36389678716659546,
      0.3117407560348511,
      0.35548338294029236,
      0.3086448311805725,
      0.3490886092185974,
      0.31148701906204224,
      0.3019449710845947,
      0.1370394080877304,
      0.307148814201355,
      0.36027371883392334,
      1.0,
      0.48159173130989075,
      0.36055412888526917,
      0.3217710852622986
    ],
    [
      0.41411396861076355,
      0.38746345043182373,
      0.3243502676486969,
      0.25437697768211365,
      0.26518091559410095,
      0.2653156518936157,
      0.3326273262500763,
      0.23408986628055573,
      0.3287833034992218,
      0.245661199092865,
      0.3392595648765564,
      0.28184205293655396,
      0.48159173130989075,
      0.9999999403953552,
      0.3670908510684967,
      0.4543050527572632
    ],
    [
      0.32163017988204956,
      0.2963573932647705,
      0.3548189401626587,
      0.37964919209480286,
      0.40277034044265747,
      0.3583216965198517,
      0.42766448855400085,
      0.2883128821849823,
      0.36476489901542664,
      0.2138810157775879,
      0.7923824787139893,
      0.28859463334083557,
      0.36055412888526917,
      0.3670908510684967,
      1.0,
      0.34312716126441956
    ],
    [
      0.1834515631198883,
      0.19412465393543243,
      0.2656650245189667,
      0.1329517364501953,
      0.18184085190296173,
      0.149722158908844,
      0.19926799833774567,
      0.22981131076812744,
      0.23344947397708893,
      0.3013666272163391,
      0.3084461987018585,
      0.2037205994129181,
      0.3217710852622986,
      0.4543050527572632,
      0.34312716126441956,
      1.0
    ]
  ]
}