{
  "game_number": 415,
  "words": [
    "HAMMER",
    "HURDLE",
    "JAVELIN",
    "POLE",
    "CUBAN",
    "KITTEN",
    "STILETTO",
    "WEDGE",
    "DATE",
    "DUTCH",
    "JEOPARDY",
    "SPACE",
    "HEADBAND",
    "MULLET",
    "NEON",
    "SPANDEX"
  ],
  "adjacency_matrix": [
    [
      1.0,
      0.36557555198669434,
      0.4558764696121216,
      0.45623838901519775,
      0.19858074188232422,
      0.319914847612381,
      0.4636685848236084,
      0.48166143894195557,
      0.33699050545692444,
      0.25701433420181274,
      0.22798538208007812,
      0.2661656141281128,
      0.3572445809841156,
      0.33943402767181396,
      0.23282229900360107,
      0.22896482050418854
    ],
    [
      0.36557555198669434,
      1.0,
      0.2461390644311905,
      0.41366201639175415,
      0.14088529348373413,
      0.21280793845653534,
      0.3098112940788269,
      0.3175594210624695,
      0.3354353606700897,
      0.23171699047088623,
      0.33608391880989075,
      0.33262208104133606,
      0.14947821199893951,
      0.21539272367954254,
      0.18592940270900726,
      0.19826816022396088
    ],
    [
      0.4558764696121216,
      0.2461390644311905,
      1.0,
      0.3125471770763397,
      0.14874586462974548,
      0.15401096642017365,
      0.4202544391155243,
      0.24630145728588104,
      0.21123731136322021,
      0.17685280740261078,
      0.13560850918293,
      0.11665134131908417,
      0.30301517248153687,
      0.23829121887683868,
      0.15764054656028748,
      0.15752394497394562
    ],
    [
      0.45623838901519775,
      0.41366201639175415,
      0.3125471770763397,
      1.0,
      0.26275643706321716,
      0.2683075964450836,
      0.3847608268260956,
      0.44150036573410034,
      0.2862868905067444,
      0.32243654131889343,
      0.2992534935474396,
      0.35880470275878906,
      0.30669885873794556,
      0.3097895383834839,
      0.33658507466316223,
      0.21538113057613373
    ],
    [
      0.19858074188232422,
      0.14088529348373413,
      0.14874586462974548,
      0.26275643706321716,
      1.0,
      0.25552085041999817,
      0.32450729608535767,
      0.27431270480155945,
      0.20250359177589417,
      0.44848549365997314,
      0.14539813995361328,
      0.31075403094291687,
      0.18797864019870758,
      0.2930005192756653,
      0.24535034596920013,
      0.24229946732521057
    ],
    [
      0.319914847612381,
      0.21280793845653534,
      0.15401096642017365,
      0.2683075964450836,
      0.25552085041999817,
      1.0,
      0.37341952323913574,
      0.27489233016967773,
      0.2531285285949707,
      0.2831041216850281,
      0.2482953518629074,
      0.2760300040245056,
      0.2972278296947479,
      0.2564281225204468,
      0.3041810691356659,
      0.22930310666561127
    ],
    [
      0.4636685848236084,
      0.3098112940788269,
      0.4202544391155243,
      0.3847608268260956,
      0.32450729608535767,
      0.37341952323913574,
      1.0,
      0.46549734473228455,
      0.33043816685676575,
      0.2877698242664337,
      0.2868667244911194,
      0.3188418745994568,
      0.367085725069046,
      0.40625444054603577,
      0.4112664759159088,
      0.3795466125011444
    ],
    [
      0.48166143894195557,
      0.3175594210624695,
      0.24630145728588104,
      0.44150036573410034,
      0.27431270480155945,
      0.27489233016967773,
      0.46549734473228455,
      1.0,
      0.28352460265159607,
      0.22785437107086182,
      0.27768102288246155,
      0.4146283268928528,
      0.3004736602306366,
      0.37738990783691406,
      0.2642113268375397,
      0.2692532241344452
    ],
    [
      0.33699050545692444,
      0.3354353606700897,
      0.21123731136322021,
      0.2862868905067444,
      0.20250359177589417,
      0.2531285285949707,
      0.33043816685676575,
      0.28352460265159607,
      1.0,
      0.2925100028514862,
      0.29967421293258667,
      0.3745977580547333,
      0.20974984765052795,
      0.27145102620124817,
      0.2106945961713791,
      0.2477031797170639
    ],
    [
      0.25701433420181274,
      0.23171699047088623,
      0.17685280740261078,
      0.32243654131889343,
      0.44848549365997314,
      0.2831041216850281,
      0.2877698242664337,
      0.22785437107086182,
      0.2925100028514862,
      1.0000001192092896,
      0.1724524050951004,
      0.24627593159675598,
      0.2069767564535141,
      0.25815653800964355,
      0.22866423428058624,
      0.23031166195869446
    ],
    [
      0.22798538208007812,
      0.33608391880989075,
      0.13560850918293,
      0.2992534935474396,
      0.14539813995361328,
      0.2482953518629074,
      0.2868667244911194,
      0.27768102288246155,
      0.29967421293258667,
      0.1724524050951004,
      1.0,
      0.2844164967536926,
      0.10531066358089447,
      0.2538028657436371,
      0.1584634631872177,
      0.13381193578243256
    ],
    [
      0.2661656141281128,
      0.33262208104133606,
      0.11665134131908417,
      0.35880470275878906,
      0.31075403094291687,
      0.2760300040245056,
      0.3188418745994568,
      0.4146283268928528,
      0.3745977580547333,
      0.24627593159675598,
      0.2844164967536926,
      1.0,
      0.1955949068069458,
      0.2171163409948349,
      0.3181738555431366,
      0.32017436623573303
    ],
    [
      0.3572445809841156,
      0.14947821199893951,
      0.30301517248153687,
      0.30669885873794556,
      0.18797864019870758,
      0.2972278296947479,
      0.367085725069046,
      0.3004736602306366,
      0.20974984765052795,
      0.2069767564535141,
      0.10531066358089447,
      0.1955949068069458,
      1.0,
      0.44457757472991943,
      0.35843002796173096,
      0.435491681098938
    ],
    [
      0.33943402767181396,
      0.21539272367954254,
      0.23829121887683868,
      0.3097895383834839,
      0.2930005192756653,
      0.2564281225204468,
      0.40625444054603577,
      0.37738990783691406,
      0.27145102620124817,
      0.25815653800964355,
      0.2538028657436371,
      0.2171163409948349,
      0.44457757472991943,
      1.0,
      0.3249600827693939,
      0.3632771074771881
    ],
    [
      0.23282229900360107,
      0.18592940270900726,
      0.15764054656028748,
      0.33658507466316223,
      0.24535034596920013,
      0.3041810691356659,
      0.4112664759159088,
      0.2642113268375397,
      0.2106945961713791,
      0.22866423428058624,
      0.1584634631872177,
      0.3181738555431366,
      0.35843002796173096,
      0.3249600827693939,
      1.0,
      0.3745783567428589
    ],
    [
      0.22896482050418854,
      0.19826816022396088,
      0.15752394497394562,
      0.21538113057613373,
      0.24229946732521057,
      0.22930310666561127,
      0.3795466125011444,
      0.2692532241344452,
      0.2477031797170639,
      0.23031166195869446,
      0.13381193578243256,
      0.32017436623573303,
      0.435491681098938,
      0.3632771074771881,
      0.3745783567428589,
      1.0
    ]
  ]
}