{
  "game_number": 118,
  "words": [
    "FLAG",
    "HAIL",
    "WAVE",
    "WHISTLE",
    "FLOP",
    "HOLE",
    "RIVER",
    "TURN",
    "ANON",
    "ART",
    "THOU",
    "WILT",
    "BUTTER",
    "EGGS",
    "FLOUR",
    "SUGAR"
  ],
  "adjacency_matrix": [
    [
      1.0,
      0.3494599461555481,
      0.48579153418540955,
      0.35556647181510925,
      0.3013608157634735,
      0.32736822962760925,
      0.3430290222167969,
      0.3756107687950134,
      0.2957729995250702,
      0.305966854095459,
      0.16640755534172058,
      0.2993029057979584,
      0.28777286410331726,
      0.23852601647377014,
      0.28249046206474304,
      0.31899216771125793
    ],
    [
      0.3494599461555481,
      1.0,
      0.4799199104309082,
      0.3899686932563782,
      0.309408962726593,
      0.276010125875473,
      0.28008973598480225,
      0.351528525352478,
      0.2910340130329132,
      0.27510568499565125,
      0.24418307840824127,
      0.37257298827171326,
      0.2360771894454956,
      0.29618039727211,
      0.3238745629787445,
      0.24149896204471588
    ],
    [
      0.48579153418540955,
      0.4799199104309082,
      0.9999998807907104,
      0.4149744212627411,
      0.4408748149871826,
      0.35819825530052185,
      0.36896783113479614,
      0.4625715911388397,
      0.26168888807296753,
      0.32910099625587463,
      0.1329747587442398,
      0.3166350722312927,
      0.25083205103874207,
      0.25947675108909607,
      0.29794931411743164,
      0.3086388111114502
    ],
    [
      0.35556647181510925,
      0.3899686932563782,
      0.4149744212627411,
      1.0,
      0.27857112884521484,
      0.37959951162338257,
      0.28268060088157654,
      0.4025444984436035,
      0.17370136082172394,
      0.21807028353214264,
      0.20144645869731903,
      0.2418055385351181,
      0.256483256816864,
      0.22675800323486328,
      0.25817662477493286,
      0.2328939288854599
    ],
    [
      0.3013608157634735,
      0.309408962726593,
      0.4408748149871826,
      0.27857112884521484,
      1.0,
      0.3698992133140564,
      0.3214881122112274,
      0.4885345697402954,
      0.14224186539649963,
      0.28367680311203003,
      0.1999875158071518,
      0.3801126778125763,
      0.28118786215782166,
      0.2650810778141022,
      0.24640828371047974,
      0.2609819173812866
    ],
    [
      0.32736822962760925,
      0.276010125875473,
      0.35819825530052185,
      0.37959951162338257,
      0.3698992133140564,
      0.9999999403953552,
      0.35232654213905334,
      0.3990423083305359,
      0.2675190269947052,
      0.2781049609184265,
      0.16010701656341553,
      0.23238064348697662,
      0.2869686186313629,
      0.23207394778728485,
      0.29919689893722534,
      0.32837411761283875
    ],
    [
      0.3430290222167969,
      0.28008973598480225,
      0.36896783113479614,
      0.28268060088157654,
      0.3214881122112274,
      0.35232654213905334,
      1.0,
      0.3200097978115082,
      0.22190696001052856,
      0.33689525723457336,
      0.1712738275527954,
      0.15392126142978668,
      0.3137001097202301,
      0.22636283934116364,
      0.3145400583744049,
      0.3231129050254822
    ],
    [
      0.3756107687950134,
      0.351528525352478,
      0.4625715911388397,
      0.4025444984436035,
      0.4885345697402954,
      0.3990423083305359,
      0.3200097978115082,
      1.0,
      0.232323557138443,
      0.32510906457901,
      0.25561538338661194,
      0.42990291118621826,
      0.25867387652397156,
      0.22688162326812744,
      0.3365101218223572,
      0.3267626464366913
    ],
    [
      0.2957729995250702,
      0.2910340130329132,
      0.26168888807296753,
      0.17370136082172394,
      0.14224186539649963,
      0.2675190269947052,
      0.22190696001052856,
      0.232323557138443,
      1.0,
      0.2284468412399292,
      0.3064627945423126,
      0.1866643875837326,
      0.18346428871154785,
      0.1823115050792694,
      0.16355061531066895,
      0.16903874278068542
    ],
    [
      0.305966854095459,
      0.27510568499565125,
      0.32910099625587463,
      0.21807028353214264,
      0.28367680311203003,
      0.2781049609184265,
      0.33689525723457336,
      0.32510906457901,
      0.2284468412399292,
      1.0,
      0.3837072253227234,
      0.27755746245384216,
      0.35588857531547546,
      0.21383482217788696,
      0.30972498655319214,
      0.2721216380596161
    ],
    [
      0.16640755534172058,
      0.24418307840824127,
      0.1329747587442398,
      0.20144645869731903,
      0.1999875158071518,
      0.16010701656341553,
      0.1712738275527954,
      0.25561538338661194,
      0.3064627945423126,
      0.3837072253227234,
      0.9999999403953552,
      0.46914106607437134,
      0.23229418694972992,
      0.16220790147781372,
      0.17443352937698364,
      0.11975481361150742
    ],
    [
      0.2993029057979584,
      0.37257298827171326,
      0.3166350722312927,
      0.2418055385351181,
      0.3801126778125763,
      0.23238064348697662,
      0.15392126142978668,
      0.42990291118621826,
      0.1866643875837326,
      0.27755746245384216,
      0.46914106607437134,
      0.9999999403953552,
      0.23354263603687286,
      0.23635812103748322,
      0.22792135179042816,
      0.20065569877624512
    ],
    [
      0.28777286410331726,
      0.2360771894454956,
      0.25083205103874207,
      0.256483256816864,
      0.28118786215782166,
      0.2869686186313629,
      0.3137001097202301,
      0.25867387652397156,
      0.18346428871154785,
      0.35588857531547546,
      0.23229418694972992,
      0.23354263603687286,
      1.0,
      0.47813940048217773,
      0.6206489205360413,
      0.5497978925704956
    ],
    [
      0.23852601647377014,
      0.29618039727211,
      0.25947675108909607,
      0.22675800323486328,
      0.2650810778141022,
      0.23207394778728485,
      0.22636283934116364,
      0.22688162326812744,
      0.1823115050792694,
      0.21383482217788696,
      0.16220790147781372,
      0.23635812103748322,
      0.47813940048217773,
      0.9999999403953552,
      0.4285987317562103,
      0.37878096103668213
    ],
    [
      0.28249046206474304,
      0.3238745629787445,
      0.29794931411743164,
      0.25817662477493286,
      0.24640828371047974,
      0.29919689893722534,
      0.3145400583744049,
      0.3365101218223572,
      0.16355061531066895,
      0.30972498655319214,
      0.17443352937698364,
      0.22792135179042816,
      0.6206489205360413,
      0.4285987317562103,
      1.0000001192092896,
      0.5448902249336243
    ],
    [
      0.31899216771125793,
      0.24149896204471588,
      0.3086388111114502,
      0.2328939288854599,
      0.2609819173812866,
      0.32837411761283875,
      0.3231129050254822,
      0.3267626464366913,
      0.16903874278068542,
      0.2721216380596161,
      0.11975481361150742,
      0.20065569877624512,
      0.5497978925704956,
      0.37878096103668213,
      0.5448902249336243,
      1.0
    ]
  ]
}