{
  "game_number": 634,
  "words": [
    "CHAD",
    "GEORGIA",
    "JORDAN",
    "TOGO",
    "CRANE",
    "JAY",
    "SWALLOW",
    "TURKEY",
    "FISH",
    "GOAT",
    "SCALES",
    "TWINS",
    "CRICKET",
    "FENCING",
    "POLO",
    "SQUASH"
  ],
  "adjacency_matrix": [
    [
      1.0,
      0.39008861780166626,
      0.41696542501449585,
      0.4344044327735901,
      0.30984407663345337,
      0.32898572087287903,
      0.3186165690422058,
      0.3447771668434143,
      0.323897123336792,
      0.3054022789001465,
      0.2450542449951172,
      0.28896328806877136,
      0.20912282168865204,
      0.22478501498699188,
      0.21208538115024567,
      0.26745057106018066
    ],
    [
      0.39008861780166626,
      1.0,
      0.4945310354232788,
      0.43594738841056824,
      0.20793196558952332,
      0.34271731972694397,
      0.19140858948230743,
      0.4411165416240692,
      0.20820021629333496,
      0.24051429331302643,
      0.15823794901371002,
      0.19183704257011414,
      0.24512767791748047,
      0.1909003108739853,
      0.19874650239944458,
      0.22973136603832245
    ],
    [
      0.41696542501449585,
      0.4945310354232788,
      1.0,
      0.355577290058136,
      0.20014415681362152,
      0.4007546305656433,
      0.21604986488819122,
      0.3404117822647095,
      0.223623588681221,
      0.25705647468566895,
      0.10571527481079102,
      0.17793822288513184,
      0.1782076209783554,
      0.16864711046218872,
      0.2713662087917328,
      0.2154029756784439
    ],
    [
      0.4344044327735901,
      0.43594738841056824,
      0.355577290058136,
      1.0,
      0.2926027178764343,
      0.2216007560491562,
      0.3179657757282257,
      0.3113986551761627,
      0.3526400625705719,
      0.32064929604530334,
      0.23060835897922516,
      0.2786615192890167,
      0.30826398730278015,
      0.1936800628900528,
      0.3616975247859955,
      0.283273309469223
    ],
    [
      0.30984407663345337,
      0.20793196558952332,
      0.20014415681362152,
      0.2926027178764343,
      1.0,
      0.2915697395801544,
      0.3827178180217743,
      0.3940189480781555,
      0.45607540011405945,
      0.3072367012500763,
      0.2769674062728882,
      0.27216994762420654,
      0.2503400146961212,
      0.3135945796966553,
      0.19083832204341888,
      0.2783079445362091
    ],
    [
      0.32898572087287903,
      0.34271731972694397,
      0.4007546305656433,
      0.2216007560491562,
      0.2915697395801544,
      0.9999999403953552,
      0.2782701849937439,
      0.3660229444503784,
      0.21679671108722687,
      0.2612098753452301,
      0.1351519227027893,
      0.1559503972530365,
      0.23893429338932037,
      0.1757778525352478,
      0.16770479083061218,
      0.16427309811115265
    ],
    [
      0.3186165690422058,
      0.19140858948230743,
      0.21604986488819122,
      0.3179657757282257,
      0.3827178180217743,
      0.2782701849937439,
      0.9999999403953552,
      0.3680451512336731,
      0.42586609721183777,
      0.28731685876846313,
      0.2848268747329712,
      0.22597269713878632,
      0.2849087417125702,
      0.17093130946159363,
      0.18645143508911133,
      0.37018531560897827
    ],
    [
      0.3447771668434143,
      0.4411165416240692,
      0.3404117822647095,
      0.3113986551761627,
      0.3940189480781555,
      0.3660229444503784,
      0.3680451512336731,
      1.0,
      0.46099257469177246,
      0.47449803352355957,
      0.27608075737953186,
      0.2691880762577057,
      0.2895958125591278,
      0.2654682397842407,
      0.21875493228435516,
      0.4067305624485016
    ],
    [
      0.323897123336792,
      0.20820021629333496,
      0.223623588681221,
      0.3526400625705719,
      0.45607540011405945,
      0.21679671108722687,
      0.42586609721183777,
      0.46099257469177246,
      1.0,
      0.4020213484764099,
      0.39759406447410583,
      0.3030403256416321,
      0.34675854444503784,
      0.3239508867263794,
      0.30143970251083374,
      0.36891964077949524
    ],
    [
      0.3054022789001465,
      0.24051429331302643,
      0.25705647468566895,
      0.32064929604530334,
      0.3072367012500763,
      0.2612098753452301,
      0.28731685876846313,
      0.47449803352355957,
      0.4020213484764099,
      1.0,
      0.20515292882919312,
      0.35199370980262756,
      0.35464581847190857,
      0.3492265045642853,
      0.3534465730190277,
      0.32244277000427246
    ],
    [
      0.2450542449951172,
      0.15823794901371002,
      0.10571527481079102,
      0.23060835897922516,
      0.2769674062728882,
      0.1351519227027893,
      0.2848268747329712,
      0.27608075737953186,
      0.39759406447410583,
      0.20515292882919312,
      1.0,
      0.24344567954540253,
      0.2873600423336029,
      0.22814975678920746,
      0.23522105813026428,
      0.27469170093536377
    ],
    [
      0.28896328806877136,
      0.19183704257011414,
      0.17793822288513184,
      0.2786615192890167,
      0.27216994762420654,
      0.1559503972530365,
      0.22597269713878632,
      0.2691880762577057,
      0.3030403256416321,
      0.35199370980262756,
      0.24344567954540253,
      0.9999999403953552,
      0.22705723345279694,
      0.1822512000799179,
      0.20118287205696106,
      0.2836729884147644
    ],
    [
      0.20912282168865204,
      0.24512767791748047,
      0.1782076209783554,
      0.30826398730278015,
      0.2503400146961212,
      0.23893429338932037,
      0.2849087417125702,
      0.2895958125591278,
      0.34675854444503784,
      0.35464581847190857,
      0.2873600423336029,
      0.22705723345279694,
      0.9999999403953552,
      0.4309224486351013,
      0.485477477312088,
      0.5043285489082336
    ],
    [
      0.22478501498699188,
      0.1909003108739853,
      0.16864711046218872,
      0.1936800628900528,
      0.3135945796966553,
      0.1757778525352478,
      0.17093130946159363,
      0.2654682397842407,
      0.3239508867263794,
      0.3492265045642853,
      0.22814975678920746,
      0.1822512000799179,
      0.4309224486351013,
      1.0,
      0.3795728087425232,
      0.411963552236557
    ],
    [
      0.21208538115024567,
      0.19874650239944458,
      0.2713662087917328,
      0.3616975247859955,
      0.19083832204341888,
      0.16770479083061218,
      0.18645143508911133,
      0.21875493228435516,
      0.30143970251083374,
      0.3534465730190277,
      0.23522105813026428,
      0.20118287205696106,
      0.485477477312088,
      0.3795728087425232,
      0.9999999403953552,
      0.4816868305206299
    ],
    [
      0.26745057106018066,
      0.22973136603832245,
      0.2154029756784439,
      0.283273309469223,
      0.2783079445362091,
      0.16427309811115265,
      0.37018531560897827,
      0.4067305624485016,
      0.36891964077949524,
      0.32244277000427246,
      0.27469170093536377,
      0.2836729884147644,
      0.5043285489082336,
      0.411963552236557,
      0.4816868305206299,
      1.0
    ]
  ]
}