{
  "game_number": 564,
  "words": [
    "ALLEY",
    "BALL",
    "LANE",
    "PIN",
    "MUG",
    "PEN",
    "TEE",
    "TOTE",
    "ATE",
    "FOR",
    "TOO",
    "WON",
    "BOOKMARK",
    "HISTORY",
    "TAB",
    "WINDOW"
  ],
  "adjacency_matrix": [
    [
      1.0,
      0.4128388464450836,
      0.5623908042907715,
      0.3299511671066284,
      0.25981807708740234,
      0.35106804966926575,
      0.38728877902030945,
      0.26474544405937195,
      0.2477281540632248,
      0.3388024866580963,
      0.3759675621986389,
      0.24698415398597717,
      0.21618251502513885,
      0.3079502582550049,
      0.27797427773475647,
      0.43245306611061096
    ],
    [
      0.4128388464450836,
      1.0,
      0.44154638051986694,
      0.5250622630119324,
      0.4401403069496155,
      0.4309748709201813,
      0.5356168746948242,
      0.4043210744857788,
      0.2729227542877197,
      0.35064470767974854,
      0.3132743835449219,
      0.25508591532707214,
      0.27131491899490356,
      0.3287256956100464,
      0.29363077878952026,
      0.37142279744148254
    ],
    [
      0.5623908042907715,
      0.44154638051986694,
      1.0,
      0.3724503815174103,
      0.22996102273464203,
      0.36081233620643616,
      0.3716340959072113,
      0.2894440293312073,
      0.15986089408397675,
      0.3178269565105438,
      0.23966969549655914,
      0.19721479713916779,
      0.2742726802825928,
      0.29421553015708923,
      0.3327800929546356,
      0.4142449200153351
    ],
    [
      0.3299511671066284,
      0.5250622630119324,
      0.3724503815174103,
      0.9999999403953552,
      0.39038607478141785,
      0.45066243410110474,
      0.4742475748062134,
      0.39037802815437317,
      0.21270577609539032,
      0.339008629322052,
      0.27545738220214844,
      0.27258265018463135,
      0.4093410074710846,
      0.30949530005455017,
      0.4038549065589905,
      0.36215245723724365
    ],
    [
      0.25981807708740234,
      0.4401403069496155,
      0.22996102273464203,
      0.39038607478141785,
      1.0,
      0.41696596145629883,
      0.40025365352630615,
      0.3916473388671875,
      0.2518894672393799,
      0.2755538523197174,
      0.25168490409851074,
      0.21912594139575958,
      0.31517916917800903,
      0.2275184988975525,
      0.227479949593544,
      0.34929847717285156
    ],
    [
      0.35106804966926575,
      0.4309748709201813,
      0.36081233620643616,
      0.45066243410110474,
      0.41696596145629883,
      1.0000001192092896,
      0.3688848912715912,
      0.4048196077346802,
      0.25360918045043945,
      0.36115381121635437,
      0.2934916615486145,
      0.2800334095954895,
      0.39055657386779785,
      0.33001285791397095,
      0.3305637836456299,
      0.38399872183799744
    ],
    [
      0.38728877902030945,
      0.5356168746948242,
      0.3716340959072113,
      0.4742475748062134,
      0.40025365352630615,
      0.3688848912715912,
      1.0,
      0.4105132520198822,
      0.2228088676929474,
      0.3402096927165985,
      0.2624111473560333,
      0.19181746244430542,
      0.28124940395355225,
      0.29392537474632263,
      0.25892409682273865,
      0.3318747282028198
    ],
    [
      0.26474544405937195,
      0.4043210744857788,
      0.2894440293312073,
      0.39037802815437317,
      0.3916473388671875,
      0.4048196077346802,
      0.4105132520198822,
      1.0,
      0.2740924656391144,
      0.3166902959346771,
      0.2799224555492401,
      0.2946155071258545,
      0.3844934105873108,
      0.2602258324623108,
      0.3006051480770111,
      0.27631640434265137
    ],
    [
      0.2477281540632248,
      0.2729227542877197,
      0.15986089408397675,
      0.21270577609539032,
      0.2518894672393799,
      0.25360918045043945,
      0.2228088676929474,
      0.2740924656391144,
      1.0,
      0.2761058211326599,
      0.3606453835964203,
      0.4268020987510681,
      0.19122321903705597,
      0.17963312566280365,
      0.252591997385025,
      0.21512486040592194
    ],
    [
      0.3388024866580963,
      0.35064470767974854,
      0.3178269565105438,
      0.339008629322052,
      0.2755538523197174,
      0.36115381121635437,
      0.3402096927165985,
      0.3166902959346771,
      0.2761058211326599,
      1.0,
      0.5228309035301208,
      0.35733562707901,
      0.3334588408470154,
      0.4227086901664734,
      0.29637575149536133,
      0.40268582105636597
    ],
    [
      0.3759675621986389,
      0.3132743835449219,
      0.23966969549655914,
      0.27545738220214844,
      0.25168490409851074,
      0.2934916615486145,
      0.2624111473560333,
      0.2799224555492401,
      0.3606453835964203,
      0.5228309035301208,
      0.9999999403953552,
      0.3878934681415558,
      0.2784353792667389,
      0.372526079416275,
      0.24472719430923462,
      0.29958152770996094
    ],
    [
      0.24698415398597717,
      0.25508591532707214,
      0.19721479713916779,
      0.27258265018463135,
      0.21912594139575958,
      0.2800334095954895,
      0.19181746244430542,
      0.2946155071258545,
      0.4268020987510681,
      0.35733562707901,
      0.3878934681415558,
      1.0,
      0.20009060204029083,
      0.24428272247314453,
      0.17084144055843353,
      0.17087960243225098
    ],
    [
      0.21618251502513885,
      0.27131491899490356,
      0.2742726802825928,
      0.4093410074710846,
      0.31517916917800903,
      0.39055657386779785,
      0.28124940395355225,
      0.3844934105873108,
      0.19122321903705597,
      0.3334588408470154,
      0.2784353792667389,
      0.20009060204029083,
      1.0,
      0.41056695580482483,
      0.48283129930496216,
      0.45484277606010437
    ],
    [
      0.3079502582550049,
      0.3287256956100464,
      0.29421553015708923,
      0.30949530005455017,
      0.2275184988975525,
      0.33001285791397095,
      0.29392537474632263,
      0.2602258324623108,
      0.17963312566280365,
      0.4227086901664734,
      0.372526079416275,
      0.24428272247314453,
      0.41056695580482483,
      1.0,
      0.3805648386478424,
      0.3860664665699005
    ],
    [
      0.27797427773475647,
      0.29363077878952026,
      0.3327800929546356,
      0.4038549065589905,
      0.227479949593544,
      0.3305637836456299,
      0.25892409682273865,
      0.3006051480770111,
      0.252591997385025,
      0.29637575149536133,
      0.24472719430923462,
      0.17084144055843353,
      0.48283129930496216,
      0.3805648386478424,
      0.9999999403953552,
      0.4929552674293518
    ],
    [
      0.43245306611061096,
      0.37142279744148254,
      0.4142449200153351,
      0.36215245723724365,
      0.34929847717285156,
      0.38399872183799744,
      0.3318747282028198,
      0.27631640434265137,
      0.21512486040592194,
      0.40268582105636597,
      0.29958152770996094,
      0.17087960243225098,
      0.45484277606010437,
      0.3860664665699005,
      0.4929552674293518,
      1.0
    ]
  ]
}