{"game_number":116,"words":["JAB","POKE","PROD","STICK","ADDER","BOA","MAMBA","MOCCASIN","BALL","PRINCE","PUMPKIN","SLIPPER","BOWTIE","ELBOW","TUBE","WHEEL"],"adjacency_matrix":[[1.0,0.4803659915924072,0.32791000604629517,0.37273475527763367,0.19762267172336578,0.19350755214691162,0.26476529240608215,0.17699232697486877,0.33864012360572815,0.22207148373126984,0.28385645151138306,0.29675132036209106,0.2283552885055542,0.4477215111255646,0.2565045952796936,0.24116039276123047],[0.4803659915924072,0.9999999403953552,0.514061689376831,0.5858728289604187,0.33363351225852966,0.21195167303085327,0.24896977841854095,0.2910587787628174,0.4447306990623474,0.25254949927330017,0.3940989077091217,0.3518332839012146,0.36851149797439575,0.46206068992614746,0.2641870677471161,0.35551387071609497],[0.32791000604629517,0.514061689376831,1.0,0.4043464660644531,0.32667508721351624,0.16670747101306915,0.2211301028728485,0.2192201018333435,0.38279616832733154,0.2677554488182068,0.3092595934867859,0.27630311250686646,0.2572358250617981,0.29065120220184326,0.2609159052371979,0.2890576422214508],[0.37273475527763367,0.5858728289604187,0.4043464660644531,1.0,0.3726837635040283,0.24681073427200317,0.2798275649547577,0.3278501331806183,0.5564394593238831,0.33277949690818787,0.4518038034439087,0.4796757102012634,0.43537795543670654,0.4525710940361023,0.4449150860309601,0.48408058285713196],[0.19762267172336578,0.33363351225852966,0.32667508721351624,0.3726837635040283,1.0,0.3534546494483948,0.4215989410877228,0.2978997528553009,0.23240256309509277,0.3297394812107086,0.2920045852661133,0.36136966943740845,0.25292348861694336,0.1761929988861084,0.27877455949783325,0.2981489300727844],[0.19350755214691162,0.21195167303085327,0.16670747101306915,0.24681073427200317,0.3534546494483948,1.0,0.527621865272522,0.40867525339126587,0.2692034840583801,0.27101027965545654,0.33040374517440796,0.398852676153183,0.35767218470573425,0.2518984377384186,0.2567214369773865,0.14540638029575348],[0.26476529240608215,0.24896977841854095,0.2211301028728485,0.2798275649547577,0.4215989410877228,0.527621865272522,1.0,0.44229960441589355,0.3271541893482208,0.3274534344673157,0.3203131854534149,0.3404482901096344,0.2701544761657715,0.23982542753219604,0.2665913999080658,0.2101326882839203],[0.17699232697486877,0.2910587787628174,0.2192201018333435,0.3278501331806183,0.2978997528553009,0.40867525339126587,0.44229960441589355,1.0,0.33400148153305054,0.25288262963294983,0.34832316637039185,0.5091540813446045,0.40983712673187256,0.3218967616558075,0.31584712862968445,0.3140470087528229],[0.33864012360572815,0.4447306990623474,0.38279616832733154,0.5564394593238831,0.23240256309509277,0.2692034840583801,0.3271541893482208,0.33400148153305054,1.0,0.3979354798793793,0.4248315393924713,0.5118433237075806,0.4012641906738281,0.4872811734676361,0.43748927116394043,0.4846627712249756],[0.22207148373126984,0.25254949927330017,0.2677554488182068,0.33277949690818787,0.3297394812107086,0.27101027965545654,0.3274534344673157,0.25288262963294983,0.3979354798793793,1.0,0.37026384472846985,0.4396907687187195,0.3135230243206024,0.22669419646263123,0.20337501168251038,0.3383580446243286],[0.28385645151138306,0.3940989077091217,0.3092595934867859,0.4518038034439087,0.2920045852661133,0.33040374517440796,0.3203131854534149,0.34832316637039185,0.4248315393924713,0.37026384472846985,1.0,0.412779837846756,0.4172954857349396,0.3162684440612793,0.3295868933200836,0.3919844627380371],[0.29675132036209106,0.3518332839012146,0.27630311250686646,0.4796757102012634,0.36136966943740845,0.398852676153183,0.3404482901096344,0.5091540813446045,0.5118433237075806,0.4396907687187195,0.412779837846756,1.0,0.47974294424057007,0.37840157747268677,0.3288654685020447,0.47029051184654236],[0.2283552885055542,0.36851149797439575,0.2572358250617981,0.43537795543670654,0.25292348861694336,0.35767218470573425,0.2701544761657715,0.40983712673187256,0.4012641906738281,0.3135230243206024,0.4172954857349396,0.47974294424057007,1.0,0.3842836022377014,0.40734317898750305,0.39963042736053467],[0.4477215111255646,0.46206068992614746,0.29065120220184326,0.4525710940361023,0.1761929988861084,0.2518984377384186,0.23982542753219604,0.3218967616558075,0.4872811734676361,0.22669419646263123,0.3162684440612793,0.37840157747268677,0.3842836022377014,1.0,0.3737718462944031,0.4293125569820404],[0.2565045952796936,0.2641870677471161,0.2609159052371979,0.4449150860309601,0.27877455949783325,0.2567214369773865,0.2665913999080658,0.31584712862968445,0.43748927116394043,0.20337501168251038,0.3295868933200836,0.3288654685020447,0.40734317898750305,0.3737718462944031,1.0,0.4271256625652313],[0.24116039276123047,0.35551387071609497,0.2890576422214508,0.48408058285713196,0.2981489300727844,0.14540638029575348,0.2101326882839203,0.3140470087528229,0.4846627712249756,0.3383580446243286,0.3919844627380371,0.47029051184654236,0.39963042736053467,0.4293125569820404,0.4271256625652313,1.0]]}