{"game_number":219,"words":["BADGER","BUG","HOUND","NAG","ARENA","BOWL","DOME","FIELD","DIVIDE","FORK","PART","SPLIT","FOX","LINING","SCREEN","SPOON"],"adjacency_matrix":[[1.0,0.42901504039764404,0.626823902130127,0.38391828536987305,0.22316555678844452,0.32464370131492615,0.22019410133361816,0.3455135226249695,0.32937851548194885,0.3504861295223236,0.3455289900302887,0.3052038550376892,0.5541478991508484,0.31359875202178955,0.35137322545051575,0.32470476627349854],[0.42901504039764404,0.9999999403953552,0.3813715875148773,0.3557432293891907,0.278582364320755,0.3008706569671631,0.3013799786567688,0.34619608521461487,0.31237804889678955,0.3763096034526825,0.39719048142433167,0.3192515969276428,0.3991823196411133,0.25957441329956055,0.3928627669811249,0.28542664647102356],[0.626823902130127,0.3813715875148773,1.0,0.4444050192832947,0.32912129163742065,0.3455708920955658,0.25725460052490234,0.38018345832824707,0.3380151093006134,0.3592577874660492,0.318911612033844,0.2953837215900421,0.5449865460395813,0.3482961654663086,0.36371830105781555,0.31214264035224915],[0.38391828536987305,0.3557432293891907,0.4444050192832947,0.9999999403953552,0.08886914700269699,0.2557849586009979,0.15149006247520447,0.19147314131259918,0.23628060519695282,0.31747761368751526,0.22715520858764648,0.15399819612503052,0.2699632942676544,0.14998841285705566,0.30982574820518494,0.2591380178928375],[0.22316555678844452,0.278582364320755,0.32912129163742065,0.08886914700269699,0.9999999403953552,0.3561067283153534,0.42927587032318115,0.594357430934906,0.3296751081943512,0.24623727798461914,0.4686307907104492,0.28082576394081116,0.17546600103378296,0.337253212928772,0.40179359912872314,0.20436391234397888],[0.32464370131492615,0.3008706569671631,0.3455708920955658,0.2557849586009979,0.3561067283153534,1.0,0.45908576250076294,0.39130136370658875,0.33461883664131165,0.41993448138237,0.377192884683609,0.34266504645347595,0.24914580583572388,0.3433830440044403,0.3861362934112549,0.6424936056137085],[0.22019410133361816,0.3013799786567688,0.25725460052490234,0.15149006247520447,0.42927587032318115,0.45908576250076294,0.9999999403953552,0.3871060013771057,0.29765161871910095,0.3522997498512268,0.4129335582256317,0.3313368856906891,0.17559175193309784,0.42743897438049316,0.39669251441955566,0.3517458438873291],[0.3455135226249695,0.34619608521461487,0.38018345832824707,0.19147314131259918,0.594357430934906,0.39130136370658875,0.3871060013771057,0.9999999403953552,0.35804659128189087,0.31808874011039734,0.5199949145317078,0.32227078080177307,0.18691152334213257,0.41904217004776,0.46731477975845337,0.23794247210025787],[0.32937851548194885,0.31237804889678955,0.3380151093006134,0.23628060519695282,0.3296751081943512,0.33461883664131165,0.29765161871910095,0.35804659128189087,1.0,0.3822072148323059,0.49194198846817017,0.7007701396942139,0.1984155923128128,0.33532798290252686,0.36964210867881775,0.289142370223999],[0.3504861295223236,0.3763096034526825,0.3592577874660492,0.31747761368751526,0.24623727798461914,0.41993448138237,0.3522997498512268,0.31808874011039734,0.3822072148323059,0.9999999403953552,0.40289607644081116,0.5470246076583862,0.2233264148235321,0.28871798515319824,0.2826370298862457,0.5336799025535583],[0.3455289900302887,0.39719048142433167,0.318911612033844,0.22715520858764648,0.4686307907104492,0.377192884683609,0.4129335582256317,0.5199949145317078,0.49194198846817017,0.40289607644081116,1.0,0.5118142366409302,0.20716677606105804,0.4174840450286865,0.4513151943683624,0.30824968218803406],[0.3052038550376892,0.3192515969276428,0.2953837215900421,0.15399819612503052,0.28082576394081116,0.34266504645347595,0.3313368856906891,0.32227078080177307,0.7007701396942139,0.5470246076583862,0.5118142366409302,1.0,0.15639787912368774,0.33557143807411194,0.33517396450042725,0.343850314617157],[0.5541478991508484,0.3991823196411133,0.5449865460395813,0.2699632942676544,0.17546600103378296,0.24914580583572388,0.17559175193309784,0.18691152334213257,0.1984155923128128,0.2233264148235321,0.20716677606105804,0.15639787912368774,1.0,0.1934615820646286,0.18791571259498596,0.2425898164510727],[0.31359875202178955,0.25957441329956055,0.3482961654663086,0.14998841285705566,0.337253212928772,0.3433830440044403,0.42743897438049316,0.41904217004776,0.33532798290252686,0.28871798515319824,0.4174840450286865,0.33557143807411194,0.1934615820646286,1.0,0.4248296320438385,0.3066718578338623],[0.35137322545051575,0.3928627669811249,0.36371830105781555,0.30982574820518494,0.40179359912872314,0.3861362934112549,0.39669251441955566,0.46731477975845337,0.36964210867881775,0.2826370298862457,0.4513151943683624,0.33517396450042725,0.18791571259498596,0.4248296320438385,1.0,0.3337172865867615],[0.32470476627349854,0.28542664647102356,0.31214264035224915,0.2591380178928375,0.20436391234397888,0.6424936056137085,0.3517458438873291,0.23794247210025787,0.289142370223999,0.5336799025535583,0.30824968218803406,0.343850314617157,0.2425898164510727,0.3066718578338623,0.3337172865867615,0.9999999403953552]]}