{
  "game_number": 594,
  "words": [
    "JACK",
    "NADA",
    "NOTHING",
    "SQUAT",
    "CURL",
    "LUNGE",
    "PLANK",
    "PRESS",
    "CRUNCH",
    "KANGAROO",
    "OBVIOUS",
    "PLANET",
    "CO",
    "MA",
    "ME",
    "PA"
  ],
  "adjacency_matrix": [
    [
      1.0,
      0.26749730110168457,
      0.3084711730480194,
      0.4035074710845947,
      0.3247773349285126,
      0.3106386959552765,
      0.36078810691833496,
      0.3261857330799103,
      0.3381817936897278,
      0.35202714800834656,
      0.1961381882429123,
      0.25564974546432495,
      0.2819015681743622,
      0.13877041637897491,
      0.2928055226802826,
      0.18489767611026764
    ],
    [
      0.26749730110168457,
      1.0,
      0.4605494439601898,
      0.29557424783706665,
      0.147896870970726,
      0.1403045505285263,
      0.025836629793047905,
      0.18552327156066895,
      0.17549695074558258,
      0.12312178313732147,
      0.19665370881557465,
      0.1804972141981125,
      0.2077900618314743,
      0.31298571825027466,
      0.2324240654706955,
      0.3706829845905304
    ],
    [
      0.3084711730480194,
      0.4605494439601898,
      1.0,
      0.35022443532943726,
      0.24037998914718628,
      0.22470460832118988,
      0.24823220074176788,
      0.36309435963630676,
      0.30895957350730896,
      0.127239391207695,
      0.5320700407028198,
      0.3245016038417816,
      0.09382708370685577,
      0.056539103388786316,
      0.4757538437843323,
      0.0545835979282856
    ],
    [
      0.4035074710845947,
      0.29557424783706665,
      0.35022443532943726,
      1.0,
      0.34814101457595825,
      0.4211007058620453,
      0.3355993330478668,
      0.3006042242050171,
      0.30423703789711,
      0.33668622374534607,
      0.23513063788414001,
      0.2600879371166229,
      0.1669013798236847,
      0.08179979771375656,
      0.23088669776916504,
      0.1797821819782257
    ],
    [
      0.3247773349285126,
      0.147896870970726,
      0.24037998914718628,
      0.34814101457595825,
      1.0,
      0.36904260516166687,
      0.2894899845123291,
      0.32852602005004883,
      0.3602014183998108,
      0.20715975761413574,
      0.19925326108932495,
      0.17100583016872406,
      0.19797483086585999,
      0.14877738058567047,
      0.24485009908676147,
      0.08749104291200638
    ],
    [
      0.3106386959552765,
      0.1403045505285263,
      0.22470460832118988,
      0.4211007058620453,
      0.36904260516166687,
      1.0,
      0.29919418692588806,
      0.33822208642959595,
      0.32328173518180847,
      0.33234918117523193,
      0.32807591557502747,
      0.22105556726455688,
      0.06727279722690582,
      0.032989080995321274,
      0.2850159704685211,
      0.022711671888828278
    ],
    [
      0.36078810691833496,
      0.025836629793047905,
      0.24823220074176788,
      0.3355993330478668,
      0.2894899845123291,
      0.29919418692588806,
      0.9999999403953552,
      0.3114287555217743,
      0.3073529601097107,
      0.21407803893089294,
      0.25653502345085144,
      0.3428514897823334,
      0.2303888201713562,
      0.10078175365924835,
      0.30404096841812134,
      0.12133011221885681
    ],
    [
      0.3261857330799103,
      0.18552327156066895,
      0.36309435963630676,
      0.3006042242050171,
      0.32852602005004883,
      0.33822208642959595,
      0.3114287555217743,
      1.0,
      0.38749438524246216,
      0.19499605894088745,
      0.31783682107925415,
      0.26712504029273987,
      0.2204838991165161,
      0.044136084616184235,
      0.27607136964797974,
      0.023908494040369987
    ],
    [
      0.3381817936897278,
      0.17549695074558258,
      0.30895957350730896,
      0.30423703789711,
      0.3602014183998108,
      0.32328173518180847,
      0.3073529601097107,
      0.38749438524246216,
      1.0,
      0.21731552481651306,
      0.2708668112754822,
      0.3094009757041931,
      0.12302044779062271,
      0.06690409034490585,
      0.2521001696586609,
      0.0049026524648070335
    ],
    [
      0.35202714800834656,
      0.12312178313732147,
      0.127239391207695,
      0.33668622374534607,
      0.20715975761413574,
      0.33234918117523193,
      0.21407803893089294,
      0.19499605894088745,
      0.21731552481651306,
      1.0,
      0.17603856325149536,
      0.2940596640110016,
      0.18841858208179474,
      0.1568072885274887,
      0.1877983808517456,
      0.16729527711868286
    ],
    [
      0.1961381882429123,
      0.19665370881557465,
      0.5320700407028198,
      0.23513063788414001,
      0.19925326108932495,
      0.32807591557502747,
      0.25653502345085144,
      0.31783682107925415,
      0.2708668112754822,
      0.17603856325149536,
      1.0,
      0.23629169166088104,
      0.1596394181251526,
      0.0014006035635247827,
      0.3931184709072113,
      0.020080143585801125
    ],
    [
      0.25564974546432495,
      0.1804972141981125,
      0.3245016038417816,
      0.2600879371166229,
      0.17100583016872406,
      0.22105556726455688,
      0.3428514897823334,
      0.26712504029273987,
      0.3094009757041931,
      0.2940596640110016,
      0.23629169166088104,
      1.0,
      0.1983882337808609,
      0.05871665105223656,
      0.30024173855781555,
      0.05276830121874809
    ],
    [
      0.2819015681743622,
      0.2077900618314743,
      0.09382708370685577,
      0.1669013798236847,
      0.19797483086585999,
      0.06727279722690582,
      0.2303888201713562,
      0.2204838991165161,
      0.12302044779062271,
      0.18841858208179474,
      0.1596394181251526,
      0.1983882337808609,
      0.9999999403953552,
      0.36695611476898193,
      0.17780108749866486,
      0.42339661717414856
    ],
    [
      0.13877041637897491,
      0.31298571825027466,
      0.056539103388786316,
      0.08179979771375656,
      0.14877738058567047,
      0.032989080995321274,
      0.10078175365924835,
      0.044136084616184235,
      0.06690409034490585,
      0.1568072885274887,
      0.0014006035635247827,
      0.05871665105223656,
      0.36695611476898193,
      1.0,
      0.2408663034439087,
      0.6329112648963928
    ],
    [
      0.2928055226802826,
      0.2324240654706955,
      0.4757538437843323,
      0.23088669776916504,
      0.24485009908676147,
      0.2850159704685211,
      0.30404096841812134,
      0.27607136964797974,
      0.2521001696586609,
      0.1877983808517456,
      0.3931184709072113,
      0.30024173855781555,
      0.17780108749866486,
      0.2408663034439087,
      1.0,
      0.1449255794286728
    ],
    [
      0.18489767611026764,
      0.3706829845905304,
      0.0545835979282856,
      0.1797821819782257,
      0.08749104291200638,
      0.022711671888828278,
      0.12133011221885681,
      0.023908494040369987,
      0.0049026524648070335,
      0.16729527711868286,
      0.020080143585801125,
      0.05276830121874809,
      0.42339661717414856,
      0.6329112648963928,
      0.1449255794286728,
      0.9999999403953552
    ]
  ]
}