{
  "game_number": 348,
  "words": [
    "DODGE",
    "HIDE",
    "HOP",
    "TAG",
    "BUNNY",
    "DUCK",
    "MARTIAN",
    "PIG",
    "GREECE",
    "HARE",
    "KATZ",
    "MAIM",
    "KID",
    "NEEDLE",
    "RIB",
    "TEASE"
  ],
  "adjacency_matrix": [
    [
      1.0,
      0.548985481262207,
      0.4091964662075043,
      0.3102540373802185,
      0.35050272941589355,
      0.5270517468452454,
      0.3000239431858063,
      0.23999464511871338,
      0.20425279438495636,
      0.361911803483963,
      0.2579795718193054,
      0.39337897300720215,
      0.36479178071022034,
      0.41074106097221375,
      0.16413915157318115,
      0.4651172161102295
    ],
    [
      0.548985481262207,
      1.0,
      0.3213210105895996,
      0.3880459666252136,
      0.323958158493042,
      0.4245903491973877,
      0.28067344427108765,
      0.3279084861278534,
      0.2635638117790222,
      0.442854642868042,
      0.1388636976480484,
      0.399178683757782,
      0.3207005262374878,
      0.39154624938964844,
      0.2229863852262497,
      0.5016745924949646
    ],
    [
      0.4091964662075043,
      0.3213210105895996,
      1.0,
      0.33092349767684937,
      0.38589420914649963,
      0.44735318422317505,
      0.30462172627449036,
      0.28414759039878845,
      0.2096686214208603,
      0.3403199017047882,
      0.21006904542446136,
      0.27325186133384705,
      0.3440101444721222,
      0.3500996232032776,
      0.26553115248680115,
      0.4007955491542816
    ],
    [
      0.3102540373802185,
      0.3880459666252136,
      0.33092349767684937,
      0.9999999403953552,
      0.30748602747917175,
      0.3020162880420685,
      0.16925843060016632,
      0.23134487867355347,
      0.22609756886959076,
      0.2657223343849182,
      0.20644932985305786,
      0.24043507874011993,
      0.2632575035095215,
      0.29887983202934265,
      0.23544374108314514,
      0.36210954189300537
    ],
    [
      0.35050272941589355,
      0.323958158493042,
      0.38589420914649963,
      0.30748602747917175,
      1.0,
      0.48070207238197327,
      0.3819870948791504,
      0.513424277305603,
      0.19232068955898285,
      0.508709192276001,
      0.39742720127105713,
      0.27688565850257874,
      0.5152677297592163,
      0.3362725079059601,
      0.2055380791425705,
      0.4070504605770111
    ],
    [
      0.5270517468452454,
      0.4245903491973877,
      0.44735318422317505,
      0.3020162880420685,
      0.48070207238197327,
      0.9999999403953552,
      0.3040841221809387,
      0.5105675458908081,
      0.22200872004032135,
      0.4698595106601715,
      0.28386160731315613,
      0.28067731857299805,
      0.4375259280204773,
      0.3488788604736328,
      0.32427704334259033,
      0.3785867393016815
    ],
    [
      0.3000239431858063,
      0.28067344427108765,
      0.30462172627449036,
      0.16925843060016632,
      0.3819870948791504,
      0.3040841221809387,
      1.0,
      0.3306577205657959,
      0.3278028070926666,
      0.3427290916442871,
      0.333839476108551,
      0.20960178971290588,
      0.3741142153739929,
      0.27848735451698303,
      0.23494134843349457,
      0.3075498044490814
    ],
    [
      0.23999464511871338,
      0.3279084861278534,
      0.28414759039878845,
      0.23134487867355347,
      0.513424277305603,
      0.5105675458908081,
      0.3306577205657959,
      1.0,
      0.25849318504333496,
      0.43355846405029297,
      0.27143850922584534,
      0.3167841136455536,
      0.42776957154273987,
      0.39421409368515015,
      0.44573014974594116,
      0.32975104451179504
    ],
    [
      0.20425279438495636,
      0.2635638117790222,
      0.2096686214208603,
      0.22609756886959076,
      0.19232068955898285,
      0.22200872004032135,
      0.3278028070926666,
      0.25849318504333496,
      1.0,
      0.2632738947868347,
      0.3437158465385437,
      0.19160467386245728,
      0.3036485016345978,
      0.16809387505054474,
      0.13782194256782532,
      0.21944564580917358
    ],
    [
      0.361911803483963,
      0.442854642868042,
      0.3403199017047882,
      0.2657223343849182,
      0.508709192276001,
      0.4698595106601715,
      0.3427290916442871,
      0.43355846405029297,
      0.2632738947868347,
      1.0,
      0.22519882023334503,
      0.3123920261859894,
      0.29563015699386597,
      0.33465778827667236,
      0.19772569835186005,
      0.2987748384475708
    ],
    [
      0.2579795718193054,
      0.1388636976480484,
      0.21006904542446136,
      0.20644932985305786,
      0.39742720127105713,
      0.28386160731315613,
      0.333839476108551,
      0.27143850922584534,
      0.3437158465385437,
      0.22519882023334503,
      1.0,
      0.21040792763233185,
      0.35781019926071167,
      0.18182620406150818,
      0.26312255859375,
      0.2677565813064575
    ],
    [
      0.39337897300720215,
      0.399178683757782,
      0.27325186133384705,
      0.24043507874011993,
      0.27688565850257874,
      0.28067731857299805,
      0.20960178971290588,
      0.3167841136455536,
      0.19160467386245728,
      0.3123920261859894,
      0.21040792763233185,
      1.0,
      0.3326486349105835,
      0.3275873064994812,
      0.27393245697021484,
      0.4205649495124817
    ],
    [
      0.36479178071022034,
      0.3207005262374878,
      0.3440101444721222,
      0.2632575035095215,
      0.5152677297592163,
      0.4375259280204773,
      0.3741142153739929,
      0.42776957154273987,
      0.3036485016345978,
      0.29563015699386597,
      0.35781019926071167,
      0.3326486349105835,
      1.0,
      0.34190163016319275,
      0.2621705234050751,
      0.4172748327255249
    ],
    [
      0.41074106097221375,
      0.39154624938964844,
      0.3500996232032776,
      0.29887983202934265,
      0.3362725079059601,
      0.3488788604736328,
      0.27848735451698303,
      0.39421409368515015,
      0.16809387505054474,
      0.33465778827667236,
      0.18182620406150818,
      0.3275873064994812,
      0.34190163016319275,
      0.9999999403953552,
      0.3799438774585724,
      0.3630780279636383
    ],
    [
      0.16413915157318115,
      0.2229863852262497,
      0.26553115248680115,
      0.23544374108314514,
      0.2055380791425705,
      0.32427704334259033,
      0.23494134843349457,
      0.44573014974594116,
      0.13782194256782532,
      0.19772569835186005,
      0.26312255859375,
      0.27393245697021484,
      0.2621705234050751,
      0.3799438774585724,
      1.0,
      0.3052622079849243
    ],
    [
      0.4651172161102295,
      0.5016745924949646,
      0.4007955491542816,
      0.36210954189300537,
      0.4070504605770111,
      0.3785867393016815,
      0.3075498044490814,
      0.32975104451179504,
      0.21944564580917358,
      0.2987748384475708,
      0.2677565813064575,
      0.4205649495124817,
      0.4172748327255249,
      0.3630780279636383,
      0.3052622079849243,
      1.0
    ]
  ]
}