{"game_number":295,"words":["BARTENDER","CHEF","HOST","SERVER","BUS","CAR","MOTORCYCLE","TRUCK","ANIMAL","BEAKER","GONZO","SCOOTER","DIGIT","DOG","MITT","PIGGY"],"adjacency_matrix":[[1.0,0.5206652283668518,0.37959378957748413,0.37605464458465576,0.2152588665485382,0.33043891191482544,0.28831732273101807,0.3336698114871979,0.2388755977153778,0.3381066918373108,0.3439508080482483,0.2817266881465912,0.16157855093479156,0.3230600357055664,0.2538914978504181,0.23324963450431824],[0.5206652283668518,1.0,0.4203628599643707,0.3520772457122803,0.2331455796957016,0.32172659039497375,0.2569734454154968,0.2756357192993164,0.2910136282444,0.28524574637413025,0.3310842216014862,0.3008255660533905,0.144996777176857,0.39096859097480774,0.21300342679023743,0.26903271675109863],[0.37959378957748413,0.4203628599643707,1.0,0.5632626414299011,0.33238568902015686,0.35939064621925354,0.28877732157707214,0.3522229790687561,0.381782203912735,0.24114938080310822,0.2577260732650757,0.2521621584892273,0.2207060307264328,0.34881845116615295,0.22739557921886444,0.27299225330352783],[0.37605464458465576,0.3520772457122803,0.5632626414299011,0.9999999403953552,0.38435807824134827,0.3301604688167572,0.2810925543308258,0.3673627972602844,0.37296923995018005,0.3412639796733856,0.2184780389070511,0.29400408267974854,0.23660005629062653,0.35718482732772827,0.1827729344367981,0.3450733423233032],[0.2152588665485382,0.2331455796957016,0.33238568902015686,0.38435807824134827,1.0,0.634380578994751,0.48807406425476074,0.6287158131599426,0.31258371472358704,0.19989481568336487,0.19346313178539276,0.5293867588043213,0.2643532454967499,0.3415558636188507,0.19261030852794647,0.3693690598011017],[0.33043891191482544,0.32172659039497375,0.35939064621925354,0.3301604688167572,0.634380578994751,1.0,0.6671934127807617,0.7298161387443542,0.4204859733581543,0.2956109642982483,0.24093465507030487,0.6455782651901245,0.3034035563468933,0.48592376708984375,0.3039414584636688,0.3386669158935547],[0.28831732273101807,0.2569734454154968,0.28877732157707214,0.2810925543308258,0.48807406425476074,0.6671934127807617,1.0,0.5880873203277588,0.442378431558609,0.20456069707870483,0.3767170310020447,0.7254207730293274,0.2423468381166458,0.40129467844963074,0.23602637648582458,0.2651689052581787],[0.3336698114871979,0.2756357192993164,0.3522229790687561,0.3673627972602844,0.6287158131599426,0.7298161387443542,0.5880873203277588,1.0000001192092896,0.42433661222457886,0.2865449786186218,0.2750545144081116,0.5667924880981445,0.25671476125717163,0.42458659410476685,0.3335905969142914,0.3698263466358185],[0.2388755977153778,0.2910136282444,0.381782203912735,0.37296923995018005,0.31258371472358704,0.4204859733581543,0.442378431558609,0.42433661222457886,0.9999998807907104,0.35426485538482666,0.31736209988594055,0.32774803042411804,0.32095760107040405,0.6226539611816406,0.2357664853334427,0.40474438667297363],[0.3381066918373108,0.28524574637413025,0.24114938080310822,0.3412639796733856,0.19989481568336487,0.2956109642982483,0.20456069707870483,0.2865449786186218,0.35426485538482666,1.0,0.18143688142299652,0.2249211221933365,0.24017000198364258,0.349698007106781,0.2963239252567291,0.34945058822631836],[0.3439508080482483,0.3310842216014862,0.2577260732650757,0.2184780389070511,0.19346313178539276,0.24093465507030487,0.3767170310020447,0.2750545144081116,0.31736209988594055,0.18143688142299652,1.0,0.33157432079315186,0.12159914523363113,0.3102595806121826,0.2535817623138428,0.31521400809288025],[0.2817266881465912,0.3008255660533905,0.2521621584892273,0.29400408267974854,0.5293867588043213,0.6455782651901245,0.7254207730293274,0.5667924880981445,0.32774803042411804,0.2249211221933365,0.33157432079315186,1.0,0.2581299841403961,0.4328137934207916,0.29546424746513367,0.35090553760528564],[0.16157855093479156,0.144996777176857,0.2207060307264328,0.23660005629062653,0.2643532454967499,0.3034035563468933,0.2423468381166458,0.25671476125717163,0.32095760107040405,0.24017000198364258,0.12159914523363113,0.2581299841403961,0.9999999403953552,0.2796694338321686,0.2334064096212387,0.3339730203151703],[0.3230600357055664,0.39096859097480774,0.34881845116615295,0.35718482732772827,0.3415558636188507,0.48592376708984375,0.40129467844963074,0.42458659410476685,0.6226539611816406,0.349698007106781,0.3102595806121826,0.4328137934207916,0.2796694338321686,1.0,0.36112141609191895,0.4315902590751648],[0.2538914978504181,0.21300342679023743,0.22739557921886444,0.1827729344367981,0.19261030852794647,0.3039414584636688,0.23602637648582458,0.3335905969142914,0.2357664853334427,0.2963239252567291,0.2535817623138428,0.29546424746513367,0.2334064096212387,0.36112141609191895,1.0,0.33048638701438904],[0.23324963450431824,0.26903271675109863,0.27299225330352783,0.3450733423233032,0.3693690598011017,0.3386669158935547,0.2651689052581787,0.3698263466358185,0.40474438667297363,0.34945058822631836,0.31521400809288025,0.35090553760528564,0.3339730203151703,0.4315902590751648,0.33048638701438904,1.0]]}