{"game_number":13,"words":["AREA","DOMAIN","FIELD","SPHERE","FIDDLE","HORN","RECORDER","TRIANGLE","BARRIER","CONE","FLAG","FLARE","CHAIN","FIGHT","PROCESSOR","PYRAMID"],"adjacency_matrix":[[1.0,0.5088378190994263,0.6654353141784668,0.5515526533126831,0.3039664030075073,0.3054795265197754,0.35689228773117065,0.5114595293998718,0.40941500663757324,0.4015056788921356,0.3207267224788666,0.3472626507282257,0.39335253834724426,0.37723028659820557,0.3208940923213959,0.33019858598709106],[0.5088378190994263,1.0,0.5098419189453125,0.5739483833312988,0.24339501559734344,0.24854707717895508,0.2558653652667999,0.3765714168548584,0.3216742277145386,0.3714703917503357,0.3174254596233368,0.21755611896514893,0.4180266857147217,0.2689034938812256,0.2953583300113678,0.32136857509613037],[0.6654353141784668,0.5098419189453125,0.9999999403953552,0.5357038974761963,0.3917368948459625,0.34188517928123474,0.37528324127197266,0.4111379384994507,0.3710670471191406,0.38945505023002625,0.39601874351501465,0.38954994082450867,0.38949722051620483,0.43174129724502563,0.3074534833431244,0.35310661792755127],[0.5515526533126831,0.5739483833312988,0.5357038974761963,1.0,0.3079639971256256,0.3339621424674988,0.29490646719932556,0.5630297660827637,0.3763759136199951,0.5148397088050842,0.3212845027446747,0.3038448393344879,0.3578174114227295,0.2960605323314667,0.25503748655319214,0.4332835376262665],[0.3039664030075073,0.24339501559734344,0.3917368948459625,0.3079639971256256,1.0,0.4553126394748688,0.45928558707237244,0.38851723074913025,0.19204607605934143,0.34401246905326843,0.3545413017272949,0.3812994360923767,0.2708921730518341,0.3336852788925171,0.22232036292552948,0.24892733991146088],[0.3054795265197754,0.24854707717895508,0.34188517928123474,0.3339621424674988,0.4553126394748688,1.0,0.4107809364795685,0.38956061005592346,0.2993334233760834,0.5067501068115234,0.3443697690963745,0.4235643744468689,0.28743723034858704,0.26215317845344543,0.24864940345287323,0.3099249303340912],[0.35689228773117065,0.2558653652667999,0.37528324127197266,0.29490646719932556,0.45928558707237244,0.4107809364795685,1.0,0.2790142595767975,0.2473234385251999,0.3114866316318512,0.3386141061782837,0.3158020079135895,0.2899150252342224,0.24400340020656586,0.36393874883651733,0.2485361397266388],[0.5114595293998718,0.3765714168548584,0.4111379384994507,0.5630297660827637,0.38851723074913025,0.38956061005592346,0.2790142595767975,1.0,0.3535393476486206,0.5272992849349976,0.43023252487182617,0.3841797709465027,0.45263946056365967,0.37659379839897156,0.29157498478889465,0.5103821158409119],[0.40941500663757324,0.3216742277145386,0.3710670471191406,0.3763759136199951,0.19204607605934143,0.2993334233760834,0.2473234385251999,0.3535393476486206,1.0,0.40312090516090393,0.3628983497619629,0.28019532561302185,0.3821389973163605,0.3588466942310333,0.25064605474472046,0.30788323283195496],[0.4015056788921356,0.3714703917503357,0.38945505023002625,0.5148397088050842,0.34401246905326843,0.5067501068115234,0.3114866316318512,0.5272992849349976,0.40312090516090393,1.0,0.3293691873550415,0.41758301854133606,0.4245031177997589,0.2569957971572876,0.2407941371202469,0.4633939862251282],[0.3207267224788666,0.3174254596233368,0.39601874351501465,0.3212845027446747,0.3545413017272949,0.3443697690963745,0.3386141061782837,0.43023252487182617,0.3628983497619629,0.3293691873550415,1.0,0.4167986810207367,0.3230475187301636,0.36335137486457825,0.30077239871025085,0.299731969833374],[0.3472626507282257,0.21755611896514893,0.38954994082450867,0.3038448393344879,0.3812994360923767,0.4235643744468689,0.3158020079135895,0.3841797709465027,0.28019532561302185,0.41758301854133606,0.4167986810207367,1.0,0.3561388850212097,0.44858506321907043,0.23850515484809875,0.25866928696632385],[0.39335253834724426,0.4180266857147217,0.38949722051620483,0.3578174114227295,0.2708921730518341,0.28743723034858704,0.2899150252342224,0.45263946056365967,0.3821389973163605,0.4245031177997589,0.3230475187301636,0.3561388850212097,1.0,0.3536378741264343,0.3728709816932678,0.4196658432483673],[0.37723028659820557,0.2689034938812256,0.43174129724502563,0.2960605323314667,0.3336852788925171,0.26215317845344543,0.24400340020656586,0.37659379839897156,0.3588466942310333,0.2569957971572876,0.36335137486457825,0.44858506321907043,0.3536378741264343,1.0,0.21286314725875854,0.24361227452754974],[0.3208940923213959,0.2953583300113678,0.3074534833431244,0.25503748655319214,0.22232036292552948,0.24864940345287323,0.36393874883651733,0.29157498478889465,0.25064605474472046,0.2407941371202469,0.30077239871025085,0.23850515484809875,0.3728709816932678,0.21286314725875854,1.0,0.24407942593097687],[0.33019858598709106,0.32136857509613037,0.35310661792755127,0.4332835376262665,0.24892733991146088,0.3099249303340912,0.2485361397266388,0.5103821158409119,0.30788323283195496,0.4633939862251282,0.299731969833374,0.25866928696632385,0.4196658432483673,0.24361227452754974,0.24407942593097687,1.0]]}