{"game_number":291,"words":["BOA","MAMBA","PYTHON","VIPER","GARTER","SLIP","TEDDY","THONG","ABSTRACT","BRIEF","DIGEST","RUNDOWN","CIRCLE","HOUSE","MONTY","MOON"],"adjacency_matrix":[[1.0,0.527621865272522,0.5322455167770386,0.46156731247901917,0.5050747394561768,0.2538571059703827,0.36064550280570984,0.38756442070007324,0.19260470569133759,0.12013790011405945,0.11975348740816116,0.09702152013778687,0.1750873327255249,0.22811925411224365,0.3982217013835907,0.24463386833667755],[0.527621865272522,1.0,0.48004645109176636,0.5450093150138855,0.363711416721344,0.2089284509420395,0.2572097182273865,0.2895849347114563,0.18548576533794403,0.16244734823703766,0.19663260877132416,0.17760741710662842,0.2474498599767685,0.2099180817604065,0.37326377630233765,0.277473121881485],[0.5322455167770386,0.48004645109176636,1.0,0.5212362408638,0.4362720251083374,0.24409909546375275,0.30358442664146423,0.4042127728462219,0.2321249097585678,0.1390722244977951,0.30091142654418945,0.22503624856472015,0.2196156233549118,0.26530516147613525,0.5166933536529541,0.30578726530075073],[0.46156731247901917,0.5450093150138855,0.5212362408638,1.0,0.41249632835388184,0.19963982701301575,0.19842316210269928,0.24331586062908173,0.1794952005147934,0.1179240345954895,0.18012380599975586,0.1429147571325302,0.273467481136322,0.21580162644386292,0.3433619439601898,0.2687307298183441],[0.5050747394561768,0.363711416721344,0.4362720251083374,0.41249632835388184,1.0,0.40762218832969666,0.373475044965744,0.46144264936447144,0.2154827117919922,0.21518555283546448,0.2007652074098587,0.22490952908992767,0.32625702023506165,0.38726383447647095,0.4357479214668274,0.30915597081184387],[0.2538571059703827,0.2089284509420395,0.24409909546375275,0.19963982701301575,0.40762218832969666,1.0000001192092896,0.3319157063961029,0.4306713938713074,0.32434624433517456,0.39668387174606323,0.3351046144962311,0.37681952118873596,0.342229425907135,0.3772294223308563,0.33847740292549133,0.3562646210193634],[0.36064550280570984,0.2572097182273865,0.30358442664146423,0.19842316210269928,0.373475044965744,0.3319157063961029,1.0,0.36973312497138977,0.19453327357769012,0.1848902851343155,0.14437207579612732,0.17485570907592773,0.23784522712230682,0.32455524802207947,0.3704170286655426,0.3054324686527252],[0.38756442070007324,0.2895849347114563,0.4042127728462219,0.24331586062908173,0.46144264936447144,0.4306713938713074,0.36973312497138977,1.0,0.2343681901693344,0.3158075213432312,0.18661290407180786,0.27001357078552246,0.29396310448646545,0.27214300632476807,0.47592082619667053,0.3446081876754761],[0.19260470569133759,0.18548576533794403,0.2321249097585678,0.1794952005147934,0.2154827117919922,0.32434624433517456,0.19453327357769012,0.2343681901693344,0.9999999403953552,0.49153372645378113,0.3608953654766083,0.3533202111721039,0.28967511653900146,0.35113295912742615,0.2957349717617035,0.24590665102005005],[0.12013790011405945,0.16244734823703766,0.1390722244977951,0.1179240345954895,0.21518555283546448,0.39668387174606323,0.1848902851343155,0.3158075213432312,0.49153372645378113,1.0,0.38622531294822693,0.49584653973579407,0.3005430996417999,0.274950236082077,0.2697083652019501,0.24638929963111877],[0.11975348740816116,0.19663260877132416,0.30091142654418945,0.18012380599975586,0.2007652074098587,0.3351046144962311,0.14437207579612732,0.18661290407180786,0.3608953654766083,0.38622531294822693,1.0000001192092896,0.3533344864845276,0.18943719565868378,0.28556758165359497,0.3086067736148834,0.1941029578447342],[0.09702152013778687,0.17760741710662842,0.22503624856472015,0.1429147571325302,0.22490952908992767,0.37681952118873596,0.17485570907592773,0.27001357078552246,0.3533202111721039,0.49584653973579407,0.3533344864845276,1.0,0.34016796946525574,0.4927782118320465,0.403451144695282,0.23881880939006805],[0.1750873327255249,0.2474498599767685,0.2196156233549118,0.273467481136322,0.32625702023506165,0.342229425907135,0.23784522712230682,0.29396310448646545,0.28967511653900146,0.3005430996417999,0.18943719565868378,0.34016796946525574,1.0,0.44261136651039124,0.3013581335544586,0.4235227704048157],[0.22811925411224365,0.2099180817604065,0.26530516147613525,0.21580162644386292,0.38726383447647095,0.3772294223308563,0.32455524802207947,0.27214300632476807,0.35113295912742615,0.274950236082077,0.28556758165359497,0.4927782118320465,0.44261136651039124,0.9999999403953552,0.39538195729255676,0.3812324106693268],[0.3982217013835907,0.37326377630233765,0.5166933536529541,0.3433619439601898,0.4357479214668274,0.33847740292549133,0.3704170286655426,0.47592082619667053,0.2957349717617035,0.2697083652019501,0.3086067736148834,0.403451144695282,0.3013581335544586,0.39538195729255676,1.0,0.3750855326652527],[0.24463386833667755,0.277473121881485,0.30578726530075073,0.2687307298183441,0.30915597081184387,0.3562646210193634,0.3054324686527252,0.3446081876754761,0.24590665102005005,0.24638929963111877,0.1941029578447342,0.23881880939006805,0.4235227704048157,0.3812324106693268,0.3750855326652527,1.0]]}