{"game_number":43,"words":["AYE","FOR","PRO","YEA","COURT","DATE","SEE","WOO","DROVE","HOST","PACK","SEA","AURA","PALM","TAROT","TEA"],"adjacency_matrix":[[1.0,0.15805590152740479,0.24722401797771454,0.6462723612785339,0.09758312255144119,0.1343207210302353,0.20651057362556458,0.2717982530593872,0.0961420014500618,0.07534821331501007,0.16449303925037384,0.21607790887355804,0.1806827038526535,0.19504743814468384,0.1503986120223999,0.21350166201591492],[0.15805590152740479,1.0,0.33298617601394653,0.20505556464195251,0.40039992332458496,0.4518108367919922,0.49281689524650574,0.27367401123046875,0.45424723625183105,0.47276926040649414,0.4108934700489044,0.3563092350959778,0.13973553478717804,0.27113428711891174,0.218989759683609,0.31844401359558105],[0.24722401797771454,0.33298617601394653,1.0,0.20348724722862244,0.3318166434764862,0.2355709969997406,0.2502763867378235,0.3114766776561737,0.22047653794288635,0.3035009503364563,0.313804030418396,0.2676781415939331,0.2054169625043869,0.232718825340271,0.3001496493816376,0.26317593455314636],[0.6462723612785339,0.20505556464195251,0.20348724722862244,1.0,0.15019868314266205,0.21142233908176422,0.2997741103172302,0.24416524171829224,0.16081374883651733,0.07859672605991364,0.1483077108860016,0.22546161711215973,0.08039091527462006,0.14124958217144012,0.09886427223682404,0.11381982266902924],[0.09758312255144119,0.40039992332458496,0.3318166434764862,0.15019868314266205,1.0,0.40545886754989624,0.326468288898468,0.2396032214164734,0.3356383740901947,0.38350293040275574,0.359129399061203,0.36559292674064636,0.1641170084476471,0.25564682483673096,0.2458690106868744,0.29439684748649597],[0.1343207210302353,0.4518108367919922,0.2355709969997406,0.21142233908176422,0.40545886754989624,1.0,0.35311877727508545,0.21190187335014343,0.27536842226982117,0.35564130544662476,0.34113940596580505,0.3473416566848755,0.19282665848731995,0.3086347281932831,0.19726228713989258,0.23058776557445526],[0.20651057362556458,0.49281689524650574,0.2502763867378235,0.2997741103172302,0.326468288898468,0.35311877727508545,1.0,0.23481762409210205,0.39601418375968933,0.3177175223827362,0.28683438897132874,0.25037527084350586,0.12458785623311996,0.1744522601366043,0.17245720326900482,0.17965291440486908],[0.2717982530593872,0.27367401123046875,0.3114766776561737,0.24416524171829224,0.2396032214164734,0.21190187335014343,0.23481762409210205,1.0,0.25197818875312805,0.3123129904270172,0.3092484176158905,0.3091076612472534,0.2988399565219879,0.24626770615577698,0.29408717155456543,0.299793004989624],[0.0961420014500618,0.45424723625183105,0.22047653794288635,0.16081374883651733,0.3356383740901947,0.27536842226982117,0.39601418375968933,0.25197818875312805,1.0,0.3607078194618225,0.41333961486816406,0.30019477009773254,0.08139262348413467,0.22227980196475983,0.15440583229064941,0.2543901801109314],[0.07534821331501007,0.47276926040649414,0.3035009503364563,0.07859672605991364,0.38350293040275574,0.35564130544662476,0.3177175223827362,0.3123129904270172,0.3607078194618225,1.0,0.3422342538833618,0.32911616563796997,0.13638387620449066,0.28347015380859375,0.1836054027080536,0.33511388301849365],[0.16449303925037384,0.4108934700489044,0.313804030418396,0.1483077108860016,0.359129399061203,0.34113940596580505,0.28683438897132874,0.3092484176158905,0.41333961486816406,0.3422342538833618,1.0,0.3817574083805084,0.2359026074409485,0.24642236530780792,0.3045273423194885,0.3829006850719452],[0.21607790887355804,0.3563092350959778,0.2676781415939331,0.22546161711215973,0.36559292674064636,0.3473416566848755,0.25037527084350586,0.3091076612472534,0.30019477009773254,0.32911616563796997,0.3817574083805084,1.0,0.27703937888145447,0.3947980999946594,0.2457405924797058,0.3421129286289215],[0.1806827038526535,0.13973553478717804,0.2054169625043869,0.08039091527462006,0.1641170084476471,0.19282665848731995,0.12458785623311996,0.2988399565219879,0.08139262348413467,0.13638387620449066,0.2359026074409485,0.27703937888145447,1.0,0.29391753673553467,0.357265830039978,0.25397226214408875],[0.19504743814468384,0.27113428711891174,0.232718825340271,0.14124958217144012,0.25564682483673096,0.3086347281932831,0.1744522601366043,0.24626770615577698,0.22227980196475983,0.28347015380859375,0.24642236530780792,0.3947980999946594,0.29391753673553467,0.9999999403953552,0.4046737551689148,0.3837083578109741],[0.1503986120223999,0.218989759683609,0.3001496493816376,0.09886427223682404,0.2458690106868744,0.19726228713989258,0.17245720326900482,0.29408717155456543,0.15440583229064941,0.1836054027080536,0.3045273423194885,0.2457405924797058,0.357265830039978,0.4046737551689148,1.0,0.39049920439720154],[0.21350166201591492,0.31844401359558105,0.26317593455314636,0.11381982266902924,0.29439684748649597,0.23058776557445526,0.17965291440486908,0.299793004989624,0.2543901801109314,0.33511388301849365,0.3829006850719452,0.3421129286289215,0.25397226214408875,0.3837083578109741,0.39049920439720154,1.0]]}