{
  "game_number": 26,
  "words": [
    "COACH",
    "DIRECT",
    "GUIDE",
    "TRAIN",
    "INSTRUMENT",
    "MEDIUM",
    "ORGAN",
    "VEHICLE",
    "DIOXIDE",
    "MONORAIL",
    "TETRACYCLINE",
    "TRIANGLE",
    "ABUT",
    "BULGE",
    "GROAN",
    "VOILA"
  ],
  "adjacency_matrix": [
    [
      1.0,
      0.37556082010269165,
      0.4761863648891449,
      0.5498150587081909,
      0.30891403555870056,
      0.27198755741119385,
      0.27393820881843567,
      0.3921607434749603,
      0.01802797242999077,
      0.2826082408428192,
      0.25134313106536865,
      0.26686081290245056,
      0.15730302035808563,
      0.12759260833263397,
      0.23721271753311157,
      0.13872122764587402
    ],
    [
      0.37556082010269165,
      1.0,
      0.5568156242370605,
      0.48724567890167236,
      0.4348183870315552,
      0.41865256428718567,
      0.34126409888267517,
      0.4181757867336273,
      0.1245688945055008,
      0.30242571234703064,
      0.30714401602745056,
      0.3934697210788727,
      0.36721593141555786,
      0.28041988611221313,
      0.29068997502326965,
      0.26302823424339294
    ],
    [
      0.4761863648891449,
      0.5568156242370605,
      0.9999999403953552,
      0.527492344379425,
      0.47329315543174744,
      0.3392031192779541,
      0.34253889322280884,
      0.42223164439201355,
      0.05295626446604729,
      0.3035300076007843,
      0.2434387505054474,
      0.3622913062572479,
      0.2817330062389374,
      0.22339709103107452,
      0.27393054962158203,
      0.2134832739830017
    ],
    [
      0.5498150587081909,
      0.48724567890167236,
      0.527492344379425,
      1.0,
      0.38314926624298096,
      0.3112170994281769,
      0.33683156967163086,
      0.498044490814209,
      0.11782911419868469,
      0.5007725954055786,
      0.27832794189453125,
      0.35948777198791504,
      0.28499075770378113,
      0.26588520407676697,
      0.2933482825756073,
      0.22413913905620575
    ],
    [
      0.30891403555870056,
      0.4348183870315552,
      0.47329315543174744,
      0.38314926624298096,
      1.0,
      0.3848569989204407,
      0.5877580046653748,
      0.458366334438324,
      0.16275380551815033,
      0.3036283850669861,
      0.2239232212305069,
      0.38539087772369385,
      0.19241474568843842,
      0.20556916296482086,
      0.21127542853355408,
      0.24613477289676666
    ],
    [
      0.27198755741119385,
      0.41865256428718567,
      0.3392031192779541,
      0.3112170994281769,
      0.3848569989204407,
      1.0,
      0.3128407299518585,
      0.46260225772857666,
      0.1360217183828354,
      0.26905500888824463,
      0.32599544525146484,
      0.28216734528541565,
      0.25098755955696106,
      0.1967543512582779,
      0.20638562738895416,
      0.22104813158512115
    ],
    [
      0.27393820881843567,
      0.34126409888267517,
      0.34253889322280884,
      0.33683156967163086,
      0.5877580046653748,
      0.3128407299518585,
      1.0,
      0.3725108206272125,
      0.12597119808197021,
      0.2671375274658203,
      0.22001689672470093,
      0.335212379693985,
      0.1780480295419693,
      0.24192862212657928,
      0.2917974889278412,
      0.1671394258737564
    ],
    [
      0.3921607434749603,
      0.4181757867336273,
      0.42223164439201355,
      0.498044490814209,
      0.458366334438324,
      0.46260225772857666,
      0.3725108206272125,
      1.0,
      0.22080779075622559,
      0.4446231722831726,
      0.31370580196380615,
      0.3507140576839447,
      0.21753667294979095,
      0.24848589301109314,
      0.16084147989749908,
      0.16985058784484863
    ],
    [
      0.01802797242999077,
      0.1245688945055008,
      0.05295626446604729,
      0.11782911419868469,
      0.16275380551815033,
      0.1360217183828354,
      0.12597119808197021,
      0.22080779075622559,
      1.0,
      0.22865809500217438,
      0.3387039005756378,
      0.18023768067359924,
      0.047971952706575394,
      0.11017356812953949,
      0.12430942058563232,
      0.18969233334064484
    ],
    [
      0.2826082408428192,
      0.30242571234703064,
      0.3035300076007843,
      0.5007725954055786,
      0.3036283850669861,
      0.26905500888824463,
      0.2671375274658203,
      0.4446231722831726,
      0.22865809500217438,
      1.0,
      0.29675182700157166,
      0.33851882815361023,
      0.2531704604625702,
      0.16472414135932922,
      0.19861800968647003,
      0.17039412260055542
    ],
    [
      0.25134313106536865,
      0.30714401602745056,
      0.2434387505054474,
      0.27832794189453125,
      0.2239232212305069,
      0.32599544525146484,
      0.22001689672470093,
      0.31370580196380615,
      0.3387039005756378,
      0.29675182700157166,
      1.0000001192092896,
      0.30170392990112305,
      0.22190408408641815,
      0.19866622984409332,
      0.12590931355953217,
      0.20619000494480133
    ],
    [
      0.26686081290245056,
      0.3934697210788727,
      0.3622913062572479,
      0.35948777198791504,
      0.38539087772369385,
      0.28216734528541565,
      0.335212379693985,
      0.3507140576839447,
      0.18023768067359924,
      0.33851882815361023,
      0.30170392990112305,
      1.0,
      0.3923186659812927,
      0.40861549973487854,
      0.20126090943813324,
      0.279441773891449
    ],
    [
      0.15730302035808563,
      0.36721593141555786,
      0.2817330062389374,
      0.28499075770378113,
      0.19241474568843842,
      0.25098755955696106,
      0.1780480295419693,
      0.21753667294979095,
      0.047971952706575394,
      0.2531704604625702,
      0.22190408408641815,
      0.3923186659812927,
      1.0,
      0.2774142026901245,
      0.2783665359020233,
      0.26400262117385864
    ],
    [
      0.12759260833263397,
      0.28041988611221313,
      0.22339709103107452,
      0.26588520407676697,
      0.20556916296482086,
      0.1967543512582779,
      0.24192862212657928,
      0.24848589301109314,
      0.11017356812953949,
      0.16472414135932922,
      0.19866622984409332,
      0.40861549973487854,
      0.2774142026901245,
      1.0,
      0.32802146673202515,
      0.295926034450531
    ],
    [
      0.23721271753311157,
      0.29068997502326965,
      0.27393054962158203,
      0.2933482825756073,
      0.21127542853355408,
      0.20638562738895416,
      0.2917974889278412,
      0.16084147989749908,
      0.12430942058563232,
      0.19861800968647003,
      0.12590931355953217,
      0.20126090943813324,
      0.2783665359020233,
      0.32802146673202515,
      0.9999999403953552,
      0.24879106879234314
    ],
    [
      0.13872122764587402,
      0.26302823424339294,
      0.2134832739830017,
      0.22413913905620575,
      0.24613477289676666,
      0.22104813158512115,
      0.1671394258737564,
      0.16985058784484863,
      0.18969233334064484,
      0.17039412260055542,
      0.20619000494480133,
      0.279441773891449,
      0.26400262117385864,
      0.295926034450531,
      0.24879106879234314,
      1.0
    ]
  ]
}