{"game_number":117,"words":["FALL","SLIP","SPILL","TRIP","MINERAL","SPRING","STILL","TAP","CORSET","DIABOLO","HOURGLASS","WASP","BOO-BOO","BROWN","HONEY","TEDDY"],"adjacency_matrix":[[1.0,0.5429779887199402,0.42361775040626526,0.42870110273361206,0.27627310156822205,0.7487207055091858,0.4212546944618225,0.3485056161880493,0.2709182798862457,0.26190197467803955,0.22976624965667725,0.20877283811569214,0.2874586284160614,0.33763694763183594,0.23892918229103088,0.19180220365524292],[0.5429779887199402,1.0000001192092896,0.459068238735199,0.47528940439224243,0.3088327944278717,0.44282740354537964,0.398003488779068,0.4277903437614441,0.3326531946659088,0.3845917582511902,0.2687534987926483,0.28241977095603943,0.47109901905059814,0.41664060950279236,0.2721567749977112,0.3319157063961029],[0.42361775040626526,0.459068238735199,1.0,0.37291017174720764,0.32711532711982727,0.3515538275241852,0.32600677013397217,0.4341963231563568,0.17787176370620728,0.22772571444511414,0.20726753771305084,0.25117722153663635,0.33097541332244873,0.3404707908630371,0.32483184337615967,0.24361278116703033],[0.42870110273361206,0.47528940439224243,0.37291017174720764,1.0,0.3348828852176666,0.45634710788726807,0.34421131014823914,0.3025692105293274,0.24471835792064667,0.27365395426750183,0.2553519308567047,0.2545238733291626,0.3513423800468445,0.26205506920814514,0.2592370808124542,0.26489078998565674],[0.27627310156822205,0.3088327944278717,0.32711532711982727,0.3348828852176666,0.9999999403953552,0.32510650157928467,0.29252302646636963,0.3395373225212097,0.28481757640838623,0.2710930109024048,0.27961233258247375,0.24818304181098938,0.29028069972991943,0.4036209285259247,0.38950952887535095,0.20403450727462769],[0.7487207055091858,0.44282740354537964,0.3515538275241852,0.45634710788726807,0.32510650157928467,1.0,0.280673086643219,0.37818464636802673,0.2699170410633087,0.2555285096168518,0.27426689863204956,0.2503719925880432,0.2506621181964874,0.34670278429985046,0.29033368825912476,0.19030000269412994],[0.4212546944618225,0.398003488779068,0.32600677013397217,0.34421131014823914,0.29252302646636963,0.280673086643219,1.0,0.3097132742404938,0.2867417633533478,0.30272576212882996,0.23134204745292664,0.26533243060112,0.3121172785758972,0.37477579712867737,0.3285088837146759,0.23674774169921875],[0.3485056161880493,0.4277903437614441,0.4341963231563568,0.3025692105293274,0.3395373225212097,0.37818464636802673,0.3097132742404938,1.0,0.19017449021339417,0.360740065574646,0.280819833278656,0.2767695188522339,0.30198389291763306,0.34476083517074585,0.3621225655078888,0.1428830772638321],[0.2709182798862457,0.3326531946659088,0.17787176370620728,0.24471835792064667,0.28481757640838623,0.2699170410633087,0.2867417633533478,0.19017449021339417,1.0,0.38928085565567017,0.4511483609676361,0.2740458846092224,0.3211327791213989,0.30528178811073303,0.21711395680904388,0.24331067502498627],[0.26190197467803955,0.3845917582511902,0.22772571444511414,0.27365395426750183,0.2710930109024048,0.2555285096168518,0.30272576212882996,0.360740065574646,0.38928085565567017,1.0,0.3174910545349121,0.26893508434295654,0.31082892417907715,0.3472471833229065,0.29343703389167786,0.2717367708683014],[0.22976624965667725,0.2687534987926483,0.20726753771305084,0.2553519308567047,0.27961233258247375,0.27426689863204956,0.23134204745292664,0.280819833278656,0.4511483609676361,0.3174910545349121,1.0,0.3176393210887909,0.1583613008260727,0.3518587648868561,0.2509326636791229,0.21119505167007446],[0.20877283811569214,0.28241977095603943,0.25117722153663635,0.2545238733291626,0.24818304181098938,0.2503719925880432,0.26533243060112,0.2767695188522339,0.2740458846092224,0.26893508434295654,0.3176393210887909,1.0,0.30552780628204346,0.39330682158470154,0.47856900095939636,0.2586210370063782],[0.2874586284160614,0.47109901905059814,0.33097541332244873,0.3513423800468445,0.29028069972991943,0.2506621181964874,0.3121172785758972,0.30198389291763306,0.3211327791213989,0.31082892417907715,0.1583613008260727,0.30552780628204346,1.0,0.3734651207923889,0.384631484746933,0.38139286637306213],[0.33763694763183594,0.41664060950279236,0.3404707908630371,0.26205506920814514,0.4036209285259247,0.34670278429985046,0.37477579712867737,0.34476083517074585,0.30528178811073303,0.3472471833229065,0.3518587648868561,0.39330682158470154,0.3734651207923889,1.0,0.45421358942985535,0.41712406277656555],[0.23892918229103088,0.2721567749977112,0.32483184337615967,0.2592370808124542,0.38950952887535095,0.29033368825912476,0.3285088837146759,0.3621225655078888,0.21711395680904388,0.29343703389167786,0.2509326636791229,0.47856900095939636,0.384631484746933,0.45421358942985535,1.0,0.3342384994029999],[0.19180220365524292,0.3319157063961029,0.24361278116703033,0.26489078998565674,0.20403450727462769,0.19030000269412994,0.23674774169921875,0.1428830772638321,0.24331067502498627,0.2717367708683014,0.21119505167007446,0.2586210370063782,0.38139286637306213,0.41712406277656555,0.3342384994029999,1.0]]}