{
  "game_number": 58,
  "words": [
    "CAR",
    "FLIGHT",
    "HOTEL",
    "TOUR",
    "FIGHT",
    "GRIT",
    "RESOLVE",
    "SPIRIT",
    "FREEZE",
    "GLITCH",
    "TIMEOUT",
    "QUIT",
    "ELEPHANT",
    "FAWN",
    "MARIONETTE",
    "MOUSE"
  ],
  "adjacency_matrix": [
    [
      1.0,
      0.437289834022522,
      0.5138288140296936,
      0.41890305280685425,
      0.3522160053253174,
      0.30482685565948486,
      0.23834271728992462,
      0.3179919123649597,
      0.32897379994392395,
      0.30905696749687195,
      0.24859288334846497,
      0.31995508074760437,
      0.39024895429611206,
      0.27155035734176636,
      0.3140590488910675,
      0.3444392681121826
    ],
    [
      0.437289834022522,
      1.0,
      0.45890888571739197,
      0.4698795676231384,
      0.475368857383728,
      0.21911510825157166,
      0.2749747633934021,
      0.3376922905445099,
      0.33347102999687195,
      0.3827330768108368,
      0.3131835162639618,
      0.2944795489311218,
      0.3277648091316223,
      0.18908926844596863,
      0.23639439046382904,
      0.3230222165584564
    ],
    [
      0.5138288140296936,
      0.45890888571739197,
      1.0,
      0.46136802434921265,
      0.3250209093093872,
      0.1361445188522339,
      0.21412570774555206,
      0.27404022216796875,
      0.2493298053741455,
      0.24444594979286194,
      0.2469080537557602,
      0.2622087597846985,
      0.39758163690567017,
      0.1868382841348648,
      0.2599390149116516,
      0.21369893848896027
    ],
    [
      0.41890305280685425,
      0.4698795676231384,
      0.46136802434921265,
      1.0,
      0.380848228931427,
      0.2688400149345398,
      0.24685387313365936,
      0.3202234208583832,
      0.2523685097694397,
      0.25352054834365845,
      0.21380099654197693,
      0.3651532828807831,
      0.328985333442688,
      0.13615143299102783,
      0.3090801537036896,
      0.2030951976776123
    ],
    [
      0.3522160053253174,
      0.475368857383728,
      0.3250209093093872,
      0.380848228931427,
      1.0,
      0.389079749584198,
      0.543681263923645,
      0.4108664393424988,
      0.4240349233150482,
      0.3065337538719177,
      0.2803564965724945,
      0.5185004472732544,
      0.3429252803325653,
      0.2525371313095093,
      0.25480547547340393,
      0.28012192249298096
    ],
    [
      0.30482685565948486,
      0.21911510825157166,
      0.1361445188522339,
      0.2688400149345398,
      0.389079749584198,
      1.0,
      0.4371751844882965,
      0.47699254751205444,
      0.3054616451263428,
      0.27647846937179565,
      0.2023329734802246,
      0.30803683400154114,
      0.2182735651731491,
      0.23086699843406677,
      0.17349514365196228,
      0.2222471982240677
    ],
    [
      0.23834271728992462,
      0.2749747633934021,
      0.21412570774555206,
      0.24685387313365936,
      0.543681263923645,
      0.4371751844882965,
      1.0,
      0.4209211766719818,
      0.4557770788669586,
      0.37522026896476746,
      0.3170192837715149,
      0.43324610590934753,
      0.22143414616584778,
      0.24343028664588928,
      0.242886483669281,
      0.2197999358177185
    ],
    [
      0.3179919123649597,
      0.3376922905445099,
      0.27404022216796875,
      0.3202234208583832,
      0.4108664393424988,
      0.47699254751205444,
      0.4209211766719818,
      1.0,
      0.32968869805336,
      0.2794051468372345,
      0.24203403294086456,
      0.29747554659843445,
      0.3445949852466583,
      0.2972772717475891,
      0.2972904145717621,
      0.25511908531188965
    ],
    [
      0.32897379994392395,
      0.33347102999687195,
      0.2493298053741455,
      0.2523685097694397,
      0.4240349233150482,
      0.3054616451263428,
      0.4557770788669586,
      0.32968869805336,
      1.0,
      0.4258226156234741,
      0.37492087483406067,
      0.4048292636871338,
      0.21919086575508118,
      0.3266414701938629,
      0.2436971813440323,
      0.29056063294410706
    ],
    [
      0.30905696749687195,
      0.3827330768108368,
      0.24444594979286194,
      0.25352054834365845,
      0.3065337538719177,
      0.27647846937179565,
      0.37522026896476746,
      0.2794051468372345,
      0.4258226156234741,
      1.0,
      0.3877616226673126,
      0.2801973521709442,
      0.2803771495819092,
      0.2028898000717163,
      0.1816229224205017,
      0.31259769201278687
    ],
    [
      0.24859288334846497,
      0.3131835162639618,
      0.2469080537557602,
      0.21380099654197693,
      0.2803564965724945,
      0.2023329734802246,
      0.3170192837715149,
      0.24203403294086456,
      0.37492087483406067,
      0.3877616226673126,
      1.0,
      0.34809568524360657,
      0.24546757340431213,
      0.19796234369277954,
      0.18023887276649475,
      0.21403208374977112
    ],
    [
      0.31995508074760437,
      0.2944795489311218,
      0.2622087597846985,
      0.3651532828807831,
      0.5185004472732544,
      0.30803683400154114,
      0.43324610590934753,
      0.29747554659843445,
      0.4048292636871338,
      0.2801973521709442,
      0.34809568524360657,
      1.0,
      0.19316531717777252,
      0.2381993532180786,
      0.24728792905807495,
      0.2259361296892166
    ],
    [
      0.39024895429611206,
      0.3277648091316223,
      0.39758163690567017,
      0.328985333442688,
      0.3429252803325653,
      0.2182735651731491,
      0.22143414616584778,
      0.3445949852466583,
      0.21919086575508118,
      0.2803771495819092,
      0.24546757340431213,
      0.19316531717777252,
      1.0,
      0.4460604190826416,
      0.40472152829170227,
      0.43693411350250244
    ],
    [
      0.27155035734176636,
      0.18908926844596863,
      0.1868382841348648,
      0.13615143299102783,
      0.2525371313095093,
      0.23086699843406677,
      0.24343028664588928,
      0.2972772717475891,
      0.3266414701938629,
      0.2028898000717163,
      0.19796234369277954,
      0.2381993532180786,
      0.4460604190826416,
      0.9999999403953552,
      0.3012550175189972,
      0.41129544377326965
    ],
    [
      0.3140590488910675,
      0.23639439046382904,
      0.2599390149116516,
      0.3090801537036896,
      0.25480547547340393,
      0.17349514365196228,
      0.242886483669281,
      0.2972904145717621,
      0.2436971813440323,
      0.1816229224205017,
      0.18023887276649475,
      0.24728792905807495,
      0.40472152829170227,
      0.3012550175189972,
      1.0,
      0.37563833594322205
    ],
    [
      0.3444392681121826,
      0.3230222165584564,
      0.21369893848896027,
      0.2030951976776123,
      0.28012192249298096,
      0.2222471982240677,
      0.2197999358177185,
      0.25511908531188965,
      0.29056063294410706,
      0.31259769201278687,
      0.21403208374977112,
      0.2259361296892166,
      0.43693411350250244,
      0.41129544377326965,
      0.37563833594322205,
      1.0
    ]
  ]
}