{"game_number":187,"words":["CON","DUPE","FOOL","TRICK","DOPE","SCOOP","SKINNY","WORD","CANT","LEAN","LIST","SLOPE","BOOB","EGGSHELL","GIGGLE","HELLO"],"adjacency_matrix":[[1.0,0.5320435762405396,0.4795018136501312,0.4996984004974365,0.33834120631217957,0.3099483251571655,0.29100528359413147,0.34002768993377686,0.3545159101486206,0.27981600165367126,0.2684411406517029,0.21868257224559784,0.28492090106010437,0.24252833425998688,0.13427868485450745,0.3536660671234131],[0.5320435762405396,1.0,0.6743854880332947,0.5565409660339355,0.3799327611923218,0.3042261004447937,0.2945612370967865,0.29956623911857605,0.3562766909599304,0.23258794844150543,0.2019360512495041,0.15638601779937744,0.3317478597164154,0.24815724790096283,0.3120127320289612,0.21174214780330658],[0.4795018136501312,0.6743854880332947,0.9999999403953552,0.6406808495521545,0.4100300371646881,0.30951499938964844,0.4139873683452606,0.35967931151390076,0.5086142420768738,0.3374074101448059,0.2595174312591553,0.24063588678836823,0.42812246084213257,0.3340192139148712,0.44953256845474243,0.3341445028781891],[0.4996984004974365,0.5565409660339355,0.6406808495521545,1.0,0.3699667155742645,0.4367814362049103,0.32011398673057556,0.4283996522426605,0.4034776985645294,0.31492066383361816,0.3196858763694763,0.3173309564590454,0.354990154504776,0.24481183290481567,0.39950716495513916,0.30001434683799744],[0.33834120631217957,0.3799327611923218,0.4100300371646881,0.3699667155742645,1.0,0.29736608266830444,0.3996846675872803,0.34938710927963257,0.3855828642845154,0.31950318813323975,0.21508203446865082,0.22805869579315186,0.3896431028842926,0.26032111048698425,0.3445708453655243,0.28447291254997253],[0.3099483251571655,0.3042261004447937,0.30951499938964844,0.4367814362049103,0.29736608266830444,1.0,0.3459688425064087,0.3972497284412384,0.29633864760398865,0.3539254367351532,0.3305864632129669,0.32970499992370605,0.4169297516345978,0.29268038272857666,0.3280739188194275,0.2265268713235855],[0.29100528359413147,0.2945612370967865,0.4139873683452606,0.32011398673057556,0.3996846675872803,0.3459688425064087,1.0,0.3317033350467682,0.29971060156822205,0.5554694533348083,0.30084046721458435,0.3200428783893585,0.44801241159439087,0.3197181522846222,0.3827555477619171,0.36527568101882935],[0.34002768993377686,0.29956623911857605,0.35967931151390076,0.4283996522426605,0.34938710927963257,0.3972497284412384,0.3317033350467682,1.0,0.3831809163093567,0.3747842311859131,0.4451465308666229,0.3482690155506134,0.37538379430770874,0.2805943787097931,0.3793758749961853,0.42207667231559753],[0.3545159101486206,0.3562766909599304,0.5086142420768738,0.4034776985645294,0.3855828642845154,0.29633864760398865,0.29971060156822205,0.3831809163093567,1.0,0.3650338351726532,0.35927098989486694,0.2221846878528595,0.2606795132160187,0.21672198176383972,0.34816476702690125,0.25884076952934265],[0.27981600165367126,0.23258794844150543,0.3374074101448059,0.31492066383361816,0.31950318813323975,0.3539254367351532,0.5554694533348083,0.3747842311859131,0.3650338351726532,1.0,0.34128329157829285,0.4007263779640198,0.24280786514282227,0.2850867211818695,0.34280237555503845,0.2363521158695221],[0.2684411406517029,0.2019360512495041,0.2595174312591553,0.3196858763694763,0.21508203446865082,0.3305864632129669,0.30084046721458435,0.4451465308666229,0.35927098989486694,0.34128329157829285,1.0,0.3061752915382385,0.22728170454502106,0.17637136578559875,0.254699170589447,0.268807590007782],[0.21868257224559784,0.15638601779937744,0.24063588678836823,0.3173309564590454,0.22805869579315186,0.32970499992370605,0.3200428783893585,0.3482690155506134,0.2221846878528595,0.4007263779640198,0.3061752915382385,0.9999999403953552,0.2265891283750534,0.25941187143325806,0.2697880268096924,0.2327905297279358],[0.28492090106010437,0.3317478597164154,0.42812246084213257,0.354990154504776,0.3896431028842926,0.4169297516345978,0.44801241159439087,0.37538379430770874,0.2606795132160187,0.24280786514282227,0.22728170454502106,0.2265891283750534,1.0,0.27805623412132263,0.4478863477706909,0.25109797716140747],[0.24252833425998688,0.24815724790096283,0.3340192139148712,0.24481183290481567,0.26032111048698425,0.29268038272857666,0.3197181522846222,0.2805943787097931,0.21672198176383972,0.2850867211818695,0.17637136578559875,0.25941187143325806,0.27805623412132263,1.0,0.2551448345184326,0.1569528579711914],[0.13427868485450745,0.3120127320289612,0.44953256845474243,0.39950716495513916,0.3445708453655243,0.3280739188194275,0.3827555477619171,0.3793758749961853,0.34816476702690125,0.34280237555503845,0.254699170589447,0.2697880268096924,0.4478863477706909,0.2551448345184326,1.0,0.3645215928554535],[0.3536660671234131,0.21174214780330658,0.3341445028781891,0.30001434683799744,0.28447291254997253,0.2265268713235855,0.36527568101882935,0.42207667231559753,0.25884076952934265,0.2363521158695221,0.268807590007782,0.2327905297279358,0.25109797716140747,0.1569528579711914,0.3645215928554535,0.9999999403953552]]}