{
  "game_number": 374,
  "words": [
    "FOLLOW",
    "MIND",
    "OBSERVE",
    "REGARD",
    "INTEREST",
    "PERCENTAGE",
    "SHARE",
    "STAKE",
    "DIRT",
    "INFORMATION",
    "INTELLIGENCE",
    "SECRETS",
    "FLOOR",
    "ROCK",
    "SHOCK",
    "SURPRISE"
  ],
  "adjacency_matrix": [
    [
      1.0,
      0.46032464504241943,
      0.653943657875061,
      0.5220259428024292,
      0.4208180010318756,
      0.3076440393924713,
      0.46789610385894775,
      0.3687715530395508,
      0.2899353504180908,
      0.39617446064949036,
      0.2216475009918213,
      0.2857842743396759,
      0.29370465874671936,
      0.26864689588546753,
      0.3486732840538025,
      0.41905027627944946
    ],
    [
      0.46032464504241943,
      1.0,
      0.4220876097679138,
      0.5500969290733337,
      0.5767557621002197,
      0.3122827708721161,
      0.4128910005092621,
      0.4062619209289551,
      0.3060908317565918,
      0.4016663730144501,
      0.47135794162750244,
      0.37485364079475403,
      0.32827913761138916,
      0.29013895988464355,
      0.43741264939308167,
      0.49884358048439026
    ],
    [
      0.653943657875061,
      0.4220876097679138,
      1.0,
      0.5400721430778503,
      0.4029017686843872,
      0.2557080388069153,
      0.4418483376502991,
      0.3230542242527008,
      0.2555079758167267,
      0.3518396019935608,
      0.2648467421531677,
      0.2572103440761566,
      0.28141269087791443,
      0.2297920137643814,
      0.34359171986579895,
      0.43505194783210754
    ],
    [
      0.5220259428024292,
      0.5500969290733337,
      0.5400721430778503,
      0.9999999403953552,
      0.5993282198905945,
      0.38338351249694824,
      0.522831380367279,
      0.42156457901000977,
      0.2824826240539551,
      0.48200753331184387,
      0.40249770879745483,
      0.2754438817501068,
      0.2338157445192337,
      0.22365696728229523,
      0.40901002287864685,
      0.5344973206520081
    ],
    [
      0.4208180010318756,
      0.5767557621002197,
      0.4029017686843872,
      0.5993282198905945,
      1.0,
      0.43377119302749634,
      0.5248656868934631,
      0.5491579174995422,
      0.32215169072151184,
      0.5130856037139893,
      0.46318790316581726,
      0.38639798760414124,
      0.26086410880088806,
      0.31222811341285706,
      0.4603733718395233,
      0.5718899369239807
    ],
    [
      0.3076440393924713,
      0.3122827708721161,
      0.2557080388069153,
      0.38338351249694824,
      0.43377119302749634,
      0.9999999403953552,
      0.547727644443512,
      0.4587879180908203,
      0.30661001801490784,
      0.3961721658706665,
      0.28785082697868347,
      0.28790006041526794,
      0.3872866928577423,
      0.30236318707466125,
      0.31217193603515625,
      0.36333078145980835
    ],
    [
      0.46789610385894775,
      0.4128910005092621,
      0.4418483376502991,
      0.522831380367279,
      0.5248656868934631,
      0.547727644443512,
      1.0,
      0.5367195010185242,
      0.30347317457199097,
      0.45959949493408203,
      0.3517378270626068,
      0.40746769309043884,
      0.3540326952934265,
      0.27973902225494385,
      0.36246293783187866,
      0.45375925302505493
    ],
    [
      0.3687715530395508,
      0.4062619209289551,
      0.3230542242527008,
      0.42156457901000977,
      0.5491579174995422,
      0.4587879180908203,
      0.5367195010185242,
      1.0,
      0.33769455552101135,
      0.3295740485191345,
      0.2760612666606903,
      0.3202390670776367,
      0.35777127742767334,
      0.3759663701057434,
      0.3360833525657654,
      0.3562484681606293
    ],
    [
      0.2899353504180908,
      0.3060908317565918,
      0.2555079758167267,
      0.2824826240539551,
      0.32215169072151184,
      0.30661001801490784,
      0.30347317457199097,
      0.33769455552101135,
      0.9999999403953552,
      0.34595033526420593,
      0.3281884789466858,
      0.3979611098766327,
      0.4279346168041229,
      0.48615026473999023,
      0.36163708567619324,
      0.3138595223426819
    ],
    [
      0.39617446064949036,
      0.4016663730144501,
      0.3518396019935608,
      0.48200753331184387,
      0.5130856037139893,
      0.3961721658706665,
      0.45959949493408203,
      0.3295740485191345,
      0.34595033526420593,
      0.9999999403953552,
      0.5544760227203369,
      0.48562857508659363,
      0.27295875549316406,
      0.2972453236579895,
      0.33797916769981384,
      0.3623832166194916
    ],
    [
      0.2216475009918213,
      0.47135794162750244,
      0.2648467421531677,
      0.40249770879745483,
      0.46318790316581726,
      0.28785082697868347,
      0.3517378270626068,
      0.2760612666606903,
      0.3281884789466858,
      0.5544760227203369,
      1.0,
      0.43512147665023804,
      0.23369114100933075,
      0.2971144914627075,
      0.3128657639026642,
      0.376517117023468
    ],
    [
      0.2857842743396759,
      0.37485364079475403,
      0.2572103440761566,
      0.2754438817501068,
      0.38639798760414124,
      0.28790006041526794,
      0.40746769309043884,
      0.3202390670776367,
      0.3979611098766327,
      0.48562857508659363,
      0.43512147665023804,
      0.9999999403953552,
      0.2576550841331482,
      0.2850740849971771,
      0.3044166564941406,
      0.34384021162986755
    ],
    [
      0.29370465874671936,
      0.32827913761138916,
      0.28141269087791443,
      0.2338157445192337,
      0.26086410880088806,
      0.3872866928577423,
      0.3540326952934265,
      0.35777127742767334,
      0.4279346168041229,
      0.27295875549316406,
      0.23369114100933075,
      0.2576550841331482,
      1.0,
      0.3720683455467224,
      0.2901230454444885,
      0.25818052887916565
    ],
    [
      0.26864689588546753,
      0.29013895988464355,
      0.2297920137643814,
      0.22365696728229523,
      0.31222811341285706,
      0.30236318707466125,
      0.27973902225494385,
      0.3759663701057434,
      0.48615026473999023,
      0.2972453236579895,
      0.2971144914627075,
      0.2850740849971771,
      0.3720683455467224,
      1.0,
      0.40508905053138733,
      0.2954835891723633
    ],
    [
      0.3486732840538025,
      0.43741264939308167,
      0.34359171986579895,
      0.40901002287864685,
      0.4603733718395233,
      0.31217193603515625,
      0.36246293783187866,
      0.3360833525657654,
      0.36163708567619324,
      0.33797916769981384,
      0.3128657639026642,
      0.3044166564941406,
      0.2901230454444885,
      0.40508905053138733,
      1.0,
      0.713287889957428
    ],
    [
      0.41905027627944946,
      0.49884358048439026,
      0.43505194783210754,
      0.5344973206520081,
      0.5718899369239807,
      0.36333078145980835,
      0.45375925302505493,
      0.3562484681606293,
      0.3138595223426819,
      0.3623832166194916,
      0.376517117023468,
      0.34384021162986755,
      0.25818052887916565,
      0.2954835891723633,
      0.713287889957428,
      1.0
    ]
  ]
}