{"game_number":216,"words":["BANK","SAVE","STASH","STORE","GALL","GUTS","NERVE","STONES","CARROT","COAL","SNOW","STICKS","BONE","BUSINESS","GIRL","PAGES"],"adjacency_matrix":[[1.0,0.3701963424682617,0.38118115067481995,0.5352022051811218,0.20139555633068085,0.29884767532348633,0.34254202246665955,0.30705827474594116,0.2932617962360382,0.34836670756340027,0.2726525366306305,0.34062114357948303,0.315133273601532,0.550042450428009,0.38531967997550964,0.2796306312084198],[0.3701963424682617,1.0,0.44914335012435913,0.5116696953773499,0.2969668209552765,0.39862215518951416,0.37347668409347534,0.29524844884872437,0.31273192167282104,0.35586509108543396,0.2991209030151367,0.3593199551105499,0.3172514736652374,0.3955475389957428,0.3510296642780304,0.3938947916030884],[0.38118115067481995,0.44914335012435913,0.9999999403953552,0.5291958451271057,0.1891831010580063,0.320364773273468,0.2768913507461548,0.33340758085250854,0.333039253950119,0.3330758213996887,0.2919901907444,0.3608299791812897,0.30891522765159607,0.2743356227874756,0.29098793864250183,0.24118030071258545],[0.5352022051811218,0.5116696953773499,0.5291958451271057,1.0,0.2532147169113159,0.3458440899848938,0.38344818353652954,0.34223270416259766,0.27786585688591003,0.3366304039955139,0.3583238124847412,0.410339891910553,0.3401249051094055,0.5258916616439819,0.3581254780292511,0.36632224917411804],[0.20139555633068085,0.2969668209552765,0.1891831010580063,0.2532147169113159,1.0000001192092896,0.5025432705879211,0.4751482605934143,0.3820902705192566,0.3040355145931244,0.26137110590934753,0.2499975562095642,0.3329564034938812,0.37569576501846313,0.25026047229766846,0.22848136723041534,0.18906700611114502],[0.29884767532348633,0.39862215518951416,0.320364773273468,0.3458440899848938,0.5025432705879211,0.9999999403953552,0.5259445905685425,0.37259674072265625,0.34596601128578186,0.3389735221862793,0.286152720451355,0.4996603727340698,0.4134977459907532,0.37657400965690613,0.29122990369796753,0.28899475932121277],[0.34254202246665955,0.37347668409347534,0.2768913507461548,0.38344818353652954,0.4751482605934143,0.5259445905685425,1.0,0.3207395672798157,0.31313174962997437,0.337642639875412,0.26098379492759705,0.3924770951271057,0.5203293561935425,0.35723719000816345,0.3342934548854828,0.21785497665405273],[0.30705827474594116,0.29524844884872437,0.33340758085250854,0.34223270416259766,0.3820902705192566,0.37259674072265625,0.3207395672798157,1.0,0.30552706122398376,0.3756100535392761,0.40846577286720276,0.6431275606155396,0.5095959901809692,0.2597259283065796,0.29615381360054016,0.3291742503643036],[0.2932617962360382,0.31273192167282104,0.333039253950119,0.27786585688591003,0.3040355145931244,0.34596601128578186,0.31313174962997437,0.30552706122398376,1.0,0.32465070486068726,0.2744757831096649,0.6110213398933411,0.3954903185367584,0.2618045508861542,0.32118529081344604,0.16353319585323334],[0.34836670756340027,0.35586509108543396,0.3330758213996887,0.3366304039955139,0.26137110590934753,0.3389735221862793,0.337642639875412,0.3756100535392761,0.32465070486068726,1.0,0.4142490029335022,0.3618672788143158,0.43158724904060364,0.42210653424263,0.33709514141082764,0.2329748421907425],[0.2726525366306305,0.2991209030151367,0.2919901907444,0.3583238124847412,0.2499975562095642,0.286152720451355,0.26098379492759705,0.40846577286720276,0.2744757831096649,0.4142490029335022,1.0,0.3909832537174225,0.3630290925502777,0.3137175738811493,0.3495470881462097,0.23883192241191864],[0.34062114357948303,0.3593199551105499,0.3608299791812897,0.410339891910553,0.3329564034938812,0.4996603727340698,0.3924770951271057,0.6431275606155396,0.6110213398933411,0.3618672788143158,0.3909832537174225,0.9999999403953552,0.46403253078460693,0.3160058259963989,0.33684635162353516,0.38175007700920105],[0.315133273601532,0.3172514736652374,0.30891522765159607,0.3401249051094055,0.37569576501846313,0.4134977459907532,0.5203293561935425,0.5095959901809692,0.3954903185367584,0.43158724904060364,0.3630290925502777,0.46403253078460693,1.0,0.355050265789032,0.3489975035190582,0.23281946778297424],[0.550042450428009,0.3955475389957428,0.2743356227874756,0.5258916616439819,0.25026047229766846,0.37657400965690613,0.35723719000816345,0.2597259283065796,0.2618045508861542,0.42210653424263,0.3137175738811493,0.3160058259963989,0.355050265789032,1.0,0.3880484104156494,0.4125059247016907],[0.38531967997550964,0.3510296642780304,0.29098793864250183,0.3581254780292511,0.22848136723041534,0.29122990369796753,0.3342934548854828,0.29615381360054016,0.32118529081344604,0.33709514141082764,0.3495470881462097,0.33684635162353516,0.3489975035190582,0.3880484104156494,1.0,0.2396678775548935],[0.2796306312084198,0.3938947916030884,0.24118030071258545,0.36632224917411804,0.18906700611114502,0.28899475932121277,0.21785497665405273,0.3291742503643036,0.16353319585323334,0.2329748421907425,0.23883192241191864,0.38175007700920105,0.23281946778297424,0.4125059247016907,0.2396678775548935,1.0]]}