{
  "game_number": 308,
  "words": [
    "COUPLE",
    "TIE",
    "UNITE",
    "WED",
    "LAID",
    "PLACED",
    "PUT",
    "SAT",
    "MAY",
    "SUN",
    "WALL",
    "WILD",
    "CLUTCH",
    "MESSENGER",
    "SATCHEL",
    "TOTE"
  ],
  "adjacency_matrix": [
    [
      1.0,
      0.3092364966869354,
      0.3540736734867096,
      0.5054116249084473,
      0.26310083270072937,
      0.36392977833747864,
      0.37987926602363586,
      0.34730955958366394,
      0.31926825642585754,
      0.18726734817028046,
      0.30765023827552795,
      0.3447745740413666,
      0.37409308552742004,
      0.26943930983543396,
      0.2006317377090454,
      0.20410826802253723
    ],
    [
      0.3092364966869354,
      1.0,
      0.41872885823249817,
      0.38959217071533203,
      0.37276381254196167,
      0.4148360788822174,
      0.5248078107833862,
      0.3009607791900635,
      0.2888154983520508,
      0.23688620328903198,
      0.3777228891849518,
      0.28325074911117554,
      0.43029141426086426,
      0.20194022357463837,
      0.3307854235172272,
      0.3676363527774811
    ],
    [
      0.3540736734867096,
      0.41872885823249817,
      1.0,
      0.4332751929759979,
      0.2679089307785034,
      0.2571854591369629,
      0.36346444487571716,
      0.15042677521705627,
      0.3485797047615051,
      0.23789627850055695,
      0.37490248680114746,
      0.29898470640182495,
      0.25341546535491943,
      0.2821243703365326,
      0.17623794078826904,
      0.2779770791530609
    ],
    [
      0.5054116249084473,
      0.38959217071533203,
      0.4332751929759979,
      1.0,
      0.362384170293808,
      0.352782666683197,
      0.39483749866485596,
      0.37768903374671936,
      0.3073387145996094,
      0.25762370228767395,
      0.17114029824733734,
      0.33059343695640564,
      0.2901773154735565,
      0.21366925537586212,
      0.19314071536064148,
      0.26020580530166626
    ],
    [
      0.26310083270072937,
      0.37276381254196167,
      0.2679089307785034,
      0.362384170293808,
      1.0,
      0.6237069368362427,
      0.5988237261772156,
      0.5359600782394409,
      0.3318319618701935,
      0.23373574018478394,
      0.3752743899822235,
      0.24631290137767792,
      0.36463987827301025,
      0.21066543459892273,
      0.3541004955768585,
      0.3148636221885681
    ],
    [
      0.36392977833747864,
      0.4148360788822174,
      0.2571854591369629,
      0.352782666683197,
      0.6237069368362427,
      1.0,
      0.7325025796890259,
      0.5345909595489502,
      0.4037042558193207,
      0.20073461532592773,
      0.40196704864501953,
      0.30948159098625183,
      0.3466602861881256,
      0.2343989908695221,
      0.38476550579071045,
      0.33563512563705444
    ],
    [
      0.37987926602363586,
      0.5248078107833862,
      0.36346444487571716,
      0.39483749866485596,
      0.5988237261772156,
      0.7325025796890259,
      1.0,
      0.48530325293540955,
      0.45270493626594543,
      0.226106658577919,
      0.37259626388549805,
      0.35244888067245483,
      0.3704472780227661,
      0.2079007625579834,
      0.3878653943538666,
      0.37399351596832275
    ],
    [
      0.34730955958366394,
      0.3009607791900635,
      0.15042677521705627,
      0.37768903374671936,
      0.5359600782394409,
      0.5345909595489502,
      0.48530325293540955,
      1.0,
      0.2907283902168274,
      0.3073568642139435,
      0.32094261050224304,
      0.2289172112941742,
      0.2635143995285034,
      0.1873227059841156,
      0.35545453429222107,
      0.27376237511634827
    ],
    [
      0.31926825642585754,
      0.2888154983520508,
      0.3485797047615051,
      0.3073387145996094,
      0.3318319618701935,
      0.4037042558193207,
      0.45270493626594543,
      0.2907283902168274,
      0.9999999403953552,
      0.13550624251365662,
      0.2357870191335678,
      0.27311137318611145,
      0.24304242432117462,
      0.18875272572040558,
      0.18600495159626007,
      0.287170946598053
    ],
    [
      0.18726734817028046,
      0.23688620328903198,
      0.23789627850055695,
      0.25762370228767395,
      0.23373574018478394,
      0.20073461532592773,
      0.226106658577919,
      0.3073568642139435,
      0.13550624251365662,
      1.0,
      0.3802655041217804,
      0.31897199153900146,
      0.25041720271110535,
      0.30552077293395996,
      0.24605144560337067,
      0.21979957818984985
    ],
    [
      0.30765023827552795,
      0.3777228891849518,
      0.37490248680114746,
      0.17114029824733734,
      0.3752743899822235,
      0.40196704864501953,
      0.37259626388549805,
      0.32094261050224304,
      0.2357870191335678,
      0.3802655041217804,
      1.0,
      0.3063184916973114,
      0.3203858733177185,
      0.3272351920604706,
      0.36293599009513855,
      0.314825177192688
    ],
    [
      0.3447745740413666,
      0.28325074911117554,
      0.29898470640182495,
      0.33059343695640564,
      0.24631290137767792,
      0.30948159098625183,
      0.35244888067245483,
      0.2289172112941742,
      0.27311137318611145,
      0.31897199153900146,
      0.3063184916973114,
      1.0,
      0.3954700231552124,
      0.2834427058696747,
      0.2896239161491394,
      0.28870028257369995
    ],
    [
      0.37409308552742004,
      0.43029141426086426,
      0.25341546535491943,
      0.2901773154735565,
      0.36463987827301025,
      0.3466602861881256,
      0.3704472780227661,
      0.2635143995285034,
      0.24304242432117462,
      0.25041720271110535,
      0.3203858733177185,
      0.3954700231552124,
      1.0,
      0.30750370025634766,
      0.40718239545822144,
      0.41069772839546204
    ],
    [
      0.26943930983543396,
      0.20194022357463837,
      0.2821243703365326,
      0.21366925537586212,
      0.21066543459892273,
      0.2343989908695221,
      0.2079007625579834,
      0.1873227059841156,
      0.18875272572040558,
      0.30552077293395996,
      0.3272351920604706,
      0.2834427058696747,
      0.30750370025634766,
      1.0,
      0.403224915266037,
      0.33096644282341003
    ],
    [
      0.2006317377090454,
      0.3307854235172272,
      0.17623794078826904,
      0.19314071536064148,
      0.3541004955768585,
      0.38476550579071045,
      0.3878653943538666,
      0.35545453429222107,
      0.18600495159626007,
      0.24605144560337067,
      0.36293599009513855,
      0.2896239161491394,
      0.40718239545822144,
      0.403224915266037,
      1.0,
      0.5915550589561462
    ],
    [
      0.20410826802253723,
      0.3676363527774811,
      0.2779770791530609,
      0.26020580530166626,
      0.3148636221885681,
      0.33563512563705444,
      0.37399351596832275,
      0.27376237511634827,
      0.287170946598053,
      0.21979957818984985,
      0.314825177192688,
      0.28870028257369995,
      0.41069772839546204,
      0.33096644282341003,
      0.5915550589561462,
      1.0
    ]
  ]
}