{"game_number":217,"words":["HOE","PLOW","RAKE","SICKLE","PLOT","PLOY","RUSE","TRICK","AMUSE","DELIGHT","PLEASE","TICKLE","BANG","PLOP","SPLASH","THUD"],"adjacency_matrix":[[1.0,0.5604007244110107,0.44344839453697205,0.5122025609016418,0.22071541845798492,0.24329601228237152,0.21764421463012695,0.27724072337150574,0.21992403268814087,0.1676238626241684,0.2380341738462448,0.26442503929138184,0.3372069001197815,0.23557215929031372,0.18624356389045715,0.22445079684257507],[0.5604007244110107,1.0,0.5314972996711731,0.4709712266921997,0.3709245026111603,0.2990187406539917,0.318912148475647,0.3570263087749481,0.28576695919036865,0.25840485095977783,0.2557556927204132,0.3438876271247864,0.32552051544189453,0.4761357605457306,0.3148585557937622,0.26984989643096924],[0.44344839453697205,0.5314972996711731,1.0,0.3460473418235779,0.35299038887023926,0.3673630952835083,0.32261815667152405,0.4031026363372803,0.31393712759017944,0.3271259069442749,0.3013515770435333,0.3665607273578644,0.36255794763565063,0.4315025508403778,0.4520866274833679,0.23394112288951874],[0.5122025609016418,0.4709712266921997,0.3460473418235779,1.0,0.2768966853618622,0.16127383708953857,0.19710971415042877,0.2190026193857193,0.12596270442008972,0.17180845141410828,0.1728067845106125,0.36624637246131897,0.29106321930885315,0.2657991945743561,0.2489013820886612,0.20117202401161194],[0.22071541845798492,0.3709245026111603,0.35299038887023926,0.2768966853618622,1.0,0.40858763456344604,0.4267132580280304,0.39591506123542786,0.2554357647895813,0.28064337372779846,0.29597562551498413,0.26996463537216187,0.21570773422718048,0.3184894323348999,0.26845821738243103,0.16843774914741516],[0.24329601228237152,0.2990187406539917,0.3673630952835083,0.16127383708953857,0.40858763456344604,1.0,0.7621626853942871,0.6979705691337585,0.31038057804107666,0.32468220591545105,0.2871856391429901,0.2569354772567749,0.26869678497314453,0.286977618932724,0.34419482946395874,0.1876402497291565],[0.21764421463012695,0.318912148475647,0.32261815667152405,0.19710971415042877,0.4267132580280304,0.7621626853942871,0.9999999403953552,0.6778775453567505,0.3409949243068695,0.37432509660720825,0.2499305009841919,0.2499546855688095,0.26790717244148254,0.29097795486450195,0.3189601004123688,0.18221040070056915],[0.27724072337150574,0.3570263087749481,0.4031026363372803,0.2190026193857193,0.39591506123542786,0.6979705691337585,0.6778775453567505,1.0,0.45108041167259216,0.4393084645271301,0.3798981010913849,0.3863116502761841,0.36018475890159607,0.3581832945346832,0.4070902168750763,0.18561802804470062],[0.21992403268814087,0.28576695919036865,0.31393712759017944,0.12596270442008972,0.2554357647895813,0.31038057804107666,0.3409949243068695,0.45108041167259216,0.9999999403953552,0.640394389629364,0.4292827248573303,0.5755280256271362,0.31017690896987915,0.3539966344833374,0.33385008573532104,0.21735796332359314],[0.1676238626241684,0.25840485095977783,0.3271259069442749,0.17180845141410828,0.28064337372779846,0.32468220591545105,0.37432509660720825,0.4393084645271301,0.640394389629364,1.0,0.41668492555618286,0.5231170654296875,0.3265419602394104,0.33511778712272644,0.3689214587211609,0.34971627593040466],[0.2380341738462448,0.2557556927204132,0.3013515770435333,0.1728067845106125,0.29597562551498413,0.2871856391429901,0.2499305009841919,0.3798981010913849,0.4292827248573303,0.41668492555618286,1.0,0.3317531943321228,0.325910747051239,0.3762294054031372,0.2686072885990143,0.17051754891872406],[0.26442503929138184,0.3438876271247864,0.3665607273578644,0.36624637246131897,0.26996463537216187,0.2569354772567749,0.2499546855688095,0.3863116502761841,0.5755280256271362,0.5231170654296875,0.3317531943321228,1.0,0.4493093490600586,0.47936466336250305,0.43348830938339233,0.3495650887489319],[0.3372069001197815,0.32552051544189453,0.36255794763565063,0.29106321930885315,0.21570773422718048,0.26869678497314453,0.26790717244148254,0.36018475890159607,0.31017690896987915,0.3265419602394104,0.325910747051239,0.4493093490600586,0.9999999403953552,0.47306299209594727,0.514742910861969,0.5431895852088928],[0.23557215929031372,0.4761357605457306,0.4315025508403778,0.2657991945743561,0.3184894323348999,0.286977618932724,0.29097795486450195,0.3581832945346832,0.3539966344833374,0.33511778712272644,0.3762294054031372,0.47936466336250305,0.47306299209594727,1.0,0.5309088230133057,0.45306065678596497],[0.18624356389045715,0.3148585557937622,0.4520866274833679,0.2489013820886612,0.26845821738243103,0.34419482946395874,0.3189601004123688,0.4070902168750763,0.33385008573532104,0.3689214587211609,0.2686072885990143,0.43348830938339233,0.514742910861969,0.5309088230133057,0.9999999403953552,0.4165022373199463],[0.22445079684257507,0.26984989643096924,0.23394112288951874,0.20117202401161194,0.16843774914741516,0.1876402497291565,0.18221040070056915,0.18561802804470062,0.21735796332359314,0.34971627593040466,0.17051754891872406,0.3495650887489319,0.5431895852088928,0.45306065678596497,0.4165022373199463,1.0]]}