{
  "game_number": 483,
  "words": [
    "CHIEF",
    "FIRST",
    "MAIN",
    "PRINCIPAL",
    "BROADWAY",
    "FIFTH",
    "MADISON",
    "PARK",
    "AMATEUR",
    "ELEVENTH",
    "HAPPY",
    "RUSH",
    "BANK",
    "SAVE",
    "STASH",
    "STORE"
  ],
  "adjacency_matrix": [
    [
      1.0,
      0.4485960304737091,
      0.548161506652832,
      0.6993777751922607,
      0.20468749105930328,
      0.4079037606716156,
      0.21388760209083557,
      0.29692018032073975,
      0.33102813363075256,
      0.36349228024482727,
      0.20406216382980347,
      0.25046974420547485,
      0.3920038938522339,
      0.2006647288799286,
      0.17390932142734528,
      0.3290524482727051
    ],
    [
      0.4485960304737091,
      1.0,
      0.6365067362785339,
      0.5508503913879395,
      0.37019363045692444,
      0.716446042060852,
      0.3501042425632477,
      0.3554014265537262,
      0.35163751244544983,
      0.5831027030944824,
      0.3899550139904022,
      0.41667982935905457,
      0.36880284547805786,
      0.41966453194618225,
      0.24698248505592346,
      0.43057912588119507
    ],
    [
      0.548161506652832,
      0.6365067362785339,
      1.0000001192092896,
      0.6603782176971436,
      0.4703713357448578,
      0.5689859986305237,
      0.39890843629837036,
      0.4317861795425415,
      0.34524208307266235,
      0.47378507256507874,
      0.31771203875541687,
      0.3500954806804657,
      0.46045297384262085,
      0.4010162055492401,
      0.3171108663082123,
      0.46564868092536926
    ],
    [
      0.6993777751922607,
      0.5508503913879395,
      0.6603782176971436,
      1.0000001192092896,
      0.3716885447502136,
      0.4816490411758423,
      0.32651883363723755,
      0.3518846929073334,
      0.35940641164779663,
      0.4032433032989502,
      0.2763068974018097,
      0.21278519928455353,
      0.46735337376594543,
      0.23614265024662018,
      0.23654812574386597,
      0.3675956726074219
    ],
    [
      0.20468749105930328,
      0.37019363045692444,
      0.4703713357448578,
      0.3716885447502136,
      1.0,
      0.3123985528945923,
      0.4596942365169525,
      0.4345128536224365,
      0.34459149837493896,
      0.29421553015708923,
      0.28801122307777405,
      0.2807018756866455,
      0.3670758008956909,
      0.31759828329086304,
      0.2331572026014328,
      0.33791592717170715
    ],
    [
      0.4079037606716156,
      0.716446042060852,
      0.5689859986305237,
      0.4816490411758423,
      0.3123985528945923,
      1.0,
      0.33068013191223145,
      0.28073397278785706,
      0.24877332150936127,
      0.8606826066970825,
      0.30464160442352295,
      0.26485979557037354,
      0.30984315276145935,
      0.3501237630844116,
      0.24488545954227448,
      0.300686776638031
    ],
    [
      0.21388760209083557,
      0.3501042425632477,
      0.39890843629837036,
      0.32651883363723755,
      0.4596942365169525,
      0.33068013191223145,
      0.9999999403953552,
      0.4262092709541321,
      0.3655228316783905,
      0.33399492502212524,
      0.32443538308143616,
      0.2924902141094208,
      0.3485386371612549,
      0.2963135540485382,
      0.2554471492767334,
      0.32947251200675964
    ],
    [
      0.29692018032073975,
      0.3554014265537262,
      0.4317861795425415,
      0.3518846929073334,
      0.4345128536224365,
      0.28073397278785706,
      0.4262092709541321,
      1.0,
      0.26949620246887207,
      0.24116867780685425,
      0.24800632894039154,
      0.3430471122264862,
      0.4726276993751526,
      0.38550758361816406,
      0.3193133473396301,
      0.48622533679008484
    ],
    [
      0.33102813363075256,
      0.35163751244544983,
      0.34524208307266235,
      0.35940641164779663,
      0.34459149837493896,
      0.24877332150936127,
      0.3655228316783905,
      0.26949620246887207,
      0.9999999403953552,
      0.280381977558136,
      0.27487242221832275,
      0.24507245421409607,
      0.2674814462661743,
      0.23739942908287048,
      0.22841016948223114,
      0.18340381979942322
    ],
    [
      0.36349228024482727,
      0.5831027030944824,
      0.47378507256507874,
      0.4032433032989502,
      0.29421553015708923,
      0.8606826066970825,
      0.33399492502212524,
      0.24116867780685425,
      0.280381977558136,
      1.0,
      0.26355668902397156,
      0.2558457553386688,
      0.2709815502166748,
      0.29651832580566406,
      0.1828126460313797,
      0.24815617501735687
    ],
    [
      0.20406216382980347,
      0.3899550139904022,
      0.31771203875541687,
      0.2763068974018097,
      0.28801122307777405,
      0.30464160442352295,
      0.32443538308143616,
      0.24800632894039154,
      0.27487242221832275,
      0.26355668902397156,
      1.0,
      0.39378973841667175,
      0.23757748305797577,
      0.44010743498802185,
      0.2440679967403412,
      0.26067209243774414
    ],
    [
      0.25046974420547485,
      0.41667982935905457,
      0.3500954806804657,
      0.21278519928455353,
      0.2807018756866455,
      0.26485979557037354,
      0.2924902141094208,
      0.3430471122264862,
      0.24507245421409607,
      0.2558457553386688,
      0.39378973841667175,
      1.0,
      0.3730394244194031,
      0.4814397692680359,
      0.3496500551700592,
      0.38425111770629883
    ],
    [
      0.3920038938522339,
      0.36880284547805786,
      0.46045297384262085,
      0.46735337376594543,
      0.3670758008956909,
      0.30984315276145935,
      0.3485386371612549,
      0.4726276993751526,
      0.2674814462661743,
      0.2709815502166748,
      0.23757748305797577,
      0.3730394244194031,
      1.0,
      0.3701963424682617,
      0.38118115067481995,
      0.5352022051811218
    ],
    [
      0.2006647288799286,
      0.41966453194618225,
      0.4010162055492401,
      0.23614265024662018,
      0.31759828329086304,
      0.3501237630844116,
      0.2963135540485382,
      0.38550758361816406,
      0.23739942908287048,
      0.29651832580566406,
      0.44010743498802185,
      0.4814397692680359,
      0.3701963424682617,
      1.0,
      0.44914335012435913,
      0.5116696953773499
    ],
    [
      0.17390932142734528,
      0.24698248505592346,
      0.3171108663082123,
      0.23654812574386597,
      0.2331572026014328,
      0.24488545954227448,
      0.2554471492767334,
      0.3193133473396301,
      0.22841016948223114,
      0.1828126460313797,
      0.2440679967403412,
      0.3496500551700592,
      0.38118115067481995,
      0.44914335012435913,
      0.9999999403953552,
      0.5291958451271057
    ],
    [
      0.3290524482727051,
      0.43057912588119507,
      0.46564868092536926,
      0.3675956726074219,
      0.33791592717170715,
      0.300686776638031,
      0.32947251200675964,
      0.48622533679008484,
      0.18340381979942322,
      0.24815617501735687,
      0.26067209243774414,
      0.38425111770629883,
      0.5352022051811218,
      0.5116696953773499,
      0.5291958451271057,
      1.0
    ]
  ]
}