{
  "game_number": 580,
  "words": [
    "BINGO",
    "CORRECT",
    "RIGHT",
    "YES",
    "CHIP",
    "DING",
    "NICK",
    "SCRATCH",
    "APPLE",
    "CRACKER",
    "FLAP",
    "LUMBER",
    "SANDBOX",
    "SEESAW",
    "SLIDE",
    "SWING"
  ],
  "adjacency_matrix": [
    [
      1.0,
      0.3030046820640564,
      0.25903692841529846,
      0.2868864834308624,
      0.3835736811161041,
      0.30238643288612366,
      0.31162595748901367,
      0.25158125162124634,
      0.22212207317352295,
      0.4125767946243286,
      0.3086342513561249,
      0.2350212186574936,
      0.1984197050333023,
      0.23676085472106934,
      0.32897666096687317,
      0.35772135853767395
    ],
    [
      0.3030046820640564,
      1.0,
      0.6172357201576233,
      0.4596691131591797,
      0.3467523157596588,
      0.3480457663536072,
      0.4538184404373169,
      0.40660157799720764,
      0.3333088457584381,
      0.3321617841720581,
      0.3223516643047333,
      0.1653631031513214,
      0.28148117661476135,
      0.29780369997024536,
      0.3812061548233032,
      0.4280402660369873
    ],
    [
      0.25903692841529846,
      0.6172357201576233,
      1.0,
      0.3984185755252838,
      0.3712273836135864,
      0.32328423857688904,
      0.4865289330482483,
      0.3869744837284088,
      0.3524681329727173,
      0.28435346484184265,
      0.3476535975933075,
      0.2661791741847992,
      0.30033203959465027,
      0.3001777231693268,
      0.42676451802253723,
      0.49242836236953735
    ],
    [
      0.2868864834308624,
      0.4596691131591797,
      0.3984185755252838,
      1.0,
      0.15497270226478577,
      0.2761332392692566,
      0.3316701650619507,
      0.26570016145706177,
      0.21516837179660797,
      0.2176753133535385,
      0.16717350482940674,
      0.13876068592071533,
      0.2066805064678192,
      0.19862499833106995,
      0.22648727893829346,
      0.26505762338638306
    ],
    [
      0.3835736811161041,
      0.3467523157596588,
      0.3712273836135864,
      0.15497270226478577,
      0.9999999403953552,
      0.345123827457428,
      0.4343971908092499,
      0.45025384426116943,
      0.4484950602054596,
      0.4541587829589844,
      0.35425931215286255,
      0.3307417631149292,
      0.22525253891944885,
      0.23596496880054474,
      0.41262027621269226,
      0.34338390827178955
    ],
    [
      0.30238643288612366,
      0.3480457663536072,
      0.32328423857688904,
      0.2761332392692566,
      0.345123827457428,
      1.0,
      0.32306528091430664,
      0.3764612078666687,
      0.2922755777835846,
      0.31235113739967346,
      0.3873152732849121,
      0.18733815848827362,
      0.14024023711681366,
      0.2585427761077881,
      0.33968234062194824,
      0.3700023889541626
    ],
    [
      0.31162595748901367,
      0.4538184404373169,
      0.4865289330482483,
      0.3316701650619507,
      0.4343971908092499,
      0.32306528091430664,
      1.0,
      0.4686185419559479,
      0.37469086050987244,
      0.4818292558193207,
      0.3556552529335022,
      0.27235811948776245,
      0.2500438392162323,
      0.25213074684143066,
      0.3668467402458191,
      0.38486534357070923
    ],
    [
      0.25158125162124634,
      0.40660157799720764,
      0.3869744837284088,
      0.26570016145706177,
      0.45025384426116943,
      0.3764612078666687,
      0.4686185419559479,
      1.0000001192092896,
      0.3707435727119446,
      0.35289254784584045,
      0.3943491578102112,
      0.25289711356163025,
      0.28216463327407837,
      0.2513166069984436,
      0.4067307710647583,
      0.38248616456985474
    ],
    [
      0.22212207317352295,
      0.3333088457584381,
      0.3524681329727173,
      0.21516837179660797,
      0.4484950602054596,
      0.2922755777835846,
      0.37469086050987244,
      0.3707435727119446,
      1.0,
      0.47421038150787354,
      0.2469395101070404,
      0.3309488892555237,
      0.20687785744667053,
      0.2911643385887146,
      0.33619236946105957,
      0.35329899191856384
    ],
    [
      0.4125767946243286,
      0.3321617841720581,
      0.28435346484184265,
      0.2176753133535385,
      0.4541587829589844,
      0.31235113739967346,
      0.4818292558193207,
      0.35289254784584045,
      0.47421038150787354,
      1.0,
      0.33223414421081543,
      0.32427874207496643,
      0.25841063261032104,
      0.20759093761444092,
      0.29173022508621216,
      0.3177461624145508
    ],
    [
      0.3086342513561249,
      0.3223516643047333,
      0.3476535975933075,
      0.16717350482940674,
      0.35425931215286255,
      0.3873152732849121,
      0.3556552529335022,
      0.3943491578102112,
      0.2469395101070404,
      0.33223414421081543,
      1.0000001192092896,
      0.21039369702339172,
      0.1340765506029129,
      0.2957022190093994,
      0.44448956847190857,
      0.45283153653144836
    ],
    [
      0.2350212186574936,
      0.1653631031513214,
      0.2661791741847992,
      0.13876068592071533,
      0.3307417631149292,
      0.18733815848827362,
      0.27235811948776245,
      0.25289711356163025,
      0.3309488892555237,
      0.32427874207496643,
      0.21039369702339172,
      1.0,
      0.16148343682289124,
      0.14177703857421875,
      0.2878912091255188,
      0.3257848024368286
    ],
    [
      0.1984197050333023,
      0.28148117661476135,
      0.30033203959465027,
      0.2066805064678192,
      0.22525253891944885,
      0.14024023711681366,
      0.2500438392162323,
      0.28216463327407837,
      0.20687785744667053,
      0.25841063261032104,
      0.1340765506029129,
      0.16148343682289124,
      1.0,
      0.12116427719593048,
      0.2729834020137787,
      0.19484873116016388
    ],
    [
      0.23676085472106934,
      0.29780369997024536,
      0.3001777231693268,
      0.19862499833106995,
      0.23596496880054474,
      0.2585427761077881,
      0.25213074684143066,
      0.2513166069984436,
      0.2911643385887146,
      0.20759093761444092,
      0.2957022190093994,
      0.14177703857421875,
      0.12116427719593048,
      1.0,
      0.3985762596130371,
      0.4997401833534241
    ],
    [
      0.32897666096687317,
      0.3812061548233032,
      0.42676451802253723,
      0.22648727893829346,
      0.41262027621269226,
      0.33968234062194824,
      0.3668467402458191,
      0.4067307710647583,
      0.33619236946105957,
      0.29173022508621216,
      0.44448956847190857,
      0.2878912091255188,
      0.2729834020137787,
      0.3985762596130371,
      1.0,
      0.5430944561958313
    ],
    [
      0.35772135853767395,
      0.4280402660369873,
      0.49242836236953735,
      0.26505762338638306,
      0.34338390827178955,
      0.3700023889541626,
      0.38486534357070923,
      0.38248616456985474,
      0.35329899191856384,
      0.3177461624145508,
      0.45283153653144836,
      0.3257848024368286,
      0.19484873116016388,
      0.4997401833534241,
      0.5430944561958313,
      0.9999999403953552
    ]
  ]
}