{
  "game_number": 21,
  "words": [
    "APHID",
    "BEETLE",
    "MITE",
    "TICK",
    "BEECH",
    "CEDAR",
    "PINE",
    "YEW",
    "APPLE",
    "COOKIE",
    "EFFORT",
    "VENDETTA",
    "DECAY",
    "EASY",
    "GEO",
    "ZITI"
  ],
  "adjacency_matrix": [
    [
      1.0,
      0.6319937109947205,
      0.5155952572822571,
      0.2988921105861664,
      0.3680573105812073,
      0.2997680604457855,
      0.28982964158058167,
      0.21533247828483582,
      0.38481876254081726,
      0.242653489112854,
      0.07544431835412979,
      0.1049167662858963,
      0.24569246172904968,
      0.10833056271076202,
      0.1106950119137764,
      0.12380215525627136
    ],
    [
      0.6319937109947205,
      1.0,
      0.536672055721283,
      0.3976595997810364,
      0.5208251476287842,
      0.43863561749458313,
      0.4830722212791443,
      0.25270476937294006,
      0.38427701592445374,
      0.33569106459617615,
      0.24461598694324493,
      0.21900659799575806,
      0.2786947786808014,
      0.180210143327713,
      0.14582432806491852,
      0.21553164720535278
    ],
    [
      0.5155952572822571,
      0.536672055721283,
      1.0,
      0.42573991417884827,
      0.35226893424987793,
      0.28476426005363464,
      0.32405808568000793,
      0.2115301638841629,
      0.3789202570915222,
      0.29616010189056396,
      0.25194719433784485,
      0.1715225726366043,
      0.2966243624687195,
      0.2978733479976654,
      0.15015088021755219,
      0.20382237434387207
    ],
    [
      0.2988921105861664,
      0.3976595997810364,
      0.42573991417884827,
      1.0,
      0.3242141902446747,
      0.2802794575691223,
      0.3506157100200653,
      0.21355535089969635,
      0.3718671500682831,
      0.3085305690765381,
      0.2509794235229492,
      0.20095744729042053,
      0.2585688829421997,
      0.31542840600013733,
      0.18492157757282257,
      0.2146783024072647
    ],
    [
      0.3680573105812073,
      0.5208251476287842,
      0.35226893424987793,
      0.3242141902446747,
      1.0,
      0.6032022833824158,
      0.7156839370727539,
      0.564370334148407,
      0.4293971359729767,
      0.2557939291000366,
      0.13015131652355194,
      0.22581367194652557,
      0.34368953108787537,
      0.24683819711208344,
      0.2461446076631546,
      0.2671900987625122
    ],
    [
      0.2997680604457855,
      0.43863561749458313,
      0.28476426005363464,
      0.2802794575691223,
      0.6032022833824158,
      0.9999999403953552,
      0.6989179849624634,
      0.5061465501785278,
      0.3299402594566345,
      0.2344656139612198,
      0.07066439092159271,
      0.1597270965576172,
      0.24949069321155548,
      0.15435108542442322,
      0.20769652724266052,
      0.26966243982315063
    ],
    [
      0.28982964158058167,
      0.4830722212791443,
      0.32405808568000793,
      0.3506157100200653,
      0.7156839370727539,
      0.6989179849624634,
      1.0,
      0.48015016317367554,
      0.43394869565963745,
      0.31745651364326477,
      0.15391626954078674,
      0.2621684670448303,
      0.31525176763534546,
      0.23940995335578918,
      0.19661912322044373,
      0.2938547432422638
    ],
    [
      0.21533247828483582,
      0.25270476937294006,
      0.2115301638841629,
      0.21355535089969635,
      0.564370334148407,
      0.5061465501785278,
      0.48015016317367554,
      1.0,
      0.263281911611557,
      0.13331802189350128,
      0.02807796001434326,
      0.07352112978696823,
      0.18561796844005585,
      0.10947235673666,
      0.17412008345127106,
      0.12405867129564285
    ],
    [
      0.38481876254081726,
      0.38427701592445374,
      0.3789202570915222,
      0.3718671500682831,
      0.4293971359729767,
      0.3299402594566345,
      0.43394869565963745,
      0.263281911611557,
      1.0,
      0.41374698281288147,
      0.21001993119716644,
      0.20213763415813446,
      0.2894365191459656,
      0.251941442489624,
      0.23846864700317383,
      0.3253821134567261
    ],
    [
      0.242653489112854,
      0.33569106459617615,
      0.29616010189056396,
      0.3085305690765381,
      0.2557939291000366,
      0.2344656139612198,
      0.31745651364326477,
      0.13331802189350128,
      0.41374698281288147,
      1.0,
      0.27384090423583984,
      0.23736783862113953,
      0.17125456035137177,
      0.24678738415241241,
      0.22789426147937775,
      0.42955392599105835
    ],
    [
      0.07544431835412979,
      0.24461598694324493,
      0.25194719433784485,
      0.2509794235229492,
      0.13015131652355194,
      0.07066439092159271,
      0.15391626954078674,
      0.02807796001434326,
      0.21001993119716644,
      0.27384090423583984,
      1.0,
      0.39650586247444153,
      0.268305242061615,
      0.4335520267486572,
      0.19668111205101013,
      0.06530671566724777
    ],
    [
      0.1049167662858963,
      0.21900659799575806,
      0.1715225726366043,
      0.20095744729042053,
      0.22581367194652557,
      0.1597270965576172,
      0.2621684670448303,
      0.07352112978696823,
      0.20213763415813446,
      0.23736783862113953,
      0.39650586247444153,
      0.9999999403953552,
      0.24479971826076508,
      0.23125851154327393,
      0.17436668276786804,
      0.218009352684021
    ],
    [
      0.24569246172904968,
      0.2786947786808014,
      0.2966243624687195,
      0.2585688829421997,
      0.34368953108787537,
      0.24949069321155548,
      0.31525176763534546,
      0.18561796844005585,
      0.2894365191459656,
      0.17125456035137177,
      0.268305242061615,
      0.24479971826076508,
      1.0,
      0.23244868218898773,
      0.19579783082008362,
      0.03850926458835602
    ],
    [
      0.10833056271076202,
      0.180210143327713,
      0.2978733479976654,
      0.31542840600013733,
      0.24683819711208344,
      0.15435108542442322,
      0.23940995335578918,
      0.10947235673666,
      0.251941442489624,
      0.24678738415241241,
      0.4335520267486572,
      0.23125851154327393,
      0.23244868218898773,
      1.0,
      0.18531301617622375,
      0.15972252190113068
    ],
    [
      0.1106950119137764,
      0.14582432806491852,
      0.15015088021755219,
      0.18492157757282257,
      0.2461446076631546,
      0.20769652724266052,
      0.19661912322044373,
      0.17412008345127106,
      0.23846864700317383,
      0.22789426147937775,
      0.19668111205101013,
      0.17436668276786804,
      0.19579783082008362,
      0.18531301617622375,
      1.0,
      0.16187721490859985
    ],
    [
      0.12380215525627136,
      0.21553164720535278,
      0.20382237434387207,
      0.2146783024072647,
      0.2671900987625122,
      0.26966243982315063,
      0.2938547432422638,
      0.12405867129564285,
      0.3253821134567261,
      0.42955392599105835,
      0.06530671566724777,
      0.218009352684021,
      0.03850926458835602,
      0.15972252190113068,
      0.16187721490859985,
      1.0
    ]
  ]
}