{"game_number":360,"words":["BOUNTY","CRUNCH","HEATH","MILKYWAY","DREAMCAST","GENESIS","SWITCH","WII","ANVIL","COCHLEA","HAMMER","STIRRUP","BLINK","MAROON","SUM","U"],"adjacency_matrix":[[1.0,0.28242337703704834,0.30548760294914246,0.38140377402305603,0.3112252354621887,0.2905237674713135,0.25709062814712524,0.04691660776734352,0.21589283645153046,0.14597219228744507,0.27636411786079407,0.24640929698944092,0.22859078645706177,0.36029288172721863,0.41320478916168213,-0.13843557238578796],[0.28242337703704834,1.0,0.300629198551178,0.3157042860984802,0.27649590373039246,0.2917543649673462,0.3559415638446808,0.13034537434577942,0.24508030712604523,0.15554331243038177,0.4024409353733063,0.2168462872505188,0.3114044666290283,0.2868618965148926,0.30584588646888733,-0.0473063699901104],[0.30548760294914246,0.300629198551178,1.0000001192092896,0.4260731637477875,0.2901652455329895,0.33541139960289,0.28022634983062744,0.06979390978813171,0.24712534248828888,0.24285830557346344,0.2708466947078705,0.2699074149131775,0.20861312747001648,0.287416011095047,0.30098435282707214,-0.0986674427986145],[0.38140377402305603,0.3157042860984802,0.4260731637477875,1.0,0.5115215182304382,0.4651958644390106,0.3704083263874054,0.05169382691383362,0.22153812646865845,0.3399710953235626,0.2603819966316223,0.27867528796195984,0.332794725894928,0.4252369999885559,0.34105223417282104,-0.10988741368055344],[0.3112252354621887,0.27649590373039246,0.2901652455329895,0.5115215182304382,1.0,0.3685089945793152,0.49275341629981995,0.4399831295013428,0.21538621187210083,0.24096813797950745,0.3311629891395569,0.2565043568611145,0.34817609190940857,0.3288992643356323,0.30549103021621704,-0.07162684947252274],[0.2905237674713135,0.2917543649673462,0.33541139960289,0.4651958644390106,0.3685089945793152,1.0,0.2640330493450165,0.048758722841739655,0.25982698798179626,0.26868730783462524,0.2673223316669464,0.2154887169599533,0.24931791424751282,0.27859535813331604,0.28885623812675476,-0.13928654789924622],[0.25709062814712524,0.3559415638446808,0.28022634983062744,0.3704083263874054,0.49275341629981995,0.2640330493450165,1.0,0.16053377091884613,0.20158061385154724,0.22793351113796234,0.4056381285190582,0.3335658311843872,0.48057541251182556,0.3653067946434021,0.29479607939720154,-0.011894074268639088],[0.04691660776734352,0.13034537434577942,0.06979390978813171,0.05169382691383362,0.4399831295013428,0.048758722841739655,0.16053377091884613,1.0,0.06507378071546555,0.07473533600568771,0.1440061330795288,0.13092155754566193,0.11823463439941406,0.09929074347019196,0.10631813108921051,0.43195462226867676],[0.21589283645153046,0.24508030712604523,0.24712534248828888,0.22153812646865845,0.21538621187210083,0.25982698798179626,0.20158061385154724,0.06507378071546555,1.0,0.26602262258529663,0.6803438067436218,0.4085838496685028,0.2402840554714203,0.1978539228439331,0.11840268969535828,0.044400572776794434],[0.14597219228744507,0.15554331243038177,0.24285830557346344,0.3399710953235626,0.24096813797950745,0.26868730783462524,0.22793351113796234,0.07473533600568771,0.26602262258529663,1.0,0.23067118227481842,0.22233466804027557,0.22647802531719208,0.16641896963119507,0.21728378534317017,-0.011258604936301708],[0.27636411786079407,0.4024409353733063,0.2708466947078705,0.2603819966316223,0.3311629891395569,0.2673223316669464,0.4056381285190582,0.1440061330795288,0.6803438067436218,0.23067118227481842,1.0,0.431025892496109,0.3750496804714203,0.25271520018577576,0.27328455448150635,0.030994795262813568],[0.24640929698944092,0.2168462872505188,0.2699074149131775,0.27867528796195984,0.2565043568611145,0.2154887169599533,0.3335658311843872,0.13092155754566193,0.4085838496685028,0.22233466804027557,0.431025892496109,1.0,0.20122694969177246,0.22584332525730133,0.21563667058944702,-0.03281467780470848],[0.22859078645706177,0.3114044666290283,0.20861312747001648,0.332794725894928,0.34817609190940857,0.24931791424751282,0.48057541251182556,0.11823463439941406,0.2402840554714203,0.22647802531719208,0.3750496804714203,0.20122694969177246,1.0,0.28077414631843567,0.24287787079811096,0.0407261848449707],[0.36029288172721863,0.2868618965148926,0.287416011095047,0.4252369999885559,0.3288992643356323,0.27859535813331604,0.3653067946434021,0.09929074347019196,0.1978539228439331,0.16641896963119507,0.25271520018577576,0.22584332525730133,0.28077414631843567,0.9999999403953552,0.2843402326107025,0.010017805732786655],[0.41320478916168213,0.30584588646888733,0.30098435282707214,0.34105223417282104,0.30549103021621704,0.28885623812675476,0.29479607939720154,0.10631813108921051,0.11840268969535828,0.21728378534317017,0.27328455448150635,0.21563667058944702,0.24287787079811096,0.2843402326107025,1.0,0.012602688744664192],[-0.13843557238578796,-0.0473063699901104,-0.0986674427986145,-0.10988741368055344,-0.07162684947252274,-0.13928654789924622,-0.011894074268639088,0.43195462226867676,0.044400572776794434,-0.011258604936301708,0.030994795262813568,-0.03281467780470848,0.0407261848449707,0.010017805732786655,0.012602688744664192,0.9999999403953552]]}