{"game_number":134,"words":["CANDY","COSTUME","DECORATIONS","PUMPKIN","ANISE","FENNEL","LICORICE","TARRAGON","BEAN","MELON","NOODLE","NUT","BAGUETTE","EMERALD","PRINCESS","RADIANT"],"adjacency_matrix":[[1.0,0.33011266589164734,0.4239111840724945,0.4984588027000427,0.4193984270095825,0.2806575298309326,0.5710403919219971,0.25291764736175537,0.40819770097732544,0.3963877260684967,0.41013801097869873,0.46846938133239746,0.4229942560195923,0.34953030943870544,0.3723194897174835,0.2513459622859955],[0.33011266589164734,1.0,0.5046882629394531,0.4604790508747101,0.27760758996009827,0.22814737260341644,0.251602441072464,0.2373233139514923,0.29309606552124023,0.2653083801269531,0.30023831129074097,0.2511633634567261,0.31028255820274353,0.32471010088920593,0.4379749000072479,0.335993230342865],[0.4239111840724945,0.5046882629394531,1.0000001192092896,0.3913204073905945,0.3021605908870697,0.26440879702568054,0.2640781104564667,0.27037936449050903,0.26246005296707153,0.24906644225120544,0.25356483459472656,0.25116124749183655,0.2613752484321594,0.2200557142496109,0.3115726709365845,0.30968528985977173],[0.4984588027000427,0.4604790508747101,0.3913204073905945,1.0,0.37603819370269775,0.5140376687049866,0.4481600224971771,0.38835853338241577,0.5118492245674133,0.6065949201583862,0.42928367853164673,0.4976845681667328,0.41835710406303406,0.3933134973049164,0.4122486412525177,0.3787403106689453],[0.4193984270095825,0.27760758996009827,0.3021605908870697,0.37603819370269775,0.9999999403953552,0.5578131079673767,0.4937417209148407,0.48327943682670593,0.4561779797077179,0.41737282276153564,0.3645850718021393,0.3583458662033081,0.4082258939743042,0.4047074317932129,0.38862714171409607,0.29342153668403625],[0.2806575298309326,0.22814737260341644,0.26440879702568054,0.5140376687049866,0.5578131079673767,1.0,0.4880274832248688,0.6852139830589294,0.4443938136100769,0.4207133948802948,0.3503577709197998,0.40399086475372314,0.46750763058662415,0.3488198220729828,0.322864830493927,0.337395042181015],[0.5710403919219971,0.251602441072464,0.2640781104564667,0.4481600224971771,0.4937417209148407,0.4880274832248688,1.0,0.4232907295227051,0.4293484687805176,0.3871372640132904,0.4065293073654175,0.41053205728530884,0.34435799717903137,0.313908189535141,0.2868960201740265,0.23839130997657776],[0.25291764736175537,0.2373233139514923,0.27037936449050903,0.38835853338241577,0.48327943682670593,0.6852139830589294,0.4232907295227051,1.0,0.35462135076522827,0.35272181034088135,0.37062278389930725,0.3127431273460388,0.4297962486743927,0.2816332280635834,0.2931804955005646,0.27253612875938416],[0.40819770097732544,0.29309606552124023,0.26246005296707153,0.5118492245674133,0.4561779797077179,0.4443938136100769,0.4293484687805176,0.35462135076522827,1.0,0.5407758355140686,0.5389211177825928,0.4799080193042755,0.474894642829895,0.4054175913333893,0.3297263979911804,0.25280633568763733],[0.3963877260684967,0.2653083801269531,0.24906644225120544,0.6065949201583862,0.41737282276153564,0.4207133948802948,0.3871372640132904,0.35272181034088135,0.5407758355140686,1.0,0.4896814823150635,0.46199336647987366,0.4319167733192444,0.27457597851753235,0.338765412569046,0.2635139524936676],[0.41013801097869873,0.30023831129074097,0.25356483459472656,0.42928367853164673,0.3645850718021393,0.3503577709197998,0.4065293073654175,0.37062278389930725,0.5389211177825928,0.4896814823150635,1.0,0.40765658020973206,0.5296559929847717,0.24639911949634552,0.28159579634666443,0.2502261698246002],[0.46846938133239746,0.2511633634567261,0.25116124749183655,0.4976845681667328,0.3583458662033081,0.40399086475372314,0.41053205728530884,0.3127431273460388,0.4799080193042755,0.46199336647987366,0.40765658020973206,1.0,0.43965134024620056,0.26573446393013,0.34156131744384766,0.23736783862113953],[0.4229942560195923,0.31028255820274353,0.2613752484321594,0.41835710406303406,0.4082258939743042,0.46750763058662415,0.34435799717903137,0.4297962486743927,0.474894642829895,0.4319167733192444,0.5296559929847717,0.43965134024620056,1.0,0.3526236414909363,0.33251336216926575,0.2890431582927704],[0.34953030943870544,0.32471010088920593,0.2200557142496109,0.3933134973049164,0.4047074317932129,0.3488198220729828,0.313908189535141,0.2816332280635834,0.4054175913333893,0.27457597851753235,0.24639911949634552,0.26573446393013,0.3526236414909363,1.0,0.4444923400878906,0.4392893612384796],[0.3723194897174835,0.4379749000072479,0.3115726709365845,0.4122486412525177,0.38862714171409607,0.322864830493927,0.2868960201740265,0.2931804955005646,0.3297263979911804,0.338765412569046,0.28159579634666443,0.34156131744384766,0.33251336216926575,0.4444923400878906,0.9999999403953552,0.40696024894714355],[0.2513459622859955,0.335993230342865,0.30968528985977173,0.3787403106689453,0.29342153668403625,0.337395042181015,0.23839130997657776,0.27253612875938416,0.25280633568763733,0.2635139524936676,0.2502261698246002,0.23736783862113953,0.2890431582927704,0.4392893612384796,0.40696024894714355,0.9999999403953552]]}