{
  "game_number": 626,
  "words": [
    "CRUCIFIX",
    "GARLIC",
    "MIRROR",
    "STAKE",
    "BEEF",
    "PORK",
    "POULTRY",
    "VENISON",
    "ROW",
    "QUARREL",
    "SPAT",
    "TIFF",
    "LAT",
    "PEC",
    "QUAD",
    "TRI"
  ],
  "adjacency_matrix": [
    [
      1.0,
      0.43580564856529236,
      0.438192754983902,
      0.41039884090423584,
      0.32749873399734497,
      0.37154480814933777,
      0.22687631845474243,
      0.23906219005584717,
      0.3201349675655365,
      0.24214865267276764,
      0.3175960183143616,
      0.12347622215747833,
      0.19197997450828552,
      0.27160364389419556,
      0.3073432147502899,
      0.19727592170238495
    ],
    [
      0.43580564856529236,
      1.0,
      0.21954835951328278,
      0.2915858328342438,
      0.41825881600379944,
      0.4924069046974182,
      0.3567569851875305,
      0.39801526069641113,
      0.19952277839183807,
      0.2006734311580658,
      0.24371595680713654,
      0.13064029812812805,
      0.13621248304843903,
      0.2378370612859726,
      0.2293512523174286,
      0.22524438798427582
    ],
    [
      0.438192754983902,
      0.21954835951328278,
      1.0,
      0.36066973209381104,
      0.22356536984443665,
      0.2714294195175171,
      0.1891084909439087,
      0.1739838868379593,
      0.3401587903499603,
      0.27063554525375366,
      0.29848504066467285,
      0.15894633531570435,
      0.10931626707315445,
      0.2787140905857086,
      0.30411967635154724,
      0.23604415357112885
    ],
    [
      0.41039884090423584,
      0.2915858328342438,
      0.36066973209381104,
      1.0,
      0.4089367687702179,
      0.2992868423461914,
      0.2560153305530548,
      0.28416579961776733,
      0.4011498689651489,
      0.3174509108066559,
      0.3407038450241089,
      0.10831084847450256,
      0.17813746631145477,
      0.1692846566438675,
      0.21572978794574738,
      0.2033025473356247
    ],
    [
      0.32749873399734497,
      0.41825881600379944,
      0.22356536984443665,
      0.4089367687702179,
      0.9999998807907104,
      0.703345000743866,
      0.6437474489212036,
      0.5602940320968628,
      0.32630234956741333,
      0.38348644971847534,
      0.45164352655410767,
      0.26056692004203796,
      0.15599751472473145,
      0.29873010516166687,
      0.32297396659851074,
      0.24268919229507446
    ],
    [
      0.37154480814933777,
      0.4924069046974182,
      0.2714294195175171,
      0.2992868423461914,
      0.703345000743866,
      1.0,
      0.5997747182846069,
      0.5227441191673279,
      0.24958035349845886,
      0.280958354473114,
      0.3290860056877136,
      0.1607092320919037,
      0.1430637389421463,
      0.3107747435569763,
      0.2565758526325226,
      0.22695642709732056
    ],
    [
      0.22687631845474243,
      0.3567569851875305,
      0.1891084909439087,
      0.2560153305530548,
      0.6437474489212036,
      0.5997747182846069,
      1.0,
      0.4138988256454468,
      0.3292657732963562,
      0.31968286633491516,
      0.2874855697154999,
      0.16209523379802704,
      0.09609716385602951,
      0.2612777352333069,
      0.17181861400604248,
      0.10070333629846573
    ],
    [
      0.23906219005584717,
      0.39801526069641113,
      0.1739838868379593,
      0.28416579961776733,
      0.5602940320968628,
      0.5227441191673279,
      0.4138988256454468,
      1.0,
      0.24031023681163788,
      0.30391925573349,
      0.26962020993232727,
      0.18655472993850708,
      0.2082040011882782,
      0.2525996267795563,
      0.2870770990848541,
      0.27416518330574036
    ],
    [
      0.3201349675655365,
      0.19952277839183807,
      0.3401587903499603,
      0.4011498689651489,
      0.32630234956741333,
      0.24958035349845886,
      0.3292657732963562,
      0.24031023681163788,
      1.0,
      0.3630645275115967,
      0.44404152035713196,
      0.24831800162792206,
      0.30002596974372864,
      0.24746140837669373,
      0.42685920000076294,
      0.3334466814994812
    ],
    [
      0.24214865267276764,
      0.2006734311580658,
      0.27063554525375366,
      0.3174509108066559,
      0.38348644971847534,
      0.280958354473114,
      0.31968286633491516,
      0.30391925573349,
      0.3630645275115967,
      1.0,
      0.5468495488166809,
      0.4895003139972687,
      0.16730666160583496,
      0.19053475558757782,
      0.21955174207687378,
      0.15303508937358856
    ],
    [
      0.3175960183143616,
      0.24371595680713654,
      0.29848504066467285,
      0.3407038450241089,
      0.45164352655410767,
      0.3290860056877136,
      0.2874855697154999,
      0.26962020993232727,
      0.44404152035713196,
      0.5468495488166809,
      1.0,
      0.5208654403686523,
      0.2255784273147583,
      0.24399234354496002,
      0.2123030573129654,
      0.23376545310020447
    ],
    [
      0.12347622215747833,
      0.13064029812812805,
      0.15894633531570435,
      0.10831084847450256,
      0.26056692004203796,
      0.1607092320919037,
      0.16209523379802704,
      0.18655472993850708,
      0.24831800162792206,
      0.4895003139972687,
      0.5208654403686523,
      0.9999999403953552,
      0.25115492939949036,
      0.2000456303358078,
      0.22764834761619568,
      0.14991901814937592
    ],
    [
      0.19197997450828552,
      0.13621248304843903,
      0.10931626707315445,
      0.17813746631145477,
      0.15599751472473145,
      0.1430637389421463,
      0.09609716385602951,
      0.2082040011882782,
      0.30002596974372864,
      0.16730666160583496,
      0.2255784273147583,
      0.25115492939949036,
      1.0,
      0.3195982575416565,
      0.27848783135414124,
      0.347446471452713
    ],
    [
      0.27160364389419556,
      0.2378370612859726,
      0.2787140905857086,
      0.1692846566438675,
      0.29873010516166687,
      0.3107747435569763,
      0.2612777352333069,
      0.2525996267795563,
      0.24746140837669373,
      0.19053475558757782,
      0.24399234354496002,
      0.2000456303358078,
      0.3195982575416565,
      1.0,
      0.4042765498161316,
      0.37641021609306335
    ],
    [
      0.3073432147502899,
      0.2293512523174286,
      0.30411967635154724,
      0.21572978794574738,
      0.32297396659851074,
      0.2565758526325226,
      0.17181861400604248,
      0.2870770990848541,
      0.42685920000076294,
      0.21955174207687378,
      0.2123030573129654,
      0.22764834761619568,
      0.27848783135414124,
      0.4042765498161316,
      1.0,
      0.44815772771835327
    ],
    [
      0.19727592170238495,
      0.22524438798427582,
      0.23604415357112885,
      0.2033025473356247,
      0.24268919229507446,
      0.22695642709732056,
      0.10070333629846573,
      0.27416518330574036,
      0.3334466814994812,
      0.15303508937358856,
      0.23376545310020447,
      0.14991901814937592,
      0.347446471452713,
      0.37641021609306335,
      0.44815772771835327,
      0.9999999403953552
    ]
  ]
}