{"game_number":280,"words":["ANNIVERSARY","BIRTHDAY","SHOWER","WEDDING","BARS","RECEPTION","SERVICE","SIGNAL","BATH","DERBY","READING","SANDWICH","COMIC","MET","ROCK","SOAP"],"adjacency_matrix":[[1.0,0.7237508296966553,0.19977939128875732,0.5398270487785339,0.24553319811820984,0.4085506796836853,0.37554189562797546,0.32930606603622437,0.2050623744726181,0.2757504880428314,0.29397228360176086,0.2465624213218689,0.32882973551750183,0.30105307698249817,0.19624032080173492,0.19730035960674286],[0.7237508296966553,1.0,0.2658085227012634,0.5645318627357483,0.21816660463809967,0.3681789040565491,0.3031236529350281,0.28019776940345764,0.2989771068096161,0.27238398790359497,0.319845050573349,0.25480806827545166,0.28172820806503296,0.2788083553314209,0.22801744937896729,0.17179912328720093],[0.19977939128875732,0.2658085227012634,1.0000001192092896,0.3726705312728882,0.3030363619327545,0.35622647404670715,0.32933250069618225,0.36589673161506653,0.6256524324417114,0.18840821087360382,0.32968416810035706,0.3157685101032257,0.2422662079334259,0.3062179386615753,0.31940269470214844,0.35552382469177246],[0.5398270487785339,0.5645318627357483,0.3726705312728882,1.0,0.2814318537712097,0.5107278823852539,0.4430200159549713,0.3508550524711609,0.40368884801864624,0.32166314125061035,0.3039642870426178,0.3294183015823364,0.3848385810852051,0.313745379447937,0.31276199221611023,0.3147614300251007],[0.24553319811820984,0.21816660463809967,0.3030363619327545,0.2814318537712097,1.0,0.29229676723480225,0.3422222137451172,0.2937043607234955,0.2964772582054138,0.23434555530548096,0.3096769154071808,0.4322919249534607,0.3171534836292267,0.28683871030807495,0.36001989245414734,0.37898045778274536],[0.4085506796836853,0.3681789040565491,0.35622647404670715,0.5107278823852539,0.29229676723480225,1.0,0.47111672163009644,0.5129294395446777,0.3467618525028229,0.19435258209705353,0.4215033948421478,0.3203927278518677,0.32847821712493896,0.33216169476509094,0.2754434645175934,0.24518001079559326],[0.37554189562797546,0.3031236529350281,0.32933250069618225,0.4430200159549713,0.3422222137451172,0.47111672163009644,0.9999999403953552,0.48257535696029663,0.3848770260810852,0.2563020884990692,0.4062081277370453,0.4098278284072876,0.38326096534729004,0.28969669342041016,0.365374892950058,0.32284674048423767],[0.32930606603622437,0.28019776940345764,0.36589673161506653,0.3508550524711609,0.2937043607234955,0.5129294395446777,0.48257535696029663,0.9999999403953552,0.3030834496021271,0.19512975215911865,0.35982242226600647,0.3148607313632965,0.29654771089553833,0.21955972909927368,0.32173362374305725,0.1559903770685196],[0.2050623744726181,0.2989771068096161,0.6256524324417114,0.40368884801864624,0.2964772582054138,0.3467618525028229,0.3848770260810852,0.3030834496021271,1.0,0.27210259437561035,0.3354865610599518,0.4080244302749634,0.26920610666275024,0.17667609453201294,0.390179842710495,0.5140047073364258],[0.2757504880428314,0.27238398790359497,0.18840821087360382,0.32166314125061035,0.23434555530548096,0.19435258209705353,0.2563020884990692,0.19512975215911865,0.27210259437561035,1.0,0.1520647406578064,0.3879075050354004,0.3063460886478424,0.228729248046875,0.31833168864250183,0.2535198926925659],[0.29397228360176086,0.319845050573349,0.32968416810035706,0.3039642870426178,0.3096769154071808,0.4215033948421478,0.4062081277370453,0.35982242226600647,0.3354865610599518,0.1520647406578064,1.0,0.293151319026947,0.43612349033355713,0.32775449752807617,0.29804012179374695,0.20038990676403046],[0.2465624213218689,0.25480806827545166,0.3157685101032257,0.3294183015823364,0.4322919249534607,0.3203927278518677,0.4098278284072876,0.3148607313632965,0.4080244302749634,0.3879075050354004,0.293151319026947,1.0,0.38030362129211426,0.274413138628006,0.4368232786655426,0.29558658599853516],[0.32882973551750183,0.28172820806503296,0.2422662079334259,0.3848385810852051,0.3171534836292267,0.32847821712493896,0.38326096534729004,0.29654771089553833,0.26920610666275024,0.3063460886478424,0.43612349033355713,0.38030362129211426,1.0,0.26522284746170044,0.37134861946105957,0.367953896522522],[0.30105307698249817,0.2788083553314209,0.3062179386615753,0.313745379447937,0.28683871030807495,0.33216169476509094,0.28969669342041016,0.21955972909927368,0.17667609453201294,0.228729248046875,0.32775449752807617,0.274413138628006,0.26522284746170044,0.9999999403953552,0.2350497543811798,0.12938955426216125],[0.19624032080173492,0.22801744937896729,0.31940269470214844,0.31276199221611023,0.36001989245414734,0.2754434645175934,0.365374892950058,0.32173362374305725,0.390179842710495,0.31833168864250183,0.29804012179374695,0.4368232786655426,0.37134861946105957,0.2350497543811798,1.0,0.3377245366573334],[0.19730035960674286,0.17179912328720093,0.35552382469177246,0.3147614300251007,0.37898045778274536,0.24518001079559326,0.32284674048423767,0.1559903770685196,0.5140047073364258,0.2535198926925659,0.20038990676403046,0.29558658599853516,0.367953896522522,0.12938955426216125,0.3377245366573334,1.0]]}