{
  "game_number": 543,
  "words": [
    "LAGOS",
    "LIMERICK",
    "LINCOLN",
    "LUXOR",
    "LINE",
    "METER",
    "RHYME",
    "VERSE",
    "CREATOR",
    "DUDE",
    "RAPPER",
    "STALLION",
    "BLOCK",
    "COVER",
    "HIDE",
    "MASK"
  ],
  "adjacency_matrix": [
    [
      1.0,
      0.3149436116218567,
      0.4074097275733948,
      0.4578486382961273,
      0.2302940934896469,
      0.1535409390926361,
      0.18285928666591644,
      0.17800076305866241,
      0.12497709691524506,
      0.2958294153213501,
      0.3686946928501129,
      0.18774273991584778,
      0.2120489776134491,
      0.22837930917739868,
      0.22877711057662964,
      0.2632220387458801
    ],
    [
      0.3149436116218567,
      1.0,
      0.42203837633132935,
      0.2552003264427185,
      0.42485061287879944,
      0.3362198770046234,
      0.5590935945510864,
      0.48623621463775635,
      0.20229382812976837,
      0.33985966444015503,
      0.2530295252799988,
      0.29018810391426086,
      0.3609779477119446,
      0.30784833431243896,
      0.24885182082653046,
      0.30211153626441956
    ],
    [
      0.4074097275733948,
      0.42203837633132935,
      1.0,
      0.3202053904533386,
      0.42394328117370605,
      0.16843082010746002,
      0.27212417125701904,
      0.2911657392978668,
      0.25603345036506653,
      0.3623475730419159,
      0.31435954570770264,
      0.2876571714878082,
      0.32108011841773987,
      0.2936219274997711,
      0.28874900937080383,
      0.2952711284160614
    ],
    [
      0.4578486382961273,
      0.2552003264427185,
      0.3202053904533386,
      1.0,
      0.22688932716846466,
      0.23771949112415314,
      0.18095272779464722,
      0.1388673484325409,
      0.08820317685604095,
      0.2817877531051636,
      0.13928112387657166,
      0.18926912546157837,
      0.2066030204296112,
      0.1722419559955597,
      0.19732272624969482,
      0.23484672605991364
    ],
    [
      0.2302940934896469,
      0.42485061287879944,
      0.42394328117370605,
      0.22688932716846466,
      1.0,
      0.4450538754463196,
      0.43447524309158325,
      0.49454352259635925,
      0.3094443678855896,
      0.31748995184898376,
      0.3163498044013977,
      0.35752516984939575,
      0.46168774366378784,
      0.4559762179851532,
      0.37815335392951965,
      0.3899092972278595
    ],
    [
      0.1535409390926361,
      0.3362198770046234,
      0.16843082010746002,
      0.23771949112415314,
      0.4450538754463196,
      1.0,
      0.44033950567245483,
      0.4063950777053833,
      0.15866999328136444,
      0.23539495468139648,
      0.20398250222206116,
      0.2715943157672882,
      0.3520009517669678,
      0.32793256640434265,
      0.2548104524612427,
      0.33833903074264526
    ],
    [
      0.18285928666591644,
      0.5590935945510864,
      0.27212417125701904,
      0.18095272779464722,
      0.43447524309158325,
      0.44033950567245483,
      0.9999999403953552,
      0.5385084748268127,
      0.212355837225914,
      0.2529152035713196,
      0.4334718883037567,
      0.23219750821590424,
      0.34529149532318115,
      0.3301759362220764,
      0.27112677693367004,
      0.31170403957366943
    ],
    [
      0.17800076305866241,
      0.48623621463775635,
      0.2911657392978668,
      0.1388673484325409,
      0.49454352259635925,
      0.4063950777053833,
      0.5385084748268127,
      1.0,
      0.22333326935768127,
      0.2762947678565979,
      0.35094738006591797,
      0.2407616823911667,
      0.3065517544746399,
      0.3720143139362335,
      0.26847168803215027,
      0.2337612807750702
    ],
    [
      0.12497709691524506,
      0.20229382812976837,
      0.25603345036506653,
      0.08820317685604095,
      0.3094443678855896,
      0.15866999328136444,
      0.212355837225914,
      0.22333326935768127,
      1.0,
      0.36557483673095703,
      0.4026474058628082,
      0.22302573919296265,
      0.29735812544822693,
      0.25925353169441223,
      0.2539089322090149,
      0.31044867634773254
    ],
    [
      0.2958294153213501,
      0.33985966444015503,
      0.3623475730419159,
      0.2817877531051636,
      0.31748995184898376,
      0.23539495468139648,
      0.2529152035713196,
      0.2762947678565979,
      0.36557483673095703,
      1.0,
      0.4859232008457184,
      0.33333292603492737,
      0.327466756105423,
      0.22123464941978455,
      0.2636568546295166,
      0.2953287661075592
    ],
    [
      0.3686946928501129,
      0.2530295252799988,
      0.31435954570770264,
      0.13928112387657166,
      0.3163498044013977,
      0.20398250222206116,
      0.4334718883037567,
      0.35094738006591797,
      0.4026474058628082,
      0.4859232008457184,
      1.0,
      0.2863119840621948,
      0.2999873161315918,
      0.24297232925891876,
      0.23460301756858826,
      0.26436394453048706
    ],
    [
      0.18774273991584778,
      0.29018810391426086,
      0.2876571714878082,
      0.18926912546157837,
      0.35752516984939575,
      0.2715943157672882,
      0.23219750821590424,
      0.2407616823911667,
      0.22302573919296265,
      0.33333292603492737,
      0.2863119840621948,
      0.9999999403953552,
      0.2715364992618561,
      0.30302074551582336,
      0.2634468078613281,
      0.266472190618515
    ],
    [
      0.2120489776134491,
      0.3609779477119446,
      0.32108011841773987,
      0.2066030204296112,
      0.46168774366378784,
      0.3520009517669678,
      0.34529149532318115,
      0.3065517544746399,
      0.29735812544822693,
      0.327466756105423,
      0.2999873161315918,
      0.2715364992618561,
      1.0,
      0.42307281494140625,
      0.43390804529190063,
      0.4296748638153076
    ],
    [
      0.22837930917739868,
      0.30784833431243896,
      0.2936219274997711,
      0.1722419559955597,
      0.4559762179851532,
      0.32793256640434265,
      0.3301759362220764,
      0.3720143139362335,
      0.25925353169441223,
      0.22123464941978455,
      0.24297232925891876,
      0.30302074551582336,
      0.42307281494140625,
      1.0,
      0.5821937322616577,
      0.4955586791038513
    ],
    [
      0.22877711057662964,
      0.24885182082653046,
      0.28874900937080383,
      0.19732272624969482,
      0.37815335392951965,
      0.2548104524612427,
      0.27112677693367004,
      0.26847168803215027,
      0.2539089322090149,
      0.2636568546295166,
      0.23460301756858826,
      0.2634468078613281,
      0.43390804529190063,
      0.5821937322616577,
      1.0,
      0.605838418006897
    ],
    [
      0.2632220387458801,
      0.30211153626441956,
      0.2952711284160614,
      0.23484672605991364,
      0.3899092972278595,
      0.33833903074264526,
      0.31170403957366943,
      0.2337612807750702,
      0.31044867634773254,
      0.2953287661075592,
      0.26436394453048706,
      0.266472190618515,
      0.4296748638153076,
      0.4955586791038513,
      0.605838418006897,
      0.9999999403953552
    ]
  ]
}