{"game_number":128,"words":["CAST","GENRE","PLOT","TITLE","AFFECT","AIRS","CHARADE","FRONT","BERRY","KING","PAGE","WATERS","FIDDLE","GUESS","NATURE","WIND"],"adjacency_matrix":[[1.0,0.31128716468811035,0.3971591591835022,0.24347253143787384,0.3859994113445282,0.35304737091064453,0.3582676351070404,0.35755106806755066,0.26587414741516113,0.3470904529094696,0.369020938873291,0.30410099029541016,0.33660179376602173,0.28860801458358765,0.3146243095397949,0.3432847857475281],[0.31128716468811035,1.0,0.4111591875553131,0.40059077739715576,0.2652027904987335,0.27577778697013855,0.2662053406238556,0.31033363938331604,0.2157609909772873,0.3187533915042877,0.360309898853302,0.23698967695236206,0.3493573069572449,0.26178592443466187,0.4401398301124573,0.21722812950611115],[0.3971591591835022,0.4111591875553131,1.0,0.3575662672519684,0.34030717611312866,0.24536573886871338,0.44468554854393005,0.3461061716079712,0.28492096066474915,0.28592804074287415,0.33033645153045654,0.24294956028461456,0.30241039395332336,0.33529922366142273,0.407120943069458,0.34381014108657837],[0.24347253143787384,0.40059077739715576,0.3575662672519684,1.0,0.29154476523399353,0.3054874539375305,0.2829461097717285,0.3432252109050751,0.2065574824810028,0.3527637720108032,0.4387076199054718,0.2475617378950119,0.23498444259166718,0.31506773829460144,0.36417356133461,0.24009455740451813],[0.3859994113445282,0.2652027904987335,0.34030717611312866,0.29154476523399353,1.0,0.2780073285102844,0.2600639760494232,0.3795756995677948,0.2974033057689667,0.28523489832878113,0.38434699177742004,0.3675834536552429,0.3349238634109497,0.3910082280635834,0.5186702013015747,0.42122361063957214],[0.35304737091064453,0.27577778697013855,0.24536573886871338,0.3054874539375305,0.2780073285102844,1.0,0.2680569291114807,0.255883127450943,0.18496741354465485,0.23159092664718628,0.25837621092796326,0.41660597920417786,0.24096105992794037,0.17717218399047852,0.36806944012641907,0.3790777921676636],[0.3582676351070404,0.2662053406238556,0.44468554854393005,0.2829461097717285,0.2600639760494232,0.2680569291114807,1.0,0.40974047780036926,0.17918021976947784,0.33126509189605713,0.3016672134399414,0.2517927885055542,0.37591978907585144,0.3396134674549103,0.37064042687416077,0.30271002650260925],[0.35755106806755066,0.31033363938331604,0.3461061716079712,0.3432252109050751,0.3795756995677948,0.255883127450943,0.40974047780036926,1.0000001192092896,0.2601223289966583,0.3072124719619751,0.5300748944282532,0.33024734258651733,0.35005050897598267,0.2900933027267456,0.3737906217575073,0.42258477210998535],[0.26587414741516113,0.2157609909772873,0.28492096066474915,0.2065574824810028,0.2974033057689667,0.18496741354465485,0.17918021976947784,0.2601223289966583,0.9999999403953552,0.25722238421440125,0.191551074385643,0.3172036111354828,0.2968183159828186,0.19123268127441406,0.39230087399482727,0.3416629731655121],[0.3470904529094696,0.3187533915042877,0.28592804074287415,0.3527637720108032,0.28523489832878113,0.23159092664718628,0.33126509189605713,0.3072124719619751,0.25722238421440125,1.0,0.29937443137168884,0.32009753584861755,0.3167126178741455,0.28603285551071167,0.3591936230659485,0.2953844368457794],[0.369020938873291,0.360309898853302,0.33033645153045654,0.4387076199054718,0.38434699177742004,0.25837621092796326,0.3016672134399414,0.5300748944282532,0.191551074385643,0.29937443137168884,1.0,0.33495986461639404,0.3099425435066223,0.3290526270866394,0.39882904291152954,0.2659322917461395],[0.30410099029541016,0.23698967695236206,0.24294956028461456,0.2475617378950119,0.3675834536552429,0.41660597920417786,0.2517927885055542,0.33024734258651733,0.3172036111354828,0.32009753584861755,0.33495986461639404,1.0,0.22672037780284882,0.19111646711826324,0.4662575423717499,0.45117583870887756],[0.33660179376602173,0.3493573069572449,0.30241039395332336,0.23498444259166718,0.3349238634109497,0.24096105992794037,0.37591978907585144,0.35005050897598267,0.2968183159828186,0.3167126178741455,0.3099425435066223,0.22672037780284882,1.0,0.37882378697395325,0.3764025568962097,0.44473421573638916],[0.28860801458358765,0.26178592443466187,0.33529922366142273,0.31506773829460144,0.3910082280635834,0.17717218399047852,0.3396134674549103,0.2900933027267456,0.19123268127441406,0.28603285551071167,0.3290526270866394,0.19111646711826324,0.37882378697395325,1.0,0.37773147225379944,0.2882997393608093],[0.3146243095397949,0.4401398301124573,0.407120943069458,0.36417356133461,0.5186702013015747,0.36806944012641907,0.37064042687416077,0.3737906217575073,0.39230087399482727,0.3591936230659485,0.39882904291152954,0.4662575423717499,0.3764025568962097,0.37773147225379944,1.0,0.46046164631843567],[0.3432847857475281,0.21722812950611115,0.34381014108657837,0.24009455740451813,0.42122361063957214,0.3790777921676636,0.30271002650260925,0.42258477210998535,0.3416629731655121,0.2953844368457794,0.2659322917461395,0.45117583870887756,0.44473421573638916,0.2882997393608093,0.46046164631843567,1.0000001192092896]]}