{
  "game_number": 522,
  "words": [
    "HOSE",
    "PIPE",
    "STRAW",
    "TUBE",
    "CANDLESTICK",
    "KNIFE",
    "ROPE",
    "WRENCH",
    "CIGARETTE",
    "BIKE",
    "TICKET",
    "SPORTS",
    "HOWEVER",
    "STILL",
    "THOUGH",
    "YET"
  ],
  "adjacency_matrix": [
    [
      1.0,
      0.5981264114379883,
      0.4222615957260132,
      0.5223178267478943,
      0.3662858009338379,
      0.3821641802787781,
      0.5166270732879639,
      0.43527284264564514,
      0.3651393949985504,
      0.36201345920562744,
      0.2938424050807953,
      0.2644730508327484,
      0.25767964124679565,
      0.2998659014701843,
      0.2598448097705841,
      0.21601839363574982
    ],
    [
      0.5981264114379883,
      1.0,
      0.4462490677833557,
      0.5712022185325623,
      0.40348973870277405,
      0.4254801273345947,
      0.48149728775024414,
      0.4640769064426422,
      0.5194858908653259,
      0.33014747500419617,
      0.3356195092201233,
      0.308567613363266,
      0.2132463902235031,
      0.319707453250885,
      0.23146113753318787,
      0.25190141797065735
    ],
    [
      0.4222615957260132,
      0.4462490677833557,
      1.0000001192092896,
      0.3641776144504547,
      0.4279008209705353,
      0.3578689396381378,
      0.49282482266426086,
      0.40155789256095886,
      0.40796616673469543,
      0.23516565561294556,
      0.3179108500480652,
      0.2321391999721527,
      0.28363120555877686,
      0.288125216960907,
      0.28630155324935913,
      0.2915278971195221
    ],
    [
      0.5223178267478943,
      0.5712022185325623,
      0.3641776144504547,
      1.0,
      0.3690764904022217,
      0.4463006258010864,
      0.41073933243751526,
      0.39414769411087036,
      0.43137797713279724,
      0.40360790491104126,
      0.4047299921512604,
      0.29606980085372925,
      0.22061975300312042,
      0.2842528820037842,
      0.20715397596359253,
      0.20042169094085693
    ],
    [
      0.3662858009338379,
      0.40348973870277405,
      0.4279008209705353,
      0.3690764904022217,
      1.0,
      0.4533122181892395,
      0.41252100467681885,
      0.4429744482040405,
      0.3847085237503052,
      0.23792973160743713,
      0.3341812193393707,
      0.2401071935892105,
      0.24819600582122803,
      0.3371746242046356,
      0.250949889421463,
      0.28527137637138367
    ],
    [
      0.3821641802787781,
      0.4254801273345947,
      0.3578689396381378,
      0.4463006258010864,
      0.4533122181892395,
      1.0,
      0.48228296637535095,
      0.5082266926765442,
      0.3982389569282532,
      0.3782898485660553,
      0.33779531717300415,
      0.2837012708187103,
      0.2297937273979187,
      0.26827913522720337,
      0.23997189104557037,
      0.235379159450531
    ],
    [
      0.5166270732879639,
      0.48149728775024414,
      0.49282482266426086,
      0.41073933243751526,
      0.41252100467681885,
      0.48228296637535095,
      1.0,
      0.5009596943855286,
      0.3701953589916229,
      0.4009794592857361,
      0.3135247826576233,
      0.29153722524642944,
      0.2411567121744156,
      0.2828595042228699,
      0.26128244400024414,
      0.23444178700447083
    ],
    [
      0.43527284264564514,
      0.4640769064426422,
      0.40155789256095886,
      0.39414769411087036,
      0.4429744482040405,
      0.5082266926765442,
      0.5009596943855286,
      0.9999999403953552,
      0.31749865412712097,
      0.3349481225013733,
      0.2610800266265869,
      0.23942331969738007,
      0.23376202583312988,
      0.29964277148246765,
      0.22186389565467834,
      0.2692844867706299
    ],
    [
      0.3651393949985504,
      0.5194858908653259,
      0.40796616673469543,
      0.43137797713279724,
      0.3847085237503052,
      0.3982389569282532,
      0.3701953589916229,
      0.31749865412712097,
      0.9999999403953552,
      0.3854134678840637,
      0.34804484248161316,
      0.3088824152946472,
      0.12224921584129333,
      0.2234405279159546,
      0.17523671686649323,
      0.16721881926059723
    ],
    [
      0.36201345920562744,
      0.33014747500419617,
      0.23516565561294556,
      0.40360790491104126,
      0.23792973160743713,
      0.3782898485660553,
      0.4009794592857361,
      0.3349481225013733,
      0.3854134678840637,
      1.0,
      0.3934798836708069,
      0.4533441662788391,
      0.2456546574831009,
      0.33640775084495544,
      0.30025237798690796,
      0.27958256006240845
    ],
    [
      0.2938424050807953,
      0.3356195092201233,
      0.3179108500480652,
      0.4047299921512604,
      0.3341812193393707,
      0.33779531717300415,
      0.3135247826576233,
      0.2610800266265869,
      0.34804484248161316,
      0.3934798836708069,
      0.9999999403953552,
      0.39555370807647705,
      0.24685025215148926,
      0.33103927969932556,
      0.26900574564933777,
      0.25547391176223755
    ],
    [
      0.2644730508327484,
      0.308567613363266,
      0.2321391999721527,
      0.29606980085372925,
      0.2401071935892105,
      0.2837012708187103,
      0.29153722524642944,
      0.23942331969738007,
      0.3088824152946472,
      0.4533441662788391,
      0.39555370807647705,
      1.0,
      0.3102646768093109,
      0.37471190094947815,
      0.32120421528816223,
      0.2839040160179138
    ],
    [
      0.25767964124679565,
      0.2132463902235031,
      0.28363120555877686,
      0.22061975300312042,
      0.24819600582122803,
      0.2297937273979187,
      0.2411567121744156,
      0.23376202583312988,
      0.12224921584129333,
      0.2456546574831009,
      0.24685025215148926,
      0.3102646768093109,
      0.9999999403953552,
      0.6710062026977539,
      0.8418985605239868,
      0.725291907787323
    ],
    [
      0.2998659014701843,
      0.319707453250885,
      0.288125216960907,
      0.2842528820037842,
      0.3371746242046356,
      0.26827913522720337,
      0.2828595042228699,
      0.29964277148246765,
      0.2234405279159546,
      0.33640775084495544,
      0.33103927969932556,
      0.37471190094947815,
      0.6710062026977539,
      1.0,
      0.5863174796104431,
      0.6606916189193726
    ],
    [
      0.2598448097705841,
      0.23146113753318787,
      0.28630155324935913,
      0.20715397596359253,
      0.250949889421463,
      0.23997189104557037,
      0.26128244400024414,
      0.22186389565467834,
      0.17523671686649323,
      0.30025237798690796,
      0.26900574564933777,
      0.32120421528816223,
      0.8418985605239868,
      0.5863174796104431,
      1.0,
      0.7064015865325928
    ],
    [
      0.21601839363574982,
      0.25190141797065735,
      0.2915278971195221,
      0.20042169094085693,
      0.28527137637138367,
      0.235379159450531,
      0.23444178700447083,
      0.2692844867706299,
      0.16721881926059723,
      0.27958256006240845,
      0.25547391176223755,
      0.2839040160179138,
      0.725291907787323,
      0.6606916189193726,
      0.7064015865325928,
      1.0
    ]
  ]
}