{
  "game_number": 450,
  "words": [
    "CANDLE",
    "CRAYON",
    "HONEYCOMB",
    "SEAL",
    "CABIN",
    "ENGINE",
    "NOSE",
    "WING",
    "BULB",
    "EAR",
    "HEAD",
    "STALK",
    "DIP",
    "DROP",
    "FALL",
    "SINK"
  ],
  "adjacency_matrix": [
    [
      0.9999999403953552,
      0.3930477201938629,
      0.30864599347114563,
      0.3620113432407379,
      0.31278833746910095,
      0.34857356548309326,
      0.36228445172309875,
      0.3250868022441864,
      0.5609833002090454,
      0.3366304636001587,
      0.3703969717025757,
      0.25310850143432617,
      0.3454066812992096,
      0.42253994941711426,
      0.3348093032836914,
      0.3877597451210022
    ],
    [
      0.3930477201938629,
      1.0,
      0.2862655222415924,
      0.32560524344444275,
      0.20417043566703796,
      0.17287656664848328,
      0.3115490972995758,
      0.20897912979125977,
      0.377110093832016,
      0.23424115777015686,
      0.30626779794692993,
      0.16646547615528107,
      0.30550628900527954,
      0.31921955943107605,
      0.19587276875972748,
      0.23056016862392426
    ],
    [
      0.30864599347114563,
      0.2862655222415924,
      1.0,
      0.40727704763412476,
      0.34883594512939453,
      0.3391251862049103,
      0.34264370799064636,
      0.37784671783447266,
      0.28412723541259766,
      0.28990355134010315,
      0.27107006311416626,
      0.24853673577308655,
      0.31549450755119324,
      0.2801510989665985,
      0.19158022105693817,
      0.2305186539888382
    ],
    [
      0.3620113432407379,
      0.32560524344444275,
      0.40727704763412476,
      1.0,
      0.32689759135246277,
      0.314990371465683,
      0.3755601942539215,
      0.3496473729610443,
      0.3068343997001648,
      0.3737947344779968,
      0.47269320487976074,
      0.2544032335281372,
      0.3371486961841583,
      0.3789403736591339,
      0.3036898374557495,
      0.3683488070964813
    ],
    [
      0.31278833746910095,
      0.20417043566703796,
      0.34883594512939453,
      0.32689759135246277,
      1.0,
      0.4491156041622162,
      0.38913989067077637,
      0.4114331603050232,
      0.24994303286075592,
      0.27638015151023865,
      0.36960169672966003,
      0.22120867669582367,
      0.2588016092777252,
      0.25873640179634094,
      0.25275084376335144,
      0.3941664695739746
    ],
    [
      0.34857356548309326,
      0.17287656664848328,
      0.3391251862049103,
      0.314990371465683,
      0.4491156041622162,
      1.0,
      0.4337981939315796,
      0.40795665979385376,
      0.34355634450912476,
      0.26059839129447937,
      0.38980424404144287,
      0.22992922365665436,
      0.22424215078353882,
      0.3184570372104645,
      0.21403440833091736,
      0.33242884278297424
    ],
    [
      0.36228445172309875,
      0.3115490972995758,
      0.34264370799064636,
      0.3755601942539215,
      0.38913989067077637,
      0.4337981939315796,
      1.0,
      0.4901439845561981,
      0.3543606400489807,
      0.6091663837432861,
      0.5971940755844116,
      0.32362186908721924,
      0.361245721578598,
      0.4128558933734894,
      0.3157072961330414,
      0.3158623278141022
    ],
    [
      0.3250868022441864,
      0.20897912979125977,
      0.37784671783447266,
      0.3496473729610443,
      0.4114331603050232,
      0.40795665979385376,
      0.4901439845561981,
      1.0,
      0.29940569400787354,
      0.35100632905960083,
      0.4820218086242676,
      0.29879024624824524,
      0.3369683027267456,
      0.4000695049762726,
      0.36397653818130493,
      0.34918490052223206
    ],
    [
      0.5609833002090454,
      0.377110093832016,
      0.28412723541259766,
      0.3068343997001648,
      0.24994303286075592,
      0.34355634450912476,
      0.3543606400489807,
      0.29940569400787354,
      1.0,
      0.33891090750694275,
      0.3174375891685486,
      0.3470208942890167,
      0.2860327363014221,
      0.2849277853965759,
      0.2158258557319641,
      0.24702076613903046
    ],
    [
      0.3366304636001587,
      0.23424115777015686,
      0.28990355134010315,
      0.3737947344779968,
      0.27638015151023865,
      0.26059839129447937,
      0.6091663837432861,
      0.35100632905960083,
      0.33891090750694275,
      1.0,
      0.5537325143814087,
      0.3614964187145233,
      0.3105270266532898,
      0.3772786855697632,
      0.38010796904563904,
      0.3011305034160614
    ],
    [
      0.3703969717025757,
      0.30626779794692993,
      0.27107006311416626,
      0.47269320487976074,
      0.36960169672966003,
      0.38980424404144287,
      0.5971940755844116,
      0.4820218086242676,
      0.3174375891685486,
      0.5537325143814087,
      1.0,
      0.3574076294898987,
      0.4248258173465729,
      0.4730915129184723,
      0.4550549387931824,
      0.40865373611450195
    ],
    [
      0.25310850143432617,
      0.16646547615528107,
      0.24853673577308655,
      0.2544032335281372,
      0.22120867669582367,
      0.22992922365665436,
      0.32362186908721924,
      0.29879024624824524,
      0.3470208942890167,
      0.3614964187145233,
      0.3574076294898987,
      1.0,
      0.28505223989486694,
      0.39508143067359924,
      0.3284192979335785,
      0.2591716945171356
    ],
    [
      0.3454066812992096,
      0.30550628900527954,
      0.31549450755119324,
      0.3371486961841583,
      0.2588016092777252,
      0.22424215078353882,
      0.361245721578598,
      0.3369683027267456,
      0.2860327363014221,
      0.3105270266532898,
      0.4248258173465729,
      0.28505223989486694,
      1.0,
      0.6231989860534668,
      0.46793460845947266,
      0.510769248008728
    ],
    [
      0.42253994941711426,
      0.31921955943107605,
      0.2801510989665985,
      0.3789403736591339,
      0.25873640179634094,
      0.3184570372104645,
      0.4128558933734894,
      0.4000695049762726,
      0.2849277853965759,
      0.3772786855697632,
      0.4730915129184723,
      0.39508143067359924,
      0.6231989860534668,
      1.0,
      0.6236399412155151,
      0.5764592885971069
    ],
    [
      0.3348093032836914,
      0.19587276875972748,
      0.19158022105693817,
      0.3036898374557495,
      0.25275084376335144,
      0.21403440833091736,
      0.3157072961330414,
      0.36397653818130493,
      0.2158258557319641,
      0.38010796904563904,
      0.4550549387931824,
      0.3284192979335785,
      0.46793460845947266,
      0.6236399412155151,
      1.0,
      0.48508894443511963
    ],
    [
      0.3877597451210022,
      0.23056016862392426,
      0.2305186539888382,
      0.3683488070964813,
      0.3941664695739746,
      0.33242884278297424,
      0.3158623278141022,
      0.34918490052223206,
      0.24702076613903046,
      0.3011305034160614,
      0.40865373611450195,
      0.2591716945171356,
      0.510769248008728,
      0.5764592885971069,
      0.48508894443511963,
      1.0
    ]
  ]
}