{"game_number":320,"words":["BEARD","GOATEE","MUSTACHE","STUBBLE","GEAR","HANDLEBAR","PEDAL","WHEEL","DOG","FOLLOW","TAIL","TRACK","DOUBT","MOVIE","SHADOW","VOTE"],"adjacency_matrix":[[1.0,0.6827639937400818,0.7182053327560425,0.5877097845077515,0.3160875737667084,0.49142634868621826,0.14897972345352173,0.23594647645950317,0.3127673864364624,0.280021607875824,0.4360913932323456,0.229533389210701,0.30395135283470154,0.18935614824295044,0.35881543159484863,0.23942027986049652],[0.6827639937400818,0.9999999403953552,0.6605138778686523,0.5800896883010864,0.269326388835907,0.4286029040813446,0.17418146133422852,0.28130802512168884,0.3791281580924988,0.20570364594459534,0.392825186252594,0.22044304013252258,0.15409588813781738,0.24682936072349548,0.29162707924842834,0.17908331751823425],[0.7182053327560425,0.6605138778686523,1.0,0.4736522138118744,0.27805471420288086,0.5174432992935181,0.14697039127349854,0.1906953752040863,0.2822510302066803,0.17932038009166718,0.3861306309700012,0.1600877344608307,0.2094641923904419,0.20879292488098145,0.3169235289096832,0.14584390819072723],[0.5877097845077515,0.5800896883010864,0.4736522138118744,0.9999999403953552,0.3209415078163147,0.3226983845233917,0.1561853587627411,0.2692711353302002,0.29736751317977905,0.24191616475582123,0.3847915232181549,0.28740036487579346,0.2684786021709442,0.2244655340909958,0.3866775631904602,0.20202375948429108],[0.3160875737667084,0.269326388835907,0.27805471420288086,0.3209415078163147,1.0,0.4904259145259857,0.4969269633293152,0.5421637892723083,0.3173517882823944,0.36878710985183716,0.4389190375804901,0.472461074590683,0.2548144459724426,0.3401183784008026,0.3347046971321106,0.2924340069293976],[0.49142634868621826,0.4286029040813446,0.5174432992935181,0.3226983845233917,0.4904259145259857,1.0,0.5367677807807922,0.5119777321815491,0.32088178396224976,0.32031095027923584,0.45208802819252014,0.3483041822910309,0.22323893010616302,0.22043141722679138,0.33167436718940735,0.22507470846176147],[0.14897972345352173,0.17418146133422852,0.14697039127349854,0.1561853587627411,0.4969269633293152,0.5367677807807922,1.0,0.535473108291626,0.30592453479766846,0.29726532101631165,0.3543122410774231,0.3987344801425934,0.21209365129470825,0.24728557467460632,0.29039961099624634,0.21886180341243744],[0.23594647645950317,0.28130802512168884,0.1906953752040863,0.2692711353302002,0.5421637892723083,0.5119777321815491,0.535473108291626,1.0,0.3684729337692261,0.33905985951423645,0.3967514634132385,0.47839856147766113,0.24739983677864075,0.32356956601142883,0.3762972056865692,0.3095431625843048],[0.3127673864364624,0.3791281580924988,0.2822510302066803,0.29736751317977905,0.3173517882823944,0.32088178396224976,0.30592453479766846,0.3684729337692261,1.0,0.33350181579589844,0.5174517035484314,0.39163103699684143,0.18609866499900818,0.34152230620384216,0.28705400228500366,0.2822710871696472],[0.280021607875824,0.20570364594459534,0.17932038009166718,0.24191616475582123,0.36878710985183716,0.32031095027923584,0.29726532101631165,0.33905985951423645,0.33350181579589844,1.0,0.34650057554244995,0.5143551230430603,0.4046074151992798,0.3418463468551636,0.35937246680259705,0.40564480423927307],[0.4360913932323456,0.392825186252594,0.3861306309700012,0.3847915232181549,0.4389190375804901,0.45208802819252014,0.3543122410774231,0.3967514634132385,0.5174517035484314,0.34650057554244995,0.9999999403953552,0.4373570382595062,0.18907681107521057,0.27579060196876526,0.3939674198627472,0.2555824816226959],[0.229533389210701,0.22044304013252258,0.1600877344608307,0.28740036487579346,0.472461074590683,0.3483041822910309,0.3987344801425934,0.47839856147766113,0.39163103699684143,0.5143551230430603,0.4373570382595062,1.0,0.2641672194004059,0.3855232000350952,0.40355154871940613,0.3560183346271515],[0.30395135283470154,0.15409588813781738,0.2094641923904419,0.2684786021709442,0.2548144459724426,0.22323893010616302,0.21209365129470825,0.24739983677864075,0.18609866499900818,0.4046074151992798,0.18907681107521057,0.2641672194004059,0.9999999403953552,0.25852251052856445,0.4921666979789734,0.3683684170246124],[0.18935614824295044,0.24682936072349548,0.20879292488098145,0.2244655340909958,0.3401183784008026,0.22043141722679138,0.24728557467460632,0.32356956601142883,0.34152230620384216,0.3418463468551636,0.27579060196876526,0.3855232000350952,0.25852251052856445,1.0,0.3244231641292572,0.3098699450492859],[0.35881543159484863,0.29162707924842834,0.3169235289096832,0.3866775631904602,0.3347046971321106,0.33167436718940735,0.29039961099624634,0.3762972056865692,0.28705400228500366,0.35937246680259705,0.3939674198627472,0.40355154871940613,0.4921666979789734,0.3244231641292572,1.0,0.3547210395336151],[0.23942027986049652,0.17908331751823425,0.14584390819072723,0.20202375948429108,0.2924340069293976,0.22507470846176147,0.21886180341243744,0.3095431625843048,0.2822710871696472,0.40564480423927307,0.2555824816226959,0.3560183346271515,0.3683684170246124,0.3098699450492859,0.3547210395336151,1.0]]}