{
  "game_number": 488,
  "words": [
    "ENOUGH",
    "MERCY",
    "STOP",
    "UNCLE",
    "BAWDY",
    "BLUE",
    "COARSE",
    "RISQUE",
    "BOUGH",
    "COUGH",
    "DOUGH",
    "TOUGH",
    "CLOUD",
    "FOG",
    "HAZE",
    "MIST"
  ],
  "adjacency_matrix": [
    [
      1.0,
      0.32315728068351746,
      0.4531037509441376,
      0.19965402781963348,
      0.18484632670879364,
      0.3088880181312561,
      0.4029792845249176,
      0.359510213136673,
      0.2558622658252716,
      0.3547247648239136,
      0.4272421896457672,
      0.536745011806488,
      0.34635400772094727,
      0.24377721548080444,
      0.22650210559368134,
      0.33406955003738403
    ],
    [
      0.32315728068351746,
      1.0,
      0.41006964445114136,
      0.3872013986110687,
      0.18642005324363708,
      0.34897568821907043,
      0.3210701048374176,
      0.2232769876718521,
      0.19959448277950287,
      0.19269782304763794,
      0.2801768481731415,
      0.35959669947624207,
      0.3521178364753723,
      0.2769761085510254,
      0.24205994606018066,
      0.3037863075733185
    ],
    [
      0.4531037509441376,
      0.41006964445114136,
      1.0,
      0.2934473752975464,
      0.10448397696018219,
      0.3122573494911194,
      0.30873337388038635,
      0.30098196864128113,
      0.18823428452014923,
      0.34571319818496704,
      0.2940804362297058,
      0.41622427105903625,
      0.27322110533714294,
      0.27501004934310913,
      0.23680000007152557,
      0.35369938611984253
    ],
    [
      0.19965402781963348,
      0.3872013986110687,
      0.2934473752975464,
      1.0,
      0.2391311079263687,
      0.30291947722435,
      0.2640365660190582,
      0.22441816329956055,
      0.22810465097427368,
      0.2721865773200989,
      0.2437131404876709,
      0.3166464567184448,
      0.20432791113853455,
      0.14596889913082123,
      0.20796740055084229,
      0.23322734236717224
    ],
    [
      0.18484632670879364,
      0.18642005324363708,
      0.10448397696018219,
      0.2391311079263687,
      1.0,
      0.20011797547340393,
      0.4770663380622864,
      0.6201539039611816,
      0.11608633399009705,
      0.22739842534065247,
      0.19332638382911682,
      0.3170284628868103,
      0.16311722993850708,
      0.1578240692615509,
      0.24221032857894897,
      0.1773001104593277
    ],
    [
      0.3088880181312561,
      0.34897568821907043,
      0.3122573494911194,
      0.30291947722435,
      0.20011797547340393,
      1.0,
      0.3617701828479767,
      0.30925223231315613,
      0.2822664678096771,
      0.26995551586151123,
      0.2621455192565918,
      0.34478703141212463,
      0.45749130845069885,
      0.4039557874202728,
      0.4547196328639984,
      0.4683016538619995
    ],
    [
      0.4029792845249176,
      0.3210701048374176,
      0.30873337388038635,
      0.2640365660190582,
      0.4770663380622864,
      0.3617701828479767,
      1.0,
      0.5042738914489746,
      0.20108969509601593,
      0.32548272609710693,
      0.3639198839664459,
      0.5143441557884216,
      0.36509862542152405,
      0.3160679340362549,
      0.36829832196235657,
      0.3500991463661194
    ],
    [
      0.359510213136673,
      0.2232769876718521,
      0.30098196864128113,
      0.22441816329956055,
      0.6201539039611816,
      0.30925223231315613,
      0.5042738914489746,
      0.9999999403953552,
      0.1477922946214676,
      0.2530726492404938,
      0.26148614287376404,
      0.4550420045852661,
      0.28177499771118164,
      0.18529444932937622,
      0.2684156000614166,
      0.25178542733192444
    ],
    [
      0.2558622658252716,
      0.19959448277950287,
      0.18823428452014923,
      0.22810465097427368,
      0.11608633399009705,
      0.2822664678096771,
      0.20108969509601593,
      0.1477922946214676,
      1.0,
      0.35240480303764343,
      0.336584210395813,
      0.24310296773910522,
      0.30840063095092773,
      0.1989676058292389,
      0.1706707924604416,
      0.329154908657074
    ],
    [
      0.3547247648239136,
      0.19269782304763794,
      0.34571319818496704,
      0.2721865773200989,
      0.22739842534065247,
      0.26995551586151123,
      0.32548272609710693,
      0.2530726492404938,
      0.35240480303764343,
      1.0,
      0.3689565658569336,
      0.3006480038166046,
      0.3690316379070282,
      0.3894576132297516,
      0.4216138422489166,
      0.41976162791252136
    ],
    [
      0.4272421896457672,
      0.2801768481731415,
      0.2940804362297058,
      0.2437131404876709,
      0.19332638382911682,
      0.2621455192565918,
      0.3639198839664459,
      0.26148614287376404,
      0.336584210395813,
      0.3689565658569336,
      0.9999999403953552,
      0.40442389249801636,
      0.33953115344047546,
      0.26430436968803406,
      0.24931839108467102,
      0.3088436722755432
    ],
    [
      0.536745011806488,
      0.35959669947624207,
      0.41622427105903625,
      0.3166464567184448,
      0.3170284628868103,
      0.34478703141212463,
      0.5143441557884216,
      0.4550420045852661,
      0.24310296773910522,
      0.3006480038166046,
      0.40442389249801636,
      1.0,
      0.29309749603271484,
      0.2909102737903595,
      0.2941986322402954,
      0.3039778470993042
    ],
    [
      0.34635400772094727,
      0.3521178364753723,
      0.27322110533714294,
      0.20432791113853455,
      0.16311722993850708,
      0.45749130845069885,
      0.36509862542152405,
      0.28177499771118164,
      0.30840063095092773,
      0.3690316379070282,
      0.33953115344047546,
      0.29309749603271484,
      1.0,
      0.6578989624977112,
      0.6228055357933044,
      0.6305276155471802
    ],
    [
      0.24377721548080444,
      0.2769761085510254,
      0.27501004934310913,
      0.14596889913082123,
      0.1578240692615509,
      0.4039557874202728,
      0.3160679340362549,
      0.18529444932937622,
      0.1989676058292389,
      0.3894576132297516,
      0.26430436968803406,
      0.2909102737903595,
      0.6578989624977112,
      1.0,
      0.7234501242637634,
      0.7005886435508728
    ],
    [
      0.22650210559368134,
      0.24205994606018066,
      0.23680000007152557,
      0.20796740055084229,
      0.24221032857894897,
      0.4547196328639984,
      0.36829832196235657,
      0.2684156000614166,
      0.1706707924604416,
      0.4216138422489166,
      0.24931839108467102,
      0.2941986322402954,
      0.6228055357933044,
      0.7234501242637634,
      1.0,
      0.6060988306999207
    ],
    [
      0.33406955003738403,
      0.3037863075733185,
      0.35369938611984253,
      0.23322734236717224,
      0.1773001104593277,
      0.4683016538619995,
      0.3500991463661194,
      0.25178542733192444,
      0.329154908657074,
      0.41976162791252136,
      0.3088436722755432,
      0.3039778470993042,
      0.6305276155471802,
      0.7005886435508728,
      0.6060988306999207,
      1.0
    ]
  ]
}