{
  "game_number": 287,
  "words": [
    "BREAST",
    "TENDER",
    "THIGH",
    "WING",
    "CALF",
    "CUB",
    "FAWN",
    "KIT",
    "BARGE",
    "JOSTLE",
    "MUSCLE",
    "SHOULDER",
    "CHARLATAN",
    "FRAUD",
    "QUACK",
    "SHAM"
  ],
  "adjacency_matrix": [
    [
      1.0,
      0.38297343254089355,
      0.5524778366088867,
      0.3606801927089691,
      0.45728379487991333,
      0.21714091300964355,
      0.3287249803543091,
      0.3020959496498108,
      0.33934709429740906,
      0.23379231989383698,
      0.3869604766368866,
      0.4666527509689331,
      0.2395859807729721,
      0.3752554655075073,
      0.336239755153656,
      0.3378884494304657
    ],
    [
      0.38297343254089355,
      1.0,
      0.39126113057136536,
      0.3075829744338989,
      0.3737223744392395,
      0.19704143702983856,
      0.3468409478664398,
      0.2775803804397583,
      0.3408918082714081,
      0.3416382372379303,
      0.39598190784454346,
      0.39270931482315063,
      0.2111777365207672,
      0.22942544519901276,
      0.19361256062984467,
      0.3637867867946625
    ],
    [
      0.5524778366088867,
      0.39126113057136536,
      1.0,
      0.3815777599811554,
      0.6322717070579529,
      0.20914827287197113,
      0.3269854485988617,
      0.28810882568359375,
      0.28177887201309204,
      0.33080539107322693,
      0.5249119997024536,
      0.6366554498672485,
      0.24132296442985535,
      0.24640215933322906,
      0.2695349454879761,
      0.3075445890426636
    ],
    [
      0.3606801927089691,
      0.3075829744338989,
      0.3815777599811554,
      1.0,
      0.3245943486690521,
      0.26318708062171936,
      0.3141044080257416,
      0.3555804193019867,
      0.36472856998443604,
      0.24249261617660522,
      0.40117692947387695,
      0.39583492279052734,
      0.2897701859474182,
      0.25073564052581787,
      0.26057958602905273,
      0.2813018560409546
    ],
    [
      0.45728379487991333,
      0.3737223744392395,
      0.6322717070579529,
      0.3245943486690521,
      1.0,
      0.5035552382469177,
      0.5060672163963318,
      0.2886979579925537,
      0.33933618664741516,
      0.24878069758415222,
      0.4511636793613434,
      0.5010977387428284,
      0.20523689687252045,
      0.2174961417913437,
      0.25434058904647827,
      0.28357547521591187
    ],
    [
      0.21714091300964355,
      0.19704143702983856,
      0.20914827287197113,
      0.26318708062171936,
      0.5035552382469177,
      1.0,
      0.4921426475048065,
      0.2495269924402237,
      0.15579693019390106,
      0.18218471109867096,
      0.22490642964839935,
      0.25056493282318115,
      0.0946308821439743,
      0.05177384614944458,
      0.1510418951511383,
      0.08766639232635498
    ],
    [
      0.3287249803543091,
      0.3468409478664398,
      0.3269854485988617,
      0.3141044080257416,
      0.5060672163963318,
      0.4921426475048065,
      0.9999999403953552,
      0.17961739003658295,
      0.2625856101512909,
      0.3051643669605255,
      0.25140488147735596,
      0.4007318615913391,
      0.2941648066043854,
      0.16089169681072235,
      0.24065959453582764,
      0.28243085741996765
    ],
    [
      0.3020959496498108,
      0.2775803804397583,
      0.28810882568359375,
      0.3555804193019867,
      0.2886979579925537,
      0.2495269924402237,
      0.17961739003658295,
      0.9999999403953552,
      0.24450822174549103,
      0.08795665949583054,
      0.3115769326686859,
      0.25737425684928894,
      0.1869642287492752,
      0.20405928790569305,
      0.2750871777534485,
      0.26004013419151306
    ],
    [
      0.33934709429740906,
      0.3408918082714081,
      0.28177887201309204,
      0.36472856998443604,
      0.33933618664741516,
      0.15579693019390106,
      0.2625856101512909,
      0.24450822174549103,
      1.0,
      0.3582490384578705,
      0.2995387017726898,
      0.32141342759132385,
      0.27838224172592163,
      0.2682700455188751,
      0.31853973865509033,
      0.31936880946159363
    ],
    [
      0.23379231989383698,
      0.3416382372379303,
      0.33080539107322693,
      0.24249261617660522,
      0.24878069758415222,
      0.18218471109867096,
      0.3051643669605255,
      0.08795665949583054,
      0.3582490384578705,
      1.0,
      0.295296847820282,
      0.35724174976348877,
      0.21686427295207977,
      0.10607259720563889,
      0.2385639250278473,
      0.1939668357372284
    ],
    [
      0.3869604766368866,
      0.39598190784454346,
      0.5249119997024536,
      0.40117692947387695,
      0.4511636793613434,
      0.22490642964839935,
      0.25140488147735596,
      0.3115769326686859,
      0.2995387017726898,
      0.295296847820282,
      0.9999999403953552,
      0.4441608786582947,
      0.25037309527397156,
      0.3575375974178314,
      0.30849242210388184,
      0.3663351535797119
    ],
    [
      0.4666527509689331,
      0.39270931482315063,
      0.6366554498672485,
      0.39583492279052734,
      0.5010977387428284,
      0.25056493282318115,
      0.4007318615913391,
      0.25737425684928894,
      0.32141342759132385,
      0.35724174976348877,
      0.4441608786582947,
      1.0,
      0.195440873503685,
      0.22302007675170898,
      0.23183540999889374,
      0.23471412062644958
    ],
    [
      0.2395859807729721,
      0.2111777365207672,
      0.24132296442985535,
      0.2897701859474182,
      0.20523689687252045,
      0.0946308821439743,
      0.2941648066043854,
      0.1869642287492752,
      0.27838224172592163,
      0.21686427295207977,
      0.25037309527397156,
      0.195440873503685,
      1.0,
      0.5126500129699707,
      0.6256263256072998,
      0.5119839310646057
    ],
    [
      0.3752554655075073,
      0.22942544519901276,
      0.24640215933322906,
      0.25073564052581787,
      0.2174961417913437,
      0.05177384614944458,
      0.16089169681072235,
      0.20405928790569305,
      0.2682700455188751,
      0.10607259720563889,
      0.3575375974178314,
      0.22302007675170898,
      0.5126500129699707,
      1.0,
      0.4167279899120331,
      0.56961989402771
    ],
    [
      0.336239755153656,
      0.19361256062984467,
      0.2695349454879761,
      0.26057958602905273,
      0.25434058904647827,
      0.1510418951511383,
      0.24065959453582764,
      0.2750871777534485,
      0.31853973865509033,
      0.2385639250278473,
      0.30849242210388184,
      0.23183540999889374,
      0.6256263256072998,
      0.4167279899120331,
      1.0,
      0.47254976630210876
    ],
    [
      0.3378884494304657,
      0.3637867867946625,
      0.3075445890426636,
      0.2813018560409546,
      0.28357547521591187,
      0.08766639232635498,
      0.28243085741996765,
      0.26004013419151306,
      0.31936880946159363,
      0.1939668357372284,
      0.3663351535797119,
      0.23471412062644958,
      0.5119839310646057,
      0.56961989402771,
      0.47254976630210876,
      1.0
    ]
  ]
}