{"game_number":337,"words":["KEYBOARD","MONITOR","MOUSE","SPEAKER","GERBIL","HAMSTER","RAT","VOLE","HARP","HORN","ORGAN","TRIANGLE","CARP","GRIPE","GROUSE","MOAN"],"adjacency_matrix":[[1.0000001192092896,0.4447268545627594,0.6149151921272278,0.364043265581131,0.2513805031776428,0.33091622591018677,0.3214520812034607,0.3021458387374878,0.4113036096096039,0.38084957003593445,0.46214738488197327,0.3720839023590088,0.3251686096191406,0.3391539454460144,0.19695322215557098,0.27868178486824036],[0.4447268545627594,1.0,0.3980526626110077,0.3815414309501648,0.23741795122623444,0.2982584238052368,0.34258002042770386,0.3097570538520813,0.31198379397392273,0.2855132520198822,0.38345828652381897,0.321885883808136,0.30365389585494995,0.34450000524520874,0.2733035683631897,0.27505606412887573],[0.6149151921272278,0.3980526626110077,1.0,0.27338874340057373,0.4369073212146759,0.5606992244720459,0.6446240544319153,0.48703238368034363,0.35550814867019653,0.3411842882633209,0.31273695826530457,0.3433155119419098,0.412809818983078,0.31958046555519104,0.3297598361968994,0.32266807556152344],[0.364043265581131,0.3815414309501648,0.27338874340057373,1.0,0.21635234355926514,0.2825126647949219,0.303473562002182,0.23758986592292786,0.29512929916381836,0.38325706124305725,0.37779954075813293,0.2571544051170349,0.29316866397857666,0.3399413228034973,0.2575812041759491,0.2815323770046234],[0.2513805031776428,0.23741795122623444,0.4369073212146759,0.21635234355926514,0.9999999403953552,0.7173413038253784,0.5219695568084717,0.4340968728065491,0.2710716426372528,0.3332058787345886,0.22938963770866394,0.2558494806289673,0.24878008663654327,0.24385873973369598,0.2564643919467926,0.21383683383464813],[0.33091622591018677,0.2982584238052368,0.5606992244720459,0.2825126647949219,0.7173413038253784,1.0,0.607219398021698,0.47797080874443054,0.26239439845085144,0.35341984033584595,0.31726905703544617,0.2939680218696594,0.353753000497818,0.2832200527191162,0.30560317635536194,0.288934588432312],[0.3214520812034607,0.34258002042770386,0.6446240544319153,0.303473562002182,0.5219695568084717,0.607219398021698,1.0,0.5788398385047913,0.288589745759964,0.3417401909828186,0.32618972659111023,0.3643374741077423,0.4207882583141327,0.31481072306632996,0.3907739222049713,0.28938668966293335],[0.3021458387374878,0.3097570538520813,0.48703238368034363,0.23758986592292786,0.4340968728065491,0.47797080874443054,0.5788398385047913,1.0,0.33386796712875366,0.29742467403411865,0.2805976867675781,0.21987088024616241,0.41898980736732483,0.28386759757995605,0.5102224349975586,0.28823938965797424],[0.4113036096096039,0.31198379397392273,0.35550814867019653,0.29512929916381836,0.2710716426372528,0.26239439845085144,0.288589745759964,0.33386796712875366,1.0,0.5656570792198181,0.43169623613357544,0.3720090091228485,0.42526787519454956,0.37407103180885315,0.3181151747703552,0.4307151734828949],[0.38084957003593445,0.2855132520198822,0.3411842882633209,0.38325706124305725,0.3332058787345886,0.35341984033584595,0.3417401909828186,0.29742467403411865,0.5656570792198181,1.0,0.5046369433403015,0.38956061005592346,0.36837732791900635,0.3106996715068817,0.29887455701828003,0.34713900089263916],[0.46214738488197327,0.38345828652381897,0.31273695826530457,0.37779954075813293,0.22938963770866394,0.31726905703544617,0.32618972659111023,0.2805976867675781,0.43169623613357544,0.5046369433403015,1.0,0.335212379693985,0.34222108125686646,0.2904844880104065,0.2699853181838989,0.27546635270118713],[0.3720839023590088,0.321885883808136,0.3433155119419098,0.2571544051170349,0.2558494806289673,0.2939680218696594,0.3643374741077423,0.21987088024616241,0.3720090091228485,0.38956061005592346,0.335212379693985,1.0,0.251745343208313,0.3133246898651123,0.21322402358055115,0.20206259191036224],[0.3251686096191406,0.30365389585494995,0.412809818983078,0.29316866397857666,0.24878008663654327,0.353753000497818,0.4207882583141327,0.41898980736732483,0.42526787519454956,0.36837732791900635,0.34222108125686646,0.251745343208313,1.0,0.40271368622779846,0.3829575777053833,0.4448598623275757],[0.3391539454460144,0.34450000524520874,0.31958046555519104,0.3399413228034973,0.24385873973369598,0.2832200527191162,0.31481072306632996,0.28386759757995605,0.37407103180885315,0.3106996715068817,0.2904844880104065,0.3133246898651123,0.40271368622779846,1.0,0.47782522439956665,0.6285215616226196],[0.19695322215557098,0.2733035683631897,0.3297598361968994,0.2575812041759491,0.2564643919467926,0.30560317635536194,0.3907739222049713,0.5102224349975586,0.3181151747703552,0.29887455701828003,0.2699853181838989,0.21322402358055115,0.3829575777053833,0.47782522439956665,0.9999999403953552,0.42602384090423584],[0.27868178486824036,0.27505606412887573,0.32266807556152344,0.2815323770046234,0.21383683383464813,0.288934588432312,0.28938668966293335,0.28823938965797424,0.4307151734828949,0.34713900089263916,0.27546635270118713,0.20206259191036224,0.4448598623275757,0.6285215616226196,0.42602384090423584,1.0000001192092896]]}