{"game_number":343,"words":["BOAT","CAR","PLANE","TRAIN","KING","MAGIC","SUN","THUNDER","CHECKERS","OUTBACK","SONIC","SUBWAY","DAY","FLOYD","SABBATH","STRIPES"],"adjacency_matrix":[[0.9999998807907104,0.5858569741249084,0.571226179599762,0.4844883382320404,0.3716402053833008,0.3122923672199249,0.3286093771457672,0.3077852725982666,0.28129246830940247,0.30730390548706055,0.30738309025764465,0.38760605454444885,0.3694862127304077,0.33481115102767944,0.3227924108505249,0.2335914671421051],[0.5858569741249084,1.0,0.5511772036552429,0.5546691417694092,0.31972214579582214,0.31790691614151,0.32803088426589966,0.28966230154037476,0.25711458921432495,0.38276705145835876,0.3073898255825043,0.5112893581390381,0.3830469250679016,0.35306277871131897,0.2984643280506134,0.2777775526046753],[0.571226179599762,0.5511772036552429,1.0,0.5371501445770264,0.31362128257751465,0.3599628806114197,0.331038236618042,0.2745896279811859,0.27454736828804016,0.33104151487350464,0.33412614464759827,0.43166595697402954,0.3740600049495697,0.3431818187236786,0.26110395789146423,0.297932893037796],[0.4844883382320404,0.5546691417694092,0.5371501445770264,1.0,0.27667880058288574,0.3622305989265442,0.2725678086280823,0.29055729508399963,0.3203192949295044,0.3497714102268219,0.24914412200450897,0.5745075941085815,0.42686909437179565,0.34553807973861694,0.3392075300216675,0.32167115807533264],[0.3716402053833008,0.31972214579582214,0.31362128257751465,0.27667880058288574,1.0,0.3904775381088257,0.36156347393989563,0.31207722425460815,0.33903050422668457,0.2172008752822876,0.2097456157207489,0.222200408577919,0.33387234807014465,0.4119263291358948,0.3304373025894165,0.2531483769416809],[0.3122923672199249,0.31790691614151,0.3599628806114197,0.3622305989265442,0.3904775381088257,1.0,0.4206041991710663,0.3780365586280823,0.32084017992019653,0.3082793653011322,0.467871755361557,0.30161958932876587,0.30651527643203735,0.3037615418434143,0.3696270287036896,0.25410619378089905],[0.3286093771457672,0.32803088426589966,0.331038236618042,0.2725678086280823,0.36156347393989563,0.4206041991710663,1.0,0.39045250415802,0.22058145701885223,0.30001193284988403,0.25495943427085876,0.2373804748058319,0.41193410754203796,0.2986079454421997,0.37451836466789246,0.3165759742259979],[0.3077852725982666,0.28966230154037476,0.2745896279811859,0.29055729508399963,0.31207722425460815,0.3780365586280823,0.39045250415802,1.0,0.17498642206192017,0.22381210327148438,0.4134353697299957,0.23547925055027008,0.282948762178421,0.35392487049102783,0.24392834305763245,0.22788064181804657],[0.28129246830940247,0.25711458921432495,0.27454736828804016,0.3203192949295044,0.33903050422668457,0.32084017992019653,0.22058145701885223,0.17498642206192017,1.0,0.13480201363563538,0.19574975967407227,0.2245469093322754,0.24286426603794098,0.29408058524131775,0.19234085083007812,0.3749323785305023],[0.30730390548706055,0.38276705145835876,0.33104151487350464,0.3497714102268219,0.2172008752822876,0.3082793653011322,0.30001193284988403,0.22381210327148438,0.13480201363563538,1.0,0.29091760516166687,0.23505441844463348,0.3209766447544098,0.2522972524166107,0.2118285447359085,0.2167382836341858],[0.30738309025764465,0.3073898255825043,0.33412614464759827,0.24914412200450897,0.2097456157207489,0.467871755361557,0.25495943427085876,0.4134353697299957,0.19574975967407227,0.29091760516166687,1.0,0.25099924206733704,0.16028089821338654,0.36658522486686707,0.1853712499141693,0.23019489645957947],[0.38760605454444885,0.5112893581390381,0.43166595697402954,0.5745075941085815,0.222200408577919,0.30161958932876587,0.2373804748058319,0.23547925055027008,0.2245469093322754,0.23505441844463348,0.25099924206733704,0.9999999403953552,0.3576614558696747,0.2606283724308014,0.25521397590637207,0.2374609261751175],[0.3694862127304077,0.3830469250679016,0.3740600049495697,0.42686909437179565,0.33387234807014465,0.30651527643203735,0.41193410754203796,0.282948762178421,0.24286426603794098,0.3209766447544098,0.16028089821338654,0.3576614558696747,0.9999999403953552,0.2735210061073303,0.46387866139411926,0.2451126128435135],[0.33481115102767944,0.35306277871131897,0.3431818187236786,0.34553807973861694,0.4119263291358948,0.3037615418434143,0.2986079454421997,0.35392487049102783,0.29408058524131775,0.2522972524166107,0.36658522486686707,0.2606283724308014,0.2735210061073303,1.0,0.2652743458747864,0.3600442111492157],[0.3227924108505249,0.2984643280506134,0.26110395789146423,0.3392075300216675,0.3304373025894165,0.3696270287036896,0.37451836466789246,0.24392834305763245,0.19234085083007812,0.2118285447359085,0.1853712499141693,0.25521397590637207,0.46387866139411926,0.2652743458747864,1.0,0.23375238478183746],[0.2335914671421051,0.2777775526046753,0.297932893037796,0.32167115807533264,0.2531483769416809,0.25410619378089905,0.3165759742259979,0.22788064181804657,0.3749323785305023,0.2167382836341858,0.23019489645957947,0.2374609261751175,0.2451126128435135,0.3600442111492157,0.23375238478183746,0.9999999403953552]]}