{"game_number":304,"words":["ANACONDA","CAPYBARA","JAGUAR","TOUCAN","BASE","BOTTOM","FOOT","FOUNDATION","COMPANY","GREASE","HAIR","RENT","CHANGE","CUCUMBER","LEGS","LION"],"adjacency_matrix":[[1.0,0.5565741062164307,0.49913033843040466,0.5180627107620239,0.3435860276222229,0.29694077372550964,0.4067997932434082,0.2160036265850067,0.30554133653640747,0.3039610981941223,0.3331339955329895,0.28394556045532227,0.3433209955692291,0.28860586881637573,0.4171619713306427,0.4738464653491974],[0.5565741062164307,1.0,0.575678825378418,0.5384236574172974,0.23466695845127106,0.21355964243412018,0.2789209187030792,0.1886293590068817,0.21999971568584442,0.2881202697753906,0.31174391508102417,0.21550320088863373,0.22218044102191925,0.31052273511886597,0.33031103014945984,0.4663046896457672],[0.49913033843040466,0.575678825378418,1.0,0.551101803779602,0.18305577337741852,0.21380268037319183,0.25301963090896606,0.15358300507068634,0.206511452794075,0.23059804737567902,0.2794574797153473,0.1727542281150818,0.2399856597185135,0.2002180963754654,0.24097268283367157,0.5244415998458862],[0.5180627107620239,0.5384236574172974,0.551101803779602,1.0,0.303538978099823,0.22959469258785248,0.3591747581958771,0.1770603507757187,0.2474924474954605,0.25345900654792786,0.2904914915561676,0.2590537965297699,0.3063257932662964,0.28152865171432495,0.36914709210395813,0.39791902899742126],[0.3435860276222229,0.23466695845127106,0.18305577337741852,0.303538978099823,1.0,0.47442376613616943,0.43251022696495056,0.5372565984725952,0.4718072712421417,0.3345407545566559,0.3177203834056854,0.40956732630729675,0.5016463398933411,0.2000083178281784,0.3418812155723572,0.32574135065078735],[0.29694077372550964,0.21355964243412018,0.21380268037319183,0.22959469258785248,0.47442376613616943,1.0,0.48933330178260803,0.4220724403858185,0.3682103753089905,0.3231203854084015,0.2871319055557251,0.3020443022251129,0.38496023416519165,0.28490063548088074,0.3440522849559784,0.27056941390037537],[0.4067997932434082,0.2789209187030792,0.25301963090896606,0.3591747581958771,0.43251022696495056,0.48933330178260803,1.0,0.3292880654335022,0.3714737594127655,0.35234779119491577,0.3792436122894287,0.39618316292762756,0.3374749720096588,0.2822122871875763,0.5767549276351929,0.3665659725666046],[0.2160036265850067,0.1886293590068817,0.15358300507068634,0.1770603507757187,0.5372565984725952,0.4220724403858185,0.3292880654335022,0.9999999403953552,0.5062094330787659,0.26324811577796936,0.2505165934562683,0.26911336183547974,0.37007808685302734,0.12924285233020782,0.33201634883880615,0.2565803825855255],[0.30554133653640747,0.21999971568584442,0.206511452794075,0.2474924474954605,0.4718072712421417,0.3682103753089905,0.3714737594127655,0.5062094330787659,1.0,0.24829059839248657,0.2656322121620178,0.37142544984817505,0.41179823875427246,0.2435036599636078,0.28934526443481445,0.3258149325847626],[0.3039610981941223,0.2881202697753906,0.23059804737567902,0.25345900654792786,0.3345407545566559,0.3231203854084015,0.35234779119491577,0.26324811577796936,0.24829059839248657,0.9999999403953552,0.39113155007362366,0.29859888553619385,0.3013943135738373,0.2609076499938965,0.3161773979663849,0.29446500539779663],[0.3331339955329895,0.31174391508102417,0.2794574797153473,0.2904914915561676,0.3177203834056854,0.2871319055557251,0.3792436122894287,0.2505165934562683,0.2656322121620178,0.39113155007362366,1.0,0.2898750603199005,0.3360312879085541,0.34905484318733215,0.49065691232681274,0.3210287392139435],[0.28394556045532227,0.21550320088863373,0.1727542281150818,0.2590537965297699,0.40956732630729675,0.3020443022251129,0.39618316292762756,0.26911336183547974,0.37142544984817505,0.29859888553619385,0.2898750603199005,0.9999999403953552,0.3963049650192261,0.23139774799346924,0.2485245317220688,0.29192042350769043],[0.3433209955692291,0.22218044102191925,0.2399856597185135,0.3063257932662964,0.5016463398933411,0.38496023416519165,0.3374749720096588,0.37007808685302734,0.41179823875427246,0.3013943135738373,0.3360312879085541,0.3963049650192261,1.0,0.23188279569149017,0.2842932939529419,0.2901853621006012],[0.28860586881637573,0.31052273511886597,0.2002180963754654,0.28152865171432495,0.2000083178281784,0.28490063548088074,0.2822122871875763,0.12924285233020782,0.2435036599636078,0.2609076499938965,0.34905484318733215,0.23139774799346924,0.23188279569149017,0.9999999403953552,0.29282763600349426,0.35193145275115967],[0.4171619713306427,0.33031103014945984,0.24097268283367157,0.36914709210395813,0.3418812155723572,0.3440522849559784,0.5767549276351929,0.33201634883880615,0.28934526443481445,0.3161773979663849,0.49065691232681274,0.2485245317220688,0.2842932939529419,0.29282763600349426,1.0,0.36979925632476807],[0.4738464653491974,0.4663046896457672,0.5244415998458862,0.39791902899742126,0.32574135065078735,0.27056941390037537,0.3665659725666046,0.2565803825855255,0.3258149325847626,0.29446500539779663,0.3210287392139435,0.29192042350769043,0.2901853621006012,0.35193145275115967,0.36979925632476807,1.0]]}