{
  "game_number": 491,
  "words": [
    "BREEZE",
    "CINCH",
    "PICNIC",
    "SNAP",
    "COIL",
    "SPIRAL",
    "TWIST",
    "WIND",
    "BOUND",
    "LEAP",
    "SPRING",
    "VAULT",
    "FLOAT",
    "SHAKE",
    "SPLIT",
    "SUNDAE"
  ],
  "adjacency_matrix": [
    [
      1.0,
      0.42771708965301514,
      0.3261010944843292,
      0.5119019746780396,
      0.38925209641456604,
      0.36099597811698914,
      0.4444156587123871,
      0.7014458775520325,
      0.3048986792564392,
      0.3813592791557312,
      0.46357297897338867,
      0.26320162415504456,
      0.4464285671710968,
      0.49078628420829773,
      0.32199913263320923,
      0.26640406250953674
    ],
    [
      0.42771708965301514,
      1.0,
      0.3742475211620331,
      0.4614964425563812,
      0.3795729875564575,
      0.2467557042837143,
      0.419980525970459,
      0.285950243473053,
      0.3357727825641632,
      0.3366585075855255,
      0.3374041020870209,
      0.3687424063682556,
      0.3626587390899658,
      0.35989344120025635,
      0.3068055212497711,
      0.3127276301383972
    ],
    [
      0.3261010944843292,
      0.3742475211620331,
      1.0,
      0.32184451818466187,
      0.28472909331321716,
      0.2849515676498413,
      0.32268330454826355,
      0.2634630501270294,
      0.3288115859031677,
      0.26801711320877075,
      0.4417296051979065,
      0.32215917110443115,
      0.42962995171546936,
      0.30841606855392456,
      0.29362183809280396,
      0.376533567905426
    ],
    [
      0.5119019746780396,
      0.4614964425563812,
      0.32184451818466187,
      0.9999998807907104,
      0.4069892466068268,
      0.4152536392211914,
      0.4873831868171692,
      0.439648300409317,
      0.3403599262237549,
      0.4772208034992218,
      0.4365956485271454,
      0.245278462767601,
      0.37264713644981384,
      0.5710650682449341,
      0.43173161149024963,
      0.29232579469680786
    ],
    [
      0.38925209641456604,
      0.3795729875564575,
      0.28472909331321716,
      0.4069892466068268,
      1.0,
      0.49313485622406006,
      0.4472966492176056,
      0.39157944917678833,
      0.3549215495586395,
      0.27185699343681335,
      0.4199506640434265,
      0.34524351358413696,
      0.37014240026474,
      0.3561849594116211,
      0.31523191928863525,
      0.23572106659412384
    ],
    [
      0.36099597811698914,
      0.2467557042837143,
      0.2849515676498413,
      0.4152536392211914,
      0.49313485622406006,
      1.0,
      0.4960525929927826,
      0.404028981924057,
      0.43248623609542847,
      0.39305636286735535,
      0.3503367602825165,
      0.32086244225502014,
      0.3883821666240692,
      0.3764369785785675,
      0.36334505677223206,
      0.2444167286157608
    ],
    [
      0.4444156587123871,
      0.419980525970459,
      0.32268330454826355,
      0.4873831868171692,
      0.4472966492176056,
      0.4960525929927826,
      0.9999999403953552,
      0.422924280166626,
      0.32591480016708374,
      0.41222721338272095,
      0.4069726765155792,
      0.31984061002731323,
      0.3915005028247833,
      0.48988157510757446,
      0.39304888248443604,
      0.35166433453559875
    ],
    [
      0.7014458775520325,
      0.285950243473053,
      0.2634630501270294,
      0.439648300409317,
      0.39157944917678833,
      0.404028981924057,
      0.422924280166626,
      1.0000001192092896,
      0.3285720646381378,
      0.32394325733184814,
      0.4330447316169739,
      0.2833007574081421,
      0.4751293659210205,
      0.4655701816082001,
      0.3213885426521301,
      0.22373825311660767
    ],
    [
      0.3048986792564392,
      0.3357727825641632,
      0.3288115859031677,
      0.3403599262237549,
      0.3549215495586395,
      0.43248623609542847,
      0.32591480016708374,
      0.3285720646381378,
      1.0,
      0.3583638072013855,
      0.32101988792419434,
      0.3272881805896759,
      0.44532984495162964,
      0.40747714042663574,
      0.4040672481060028,
      0.16522535681724548
    ],
    [
      0.3813592791557312,
      0.3366585075855255,
      0.26801711320877075,
      0.4772208034992218,
      0.27185699343681335,
      0.39305636286735535,
      0.41222721338272095,
      0.32394325733184814,
      0.3583638072013855,
      1.0,
      0.3888939619064331,
      0.28435149788856506,
      0.4696024954319,
      0.4469791650772095,
      0.4126485586166382,
      0.18026426434516907
    ],
    [
      0.46357297897338867,
      0.3374041020870209,
      0.4417296051979065,
      0.4365956485271454,
      0.4199506640434265,
      0.3503367602825165,
      0.4069726765155792,
      0.4330447316169739,
      0.32101988792419434,
      0.3888939619064331,
      1.0,
      0.3239620625972748,
      0.40662920475006104,
      0.39030978083610535,
      0.39067357778549194,
      0.267273873090744
    ],
    [
      0.26320162415504456,
      0.3687424063682556,
      0.32215917110443115,
      0.245278462767601,
      0.34524351358413696,
      0.32086244225502014,
      0.31984061002731323,
      0.2833007574081421,
      0.3272881805896759,
      0.28435149788856506,
      0.3239620625972748,
      1.0,
      0.38710710406303406,
      0.2997746169567108,
      0.26845884323120117,
      0.21507582068443298
    ],
    [
      0.4464285671710968,
      0.3626587390899658,
      0.42962995171546936,
      0.37264713644981384,
      0.37014240026474,
      0.3883821666240692,
      0.3915005028247833,
      0.4751293659210205,
      0.44532984495162964,
      0.4696024954319,
      0.40662920475006104,
      0.38710710406303406,
      1.0,
      0.47636449337005615,
      0.43863365054130554,
      0.26849275827407837
    ],
    [
      0.49078628420829773,
      0.35989344120025635,
      0.30841606855392456,
      0.5710650682449341,
      0.3561849594116211,
      0.3764369785785675,
      0.48988157510757446,
      0.4655701816082001,
      0.40747714042663574,
      0.4469791650772095,
      0.39030978083610535,
      0.2997746169567108,
      0.47636449337005615,
      1.0,
      0.46609175205230713,
      0.3564976155757904
    ],
    [
      0.32199913263320923,
      0.3068055212497711,
      0.29362183809280396,
      0.43173161149024963,
      0.31523191928863525,
      0.36334505677223206,
      0.39304888248443604,
      0.3213885426521301,
      0.4040672481060028,
      0.4126485586166382,
      0.39067357778549194,
      0.26845884323120117,
      0.43863365054130554,
      0.46609175205230713,
      1.0,
      0.20257769525051117
    ],
    [
      0.26640406250953674,
      0.3127276301383972,
      0.376533567905426,
      0.29232579469680786,
      0.23572106659412384,
      0.2444167286157608,
      0.35166433453559875,
      0.22373825311660767,
      0.16522535681724548,
      0.18026426434516907,
      0.267273873090744,
      0.21507582068443298,
      0.26849275827407837,
      0.3564976155757904,
      0.20257769525051117,
      1.0
    ]
  ]
}