{
  "game_number": 619,
  "words": [
    "ADD",
    "DIVIDE",
    "MULTIPLY",
    "SUBTRACT",
    "TANG",
    "TETRA",
    "SKATE",
    "SOLE",
    "ALLEY",
    "COOL",
    "COPY",
    "LAP",
    "BASHFUL",
    "DOC",
    "GRUMPY",
    "HAPPY"
  ],
  "adjacency_matrix": [
    [
      1.0,
      0.4849419891834259,
      0.5340174436569214,
      0.6330694556236267,
      0.3530718684196472,
      0.22566376626491547,
      0.2876927852630615,
      0.2788822650909424,
      0.2569881081581116,
      0.4611068367958069,
      0.47346195578575134,
      0.2526571750640869,
      0.2868005633354187,
      0.32275596261024475,
      0.2413354367017746,
      0.3958451449871063
    ],
    [
      0.4849419891834259,
      1.0,
      0.6487034559249878,
      0.5318688750267029,
      0.2768472135066986,
      0.24029751121997833,
      0.281387597322464,
      0.29688358306884766,
      0.3170594274997711,
      0.3586627244949341,
      0.3633621335029602,
      0.2981637120246887,
      0.23370398581027985,
      0.22648151218891144,
      0.24293206632137299,
      0.27916213870048523
    ],
    [
      0.5340174436569214,
      0.6487034559249878,
      1.0,
      0.6545388102531433,
      0.2284483164548874,
      0.24101468920707703,
      0.2803261876106262,
      0.2637315094470978,
      0.2642429769039154,
      0.3551748991012573,
      0.3618273138999939,
      0.22104638814926147,
      0.24182499945163727,
      0.19261987507343292,
      0.2510501742362976,
      0.3420746922492981
    ],
    [
      0.6330694556236267,
      0.5318688750267029,
      0.6545388102531433,
      1.0,
      0.24852114915847778,
      0.20917238295078278,
      0.24453102052211761,
      0.1665610373020172,
      0.19185499846935272,
      0.31957897543907166,
      0.357914000749588,
      0.19804741442203522,
      0.1980980634689331,
      0.13306684792041779,
      0.22251959145069122,
      0.24376264214515686
    ],
    [
      0.3530718684196472,
      0.2768472135066986,
      0.2284483164548874,
      0.24852114915847778,
      1.0,
      0.3934037685394287,
      0.34731626510620117,
      0.350420206785202,
      0.3213537633419037,
      0.3963722288608551,
      0.28298690915107727,
      0.28173330426216125,
      0.3176848590373993,
      0.2898310124874115,
      0.31030285358428955,
      0.27087515592575073
    ],
    [
      0.22566376626491547,
      0.24029751121997833,
      0.24101468920707703,
      0.20917238295078278,
      0.3934037685394287,
      1.0,
      0.24740718305110931,
      0.27074089646339417,
      0.2449348121881485,
      0.21968905627727509,
      0.22187379002571106,
      0.2002648413181305,
      0.2503552734851837,
      0.20439238846302032,
      0.19634947180747986,
      0.1603274941444397
    ],
    [
      0.2876927852630615,
      0.281387597322464,
      0.2803261876106262,
      0.24453102052211761,
      0.34731626510620117,
      0.24740718305110931,
      1.0,
      0.3635109066963196,
      0.328741192817688,
      0.3477666974067688,
      0.3119986951351166,
      0.3646954298019409,
      0.18549929559230804,
      0.25739729404449463,
      0.17967942357063293,
      0.2152216136455536
    ],
    [
      0.2788822650909424,
      0.29688358306884766,
      0.2637315094470978,
      0.1665610373020172,
      0.350420206785202,
      0.27074089646339417,
      0.3635109066963196,
      1.0,
      0.2986808121204376,
      0.3661346137523651,
      0.35007497668266296,
      0.3715287446975708,
      0.3672366142272949,
      0.2655979096889496,
      0.2801975607872009,
      0.32009631395339966
    ],
    [
      0.2569881081581116,
      0.3170594274997711,
      0.2642429769039154,
      0.19185499846935272,
      0.3213537633419037,
      0.2449348121881485,
      0.328741192817688,
      0.2986808121204376,
      1.0,
      0.3357991874217987,
      0.22051359713077545,
      0.2709822654724121,
      0.25735902786254883,
      0.1684274971485138,
      0.23125967383384705,
      0.2581721842288971
    ],
    [
      0.4611068367958069,
      0.3586627244949341,
      0.3551748991012573,
      0.31957897543907166,
      0.3963722288608551,
      0.21968905627727509,
      0.3477666974067688,
      0.3661346137523651,
      0.3357991874217987,
      1.0,
      0.33487004041671753,
      0.323381245136261,
      0.4774535000324249,
      0.28746849298477173,
      0.4753352999687195,
      0.513364315032959
    ],
    [
      0.47346195578575134,
      0.3633621335029602,
      0.3618273138999939,
      0.357914000749588,
      0.28298690915107727,
      0.22187379002571106,
      0.3119986951351166,
      0.35007497668266296,
      0.22051359713077545,
      0.33487004041671753,
      1.0,
      0.2910519242286682,
      0.24374783039093018,
      0.37375158071517944,
      0.2211749106645584,
      0.3169621527194977
    ],
    [
      0.2526571750640869,
      0.2981637120246887,
      0.22104638814926147,
      0.19804741442203522,
      0.28173330426216125,
      0.2002648413181305,
      0.3646954298019409,
      0.3715287446975708,
      0.2709822654724121,
      0.323381245136261,
      0.2910519242286682,
      1.0,
      0.2539597153663635,
      0.19221538305282593,
      0.1694992184638977,
      0.2900531589984894
    ],
    [
      0.2868005633354187,
      0.23370398581027985,
      0.24182499945163727,
      0.1980980634689331,
      0.3176848590373993,
      0.2503552734851837,
      0.18549929559230804,
      0.3672366142272949,
      0.25735902786254883,
      0.4774535000324249,
      0.24374783039093018,
      0.2539597153663635,
      0.9999999403953552,
      0.20797796547412872,
      0.6016169190406799,
      0.47333183884620667
    ],
    [
      0.32275596261024475,
      0.22648151218891144,
      0.19261987507343292,
      0.13306684792041779,
      0.2898310124874115,
      0.20439238846302032,
      0.25739729404449463,
      0.2655979096889496,
      0.1684274971485138,
      0.28746849298477173,
      0.37375158071517944,
      0.19221538305282593,
      0.20797796547412872,
      0.9999999403953552,
      0.2559938132762909,
      0.2528540790081024
    ],
    [
      0.2413354367017746,
      0.24293206632137299,
      0.2510501742362976,
      0.22251959145069122,
      0.31030285358428955,
      0.19634947180747986,
      0.17967942357063293,
      0.2801975607872009,
      0.23125967383384705,
      0.4753352999687195,
      0.2211749106645584,
      0.1694992184638977,
      0.6016169190406799,
      0.2559938132762909,
      0.9999999403953552,
      0.5794084668159485
    ],
    [
      0.3958451449871063,
      0.27916213870048523,
      0.3420746922492981,
      0.24376264214515686,
      0.27087515592575073,
      0.1603274941444397,
      0.2152216136455536,
      0.32009631395339966,
      0.2581721842288971,
      0.513364315032959,
      0.3169621527194977,
      0.2900531589984894,
      0.47333183884620667,
      0.2528540790081024,
      0.5794084668159485,
      1.0
    ]
  ]
}