{
  "game_number": 340,
  "words": [
    "AUTO",
    "RIDE",
    "WHEELS",
    "WHIP",
    "PARES",
    "PEELS",
    "SHELLS",
    "SHUCKS",
    "BEES",
    "CAFFEINE",
    "GOSSIP",
    "INTERCOMS",
    "BIT",
    "DASH",
    "PINCH",
    "TOUCH"
  ],
  "adjacency_matrix": [
    [
      1.0,
      0.37269696593284607,
      0.4076782464981079,
      0.2267526388168335,
      0.3611482083797455,
      0.23068475723266602,
      0.24464108049869537,
      0.22677361965179443,
      0.2753412127494812,
      0.20346331596374512,
      0.2518613934516907,
      0.3594798147678375,
      0.2783314883708954,
      0.4221649765968323,
      0.25185588002204895,
      0.3554840385913849
    ],
    [
      0.37269696593284607,
      1.0,
      0.5125568509101868,
      0.47427332401275635,
      0.29099002480506897,
      0.29693761467933655,
      0.2528189718723297,
      0.26468735933303833,
      0.25013792514801025,
      0.19277645647525787,
      0.19137723743915558,
      0.30797553062438965,
      0.38011130690574646,
      0.39990076422691345,
      0.40658438205718994,
      0.4334864914417267
    ],
    [
      0.4076782464981079,
      0.5125568509101868,
      1.0,
      0.4005318582057953,
      0.3988211750984192,
      0.3496369421482086,
      0.39577534794807434,
      0.31418442726135254,
      0.3317485749721527,
      0.23880062997341156,
      0.24485896527767181,
      0.3876342177391052,
      0.301586389541626,
      0.3912474811077118,
      0.3248388469219208,
      0.38934850692749023
    ],
    [
      0.2267526388168335,
      0.47427332401275635,
      0.4005318582057953,
      0.9999999403953552,
      0.3273026943206787,
      0.3389837145805359,
      0.2863922715187073,
      0.26757773756980896,
      0.19217549264431,
      0.2525682747364044,
      0.23107990622520447,
      0.2720377743244171,
      0.34431588649749756,
      0.3426363468170166,
      0.4903496205806732,
      0.4155384302139282
    ],
    [
      0.3611482083797455,
      0.29099002480506897,
      0.3988211750984192,
      0.3273026943206787,
      1.0,
      0.4261448085308075,
      0.3643670380115509,
      0.34866151213645935,
      0.279550701379776,
      0.24317601323127747,
      0.20999854803085327,
      0.41600361466407776,
      0.3732203543186188,
      0.293130099773407,
      0.3416346311569214,
      0.37529879808425903
    ],
    [
      0.23068475723266602,
      0.29693761467933655,
      0.3496369421482086,
      0.3389837145805359,
      0.4261448085308075,
      1.0,
      0.4615882933139801,
      0.4269108474254608,
      0.2746715545654297,
      0.25977346301078796,
      0.19849492609500885,
      0.33122023940086365,
      0.32259202003479004,
      0.27842676639556885,
      0.35486650466918945,
      0.3962644934654236
    ],
    [
      0.24464108049869537,
      0.2528189718723297,
      0.39577534794807434,
      0.2863922715187073,
      0.3643670380115509,
      0.4615882933139801,
      1.0,
      0.38390588760375977,
      0.326706200838089,
      0.22519361972808838,
      0.18495489656925201,
      0.29915449023246765,
      0.2594946324825287,
      0.2977653443813324,
      0.34838953614234924,
      0.33855631947517395
    ],
    [
      0.22677361965179443,
      0.26468735933303833,
      0.31418442726135254,
      0.26757773756980896,
      0.34866151213645935,
      0.4269108474254608,
      0.38390588760375977,
      0.9999999403953552,
      0.28337234258651733,
      0.18366555869579315,
      0.2197842299938202,
      0.21403542160987854,
      0.36232611536979675,
      0.26442259550094604,
      0.3144921362400055,
      0.3146964907646179
    ],
    [
      0.2753412127494812,
      0.25013792514801025,
      0.3317485749721527,
      0.19217549264431,
      0.279550701379776,
      0.2746715545654297,
      0.326706200838089,
      0.28337234258651733,
      1.0,
      0.32010480761528015,
      0.22358810901641846,
      0.3221302330493927,
      0.21487469971179962,
      0.2082654982805252,
      0.27267080545425415,
      0.32245898246765137
    ],
    [
      0.20346331596374512,
      0.19277645647525787,
      0.23880062997341156,
      0.2525682747364044,
      0.24317601323127747,
      0.25977346301078796,
      0.22519361972808838,
      0.18366555869579315,
      0.32010480761528015,
      0.9999999403953552,
      0.2678350508213043,
      0.20029699802398682,
      0.2658149302005768,
      0.2570302486419678,
      0.2904788851737976,
      0.2808001935482025
    ],
    [
      0.2518613934516907,
      0.19137723743915558,
      0.24485896527767181,
      0.23107990622520447,
      0.20999854803085327,
      0.19849492609500885,
      0.18495489656925201,
      0.2197842299938202,
      0.22358810901641846,
      0.2678350508213043,
      1.0,
      0.2719480097293854,
      0.32497328519821167,
      0.2328563928604126,
      0.20834286510944366,
      0.3157506585121155
    ],
    [
      0.3594798147678375,
      0.30797553062438965,
      0.3876342177391052,
      0.2720377743244171,
      0.41600361466407776,
      0.33122023940086365,
      0.29915449023246765,
      0.21403542160987854,
      0.3221302330493927,
      0.20029699802398682,
      0.2719480097293854,
      1.0,
      0.1919555813074112,
      0.34261542558670044,
      0.22188976407051086,
      0.3466322720050812
    ],
    [
      0.2783314883708954,
      0.38011130690574646,
      0.301586389541626,
      0.34431588649749756,
      0.3732203543186188,
      0.32259202003479004,
      0.2594946324825287,
      0.36232611536979675,
      0.21487469971179962,
      0.2658149302005768,
      0.32497328519821167,
      0.1919555813074112,
      1.0,
      0.39334946870803833,
      0.46494677662849426,
      0.4899722933769226
    ],
    [
      0.4221649765968323,
      0.39990076422691345,
      0.3912474811077118,
      0.3426363468170166,
      0.293130099773407,
      0.27842676639556885,
      0.2977653443813324,
      0.26442259550094604,
      0.2082654982805252,
      0.2570302486419678,
      0.2328563928604126,
      0.34261542558670044,
      0.39334946870803833,
      1.0,
      0.4043777287006378,
      0.4556105136871338
    ],
    [
      0.25185588002204895,
      0.40658438205718994,
      0.3248388469219208,
      0.4903496205806732,
      0.3416346311569214,
      0.35486650466918945,
      0.34838953614234924,
      0.3144921362400055,
      0.27267080545425415,
      0.2904788851737976,
      0.20834286510944366,
      0.22188976407051086,
      0.46494677662849426,
      0.4043777287006378,
      0.9999999403953552,
      0.5689130425453186
    ],
    [
      0.3554840385913849,
      0.4334864914417267,
      0.38934850692749023,
      0.4155384302139282,
      0.37529879808425903,
      0.3962644934654236,
      0.33855631947517395,
      0.3146964907646179,
      0.32245898246765137,
      0.2808001935482025,
      0.3157506585121155,
      0.3466322720050812,
      0.4899722933769226,
      0.4556105136871338,
      0.5689130425453186,
      1.0
    ]
  ]
}