{"game_number":354,"words":["BRONCO","COWBOY","PACKER","RAVEN","BOWTIE","ELBOW","SHELL","SPIRAL","HIP","KNEE","SHOULDER","WRIST","AIRPLANE","MOTHER","OKLAHOMA","THEM"],"adjacency_matrix":[[0.9999999403953552,0.651661217212677,0.4517924189567566,0.30464479327201843,0.44856783747673035,0.3649052679538727,0.2656930088996887,0.39541009068489075,0.40575525164604187,0.3975813090801239,0.3856404721736908,0.2510479688644409,0.42131683230400085,0.3609135150909424,0.36452022194862366,0.25654909014701843],[0.651661217212677,1.0,0.42046305537223816,0.26662886142730713,0.4021492600440979,0.2643164396286011,0.2886703312397003,0.27764686942100525,0.3751896321773529,0.30342599749565125,0.30772635340690613,0.2592081129550934,0.30914217233657837,0.3337138295173645,0.3163413405418396,0.20849350094795227],[0.4517924189567566,0.42046305537223816,1.0,0.2947520315647125,0.3382967412471771,0.23144009709358215,0.3581226170063019,0.23374317586421967,0.22982874512672424,0.2530031204223633,0.24737346172332764,0.1905106157064438,0.27773183584213257,0.3965400159358978,0.24648083746433258,0.24245937168598175],[0.30464479327201843,0.26662886142730713,0.2947520315647125,1.0,0.2882818281650543,0.16830775141716003,0.23646460473537445,0.27809277176856995,0.2064722329378128,0.18906158208847046,0.3001387119293213,0.1882721334695816,0.2051657736301422,0.36365845799446106,0.25161486864089966,0.21363414824008942],[0.44856783747673035,0.4021492600440979,0.3382967412471771,0.2882818281650543,1.0,0.3842836022377014,0.38523921370506287,0.37236154079437256,0.4027916193008423,0.39373111724853516,0.4074057936668396,0.40900325775146484,0.3207766115665436,0.2320103496313095,0.27184465527534485,0.2311827391386032],[0.3649052679538727,0.2643164396286011,0.23144009709358215,0.16830775141716003,0.3842836022377014,1.0,0.3161718249320984,0.3561530113220215,0.5868031978607178,0.7759487628936768,0.6915635466575623,0.6729534864425659,0.29600438475608826,0.2663833796977997,0.14513364434242249,0.29977792501449585],[0.2656930088996887,0.2886703312397003,0.3581226170063019,0.23646460473537445,0.38523921370506287,0.3161718249320984,1.0,0.42482125759124756,0.28487300872802734,0.2832709848880768,0.32901298999786377,0.32883068919181824,0.2590869665145874,0.33176183700561523,0.12840679287910461,0.3343766927719116],[0.39541009068489075,0.27764686942100525,0.23374317586421967,0.27809277176856995,0.37236154079437256,0.3561530113220215,0.42482125759124756,1.0,0.34674200415611267,0.3538109362125397,0.36591896414756775,0.33128753304481506,0.33710095286369324,0.2952744960784912,0.11119247227907181,0.27475303411483765],[0.40575525164604187,0.3751896321773529,0.22982874512672424,0.2064722329378128,0.4027916193008423,0.5868031978607178,0.28487300872802734,0.34674200415611267,1.0,0.6293118596076965,0.5245566368103027,0.5532811284065247,0.25627604126930237,0.2694757878780365,0.1848766952753067,0.24895833432674408],[0.3975813090801239,0.30342599749565125,0.2530031204223633,0.18906158208847046,0.39373111724853516,0.7759487628936768,0.2832709848880768,0.3538109362125397,0.6293118596076965,0.9999999403953552,0.66111820936203,0.6414555311203003,0.30064624547958374,0.3089282810688019,0.1828717738389969,0.24239423871040344],[0.3856404721736908,0.30772635340690613,0.24737346172332764,0.3001387119293213,0.4074057936668396,0.6915635466575623,0.32901298999786377,0.36591896414756775,0.5245566368103027,0.66111820936203,1.0,0.6359104514122009,0.2586412727832794,0.37349411845207214,0.16027508676052094,0.3473380506038666],[0.2510479688644409,0.2592081129550934,0.1905106157064438,0.1882721334695816,0.40900325775146484,0.6729534864425659,0.32883068919181824,0.33128753304481506,0.5532811284065247,0.6414555311203003,0.6359104514122009,1.0,0.2543128728866577,0.2862955629825592,0.09139568358659744,0.28104016184806824],[0.42131683230400085,0.30914217233657837,0.27773183584213257,0.2051657736301422,0.3207766115665436,0.29600438475608826,0.2590869665145874,0.33710095286369324,0.25627604126930237,0.30064624547958374,0.2586412727832794,0.2543128728866577,1.0,0.336041659116745,0.2831084132194519,0.32839277386665344],[0.3609135150909424,0.3337138295173645,0.3965400159358978,0.36365845799446106,0.2320103496313095,0.2663833796977997,0.33176183700561523,0.2952744960784912,0.2694757878780365,0.3089282810688019,0.37349411845207214,0.2862955629825592,0.336041659116745,0.9999999403953552,0.21930135786533356,0.39791029691696167],[0.36452022194862366,0.3163413405418396,0.24648083746433258,0.25161486864089966,0.27184465527534485,0.14513364434242249,0.12840679287910461,0.11119247227907181,0.1848766952753067,0.1828717738389969,0.16027508676052094,0.09139568358659744,0.2831084132194519,0.21930135786533356,1.0,0.1704108566045761],[0.25654909014701843,0.20849350094795227,0.24245937168598175,0.21363414824008942,0.2311827391386032,0.29977792501449585,0.3343766927719116,0.27475303411483765,0.24895833432674408,0.24239423871040344,0.3473380506038666,0.28104016184806824,0.32839277386665344,0.39791029691696167,0.1704108566045761,1.0000001192092896]]}