{
  "game_number": 615,
  "words": [
    "CLUB",
    "CUBAN",
    "MELT",
    "SUB",
    "FLANK",
    "LOIN",
    "ROUND",
    "SHANK",
    "CHUCK",
    "JOSH",
    "ROB",
    "SUE",
    "HEEL",
    "LACE",
    "SOLE",
    "TONGUE"
  ],
  "adjacency_matrix": [
    [
      1.0,
      0.26884725689888,
      0.19498604536056519,
      0.41110721230506897,
      0.3110312223434448,
      0.17530636489391327,
      0.36274436116218567,
      0.15092265605926514,
      0.25923842191696167,
      0.19159388542175293,
      0.2932506501674652,
      0.2912714183330536,
      0.22884705662727356,
      0.2633500099182129,
      0.35274747014045715,
      0.20865586400032043
    ],
    [
      0.26884725689888,
      1.0,
      0.2165924310684204,
      0.3917416036128998,
      0.279330313205719,
      0.2096976488828659,
      0.2543414235115051,
      0.2478676736354828,
      0.28919026255607605,
      0.2852129340171814,
      0.26489338278770447,
      0.22072915732860565,
      0.28062596917152405,
      0.24661633372306824,
      0.3142125904560089,
      0.24128732085227966
    ],
    [
      0.19498604536056519,
      0.2165924310684204,
      1.0,
      0.2802421450614929,
      0.32628604769706726,
      0.3277656137943268,
      0.3134579658508301,
      0.3161817193031311,
      0.4600265920162201,
      0.20937833189964294,
      0.36168450117111206,
      0.3350050747394562,
      0.33371269702911377,
      0.3303478956222534,
      0.28685620427131653,
      0.4163880944252014
    ],
    [
      0.41110721230506897,
      0.3917416036128998,
      0.2802421450614929,
      0.9999999403953552,
      0.3217581808567047,
      0.2660302221775055,
      0.29870814085006714,
      0.29415184259414673,
      0.34092795848846436,
      0.2650570571422577,
      0.22556228935718536,
      0.2623364329338074,
      0.24539496004581451,
      0.2637331485748291,
      0.3819153606891632,
      0.266648530960083
    ],
    [
      0.3110312223434448,
      0.279330313205719,
      0.32628604769706726,
      0.3217581808567047,
      1.0,
      0.37327295541763306,
      0.3664145767688751,
      0.3855162560939789,
      0.32783713936805725,
      0.1957683116197586,
      0.32816311717033386,
      0.3098263442516327,
      0.4154070019721985,
      0.29071399569511414,
      0.35868632793426514,
      0.3761332333087921
    ],
    [
      0.17530636489391327,
      0.2096976488828659,
      0.3277656137943268,
      0.2660302221775055,
      0.37327295541763306,
      1.0,
      0.32947927713394165,
      0.3639433979988098,
      0.399335116147995,
      0.3217524290084839,
      0.22120821475982666,
      0.1649545431137085,
      0.34740617871284485,
      0.30925387144088745,
      0.256214439868927,
      0.3741861581802368
    ],
    [
      0.36274436116218567,
      0.2543414235115051,
      0.3134579658508301,
      0.29870814085006714,
      0.3664145767688751,
      0.32947927713394165,
      0.9999999403953552,
      0.36415064334869385,
      0.437426894903183,
      0.2016332596540451,
      0.2478903979063034,
      0.23471972346305847,
      0.31066715717315674,
      0.30614951252937317,
      0.3152022659778595,
      0.33404526114463806
    ],
    [
      0.15092265605926514,
      0.2478676736354828,
      0.3161817193031311,
      0.29415184259414673,
      0.3855162560939789,
      0.3639433979988098,
      0.36415064334869385,
      1.0,
      0.5097121000289917,
      0.3146035373210907,
      0.327870637178421,
      0.2844787836074829,
      0.43472620844841003,
      0.36937013268470764,
      0.32885047793388367,
      0.379867285490036
    ],
    [
      0.25923842191696167,
      0.28919026255607605,
      0.4600265920162201,
      0.34092795848846436,
      0.32783713936805725,
      0.399335116147995,
      0.437426894903183,
      0.5097121000289917,
      1.0,
      0.44944295287132263,
      0.4685940444469452,
      0.44062599539756775,
      0.36681196093559265,
      0.37494584918022156,
      0.30346786975860596,
      0.34906354546546936
    ],
    [
      0.19159388542175293,
      0.2852129340171814,
      0.20937833189964294,
      0.2650570571422577,
      0.1957683116197586,
      0.3217524290084839,
      0.2016332596540451,
      0.3146035373210907,
      0.44944295287132263,
      1.0,
      0.35916438698768616,
      0.3085809350013733,
      0.2276533991098404,
      0.21130047738552094,
      0.146701380610466,
      0.2889616787433624
    ],
    [
      0.2932506501674652,
      0.26489338278770447,
      0.36168450117111206,
      0.22556228935718536,
      0.32816311717033386,
      0.22120821475982666,
      0.2478903979063034,
      0.327870637178421,
      0.4685940444469452,
      0.35916438698768616,
      1.0,
      0.4862767457962036,
      0.23609858751296997,
      0.28385603427886963,
      0.2866857647895813,
      0.22172163426876068
    ],
    [
      0.2912714183330536,
      0.22072915732860565,
      0.3350050747394562,
      0.2623364329338074,
      0.3098263442516327,
      0.1649545431137085,
      0.23471972346305847,
      0.2844787836074829,
      0.44062599539756775,
      0.3085809350013733,
      0.4862767457962036,
      1.0,
      0.2714153230190277,
      0.24039992690086365,
      0.3147448003292084,
      0.27706772089004517
    ],
    [
      0.22884705662727356,
      0.28062596917152405,
      0.33371269702911377,
      0.24539496004581451,
      0.4154070019721985,
      0.34740617871284485,
      0.31066715717315674,
      0.43472620844841003,
      0.36681196093559265,
      0.2276533991098404,
      0.23609858751296997,
      0.2714153230190277,
      1.0,
      0.37435758113861084,
      0.4391316771507263,
      0.39920011162757874
    ],
    [
      0.2633500099182129,
      0.24661633372306824,
      0.3303478956222534,
      0.2637331485748291,
      0.29071399569511414,
      0.30925387144088745,
      0.30614951252937317,
      0.36937013268470764,
      0.37494584918022156,
      0.21130047738552094,
      0.28385603427886963,
      0.24039992690086365,
      0.37435758113861084,
      1.0,
      0.3460471034049988,
      0.3840807378292084
    ],
    [
      0.35274747014045715,
      0.3142125904560089,
      0.28685620427131653,
      0.3819153606891632,
      0.35868632793426514,
      0.256214439868927,
      0.3152022659778595,
      0.32885047793388367,
      0.30346786975860596,
      0.146701380610466,
      0.2866857647895813,
      0.3147448003292084,
      0.4391316771507263,
      0.3460471034049988,
      1.0,
      0.4076530635356903
    ],
    [
      0.20865586400032043,
      0.24128732085227966,
      0.4163880944252014,
      0.266648530960083,
      0.3761332333087921,
      0.3741861581802368,
      0.33404526114463806,
      0.379867285490036,
      0.34906354546546936,
      0.2889616787433624,
      0.22172163426876068,
      0.27706772089004517,
      0.39920011162757874,
      0.3840807378292084,
      0.4076530635356903,
      1.0
    ]
  ]
}