{"game_number":105,"words":["RIP","TEAR","WRENCH","YANK","DRILL","EXERCISE","PRACTICE","ROUTINE","AMERICAN","FRONTIER","SPIRIT","UNITED","FRIAR","MONKEY","SUNDRY","WEDDING"],"adjacency_matrix":[[1.0,0.6575588583946228,0.47323331236839294,0.5477447509765625,0.4299814999103546,0.3137814402580261,0.2941419780254364,0.2626195549964905,0.3019599914550781,0.2432166486978531,0.3170066773891449,0.3063044548034668,0.20398177206516266,0.28409045934677124,0.3046495318412781,0.31295904517173767],[0.6575588583946228,1.0,0.47183382511138916,0.41792094707489014,0.3854568898677826,0.3044881522655487,0.2533891201019287,0.29704800248146057,0.20265284180641174,0.22147026658058167,0.3296867907047272,0.30050531029701233,0.21057090163230896,0.30745843052864075,0.28223302960395813,0.3395439386367798],[0.47323331236839294,0.47183382511138916,0.9999999403953552,0.5173676013946533,0.45252999663352966,0.31064373254776,0.282003253698349,0.29582878947257996,0.2834375500679016,0.21279416978359222,0.26146748661994934,0.2861064672470093,0.20841053128242493,0.4689878523349762,0.28440427780151367,0.2739273011684418],[0.5477447509765625,0.41792094707489014,0.5173676013946533,1.0,0.3731675446033478,0.2997118830680847,0.23374943435192108,0.2686344385147095,0.41488057374954224,0.20757196843624115,0.2060200721025467,0.21591544151306152,0.19768211245536804,0.3968071937561035,0.2364385724067688,0.1488872766494751],[0.4299814999103546,0.3854568898677826,0.45252999663352966,0.3731675446033478,1.0,0.5173571109771729,0.4850226044654846,0.5172373652458191,0.2607852816581726,0.34109658002853394,0.30751296877861023,0.238288015127182,0.18572577834129333,0.3443901240825653,0.29979074001312256,0.3173378109931946],[0.3137814402580261,0.3044881522655487,0.31064373254776,0.2997118830680847,0.5173571109771729,1.0,0.5982808470726013,0.6046352386474609,0.2534430921077728,0.2982877492904663,0.4416162967681885,0.29305705428123474,0.24914774298667908,0.31826528906822205,0.3229038119316101,0.25059670209884644],[0.2941419780254364,0.2533891201019287,0.282003253698349,0.23374943435192108,0.4850226044654846,0.5982808470726013,1.0,0.6123355627059937,0.3127332329750061,0.4163872301578522,0.4980974793434143,0.34218379855155945,0.2740768492221832,0.3014073669910431,0.3310949206352234,0.36988213658332825],[0.2626195549964905,0.29704800248146057,0.29582878947257996,0.2686344385147095,0.5172373652458191,0.6046352386474609,0.6123355627059937,1.0,0.2530800700187683,0.39976900815963745,0.37923282384872437,0.26451772451400757,0.2661799490451813,0.3742402195930481,0.38589921593666077,0.37510251998901367],[0.3019599914550781,0.20265284180641174,0.2834375500679016,0.41488057374954224,0.2607852816581726,0.2534430921077728,0.3127332329750061,0.2530800700187683,1.0,0.3474377691745758,0.31971412897109985,0.3581438362598419,0.2106686681509018,0.345331072807312,0.3145149350166321,0.24825729429721832],[0.2432166486978531,0.22147026658058167,0.21279416978359222,0.20757196843624115,0.34109658002853394,0.2982877492904663,0.4163872301578522,0.39976900815963745,0.3474377691745758,1.0,0.4125472605228424,0.38824039697647095,0.28450027108192444,0.29009783267974854,0.3099139630794525,0.2856014370918274],[0.3170066773891449,0.3296867907047272,0.26146748661994934,0.2060200721025467,0.30751296877861023,0.4416162967681885,0.4980974793434143,0.37923282384872437,0.31971412897109985,0.4125472605228424,1.0,0.44223856925964355,0.35438647866249084,0.32747337222099304,0.32376155257225037,0.2877430319786072],[0.3063044548034668,0.30050531029701233,0.2861064672470093,0.21591544151306152,0.238288015127182,0.29305705428123474,0.34218379855155945,0.26451772451400757,0.3581438362598419,0.38824039697647095,0.44223856925964355,1.0,0.2667323350906372,0.24494487047195435,0.3288506269454956,0.29320478439331055],[0.20398177206516266,0.21057090163230896,0.20841053128242493,0.19768211245536804,0.18572577834129333,0.24914774298667908,0.2740768492221832,0.2661799490451813,0.2106686681509018,0.28450027108192444,0.35438647866249084,0.2667323350906372,1.0,0.39166459441185,0.2955875098705292,0.21732015907764435],[0.28409045934677124,0.30745843052864075,0.4689878523349762,0.3968071937561035,0.3443901240825653,0.31826528906822205,0.3014073669910431,0.3742402195930481,0.345331072807312,0.29009783267974854,0.32747337222099304,0.24494487047195435,0.39166459441185,0.9999999403953552,0.2991429269313812,0.2874189019203186],[0.3046495318412781,0.28223302960395813,0.28440427780151367,0.2364385724067688,0.29979074001312256,0.3229038119316101,0.3310949206352234,0.38589921593666077,0.3145149350166321,0.3099139630794525,0.32376155257225037,0.3288506269454956,0.2955875098705292,0.2991429269313812,1.0,0.32275456190109253],[0.31295904517173767,0.3395439386367798,0.2739273011684418,0.1488872766494751,0.3173378109931946,0.25059670209884644,0.36988213658332825,0.37510251998901367,0.24825729429721832,0.2856014370918274,0.2877430319786072,0.29320478439331055,0.21732015907764435,0.2874189019203186,0.32275456190109253,1.0]]}