{"game_number":339,"words":["AUNT","COUSIN","MOTHER","NEPHEW","DAFFY","KOOKY","QUIRKY","WACKY","DAISY","DEWEY","DONALD","SCROOGE","ALARM","BIOLOGICAL","CUCKOO","GRANDFATHER"],"adjacency_matrix":[[1.0,0.7730749845504761,0.7320221662521362,0.7510735988616943,0.43841299414634705,0.3182322382926941,0.32055309414863586,0.3378726541996002,0.31476107239723206,0.30158093571662903,0.32930105924606323,0.42035380005836487,0.2522428333759308,0.3192507028579712,0.28966227173805237,0.7317482233047485],[0.7730749845504761,1.0,0.6878599524497986,0.8211066722869873,0.4013333320617676,0.27596983313560486,0.31846776604652405,0.32860514521598816,0.3054977059364319,0.261012464761734,0.3962777853012085,0.40245476365089417,0.19320030510425568,0.409557044506073,0.270068496465683,0.7140055298805237],[0.7320221662521362,0.6878599524497986,0.9999999403953552,0.6498602032661438,0.37581029534339905,0.22499307990074158,0.2865089476108551,0.2501271665096283,0.34733280539512634,0.29476356506347656,0.34931302070617676,0.39736229181289673,0.26995208859443665,0.4567878246307373,0.2737070322036743,0.6971918940544128],[0.7510735988616943,0.8211066722869873,0.6498602032661438,1.0,0.3528042137622833,0.23929621279239655,0.2619398534297943,0.2925181984901428,0.18851394951343536,0.22797885537147522,0.4239908754825592,0.3997846841812134,0.1941107213497162,0.26780053973197937,0.1720985323190689,0.7668454647064209],[0.43841299414634705,0.4013333320617676,0.37581029534339905,0.3528042137622833,0.9999999403953552,0.6429414749145508,0.615907609462738,0.7122694849967957,0.36604824662208557,0.3535657525062561,0.3512490391731262,0.5116103887557983,0.2546069324016571,0.337293803691864,0.3595835864543915,0.34311944246292114],[0.3182322382926941,0.27596983313560486,0.22499307990074158,0.23929621279239655,0.6429414749145508,1.0,0.708839476108551,0.841110110282898,0.24182678759098053,0.20768827199935913,0.15736716985702515,0.33810290694236755,0.20723044872283936,0.3025397062301636,0.2470978945493698,0.23701997101306915],[0.32055309414863586,0.31846776604652405,0.2865089476108551,0.2619398534297943,0.615907609462738,0.708839476108551,0.9999999403953552,0.7948748469352722,0.29151368141174316,0.20971429347991943,0.18884719908237457,0.36941927671432495,0.2807970643043518,0.42544084787368774,0.2587001621723175,0.31415101885795593],[0.3378726541996002,0.32860514521598816,0.2501271665096283,0.2925181984901428,0.7122694849967957,0.841110110282898,0.7948748469352722,1.0,0.29567649960517883,0.24848850071430206,0.2538571357727051,0.39784374833106995,0.28968149423599243,0.40083733201026917,0.28667810559272766,0.2836155891418457],[0.31476107239723206,0.3054977059364319,0.34733280539512634,0.18851394951343536,0.36604824662208557,0.24182678759098053,0.29151368141174316,0.29567649960517883,1.0,0.36435094475746155,0.32156845927238464,0.30198782682418823,0.22078783810138702,0.32631364464759827,0.3869093060493469,0.21576368808746338],[0.30158093571662903,0.261012464761734,0.29476356506347656,0.22797885537147522,0.3535657525062561,0.20768827199935913,0.20971429347991943,0.24848850071430206,0.36435094475746155,1.0,0.44282636046409607,0.36929085850715637,0.23055896162986755,0.2223443239927292,0.26364776492118835,0.2689237892627716],[0.32930105924606323,0.3962777853012085,0.34931302070617676,0.4239908754825592,0.3512490391731262,0.15736716985702515,0.18884719908237457,0.2538571357727051,0.32156845927238464,0.44282636046409607,1.0,0.44685783982276917,0.2220519632101059,0.21964919567108154,0.255718469619751,0.4158197343349457],[0.42035380005836487,0.40245476365089417,0.39736229181289673,0.3997846841812134,0.5116103887557983,0.33810290694236755,0.36941927671432495,0.39784374833106995,0.30198782682418823,0.36929085850715637,0.44685783982276917,1.0,0.24396400153636932,0.25090980529785156,0.3892585039138794,0.42004287242889404],[0.2522428333759308,0.19320030510425568,0.26995208859443665,0.1941107213497162,0.2546069324016571,0.20723044872283936,0.2807970643043518,0.28968149423599243,0.22078783810138702,0.23055896162986755,0.2220519632101059,0.24396400153636932,1.0,0.3679640591144562,0.3014601767063141,0.21527358889579773],[0.3192507028579712,0.409557044506073,0.4567878246307373,0.26780053973197937,0.337293803691864,0.3025397062301636,0.42544084787368774,0.40083733201026917,0.32631364464759827,0.2223443239927292,0.21964919567108154,0.25090980529785156,0.3679640591144562,1.0,0.25124427676200867,0.3398010730743408],[0.28966227173805237,0.270068496465683,0.2737070322036743,0.1720985323190689,0.3595835864543915,0.2470978945493698,0.2587001621723175,0.28667810559272766,0.3869093060493469,0.26364776492118835,0.255718469619751,0.3892585039138794,0.3014601767063141,0.25124427676200867,1.0,0.24920886754989624],[0.7317482233047485,0.7140055298805237,0.6971918940544128,0.7668454647064209,0.34311944246292114,0.23701997101306915,0.31415101885795593,0.2836155891418457,0.21576368808746338,0.2689237892627716,0.4158197343349457,0.42004287242889404,0.21527358889579773,0.3398010730743408,0.24920886754989624,1.0]]}