{
  "game_number": 189,
  "words": [
    "HEX",
    "JINX",
    "POX",
    "SPELL",
    "BUZZ",
    "HAMM",
    "REX",
    "SLINKY",
    "CORE",
    "GATE",
    "MANIA",
    "PILLED",
    "FLAIR",
    "GIFT",
    "INSTINCT",
    "NOSE"
  ],
  "adjacency_matrix": [
    [
      1.0,
      0.3092202842235565,
      0.2232995480298996,
      0.3997168242931366,
      0.14446064829826355,
      0.22261148691177368,
      0.06490220129489899,
      0.22048351168632507,
      0.23682940006256104,
      0.23037853837013245,
      0.13032276928424835,
      0.17685727775096893,
      0.1399046629667282,
      0.15518853068351746,
      0.09458975493907928,
      0.18015123903751373
    ],
    [
      0.3092202842235565,
      1.0,
      0.23526467382907867,
      0.4051119089126587,
      0.40202322602272034,
      0.3505447506904602,
      0.14942675828933716,
      0.2859249711036682,
      0.16421818733215332,
      0.23236596584320068,
      0.309372216463089,
      0.21532058715820312,
      0.2531788945198059,
      0.23617273569107056,
      0.22305910289287567,
      0.25314047932624817
    ],
    [
      0.2232995480298996,
      0.23526467382907867,
      1.0,
      0.2268589287996292,
      0.1940319985151291,
      0.23654478788375854,
      0.18767713010311127,
      0.14991244673728943,
      0.09767863899469376,
      0.10924261808395386,
      0.19676892459392548,
      0.2722245156764984,
      0.134286567568779,
      0.13627469539642334,
      0.11978866904973984,
      0.25863662362098694
    ],
    [
      0.3997168242931366,
      0.4051119089126587,
      0.2268589287996292,
      1.0,
      0.34138140082359314,
      0.4074528217315674,
      0.04766886308789253,
      0.31518200039863586,
      0.3172898292541504,
      0.335992693901062,
      0.29416266083717346,
      0.31417980790138245,
      0.3275716304779053,
      0.36407068371772766,
      0.29761892557144165,
      0.3432921767234802
    ],
    [
      0.14446064829826355,
      0.40202322602272034,
      0.1940319985151291,
      0.34138140082359314,
      1.0,
      0.3590310215950012,
      0.11077211052179337,
      0.3842006027698517,
      0.308647096157074,
      0.30453044176101685,
      0.416943222284317,
      0.3459790349006653,
      0.4124605059623718,
      0.3196895718574524,
      0.3648619055747986,
      0.33801889419555664
    ],
    [
      0.22261148691177368,
      0.3505447506904602,
      0.23654478788375854,
      0.4074528217315674,
      0.3590310215950012,
      1.0,
      0.27847179770469666,
      0.31089577078819275,
      0.303566038608551,
      0.3485585153102875,
      0.3438701033592224,
      0.42120620608329773,
      0.32614341378211975,
      0.33638879656791687,
      0.2298535406589508,
      0.3679214119911194
    ],
    [
      0.06490220129489899,
      0.14942675828933716,
      0.18767713010311127,
      0.04766886308789253,
      0.11077211052179337,
      0.27847179770469666,
      1.0,
      0.17824840545654297,
      0.00915283802896738,
      0.06496335566043854,
      0.21326188743114471,
      0.08623991906642914,
      0.12170842289924622,
      0.09144566208124161,
      0.11715502291917801,
      0.12514328956604004
    ],
    [
      0.22048351168632507,
      0.2859249711036682,
      0.14991244673728943,
      0.31518200039863586,
      0.3842006027698517,
      0.31089577078819275,
      0.17824840545654297,
      1.0,
      0.3165087103843689,
      0.18751998245716095,
      0.27641791105270386,
      0.4054703712463379,
      0.41675788164138794,
      0.304654598236084,
      0.2999414801597595,
      0.338296502828598
    ],
    [
      0.23682940006256104,
      0.16421818733215332,
      0.09767863899469376,
      0.3172898292541504,
      0.308647096157074,
      0.303566038608551,
      0.00915283802896738,
      0.3165087103843689,
      1.0,
      0.41053009033203125,
      0.3034817576408386,
      0.41763004660606384,
      0.37816372513771057,
      0.3540783226490021,
      0.42251935601234436,
      0.34180495142936707
    ],
    [
      0.23037853837013245,
      0.23236596584320068,
      0.10924261808395386,
      0.335992693901062,
      0.30453044176101685,
      0.3485585153102875,
      0.06496335566043854,
      0.18751998245716095,
      0.41053009033203125,
      1.0,
      0.29512888193130493,
      0.3947993516921997,
      0.24631142616271973,
      0.3602023422718048,
      0.3220475912094116,
      0.40801283717155457
    ],
    [
      0.13032276928424835,
      0.309372216463089,
      0.19676892459392548,
      0.29416266083717346,
      0.416943222284317,
      0.3438701033592224,
      0.21326188743114471,
      0.27641791105270386,
      0.3034817576408386,
      0.29512888193130493,
      0.9999999403953552,
      0.3511005938053131,
      0.3921758830547333,
      0.27568721771240234,
      0.350493460893631,
      0.22166040539741516
    ],
    [
      0.17685727775096893,
      0.21532058715820312,
      0.2722245156764984,
      0.31417980790138245,
      0.3459790349006653,
      0.42120620608329773,
      0.08623991906642914,
      0.4054703712463379,
      0.41763004660606384,
      0.3947993516921997,
      0.3511005938053131,
      1.0000001192092896,
      0.3260907530784607,
      0.31975117325782776,
      0.3279879689216614,
      0.44460272789001465
    ],
    [
      0.1399046629667282,
      0.2531788945198059,
      0.134286567568779,
      0.3275716304779053,
      0.4124605059623718,
      0.32614341378211975,
      0.12170842289924622,
      0.41675788164138794,
      0.37816372513771057,
      0.24631142616271973,
      0.3921758830547333,
      0.3260907530784607,
      1.0,
      0.40275272727012634,
      0.47520023584365845,
      0.3555489182472229
    ],
    [
      0.15518853068351746,
      0.23617273569107056,
      0.13627469539642334,
      0.36407068371772766,
      0.3196895718574524,
      0.33638879656791687,
      0.09144566208124161,
      0.304654598236084,
      0.3540783226490021,
      0.3602023422718048,
      0.27568721771240234,
      0.31975117325782776,
      0.40275272727012634,
      0.9999999403953552,
      0.3896985352039337,
      0.33322641253471375
    ],
    [
      0.09458975493907928,
      0.22305910289287567,
      0.11978866904973984,
      0.29761892557144165,
      0.3648619055747986,
      0.2298535406589508,
      0.11715502291917801,
      0.2999414801597595,
      0.42251935601234436,
      0.3220475912094116,
      0.350493460893631,
      0.3279879689216614,
      0.47520023584365845,
      0.3896985352039337,
      1.0,
      0.3503887951374054
    ],
    [
      0.18015123903751373,
      0.25314047932624817,
      0.25863662362098694,
      0.3432921767234802,
      0.33801889419555664,
      0.3679214119911194,
      0.12514328956604004,
      0.338296502828598,
      0.34180495142936707,
      0.40801283717155457,
      0.22166040539741516,
      0.44460272789001465,
      0.3555489182472229,
      0.33322641253471375,
      0.3503887951374054,
      1.0
    ]
  ]
}