{"game_number":40,"words":["EASY","ENOUGH","RELAX","QUIET","BUG","CHILL","COLD","COUGH","BREACH","DIVE","SING","SPOUT","MAGIC","MOTOR","SIN","WINDY"],"adjacency_matrix":[[1.0,0.5963422656059265,0.4211464524269104,0.5709139704704285,0.2937130928039551,0.31354016065597534,0.4358515441417694,0.27546602487564087,0.299488365650177,0.41977643966674805,0.24603287875652313,0.26450878381729126,0.3628044128417969,0.24920737743377686,0.2875673472881317,0.33329495787620544],[0.5963422656059265,1.0,0.38452014327049255,0.48418930172920227,0.34348028898239136,0.34934553503990173,0.3799413740634918,0.3547247648239136,0.3422531485557556,0.3922053277492523,0.29913198947906494,0.31947970390319824,0.3970972001552582,0.2804141640663147,0.22081993520259857,0.3027713894844055],[0.4211464524269104,0.38452014327049255,0.9999999403953552,0.5141944885253906,0.21046082675457,0.5414124727249146,0.3460466265678406,0.3412152826786041,0.3540267050266266,0.38993948698043823,0.41109222173690796,0.30262741446495056,0.29522132873535156,0.22224529087543488,0.21666324138641357,0.2579963505268097],[0.5709139704704285,0.48418930172920227,0.5141944885253906,1.0,0.25324752926826477,0.46083489060401917,0.5363778471946716,0.3689471185207367,0.3295973241329193,0.3865494728088379,0.32344651222229004,0.2897167205810547,0.3803263008594513,0.3269951045513153,0.22169393301010132,0.42099830508232117],[0.2937130928039551,0.34348028898239136,0.21046082675457,0.25324752926826477,0.9999999403953552,0.3082975745201111,0.314511239528656,0.3525182902812958,0.3646186292171478,0.31260642409324646,0.20628076791763306,0.22944915294647217,0.44247862696647644,0.285243958234787,0.3372437059879303,0.23717720806598663],[0.31354016065597534,0.34934553503990173,0.5414124727249146,0.46083489060401917,0.3082975745201111,1.0,0.654179573059082,0.479792982339859,0.3829860985279083,0.2824108898639679,0.26212581992149353,0.3498779833316803,0.358795166015625,0.2576826810836792,0.25257033109664917,0.42929142713546753],[0.4358515441417694,0.3799413740634918,0.3460466265678406,0.5363778471946716,0.314511239528656,0.654179573059082,1.0,0.5152775049209595,0.33340373635292053,0.32701626420021057,0.25122183561325073,0.35816624760627747,0.4040141701698303,0.27425897121429443,0.3048991858959198,0.5721810460090637],[0.27546602487564087,0.3547247648239136,0.3412152826786041,0.3689471185207367,0.3525182902812958,0.479792982339859,0.5152775049209595,1.0,0.25311478972435,0.2666211426258087,0.3185751736164093,0.38420847058296204,0.31059762835502625,0.2317933887243271,0.20049189031124115,0.29232150316238403],[0.299488365650177,0.3422531485557556,0.3540267050266266,0.3295973241329193,0.3646186292171478,0.3829860985279083,0.33340373635292053,0.25311478972435,1.0,0.3890528082847595,0.18928416073322296,0.27721813321113586,0.32320436835289,0.25360384583473206,0.35417884588241577,0.1732124537229538],[0.41977643966674805,0.3922053277492523,0.38993948698043823,0.3865494728088379,0.31260642409324646,0.2824108898639679,0.32701626420021057,0.2666211426258087,0.3890528082847595,1.0,0.3216358423233032,0.34051671624183655,0.31432023644447327,0.23008954524993896,0.24620921909809113,0.2057226598262787],[0.24603287875652313,0.29913198947906494,0.41109222173690796,0.32344651222229004,0.20628076791763306,0.26212581992149353,0.25122183561325073,0.3185751736164093,0.18928416073322296,0.3216358423233032,1.0,0.3525709807872772,0.28208261728286743,0.1917545646429062,0.2692943513393402,0.20253823697566986],[0.26450878381729126,0.31947970390319824,0.30262741446495056,0.2897167205810547,0.22944915294647217,0.3498779833316803,0.35816624760627747,0.38420847058296204,0.27721813321113586,0.34051671624183655,0.3525709807872772,1.0,0.32638850808143616,0.2467341274023056,0.18059766292572021,0.31135499477386475],[0.3628044128417969,0.3970972001552582,0.29522132873535156,0.3803263008594513,0.44247862696647644,0.358795166015625,0.4040141701698303,0.31059762835502625,0.32320436835289,0.31432023644447327,0.28208261728286743,0.32638850808143616,1.0,0.3689759075641632,0.32996147871017456,0.21424172818660736],[0.24920737743377686,0.2804141640663147,0.22224529087543488,0.3269951045513153,0.285243958234787,0.2576826810836792,0.27425897121429443,0.2317933887243271,0.25360384583473206,0.23008954524993896,0.1917545646429062,0.2467341274023056,0.3689759075641632,1.0,0.26624569296836853,0.2238311469554901],[0.2875673472881317,0.22081993520259857,0.21666324138641357,0.22169393301010132,0.3372437059879303,0.25257033109664917,0.3048991858959198,0.20049189031124115,0.35417884588241577,0.24620921909809113,0.2692943513393402,0.18059766292572021,0.32996147871017456,0.26624569296836853,1.0000001192092896,0.18614216148853302],[0.33329495787620544,0.3027713894844055,0.2579963505268097,0.42099830508232117,0.23717720806598663,0.42929142713546753,0.5721810460090637,0.29232150316238403,0.1732124537229538,0.2057226598262787,0.20253823697566986,0.31135499477386475,0.21424172818660736,0.2238311469554901,0.18614216148853302,1.0]]}