{"game_number":237,"words":["HIDDEN","PRIVATE","REMOTE","SECRET","AMOUNT","NUMBER","QUANTITY","VOLUME","CANAL","CHANNEL","SOUND","STRAIT","96","MOW","NOON","SIS"],"adjacency_matrix":[[0.9999999403953552,0.4987528920173645,0.5020797252655029,0.6850288510322571,0.36293336749076843,0.36732810735702515,0.32127881050109863,0.3130365014076233,0.3144637644290924,0.3495083451271057,0.38263222575187683,0.3443000614643097,0.09360849857330322,0.15123113989830017,0.14798961579799652,0.20063118636608124],[0.4987528920173645,1.0,0.5080521106719971,0.5819125175476074,0.3519175350666046,0.3915663957595825,0.3542592227458954,0.3163986802101135,0.3820529282093048,0.4145991802215576,0.4134382903575897,0.2815764546394348,0.10554660111665726,0.13213516771793365,0.18360701203346252,0.28433507680892944],[0.5020797252655029,0.5080521106719971,1.0,0.46748626232147217,0.31103086471557617,0.3503756523132324,0.2886275351047516,0.28991156816482544,0.32139021158218384,0.3825345039367676,0.4246630370616913,0.3448726534843445,0.06337276101112366,0.1450415998697281,0.23440201580524445,0.23720525205135345],[0.6850288510322571,0.5819125175476074,0.46748626232147217,1.0,0.3333969712257385,0.3485132157802582,0.3371790051460266,0.3369174003601074,0.3271212875843048,0.3787606358528137,0.35129010677337646,0.3762008547782898,0.011968318372964859,0.07564069330692291,0.14192847907543182,0.2788853347301483],[0.36293336749076843,0.3519175350666046,0.31103086471557617,0.3333969712257385,1.0,0.5855591893196106,0.6763801574707031,0.5328990817070007,0.218704953789711,0.2987866699695587,0.3407178223133087,0.31265243887901306,0.14526169002056122,0.1410529911518097,0.19832922518253326,0.139215886592865],[0.36732810735702515,0.3915663957595825,0.3503756523132324,0.3485132157802582,0.5855591893196106,1.0,0.5806426405906677,0.5437620878219604,0.2546482980251312,0.3737225830554962,0.3072277903556824,0.2877069413661957,0.3762565851211548,0.12437447905540466,0.22080713510513306,0.23125247657299042],[0.32127881050109863,0.3542592227458954,0.2886275351047516,0.3371790051460266,0.6763801574707031,0.5806426405906677,1.0000001192092896,0.5929425358772278,0.2831418514251709,0.3258962035179138,0.3647423982620239,0.2890545427799225,0.10524360835552216,0.1533161848783493,0.2438795566558838,0.2035660743713379],[0.3130365014076233,0.3163986802101135,0.28991156816482544,0.3369174003601074,0.5328990817070007,0.5437620878219604,0.5929425358772278,1.0,0.31874585151672363,0.3858552575111389,0.346466064453125,0.24089916050434113,0.19448432326316833,0.1244349256157875,0.18020950257778168,0.19405247271060944],[0.3144637644290924,0.3820529282093048,0.32139021158218384,0.3271212875843048,0.218704953789711,0.2546482980251312,0.2831418514251709,0.31874585151672363,1.0,0.5202081799507141,0.33016782999038696,0.4293452799320221,0.09278205037117004,0.21235311031341553,0.19745180010795593,0.2553260922431946],[0.3495083451271057,0.4145991802215576,0.3825345039367676,0.3787606358528137,0.2987866699695587,0.3737225830554962,0.3258962035179138,0.3858552575111389,0.5202081799507141,1.0,0.378239244222641,0.4602177143096924,0.12154821306467056,0.09919365495443344,0.26518118381500244,0.2833145558834076],[0.38263222575187683,0.4134382903575897,0.4246630370616913,0.35129010677337646,0.3407178223133087,0.3072277903556824,0.3647423982620239,0.346466064453125,0.33016782999038696,0.378239244222641,1.0,0.33160045742988586,0.07647215574979782,0.18719768524169922,0.22782433032989502,0.23140676319599152],[0.3443000614643097,0.2815764546394348,0.3448726534843445,0.3762008547782898,0.31265243887901306,0.2877069413661957,0.2890545427799225,0.24089916050434113,0.4293452799320221,0.4602177143096924,0.33160045742988586,1.0,0.0372893288731575,0.16687019169330597,0.21273352205753326,0.2625100016593933],[0.09360849857330322,0.10554660111665726,0.06337276101112366,0.011968318372964859,0.14526169002056122,0.3762565851211548,0.10524360835552216,0.19448432326316833,0.09278205037117004,0.12154821306467056,0.07647215574979782,0.0372893288731575,1.0,0.036427248269319534,0.21782439947128296,0.10297966748476028],[0.15123113989830017,0.13213516771793365,0.1450415998697281,0.07564069330692291,0.1410529911518097,0.12437447905540466,0.1533161848783493,0.1244349256157875,0.21235311031341553,0.09919365495443344,0.18719768524169922,0.16687019169330597,0.036427248269319534,1.0,0.22404786944389343,0.14411382377147675],[0.14798961579799652,0.18360701203346252,0.23440201580524445,0.14192847907543182,0.19832922518253326,0.22080713510513306,0.2438795566558838,0.18020950257778168,0.19745180010795593,0.26518118381500244,0.22782433032989502,0.21273352205753326,0.21782439947128296,0.22404786944389343,1.0,0.168137788772583],[0.20063118636608124,0.28433507680892944,0.23720525205135345,0.2788853347301483,0.139215886592865,0.23125247657299042,0.2035660743713379,0.19405247271060944,0.2553260922431946,0.2833145558834076,0.23140676319599152,0.2625100016593933,0.10297966748476028,0.14411382377147675,0.168137788772583,0.9999999403953552]]}