{"game_number":233,"words":["ARCH","BALL","SOLE","TOE","BASS","HARP","HORN","ORGAN","COME","DOWN","SIT","STAY","DOG","HEEL","JERK","SNAKE"],"adjacency_matrix":[[1.0,0.3707537055015564,0.3818958103656769,0.42711731791496277,0.3302939236164093,0.33149269223213196,0.3889850080013275,0.4457586705684662,0.2655979096889496,0.3723122775554657,0.37733107805252075,0.2783803641796112,0.33834245800971985,0.45682623982429504,0.2826332449913025,0.3899535536766052],[0.3707537055015564,1.0,0.36309897899627686,0.42634502053260803,0.3230857253074646,0.3244818449020386,0.40682515501976013,0.31594452261924744,0.3778654634952545,0.4410647749900818,0.3546653389930725,0.37690240144729614,0.3963020145893097,0.4132285714149475,0.3226047158241272,0.4070796072483063],[0.3818958103656769,0.36309897899627686,1.0,0.3955877125263214,0.3742215633392334,0.3315347731113434,0.3478119671344757,0.40251603722572327,0.31429633498191833,0.2748904228210449,0.2794235050678253,0.38206496834754944,0.35637959837913513,0.4391316771507263,0.25246599316596985,0.2876370847225189],[0.42711731791496277,0.42634502053260803,0.3955877125263214,0.9999999403953552,0.30286428332328796,0.2565339505672455,0.3870489001274109,0.3061467409133911,0.3087335228919983,0.3937746286392212,0.3668711483478546,0.3000071048736572,0.33842748403549194,0.6360782384872437,0.36706310510635376,0.3698691725730896],[0.3302939236164093,0.3230857253074646,0.3742215633392334,0.30286428332328796,1.0,0.4768544137477875,0.5341842174530029,0.49981072545051575,0.20426443219184875,0.301788866519928,0.24501927196979523,0.23374134302139282,0.2642826735973358,0.27862194180488586,0.24649816751480103,0.37824058532714844],[0.33149269223213196,0.3244818449020386,0.3315347731113434,0.2565339505672455,0.4768544137477875,1.0,0.5656570792198181,0.43169623613357544,0.31942635774612427,0.354495644569397,0.27443787455558777,0.25424855947494507,0.2999366819858551,0.24361129105091095,0.2546704113483429,0.37174203991889954],[0.3889850080013275,0.40682515501976013,0.3478119671344757,0.3870489001274109,0.5341842174530029,0.5656570792198181,1.0,0.5046369433403015,0.27421894669532776,0.3233659267425537,0.24035021662712097,0.23606088757514954,0.3869899809360504,0.3051128387451172,0.2682643234729767,0.4581170678138733],[0.4457586705684662,0.31594452261924744,0.40251603722572327,0.3061467409133911,0.49981072545051575,0.43169623613357544,0.5046369433403015,1.0,0.23406817018985748,0.2659353017807007,0.22306367754936218,0.18421809375286102,0.303398072719574,0.23799972236156464,0.22883884608745575,0.37247326970100403],[0.2655979096889496,0.3778654634952545,0.31429633498191833,0.3087335228919983,0.20426443219184875,0.31942635774612427,0.27421894669532776,0.23406817018985748,1.0,0.5451304316520691,0.5698062777519226,0.6311008334159851,0.3060205578804016,0.3539699912071228,0.271911084651947,0.2688835859298706],[0.3723122775554657,0.4410647749900818,0.2748904228210449,0.3937746286392212,0.301788866519928,0.354495644569397,0.3233659267425537,0.2659353017807007,0.5451304316520691,1.0,0.49033477902412415,0.47262459993362427,0.36042946577072144,0.39351987838745117,0.34894639253616333,0.3509445786476135],[0.37733107805252075,0.3546653389930725,0.2794235050678253,0.3668711483478546,0.24501927196979523,0.27443787455558777,0.24035021662712097,0.22306367754936218,0.5698062777519226,0.49033477902412415,1.0,0.5521508455276489,0.34295687079429626,0.32245028018951416,0.2981651723384857,0.2591307461261749],[0.2783803641796112,0.37690240144729614,0.38206496834754944,0.3000071048736572,0.23374134302139282,0.25424855947494507,0.23606088757514954,0.18421809375286102,0.6311008334159851,0.47262459993362427,0.5521508455276489,1.0,0.35241565108299255,0.33601468801498413,0.22888585925102234,0.29596149921417236],[0.33834245800971985,0.3963020145893097,0.35637959837913513,0.33842748403549194,0.2642826735973358,0.2999366819858551,0.3869899809360504,0.303398072719574,0.3060205578804016,0.36042946577072144,0.34295687079429626,0.35241565108299255,1.0,0.3606089651584625,0.351255863904953,0.5456336736679077],[0.45682623982429504,0.4132285714149475,0.4391316771507263,0.6360782384872437,0.27862194180488586,0.24361129105091095,0.3051128387451172,0.23799972236156464,0.3539699912071228,0.39351987838745117,0.32245028018951416,0.33601468801498413,0.3606089651584625,1.0,0.4123689830303192,0.30011627078056335],[0.2826332449913025,0.3226047158241272,0.25246599316596985,0.36706310510635376,0.24649816751480103,0.2546704113483429,0.2682643234729767,0.22883884608745575,0.271911084651947,0.34894639253616333,0.2981651723384857,0.22888585925102234,0.351255863904953,0.4123689830303192,1.0,0.37280893325805664],[0.3899535536766052,0.4070796072483063,0.2876370847225189,0.3698691725730896,0.37824058532714844,0.37174203991889954,0.4581170678138733,0.37247326970100403,0.2688835859298706,0.3509445786476135,0.2591307461261749,0.29596149921417236,0.5456336736679077,0.30011627078056335,0.37280893325805664,0.9999999403953552]]}