{
  "game_number": 325,
  "words": [
    "COAT",
    "FILM",
    "LAYER",
    "SKIN",
    "BRUSH",
    "FLICK",
    "SWEEP",
    "WIPE",
    "CODE",
    "DEVELOP",
    "HACK",
    "PROGRAM",
    "DRIVE",
    "PROMPT",
    "PROPEL",
    "PUSH"
  ],
  "adjacency_matrix": [
    [
      1.0,
      0.32893869280815125,
      0.46621739864349365,
      0.5429630875587463,
      0.47820839285850525,
      0.30158373713493347,
      0.32174941897392273,
      0.393852174282074,
      0.3677058219909668,
      0.2949198782444,
      0.2995736300945282,
      0.3150538504123688,
      0.31686022877693176,
      0.17940255999565125,
      0.295772522687912,
      0.3146122395992279
    ],
    [
      0.32893869280815125,
      0.9999999403953552,
      0.2812647819519043,
      0.31699177622795105,
      0.301786333322525,
      0.5382710695266724,
      0.3206561505794525,
      0.26453694701194763,
      0.28061479330062866,
      0.28866061568260193,
      0.3399389088153839,
      0.46036604046821594,
      0.36916494369506836,
      0.20015279948711395,
      0.3112350404262543,
      0.28985151648521423
    ],
    [
      0.46621739864349365,
      0.2812647819519043,
      0.9999999403953552,
      0.4702000319957733,
      0.42741426825523376,
      0.2390572428703308,
      0.30988720059394836,
      0.3225586712360382,
      0.40254437923431396,
      0.2667960226535797,
      0.3518253564834595,
      0.3146113455295563,
      0.294631689786911,
      0.19412212073802948,
      0.2119675576686859,
      0.35582825541496277
    ],
    [
      0.5429630875587463,
      0.31699177622795105,
      0.4702000319957733,
      1.0,
      0.5203103423118591,
      0.35639840364456177,
      0.3090512454509735,
      0.4114718437194824,
      0.38612672686576843,
      0.3606514632701874,
      0.3636839985847473,
      0.2917881906032562,
      0.28712087869644165,
      0.2577109634876251,
      0.31193429231643677,
      0.314995139837265
    ],
    [
      0.47820839285850525,
      0.301786333322525,
      0.42741426825523376,
      0.5203103423118591,
      0.9999999403953552,
      0.44662997126579285,
      0.5798670053482056,
      0.5341125130653381,
      0.2705615758895874,
      0.36574727296829224,
      0.3973737955093384,
      0.3583059310913086,
      0.39495235681533813,
      0.2739056646823883,
      0.3467598557472229,
      0.46990278363227844
    ],
    [
      0.30158373713493347,
      0.5382710695266724,
      0.2390572428703308,
      0.35639840364456177,
      0.44662997126579285,
      1.0,
      0.4578448235988617,
      0.4124097526073456,
      0.23844683170318604,
      0.2804329991340637,
      0.4548555612564087,
      0.3064877688884735,
      0.40754473209381104,
      0.31896868348121643,
      0.3873879313468933,
      0.4671354591846466
    ],
    [
      0.32174941897392273,
      0.3206561505794525,
      0.30988720059394836,
      0.3090512454509735,
      0.5798670053482056,
      0.4578448235988617,
      1.0,
      0.5635427236557007,
      0.2788638770580292,
      0.3739139437675476,
      0.3738624155521393,
      0.4083409309387207,
      0.5119091272354126,
      0.34001046419143677,
      0.4563154876232147,
      0.502760112285614
    ],
    [
      0.393852174282074,
      0.26453694701194763,
      0.3225586712360382,
      0.4114718437194824,
      0.5341125130653381,
      0.4124097526073456,
      0.5635427236557007,
      1.0,
      0.28909409046173096,
      0.45209991931915283,
      0.4011022448539734,
      0.33773913979530334,
      0.4781123101711273,
      0.3599141240119934,
      0.362653523683548,
      0.4355240762233734
    ],
    [
      0.3677058219909668,
      0.28061479330062866,
      0.40254437923431396,
      0.38612672686576843,
      0.2705615758895874,
      0.23844683170318604,
      0.2788638770580292,
      0.28909409046173096,
      0.9999999403953552,
      0.32149025797843933,
      0.47839465737342834,
      0.50820392370224,
      0.3659164309501648,
      0.3183813691139221,
      0.21178537607192993,
      0.29563573002815247
    ],
    [
      0.2949198782444,
      0.28866061568260193,
      0.2667960226535797,
      0.3606514632701874,
      0.36574727296829224,
      0.2804329991340637,
      0.3739139437675476,
      0.45209991931915283,
      0.32149025797843933,
      1.0,
      0.34414124488830566,
      0.43188896775245667,
      0.5194353461265564,
      0.3972172141075134,
      0.5379356145858765,
      0.5091422200202942
    ],
    [
      0.2995736300945282,
      0.3399389088153839,
      0.3518253564834595,
      0.3636839985847473,
      0.3973737955093384,
      0.4548555612564087,
      0.3738624155521393,
      0.4011022448539734,
      0.47839465737342834,
      0.34414124488830566,
      0.9999999403953552,
      0.4045460522174835,
      0.4162989556789398,
      0.28710877895355225,
      0.3241530656814575,
      0.45480385422706604
    ],
    [
      0.3150538504123688,
      0.46036604046821594,
      0.3146113455295563,
      0.2917881906032562,
      0.3583059310913086,
      0.3064877688884735,
      0.4083409309387207,
      0.33773913979530334,
      0.50820392370224,
      0.43188896775245667,
      0.4045460522174835,
      1.0,
      0.4748944640159607,
      0.3920521140098572,
      0.33254969120025635,
      0.3866167664527893
    ],
    [
      0.31686022877693176,
      0.36916494369506836,
      0.294631689786911,
      0.28712087869644165,
      0.39495235681533813,
      0.40754473209381104,
      0.5119091272354126,
      0.4781123101711273,
      0.3659164309501648,
      0.5194353461265564,
      0.4162989556789398,
      0.4748944640159607,
      1.0,
      0.4488719701766968,
      0.564196765422821,
      0.6756839752197266
    ],
    [
      0.17940255999565125,
      0.20015279948711395,
      0.19412212073802948,
      0.2577109634876251,
      0.2739056646823883,
      0.31896868348121643,
      0.34001046419143677,
      0.3599141240119934,
      0.3183813691139221,
      0.3972172141075134,
      0.28710877895355225,
      0.3920521140098572,
      0.4488719701766968,
      1.0,
      0.3692438304424286,
      0.4242474138736725
    ],
    [
      0.295772522687912,
      0.3112350404262543,
      0.2119675576686859,
      0.31193429231643677,
      0.3467598557472229,
      0.3873879313468933,
      0.4563154876232147,
      0.362653523683548,
      0.21178537607192993,
      0.5379356145858765,
      0.3241530656814575,
      0.33254969120025635,
      0.564196765422821,
      0.3692438304424286,
      1.0,
      0.6216184496879578
    ],
    [
      0.3146122395992279,
      0.28985151648521423,
      0.35582825541496277,
      0.314995139837265,
      0.46990278363227844,
      0.4671354591846466,
      0.502760112285614,
      0.4355240762233734,
      0.29563573002815247,
      0.5091422200202942,
      0.45480385422706604,
      0.3866167664527893,
      0.6756839752197266,
      0.4242474138736725,
      0.6216184496879578,
      0.9999999403953552
    ]
  ]
}