{"game_number":169,"words":["BROTHER","LORD","PLEASE","SHEESH","BISHOP","CARDINAL","PASTOR","PRIOR","HEART","MADONNA","PRINCE","QUEEN","DELI","NIECE","ROAM","SOUL"],"adjacency_matrix":[[1.0,0.5184655785560608,0.2475077360868454,0.29938510060310364,0.4818260669708252,0.38975802063941956,0.5152563452720642,0.3811420798301697,0.3546002209186554,0.3152276873588562,0.5350967049598694,0.45140308141708374,0.2828007936477661,0.7366180419921875,0.14916732907295227,0.4234834313392639],[0.5184655785560608,1.0,0.35504385828971863,0.36939460039138794,0.4822378158569336,0.3494079113006592,0.43224871158599854,0.2715989053249359,0.37141647934913635,0.4030153751373291,0.5994271636009216,0.4892352521419525,0.22228454053401947,0.428671658039093,0.2810938060283661,0.45453086495399475],[0.2475077360868454,0.35504385828971863,1.0,0.3596227169036865,0.21453140676021576,0.16662099957466125,0.23016813397407532,0.20516905188560486,0.3489912450313568,0.2788057327270508,0.32170620560646057,0.23820777237415314,0.20382054150104523,0.2276606559753418,0.33366018533706665,0.29650694131851196],[0.29938510060310364,0.36939460039138794,0.3596227169036865,0.9999999403953552,0.14787492156028748,0.24785089492797852,0.19393792748451233,0.3075296878814697,0.3334941565990448,0.43857020139694214,0.3099645972251892,0.3288877606391907,0.3021884560585022,0.24765071272850037,0.1534608006477356,0.31538376212120056],[0.4818260669708252,0.4822378158569336,0.21453140676021576,0.14787492156028748,0.9999999403953552,0.5147066116333008,0.6479266285896301,0.26659828424453735,0.26021963357925415,0.2903280556201935,0.5129759907722473,0.4770742654800415,0.15786200761795044,0.4448150396347046,0.14754468202590942,0.31818339228630066],[0.38975802063941956,0.3494079113006592,0.16662099957466125,0.24785089492797852,0.5147066116333008,1.0,0.39756083488464355,0.40548235177993774,0.3763589859008789,0.3250557780265808,0.4670093357563019,0.4198754131793976,0.2929660975933075,0.3531496524810791,0.13940474390983582,0.316133052110672],[0.5152563452720642,0.43224871158599854,0.23016813397407532,0.19393792748451233,0.6479266285896301,0.39756083488464355,1.0,0.31032809615135193,0.30974671244621277,0.3041885793209076,0.39198216795921326,0.31672969460487366,0.27974680066108704,0.44557568430900574,0.14548397064208984,0.372732013463974],[0.3811420798301697,0.2715989053249359,0.20516905188560486,0.3075296878814697,0.26659828424453735,0.40548235177993774,0.31032809615135193,1.0,0.3452547788619995,0.26993775367736816,0.29049935936927795,0.2616579532623291,0.2683161795139313,0.30384886264801025,0.10628576576709747,0.27422034740448],[0.3546002209186554,0.37141647934913635,0.3489912450313568,0.3334941565990448,0.26021963357925415,0.3763589859008789,0.30974671244621277,0.3452547788619995,1.0,0.2875046133995056,0.38932105898857117,0.35140663385391235,0.302797794342041,0.271725594997406,0.2771736681461334,0.67289799451828],[0.3152276873588562,0.4030153751373291,0.2788057327270508,0.43857020139694214,0.2903280556201935,0.3250557780265808,0.3041885793209076,0.26993775367736816,0.2875046133995056,1.0,0.41263580322265625,0.490407258272171,0.2966935336589813,0.33463796973228455,0.14363732933998108,0.40451857447624207],[0.5350967049598694,0.5994271636009216,0.32170620560646057,0.3099645972251892,0.5129759907722473,0.4670093357563019,0.39198216795921326,0.29049935936927795,0.38932105898857117,0.41263580322265625,1.0,0.6629669070243835,0.21721501648426056,0.5108568072319031,0.25591760873794556,0.4650697410106659],[0.45140308141708374,0.4892352521419525,0.23820777237415314,0.3288877606391907,0.4770742654800415,0.4198754131793976,0.31672969460487366,0.2616579532623291,0.35140663385391235,0.490407258272171,0.6629669070243835,1.0,0.21139146387577057,0.4805987775325775,0.22691534459590912,0.42245104908943176],[0.2828007936477661,0.22228454053401947,0.20382054150104523,0.3021884560585022,0.15786200761795044,0.2929660975933075,0.27974680066108704,0.2683161795139313,0.302797794342041,0.2966935336589813,0.21721501648426056,0.21139146387577057,1.0,0.21548660099506378,0.16683365404605865,0.2694386839866638],[0.7366180419921875,0.428671658039093,0.2276606559753418,0.24765071272850037,0.4448150396347046,0.3531496524810791,0.44557568430900574,0.30384886264801025,0.271725594997406,0.33463796973228455,0.5108568072319031,0.4805987775325775,0.21548660099506378,1.0,0.12296250462532043,0.3326883912086487],[0.14916732907295227,0.2810938060283661,0.33366018533706665,0.1534608006477356,0.14754468202590942,0.13940474390983582,0.14548397064208984,0.10628576576709747,0.2771736681461334,0.14363732933998108,0.25591760873794556,0.22691534459590912,0.16683365404605865,0.12296250462532043,1.0,0.2734278440475464],[0.4234834313392639,0.45453086495399475,0.29650694131851196,0.31538376212120056,0.31818339228630066,0.316133052110672,0.372732013463974,0.27422034740448,0.67289799451828,0.40451857447624207,0.4650697410106659,0.42245104908943176,0.2694386839866638,0.3326883912086487,0.2734278440475464,1.0]]}