{"game_number":95,"words":["CILANTRO","LIME","ONION","SALSA","KILO","MEGA","MICRO","PICO","MINI","PENCIL","POODLE","WRAP","CAPITOL","FAITH","FOOT","MOLE"],"adjacency_matrix":[[1.0,0.377241313457489,0.4686492085456848,0.4448763430118561,0.19169685244560242,0.17728233337402344,0.28390535712242126,0.3831862509250641,0.23364558815956116,0.08141589909791946,0.16108109056949615,0.24527478218078613,0.14073866605758667,0.1153218150138855,0.15152348577976227,0.2602595090866089],[0.377241313457489,1.0,0.44394055008888245,0.3913407325744629,0.2725979685783386,0.25000816583633423,0.27780959010124207,0.30672210454940796,0.3149290978908539,0.3290118873119354,0.27208319306373596,0.27860790491104126,0.30145105719566345,0.2529284656047821,0.319460391998291,0.399446576833725],[0.4686492085456848,0.44394055008888245,1.0,0.3211294412612915,0.23897045850753784,0.24016983807086945,0.3309842348098755,0.31583958864212036,0.3558139204978943,0.24897009134292603,0.24563363194465637,0.3346177935600281,0.22001716494560242,0.2630917727947235,0.29488879442214966,0.4262947738170624],[0.4448763430118561,0.3913407325744629,0.3211294412612915,1.0,0.26480716466903687,0.3460789918899536,0.3240189850330353,0.374354749917984,0.35523247718811035,0.17496642470359802,0.27401214838027954,0.2340134084224701,0.21716465055942535,0.1966162621974945,0.23616978526115417,0.3173735439777374],[0.19169685244560242,0.2725979685783386,0.23897045850753784,0.26480716466903687,1.0,0.467563271522522,0.30822640657424927,0.4244227409362793,0.33754080533981323,0.1820732057094574,0.2127176970243454,0.23227214813232422,0.1642189621925354,0.04530642181634903,0.3473997414112091,0.3381377160549164],[0.17728233337402344,0.25000816583633423,0.24016983807086945,0.3460789918899536,0.467563271522522,1.0,0.5460982322692871,0.4219985902309418,0.6358860731124878,0.2191569060087204,0.28281840682029724,0.22202031314373016,0.3147386908531189,0.15984146296977997,0.33946892619132996,0.33334389328956604],[0.28390535712242126,0.27780959010124207,0.3309842348098755,0.3240189850330353,0.30822640657424927,0.5460982322692871,0.9999999403953552,0.505944550037384,0.61918044090271,0.3286314308643341,0.25017356872558594,0.24985699355602264,0.24801678955554962,0.19454830884933472,0.340503990650177,0.33787181973457336],[0.3831862509250641,0.30672210454940796,0.31583958864212036,0.374354749917984,0.4244227409362793,0.4219985902309418,0.505944550037384,1.0,0.460369735956192,0.34952881932258606,0.25253596901893616,0.22633256018161774,0.26513415575027466,0.14058563113212585,0.3161584734916687,0.3792703449726105],[0.23364558815956116,0.3149290978908539,0.3558139204978943,0.35523247718811035,0.33754080533981323,0.6358860731124878,0.61918044090271,0.460369735956192,0.9999999403953552,0.4036848545074463,0.39056196808815,0.33966124057769775,0.32361435890197754,0.23204776644706726,0.39635854959487915,0.347491979598999],[0.08141589909791946,0.3290118873119354,0.24897009134292603,0.17496642470359802,0.1820732057094574,0.2191569060087204,0.3286314308643341,0.34952881932258606,0.4036848545074463,1.0,0.33475857973098755,0.3359527289867401,0.20938165485858917,0.22300750017166138,0.3820294737815857,0.31664803624153137],[0.16108109056949615,0.27208319306373596,0.24563363194465637,0.27401214838027954,0.2127176970243454,0.28281840682029724,0.25017356872558594,0.25253596901893616,0.39056196808815,0.33475857973098755,1.0,0.262397438287735,0.2075566053390503,0.22227224707603455,0.3564176559448242,0.3937411606311798],[0.24527478218078613,0.27860790491104126,0.3346177935600281,0.2340134084224701,0.23227214813232422,0.22202031314373016,0.24985699355602264,0.22633256018161774,0.33966124057769775,0.3359527289867401,0.262397438287735,1.0,0.2208484411239624,0.2883664071559906,0.3404316008090973,0.24550704658031464],[0.14073866605758667,0.30145105719566345,0.22001716494560242,0.21716465055942535,0.1642189621925354,0.3147386908531189,0.24801678955554962,0.26513415575027466,0.32361435890197754,0.20938165485858917,0.2075566053390503,0.2208484411239624,0.9999999403953552,0.28511327505111694,0.3772414028644562,0.2667616605758667],[0.1153218150138855,0.2529284656047821,0.2630917727947235,0.1966162621974945,0.04530642181634903,0.15984146296977997,0.19454830884933472,0.14058563113212585,0.23204776644706726,0.22300750017166138,0.22227224707603455,0.2883664071559906,0.28511327505111694,1.0,0.24704700708389282,0.200842946767807],[0.15152348577976227,0.319460391998291,0.29488879442214966,0.23616978526115417,0.3473997414112091,0.33946892619132996,0.340503990650177,0.3161584734916687,0.39635854959487915,0.3820294737815857,0.3564176559448242,0.3404316008090973,0.3772414028644562,0.24704700708389282,1.0,0.3857775926589966],[0.2602595090866089,0.399446576833725,0.4262947738170624,0.3173735439777374,0.3381377160549164,0.33334389328956604,0.33787181973457336,0.3792703449726105,0.347491979598999,0.31664803624153137,0.3937411606311798,0.24550704658031464,0.2667616605758667,0.200842946767807,0.3857775926589966,0.9999999403953552]]}