{"game_number":276,"words":["BLOCK","COVER","HIDE","MASK","CROWN","DIAL","HAND","STRAP","LASSO","SHIELD","SWORD","TIARA","CANDIDATE","FAUCET","MASCARA","NOSE"],"adjacency_matrix":[[1.0,0.42307281494140625,0.43390804529190063,0.4296748638153076,0.3216736912727356,0.4159565269947052,0.42234691977500916,0.40212321281433105,0.2744458019733429,0.43289634585380554,0.34261298179626465,0.11897371709346771,0.3227231800556183,0.2540782690048218,0.24949228763580322,0.36849740147590637],[0.42307281494140625,1.0,0.5821937322616577,0.4955586791038513,0.4237523376941681,0.30550622940063477,0.45993033051490784,0.4450107514858246,0.2756332755088806,0.5438957810401917,0.3383648991584778,0.20432725548744202,0.3249008059501648,0.2279590517282486,0.34320056438446045,0.37154796719551086],[0.43390804529190063,0.5821937322616577,1.0,0.605838418006897,0.35244905948638916,0.34018680453300476,0.40879955887794495,0.40943285822868347,0.33439868688583374,0.5303837060928345,0.32490745186805725,0.17834234237670898,0.2692272365093231,0.20750634372234344,0.3339942395687103,0.3642999827861786],[0.4296748638153076,0.4955586791038513,0.605838418006897,0.9999999403953552,0.40428805351257324,0.3517155945301056,0.42486411333084106,0.4325016438961029,0.36597970128059387,0.5657851696014404,0.4351145625114441,0.3365175724029541,0.30179715156555176,0.3006349205970764,0.4462599754333496,0.47628912329673767],[0.3216736912727356,0.4237523376941681,0.35244905948638916,0.40428805351257324,1.0,0.2944067120552063,0.44273415207862854,0.46558865904808044,0.28166529536247253,0.5441582202911377,0.49707916378974915,0.5555295944213867,0.32344794273376465,0.2340746521949768,0.29736328125,0.40791478753089905],[0.4159565269947052,0.30550622940063477,0.34018680453300476,0.3517155945301056,0.2944067120552063,1.0,0.4123775362968445,0.4450054168701172,0.2606636583805084,0.37746092677116394,0.3334578275680542,0.15798157453536987,0.15481504797935486,0.40810203552246094,0.18686652183532715,0.3385128378868103],[0.42234691977500916,0.45993033051490784,0.40879955887794495,0.42486411333084106,0.44273415207862854,0.4123775362968445,1.0,0.4591352343559265,0.37901929020881653,0.41997939348220825,0.5573113560676575,0.28360047936439514,0.36181044578552246,0.38565781712532043,0.2639271318912506,0.5040856003761292],[0.40212321281433105,0.4450107514858246,0.40943285822868347,0.4325016438961029,0.46558865904808044,0.4450054168701172,0.4591352343559265,1.0,0.4110984802246094,0.5071333050727844,0.49447816610336304,0.34496432542800903,0.2093341052532196,0.31406670808792114,0.36756661534309387,0.42320016026496887],[0.2744458019733429,0.2756332755088806,0.33439868688583374,0.36597970128059387,0.28166529536247253,0.2606636583805084,0.37901929020881653,0.4110984802246094,1.0,0.33423924446105957,0.3858977258205414,0.3441416323184967,0.24491681158542633,0.24244806170463562,0.35675543546676636,0.3321099281311035],[0.43289634585380554,0.5438957810401917,0.5303837060928345,0.5657851696014404,0.5441582202911377,0.37746092677116394,0.41997939348220825,0.5071333050727844,0.33423924446105957,1.0,0.5636388063430786,0.3033955991268158,0.2884562313556671,0.25968417525291443,0.29485610127449036,0.3632173538208008],[0.34261298179626465,0.3383648991584778,0.32490745186805725,0.4351145625114441,0.49707916378974915,0.3334578275680542,0.5573113560676575,0.49447816610336304,0.3858977258205414,0.5636388063430786,1.0000001192092896,0.40186017751693726,0.25954967737197876,0.27813079953193665,0.27347010374069214,0.3615160882472992],[0.11897371709346771,0.20432725548744202,0.17834234237670898,0.3365175724029541,0.5555295944213867,0.15798157453536987,0.28360047936439514,0.34496432542800903,0.3441416323184967,0.3033955991268158,0.40186017751693726,1.0,0.1284354329109192,0.1455027461051941,0.3849765956401825,0.23684288561344147],[0.3227231800556183,0.3249008059501648,0.2692272365093231,0.30179715156555176,0.32344794273376465,0.15481504797935486,0.36181044578552246,0.2093341052532196,0.24491681158542633,0.2884562313556671,0.25954967737197876,0.1284354329109192,1.0,0.1978863626718521,0.198843315243721,0.3181709945201874],[0.2540782690048218,0.2279590517282486,0.20750634372234344,0.3006349205970764,0.2340746521949768,0.40810203552246094,0.38565781712532043,0.31406670808792114,0.24244806170463562,0.25968417525291443,0.27813079953193665,0.1455027461051941,0.1978863626718521,1.0,0.29178568720817566,0.3463993966579437],[0.24949228763580322,0.34320056438446045,0.3339942395687103,0.4462599754333496,0.29736328125,0.18686652183532715,0.2639271318912506,0.36756661534309387,0.35675543546676636,0.29485610127449036,0.27347010374069214,0.3849765956401825,0.198843315243721,0.29178568720817566,0.9999999403953552,0.3870401084423065],[0.36849740147590637,0.37154796719551086,0.3642999827861786,0.47628912329673767,0.40791478753089905,0.3385128378868103,0.5040856003761292,0.42320016026496887,0.3321099281311035,0.3632173538208008,0.3615160882472992,0.23684288561344147,0.3181709945201874,0.3463993966579437,0.3870401084423065,1.0]]}