{"game_number":22,"words":["AUDITORIUM","GYM","LAB","LIBRARY","BLACK","EVEN","ODD","RED","CHOCOLATE","PEACE","PIGEON","SOAP","GREY","GOLDEN","MOTHER","SILLY"],"adjacency_matrix":[[1.0,0.5330479145050049,0.4879136085510254,0.5401382446289062,0.31214526295661926,0.27236902713775635,0.19299879670143127,0.27347710728645325,0.25624018907546997,0.30494967103004456,0.2713284492492676,0.21948860585689545,0.2560167908668518,0.2998145818710327,0.2560870051383972,0.20121808350086212],[0.5330479145050049,1.0,0.48659950494766235,0.49070748686790466,0.2527616024017334,0.26224610209465027,0.1805790662765503,0.2143586277961731,0.3420353829860687,0.24212512373924255,0.2651020586490631,0.2909545600414276,0.25518471002578735,0.27341535687446594,0.28923189640045166,0.21058285236358643],[0.4879136085510254,0.48659950494766235,1.0,0.5153639316558838,0.24823720753192902,0.2932588756084442,0.17767629027366638,0.2548772394657135,0.29306310415267944,0.2564702033996582,0.28073832392692566,0.2548364996910095,0.23355251550674438,0.22433479130268097,0.3260645866394043,0.205630362033844],[0.5401382446289062,0.49070748686790466,0.5153639316558838,1.0,0.31479179859161377,0.29105111956596375,0.22983114421367645,0.21749824285507202,0.2853774428367615,0.30901071429252625,0.2208966165781021,0.2666376829147339,0.28497743606567383,0.27188166975975037,0.3650045692920685,0.22864902019500732],[0.31214526295661926,0.2527616024017334,0.24823720753192902,0.31479179859161377,1.0,0.3405348062515259,0.37326058745384216,0.7117840051651001,0.4683595299720764,0.3120375871658325,0.4654824435710907,0.3250211775302887,0.6981150507926941,0.5480163097381592,0.40779829025268555,0.3744857907295227],[0.27236902713775635,0.26224610209465027,0.2932588756084442,0.29105111956596375,0.3405348062515259,0.9999999403953552,0.52316814661026,0.32206618785858154,0.2708089351654053,0.32601797580718994,0.21591506898403168,0.2198229283094406,0.2948434054851532,0.27414417266845703,0.3943312168121338,0.5165823101997375],[0.19299879670143127,0.1805790662765503,0.17767629027366638,0.22983114421367645,0.37326058745384216,0.52316814661026,1.0,0.38955870270729065,0.29421329498291016,0.20851494371891022,0.2599433362483978,0.1870099902153015,0.43229806423187256,0.3772496283054352,0.276521772146225,0.7175926566123962],[0.27347710728645325,0.2143586277961731,0.2548772394657135,0.21749824285507202,0.7117840051651001,0.32206618785858154,0.38955870270729065,1.0,0.46705153584480286,0.24261391162872314,0.39538121223449707,0.29338645935058594,0.7383180856704712,0.558564305305481,0.29662609100341797,0.4193592667579651],[0.25624018907546997,0.3420353829860687,0.29306310415267944,0.2853774428367615,0.4683595299720764,0.2708089351654053,0.29421329498291016,0.46705153584480286,1.0,0.3245309591293335,0.38315871357917786,0.471363365650177,0.44395968317985535,0.4850481152534485,0.321948766708374,0.3263084590435028],[0.30494967103004456,0.24212512373924255,0.2564702033996582,0.30901071429252625,0.3120375871658325,0.32601797580718994,0.20851494371891022,0.24261391162872314,0.3245309591293335,1.0,0.28715673089027405,0.19028742611408234,0.2755501866340637,0.32744383811950684,0.3375653624534607,0.2980495095252991],[0.2713284492492676,0.2651020586490631,0.28073832392692566,0.2208966165781021,0.4654824435710907,0.21591506898403168,0.2599433362483978,0.39538121223449707,0.38315871357917786,0.28715673089027405,1.0,0.21424615383148193,0.4299980700016022,0.3985953629016876,0.4024495482444763,0.3061077892780304],[0.21948860585689545,0.2909545600414276,0.2548364996910095,0.2666376829147339,0.3250211775302887,0.2198229283094406,0.1870099902153015,0.29338645935058594,0.471363365650177,0.19028742611408234,0.21424615383148193,1.0,0.24659021198749542,0.30273979902267456,0.26479682326316833,0.26111769676208496],[0.2560167908668518,0.25518471002578735,0.23355251550674438,0.28497743606567383,0.6981150507926941,0.2948434054851532,0.43229806423187256,0.7383180856704712,0.44395968317985535,0.2755501866340637,0.4299980700016022,0.24659021198749542,1.0,0.5531825423240662,0.28094035387039185,0.4366915225982666],[0.2998145818710327,0.27341535687446594,0.22433479130268097,0.27188166975975037,0.5480163097381592,0.27414417266845703,0.3772496283054352,0.558564305305481,0.4850481152534485,0.32744383811950684,0.3985953629016876,0.30273979902267456,0.5531825423240662,1.0,0.37642204761505127,0.3782671391963959],[0.2560870051383972,0.28923189640045166,0.3260645866394043,0.3650045692920685,0.40779829025268555,0.3943312168121338,0.276521772146225,0.29662609100341797,0.321948766708374,0.3375653624534607,0.4024495482444763,0.26479682326316833,0.28094035387039185,0.37642204761505127,0.9999999403953552,0.3224184215068817],[0.20121808350086212,0.21058285236358643,0.205630362033844,0.22864902019500732,0.3744857907295227,0.5165823101997375,0.7175926566123962,0.4193592667579651,0.3263084590435028,0.2980495095252991,0.3061077892780304,0.26111769676208496,0.4366915225982666,0.3782671391963959,0.3224184215068817,1.0]]}