{"game_number":192,"words":["GAS","LIQUID","PLASMA","SOLID","GREAT","HERO","ICON","LEGEND","PHAT","PHEW","PHILLY","PHISH","ELEVATOR","FEVER","PERFECT","SALES"],"adjacency_matrix":[[0.9999999403953552,0.5944470763206482,0.527569591999054,0.38361871242523193,0.30672141909599304,0.2814173400402069,0.21803773939609528,0.14407820999622345,0.2750127911567688,0.2470708191394806,0.23147372901439667,0.24253711104393005,0.37381088733673096,0.32334110140800476,0.2943606376647949,0.42752280831336975],[0.5944470763206482,1.0,0.5360279083251953,0.5935763716697693,0.327993243932724,0.24183543026447296,0.20563094317913055,0.2458992302417755,0.3468608856201172,0.22681142389774323,0.25561362504959106,0.3221842646598816,0.3361939489841461,0.292830228805542,0.376469224691391,0.33203423023223877],[0.527569591999054,0.5360279083251953,1.0,0.37924623489379883,0.26422327756881714,0.34520474076271057,0.18854907155036926,0.21942099928855896,0.2985093593597412,0.19086438417434692,0.22114281356334686,0.20532548427581787,0.2919522225856781,0.34144118428230286,0.26968494057655334,0.34567707777023315],[0.38361871242523193,0.5935763716697693,0.37924623489379883,1.0,0.5882538557052612,0.320709228515625,0.2113514244556427,0.3655664324760437,0.28086385130882263,0.24339115619659424,0.37004637718200684,0.3036276698112488,0.22768276929855347,0.24653252959251404,0.6111372113227844,0.37347906827926636],[0.30672141909599304,0.327993243932724,0.26422327756881714,0.5882538557052612,1.0,0.49651071429252625,0.25469207763671875,0.465159147977829,0.30295881628990173,0.37394869327545166,0.4375034272670746,0.3682166635990143,0.23729461431503296,0.34410274028778076,0.6414960026741028,0.32505419850349426],[0.2814173400402069,0.24183543026447296,0.34520474076271057,0.320709228515625,0.49651071429252625,0.9999999403953552,0.4153076410293579,0.5961294174194336,0.3066919445991516,0.31401729583740234,0.43678873777389526,0.3523367941379547,0.33811575174331665,0.33225566148757935,0.4186117649078369,0.2860713601112366],[0.21803773939609528,0.20563094317913055,0.18854907155036926,0.2113514244556427,0.25469207763671875,0.4153076410293579,1.0,0.45398953557014465,0.2541055977344513,0.1981218010187149,0.23082827031612396,0.2495403289794922,0.270143061876297,0.19519679248332977,0.24057652056217194,0.21762727200984955],[0.14407820999622345,0.2458992302417755,0.21942099928855896,0.3655664324760437,0.465159147977829,0.5961294174194336,0.45398953557014465,1.0000001192092896,0.26302075386047363,0.27824100852012634,0.4103926420211792,0.34243661165237427,0.2607918381690979,0.30324721336364746,0.3539046347141266,0.30662810802459717],[0.2750127911567688,0.3468608856201172,0.2985093593597412,0.28086385130882263,0.30295881628990173,0.3066919445991516,0.2541055977344513,0.26302075386047363,1.0,0.3872937858104706,0.38904884457588196,0.3610764443874359,0.31941336393356323,0.2592000663280487,0.37043297290802,0.2756251394748688],[0.2470708191394806,0.22681142389774323,0.19086438417434692,0.24339115619659424,0.37394869327545166,0.31401729583740234,0.1981218010187149,0.27824100852012634,0.3872937858104706,1.0,0.37197622656822205,0.24564704298973083,0.22859348356723785,0.30006128549575806,0.37863436341285706,0.21222469210624695],[0.23147372901439667,0.25561362504959106,0.22114281356334686,0.37004637718200684,0.4375034272670746,0.43678873777389526,0.23082827031612396,0.4103926420211792,0.38904884457588196,0.37197622656822205,1.0,0.43716877698898315,0.3143346607685089,0.33006781339645386,0.38386067748069763,0.29732513427734375],[0.24253711104393005,0.3221842646598816,0.20532548427581787,0.3036276698112488,0.3682166635990143,0.3523367941379547,0.2495403289794922,0.34243661165237427,0.3610764443874359,0.24564704298973083,0.43716877698898315,0.9999999403953552,0.23576265573501587,0.2789546251296997,0.35491180419921875,0.3486626148223877],[0.37381088733673096,0.3361939489841461,0.2919522225856781,0.22768276929855347,0.23729461431503296,0.33811575174331665,0.270143061876297,0.2607918381690979,0.31941336393356323,0.22859348356723785,0.3143346607685089,0.23576265573501587,1.0,0.28835028409957886,0.2820330560207367,0.3692639172077179],[0.32334110140800476,0.292830228805542,0.34144118428230286,0.24653252959251404,0.34410274028778076,0.33225566148757935,0.19519679248332977,0.30324721336364746,0.2592000663280487,0.30006128549575806,0.33006781339645386,0.2789546251296997,0.28835028409957886,1.0,0.23544184863567352,0.2770237922668457],[0.2943606376647949,0.376469224691391,0.26968494057655334,0.6111372113227844,0.6414960026741028,0.4186117649078369,0.24057652056217194,0.3539046347141266,0.37043297290802,0.37863436341285706,0.38386067748069763,0.35491180419921875,0.2820330560207367,0.23544184863567352,1.0,0.3063027262687683],[0.42752280831336975,0.33203423023223877,0.34567707777023315,0.37347906827926636,0.32505419850349426,0.2860713601112366,0.21762727200984955,0.30662810802459717,0.2756251394748688,0.21222469210624695,0.29732513427734375,0.3486626148223877,0.3692639172077179,0.2770237922668457,0.3063027262687683,1.0]]}