{"game_number":315,"words":["BOOK","BOUNCE","RUN","SPLIT","FOX","IBEX","LYNX","ORYX","EBONY","JET","ONYX","RAVEN","ASH","BLACK","CYBER","FAT"],"adjacency_matrix":[[0.9999999403953552,0.30819785594940186,0.3937571942806244,0.3620782494544983,0.2169998288154602,0.025022974237799644,0.18732310831546783,0.09555793553590775,0.2300414890050888,0.2576277256011963,0.14530731737613678,0.30459800362586975,0.20131146907806396,0.3209681212902069,0.3012806475162506,0.2938619554042816],[0.30819785594940186,1.0000001192092896,0.5042163133621216,0.4438877999782562,0.21846868097782135,0.049046002328395844,0.20660986006259918,0.07645897567272186,0.17167387902736664,0.28077492117881775,0.11246160417795181,0.2865779995918274,0.32591482996940613,0.32450780272483826,0.27245068550109863,0.3127805292606354],[0.3937571942806244,0.5042163133621216,1.0,0.5416425466537476,0.21543154120445251,-0.0012475077528506517,0.20390474796295166,0.1124899834394455,0.1331080198287964,0.26527494192123413,-0.01811530813574791,0.20071865618228912,0.2417915165424347,0.35894206166267395,0.25542041659355164,0.28749004006385803],[0.3620782494544983,0.4438877999782562,0.5416425466537476,1.0,0.15639787912368774,0.023133141919970512,0.18024942278862,0.04443299397826195,0.16288526356220245,0.2393764853477478,-0.0059686885215342045,0.20389202237129211,0.29565536975860596,0.367980420589447,0.16035687923431396,0.30205273628234863],[0.2169998288154602,0.21846868097782135,0.21543154120445251,0.15639787912368774,1.0,0.3523915708065033,0.46998339891433716,0.29254692792892456,0.23464283347129822,0.2055465579032898,0.23999863862991333,0.48445239663124084,0.22335192561149597,0.3447824716567993,0.2527576982975006,0.29534807801246643],[0.025022974237799644,0.049046002328395844,-0.0012475077528506517,0.023133141919970512,0.3523915708065033,1.0,0.5372850894927979,0.6573746204376221,0.2723328769207001,0.0699814110994339,0.47450897097587585,0.28285977244377136,0.12169716507196426,0.16286730766296387,0.04944813251495361,0.1808742880821228],[0.18732310831546783,0.20660986006259918,0.20390474796295166,0.18024942278862,0.46998339891433716,0.5372850894927979,1.0,0.4494614899158478,0.24894890189170837,0.21148070693016052,0.3256914019584656,0.37912625074386597,0.2357577383518219,0.2747686505317688,0.2329009771347046,0.26208314299583435],[0.09555793553590775,0.07645897567272186,0.1124899834394455,0.04443299397826195,0.29254692792892456,0.6573746204376221,0.4494614899158478,1.0,0.2784217596054077,0.19200311601161957,0.380633145570755,0.28433382511138916,0.10464174300432205,0.19253681600093842,0.050646886229515076,0.14218637347221375],[0.2300414890050888,0.17167387902736664,0.1331080198287964,0.16288526356220245,0.23464283347129822,0.2723328769207001,0.24894890189170837,0.2784217596054077,1.0,0.33303311467170715,0.5440453886985779,0.28740108013153076,0.4038017690181732,0.5317895412445068,0.22577248513698578,0.32249268889427185],[0.2576277256011963,0.28077492117881775,0.26527494192123413,0.2393764853477478,0.2055465579032898,0.0699814110994339,0.21148070693016052,0.19200311601161957,0.33303311467170715,1.0,0.21307511627674103,0.16618536412715912,0.407275527715683,0.38212651014328003,0.3246888816356659,0.2969144284725189],[0.14530731737613678,0.11246160417795181,-0.01811530813574791,-0.0059686885215342045,0.23999863862991333,0.47450897097587585,0.3256914019584656,0.380633145570755,0.5440453886985779,0.21307511627674103,0.9999999403953552,0.25784799456596375,0.27366381883621216,0.3088325262069702,0.19566036760807037,0.13838163018226624],[0.30459800362586975,0.2865779995918274,0.20071865618228912,0.20389202237129211,0.48445239663124084,0.28285977244377136,0.37912625074386597,0.28433382511138916,0.28740108013153076,0.16618536412715912,0.25784799456596375,1.0,0.35290709137916565,0.39785468578338623,0.22726483643054962,0.33477476239204407],[0.20131146907806396,0.32591482996940613,0.2417915165424347,0.29565536975860596,0.22335192561149597,0.12169716507196426,0.2357577383518219,0.10464174300432205,0.4038017690181732,0.407275527715683,0.27366381883621216,0.35290709137916565,1.0,0.43927305936813354,0.23082131147384644,0.4682401120662689],[0.3209681212902069,0.32450780272483826,0.35894206166267395,0.367980420589447,0.3447824716567993,0.16286730766296387,0.2747686505317688,0.19253681600093842,0.5317895412445068,0.38212651014328003,0.3088325262069702,0.39785468578338623,0.43927305936813354,1.0,0.38095006346702576,0.48647329211235046],[0.3012806475162506,0.27245068550109863,0.25542041659355164,0.16035687923431396,0.2527576982975006,0.04944813251495361,0.2329009771347046,0.050646886229515076,0.22577248513698578,0.3246888816356659,0.19566036760807037,0.22726483643054962,0.23082131147384644,0.38095006346702576,1.0,0.2613375186920166],[0.2938619554042816,0.3127805292606354,0.28749004006385803,0.30205273628234863,0.29534807801246643,0.1808742880821228,0.26208314299583435,0.14218637347221375,0.32249268889427185,0.2969144284725189,0.13838163018226624,0.33477476239204407,0.4682401120662689,0.48647329211235046,0.2613375186920166,1.0]]}