{"game_number":369,"words":["FRONTIER","SPIRIT","UNITED","VIRGIN","BETA","CHI","DELTA","IOTA","GNAT","GNAW","GNOCCHI","GNOME","GNU","KNEW","NEW","NU"],"adjacency_matrix":[[1.0,0.4125472605228424,0.38824039697647095,0.3772050440311432,0.24184463918209076,0.1469172090291977,0.42914363741874695,0.10086381435394287,0.11638461798429489,0.15514720976352692,0.17702391743659973,0.2515559196472168,0.08613839745521545,0.27091488242149353,0.47935184836387634,0.04240303114056587],[0.4125472605228424,1.0,0.44223856925964355,0.36420121788978577,0.23532666265964508,0.3231441080570221,0.24489660561084747,0.2752936780452728,0.2378603219985962,0.23062895238399506,0.2121017575263977,0.33904939889907837,0.13903601467609406,0.3103395700454712,0.4271460175514221,0.07502637058496475],[0.38824039697647095,0.44223856925964355,1.0,0.29165562987327576,0.1978752166032791,0.22526001930236816,0.2667738199234009,0.18096347153186798,0.13069353997707367,0.15743300318717957,0.15732038021087646,0.18394887447357178,0.049129750579595566,0.4100617468357086,0.48581451177597046,0.029460705816745758],[0.3772050440311432,0.36420121788978577,0.29165562987327576,1.0,0.2220638394355774,0.17871974408626556,0.3002667725086212,0.1367582529783249,0.24172092974185944,0.1350095570087433,0.2411719709634781,0.27389904856681824,0.13452261686325073,0.24745234847068787,0.3858470320701599,0.1309174746274948],[0.24184463918209076,0.23532666265964508,0.1978752166032791,0.2220638394355774,1.0,0.3196936845779419,0.4377252161502838,0.22773855924606323,0.13744230568408966,0.17573204636573792,0.24269631505012512,0.30458909273147583,0.24242684245109558,0.18607327342033386,0.3659283220767975,0.30737021565437317],[0.1469172090291977,0.3231441080570221,0.22526001930236816,0.17871974408626556,0.3196936845779419,1.0,0.3821524679660797,0.326068639755249,0.1786036193370819,0.19007539749145508,0.34043779969215393,0.19317390024662018,0.2078092247247696,0.1652723103761673,0.21237464249134064,0.36631160974502563],[0.42914363741874695,0.24489660561084747,0.2667738199234009,0.3002667725086212,0.4377252161502838,0.3821524679660797,1.0,0.2996324300765991,0.2182302474975586,0.13273431360721588,0.24117302894592285,0.14580222964286804,0.2329738289117813,0.20148873329162598,0.29288703203201294,0.2846378982067108],[0.10086381435394287,0.2752936780452728,0.18096347153186798,0.1367582529783249,0.22773855924606323,0.326068639755249,0.2996324300765991,1.0,0.28979602456092834,0.23420682549476624,0.1801326721906662,0.13663652539253235,0.11511506885290146,0.19764287769794464,0.18745188415050507,0.22843977808952332],[0.11638461798429489,0.2378603219985962,0.13069353997707367,0.24172092974185944,0.13744230568408966,0.1786036193370819,0.2182302474975586,0.28979602456092834,0.9999999403953552,0.4496645927429199,0.17819441854953766,0.26952308416366577,0.35330769419670105,0.15856079757213593,0.1253010332584381,0.22537174820899963],[0.15514720976352692,0.23062895238399506,0.15743300318717957,0.1350095570087433,0.17573204636573792,0.19007539749145508,0.13273431360721588,0.23420682549476624,0.4496645927429199,1.0,0.26641714572906494,0.2375287562608719,0.2727321982383728,0.1801881641149521,0.13248178362846375,0.14844313263893127],[0.17702391743659973,0.2121017575263977,0.15732038021087646,0.2411719709634781,0.24269631505012512,0.34043779969215393,0.24117302894592285,0.1801326721906662,0.17819441854953766,0.26641714572906494,1.0,0.2943809926509857,0.1739068180322647,0.1896812915802002,0.228555366396904,0.22363263368606567],[0.2515559196472168,0.33904939889907837,0.18394887447357178,0.27389904856681824,0.30458909273147583,0.19317390024662018,0.14580222964286804,0.13663652539253235,0.26952308416366577,0.2375287562608719,0.2943809926509857,1.0,0.33337631821632385,0.20153899490833282,0.3248271048069,0.0951879620552063],[0.08613839745521545,0.13903601467609406,0.049129750579595566,0.13452261686325073,0.24242684245109558,0.2078092247247696,0.2329738289117813,0.11511506885290146,0.35330769419670105,0.2727321982383728,0.1739068180322647,0.33337631821632385,1.0,0.053479377180337906,0.08431550115346909,0.2863180935382843],[0.27091488242149353,0.3103395700454712,0.4100617468357086,0.24745234847068787,0.18607327342033386,0.1652723103761673,0.20148873329162598,0.19764287769794464,0.15856079757213593,0.1801881641149521,0.1896812915802002,0.20153899490833282,0.053479377180337906,0.9999999403953552,0.3706267178058624,-0.023094255477190018],[0.47935184836387634,0.4271460175514221,0.48581451177597046,0.3858470320701599,0.3659283220767975,0.21237464249134064,0.29288703203201294,0.18745188415050507,0.1253010332584381,0.13248178362846375,0.228555366396904,0.3248271048069,0.08431550115346909,0.3706267178058624,0.9999999403953552,0.0444292314350605],[0.04240303114056587,0.07502637058496475,0.029460705816745758,0.1309174746274948,0.30737021565437317,0.36631160974502563,0.2846378982067108,0.22843977808952332,0.22537174820899963,0.14844313263893127,0.22363263368606567,0.0951879620552063,0.2863180935382843,-0.023094255477190018,0.0444292314350605,0.9999999403953552]]}