{"game_number":69,"words":["HEAD","KNEES","SHOULDERS","TOES","AUTO","RIDE","WHEELS","WHIP","PARES","PEELS","SHELLS","SHUCKS","BEES","CAFFEINE","GOSSIP","INTERCOMS"],"adjacency_matrix":[[1.0,0.47496211528778076,0.5952610969543457,0.3990660607814789,0.3110896348953247,0.44015443325042725,0.4031422734260559,0.5657581686973572,0.43593502044677734,0.3454160988330841,0.3102480173110962,0.24568910896778107,0.2899860143661499,0.20421288907527924,0.1741325855255127,0.2965734004974365],[0.47496211528778076,0.9999999403953552,0.6675146222114563,0.5552225112915039,0.165486142039299,0.30262088775634766,0.4469498097896576,0.3727022409439087,0.37798646092414856,0.3393768072128296,0.27955371141433716,0.29716062545776367,0.368720680475235,0.24924422800540924,0.17580139636993408,0.3003520965576172],[0.5952610969543457,0.6675146222114563,1.0,0.47299426794052124,0.187405526638031,0.3332288861274719,0.40820831060409546,0.35905545949935913,0.42267894744873047,0.3151206076145172,0.2630537152290344,0.24648001790046692,0.2635524570941925,0.169508695602417,0.17956918478012085,0.27327805757522583],[0.3990660607814789,0.5552225112915039,0.47299426794052124,1.0,0.14070335030555725,0.22901737689971924,0.3801043629646301,0.31276288628578186,0.3368763327598572,0.3031958043575287,0.19329343736171722,0.24409526586532593,0.25038716197013855,0.23180431127548218,0.13801084458827972,0.17487098276615143],[0.3110896348953247,0.165486142039299,0.187405526638031,0.14070335030555725,1.0,0.37269696593284607,0.4076782464981079,0.2267526388168335,0.3611482083797455,0.23068475723266602,0.24464108049869537,0.22677361965179443,0.2753412127494812,0.20346331596374512,0.2518613934516907,0.3594798147678375],[0.44015443325042725,0.30262088775634766,0.3332288861274719,0.22901737689971924,0.37269696593284607,1.0,0.5125568509101868,0.47427332401275635,0.29099002480506897,0.29693761467933655,0.2528189718723297,0.26468735933303833,0.25013792514801025,0.19277645647525787,0.19137723743915558,0.30797553062438965],[0.4031422734260559,0.4469498097896576,0.40820831060409546,0.3801043629646301,0.4076782464981079,0.5125568509101868,1.0,0.4005318582057953,0.3988211750984192,0.3496369421482086,0.39577534794807434,0.31418442726135254,0.3317485749721527,0.23880062997341156,0.24485896527767181,0.3876342177391052],[0.5657581686973572,0.3727022409439087,0.35905545949935913,0.31276288628578186,0.2267526388168335,0.47427332401275635,0.4005318582057953,0.9999999403953552,0.3273026943206787,0.3389837145805359,0.2863922715187073,0.26757773756980896,0.19217549264431,0.2525682747364044,0.23107990622520447,0.2720377743244171],[0.43593502044677734,0.37798646092414856,0.42267894744873047,0.3368763327598572,0.3611482083797455,0.29099002480506897,0.3988211750984192,0.3273026943206787,1.0,0.4261448085308075,0.3643670380115509,0.34866151213645935,0.279550701379776,0.24317601323127747,0.20999854803085327,0.41600361466407776],[0.3454160988330841,0.3393768072128296,0.3151206076145172,0.3031958043575287,0.23068475723266602,0.29693761467933655,0.3496369421482086,0.3389837145805359,0.4261448085308075,1.0,0.4615882933139801,0.4269108474254608,0.2746715545654297,0.25977346301078796,0.19849492609500885,0.33122023940086365],[0.3102480173110962,0.27955371141433716,0.2630537152290344,0.19329343736171722,0.24464108049869537,0.2528189718723297,0.39577534794807434,0.2863922715187073,0.3643670380115509,0.4615882933139801,1.0,0.38390588760375977,0.326706200838089,0.22519361972808838,0.18495489656925201,0.29915449023246765],[0.24568910896778107,0.29716062545776367,0.24648001790046692,0.24409526586532593,0.22677361965179443,0.26468735933303833,0.31418442726135254,0.26757773756980896,0.34866151213645935,0.4269108474254608,0.38390588760375977,0.9999999403953552,0.28337234258651733,0.18366555869579315,0.2197842299938202,0.21403542160987854],[0.2899860143661499,0.368720680475235,0.2635524570941925,0.25038716197013855,0.2753412127494812,0.25013792514801025,0.3317485749721527,0.19217549264431,0.279550701379776,0.2746715545654297,0.326706200838089,0.28337234258651733,1.0,0.32010480761528015,0.22358810901641846,0.3221302330493927],[0.20421288907527924,0.24924422800540924,0.169508695602417,0.23180431127548218,0.20346331596374512,0.19277645647525787,0.23880062997341156,0.2525682747364044,0.24317601323127747,0.25977346301078796,0.22519361972808838,0.18366555869579315,0.32010480761528015,0.9999999403953552,0.2678350508213043,0.20029699802398682],[0.1741325855255127,0.17580139636993408,0.17956918478012085,0.13801084458827972,0.2518613934516907,0.19137723743915558,0.24485896527767181,0.23107990622520447,0.20999854803085327,0.19849492609500885,0.18495489656925201,0.2197842299938202,0.22358810901641846,0.2678350508213043,1.0,0.2719480097293854],[0.2965734004974365,0.3003520965576172,0.27327805757522583,0.17487098276615143,0.3594798147678375,0.30797553062438965,0.3876342177391052,0.2720377743244171,0.41600361466407776,0.33122023940086365,0.29915449023246765,0.21403542160987854,0.3221302330493927,0.20029699802398682,0.2719480097293854,1.0]]}