{"game_number":286,"words":["CUP","LID","STIRRER","STRAW","BAT","MOTH","OWL","WOLF","BEET","BRICK","CARDINAL","POPPY","ACTION","BALLPARK","GO","STICK"],"adjacency_matrix":[[1.0,0.48023751378059387,0.4498746693134308,0.3937305808067322,0.3389745354652405,0.235097736120224,0.31013116240501404,0.22379633784294128,0.3073439598083496,0.3040963113307953,0.30314287543296814,0.31409528851509094,0.3103347718715668,0.25988125801086426,0.22254738211631775,0.3967171013355255],[0.48023751378059387,1.0,0.41785502433776855,0.2944694459438324,0.35287216305732727,0.24334299564361572,0.2966453433036804,0.18740536272525787,0.2114596962928772,0.29760608077049255,0.2030194252729416,0.2802819311618805,0.24552255868911743,0.21697688102722168,0.21588103473186493,0.38986602425575256],[0.4498746693134308,0.41785502433776855,1.0,0.43806108832359314,0.29834768176078796,0.2040119469165802,0.17223891615867615,0.23742936551570892,0.3250197172164917,0.3747742474079132,0.3146235942840576,0.302739679813385,0.32636070251464844,0.16605186462402344,0.2958572804927826,0.45024949312210083],[0.3937305808067322,0.2944694459438324,0.43806108832359314,1.0000001192092896,0.2860954999923706,0.288705974817276,0.2849673330783844,0.2793917953968048,0.3671651780605316,0.47917306423187256,0.29554277658462524,0.4015348255634308,0.2606201469898224,0.19555288553237915,0.3033580482006073,0.49990177154541016],[0.3389745354652405,0.35287216305732727,0.29834768176078796,0.2860954999923706,0.9999999403953552,0.40946727991104126,0.3929283022880554,0.37574827671051025,0.34158575534820557,0.34022408723831177,0.23416668176651,0.22975961863994598,0.3064310848712921,0.4619610607624054,0.36071667075157166,0.45638200640678406],[0.235097736120224,0.24334299564361572,0.2040119469165802,0.288705974817276,0.40946727991104126,1.0,0.37579354643821716,0.3718082308769226,0.40480247139930725,0.22198735177516937,0.18503199517726898,0.2823033928871155,0.22556212544441223,0.183787003159523,0.08676770329475403,0.23523932695388794],[0.31013116240501404,0.2966453433036804,0.17223891615867615,0.2849673330783844,0.3929283022880554,0.37579354643821716,1.0,0.5460178852081299,0.25135576725006104,0.2678307592868805,0.27465683221817017,0.27412480115890503,0.22608624398708344,0.23754899203777313,0.1597517430782318,0.22335782647132874],[0.22379633784294128,0.18740536272525787,0.23742936551570892,0.2793917953968048,0.37574827671051025,0.3718082308769226,0.5460178852081299,1.0,0.3640914261341095,0.22696621716022491,0.29280951619148254,0.258959025144577,0.2964555323123932,0.19150055944919586,0.22363561391830444,0.2589374780654907],[0.3073439598083496,0.2114596962928772,0.3250197172164917,0.3671651780605316,0.34158575534820557,0.40480247139930725,0.25135576725006104,0.3640914261341095,1.0,0.36160576343536377,0.19153375923633575,0.4095778465270996,0.30378174781799316,0.22981823980808258,0.2753509283065796,0.3756234347820282],[0.3040963113307953,0.29760608077049255,0.3747742474079132,0.47917306423187256,0.34022408723831177,0.22198735177516937,0.2678307592868805,0.22696621716022491,0.36160576343536377,1.0000001192092896,0.27687007188796997,0.34912019968032837,0.28017449378967285,0.3615189492702484,0.30666252970695496,0.4743279218673706],[0.30314287543296814,0.2030194252729416,0.3146235942840576,0.29554277658462524,0.23416668176651,0.18503199517726898,0.27465683221817017,0.29280951619148254,0.19153375923633575,0.27687007188796997,1.0,0.22336483001708984,0.29216495156288147,0.28180021047592163,0.2687184512615204,0.2903555929660797],[0.31409528851509094,0.2802819311618805,0.302739679813385,0.4015348255634308,0.22975961863994598,0.2823033928871155,0.27412480115890503,0.258959025144577,0.4095778465270996,0.34912019968032837,0.22336483001708984,1.0,0.25818607211112976,0.16972461342811584,0.2579105794429779,0.4033028483390808],[0.3103347718715668,0.24552255868911743,0.32636070251464844,0.2606201469898224,0.3064310848712921,0.22556212544441223,0.22608624398708344,0.2964555323123932,0.30378174781799316,0.28017449378967285,0.29216495156288147,0.25818607211112976,1.0,0.27029281854629517,0.42644065618515015,0.3793870210647583],[0.25988125801086426,0.21697688102722168,0.16605186462402344,0.19555288553237915,0.4619610607624054,0.183787003159523,0.23754899203777313,0.19150055944919586,0.22981823980808258,0.3615189492702484,0.28180021047592163,0.16972461342811584,0.27029281854629517,1.0,0.33430537581443787,0.3446458578109741],[0.22254738211631775,0.21588103473186493,0.2958572804927826,0.3033580482006073,0.36071667075157166,0.08676770329475403,0.1597517430782318,0.22363561391830444,0.2753509283065796,0.30666252970695496,0.2687184512615204,0.2579105794429779,0.42644065618515015,0.33430537581443787,1.0,0.5639820694923401],[0.3967171013355255,0.38986602425575256,0.45024949312210083,0.49990177154541016,0.45638200640678406,0.23523932695388794,0.22335782647132874,0.2589374780654907,0.3756234347820282,0.4743279218673706,0.2903555929660797,0.4033028483390808,0.3793870210647583,0.3446458578109741,0.5639820694923401,1.0]]}