{
  "game_number": 89,
  "words": [
    "POT",
    "PRIZE",
    "PURSE",
    "REWARD",
    "BREAK",
    "DROP",
    "KICK",
    "SHAKE",
    "DOLLY",
    "PAN",
    "TILT",
    "ZOOM",
    "BITE",
    "FUN",
    "POCKET",
    "TRAVEL"
  ],
  "adjacency_matrix": [
    [
      1.0,
      0.4058687090873718,
      0.4428732991218567,
      0.36600568890571594,
      0.3837164044380188,
      0.4153495728969574,
      0.3897695243358612,
      0.4374011158943176,
      0.32699164748191833,
      0.6092371344566345,
      0.3944541811943054,
      0.262128084897995,
      0.3067440688610077,
      0.3298679292201996,
      0.4590475559234619,
      0.2933037281036377
    ],
    [
      0.4058687090873718,
      1.0,
      0.5374228954315186,
      0.6494292616844177,
      0.3684370517730713,
      0.3362274467945099,
      0.3629443943500519,
      0.33597034215927124,
      0.2514159381389618,
      0.31308671832084656,
      0.29309847950935364,
      0.2712560296058655,
      0.32730168104171753,
      0.41282281279563904,
      0.4184983968734741,
      0.3752640187740326
    ],
    [
      0.4428732991218567,
      0.5374228954315186,
      0.9999999403953552,
      0.42360156774520874,
      0.33916398882865906,
      0.35444214940071106,
      0.3388684093952179,
      0.3604104220867157,
      0.3234882056713104,
      0.3493780791759491,
      0.2878776788711548,
      0.3038061559200287,
      0.3314554691314697,
      0.24525944888591766,
      0.6046656966209412,
      0.3730706572532654
    ],
    [
      0.36600568890571594,
      0.6494292616844177,
      0.42360156774520874,
      1.0,
      0.43551313877105713,
      0.36886066198349,
      0.44098880887031555,
      0.4230800271034241,
      0.22615793347358704,
      0.28944703936576843,
      0.3240841031074524,
      0.2896408140659332,
      0.3763256072998047,
      0.4613603353500366,
      0.41214242577552795,
      0.35600215196609497
    ],
    [
      0.3837164044380188,
      0.3684370517730713,
      0.33916398882865906,
      0.43551313877105713,
      0.9999999403953552,
      0.5797728300094604,
      0.5528079867362976,
      0.6052971482276917,
      0.2754039466381073,
      0.36633408069610596,
      0.4279443621635437,
      0.3749355375766754,
      0.5160458087921143,
      0.43878501653671265,
      0.38640251755714417,
      0.4622124433517456
    ],
    [
      0.4153495728969574,
      0.3362274467945099,
      0.35444214940071106,
      0.36886066198349,
      0.5797728300094604,
      1.0,
      0.5734514594078064,
      0.5704038143157959,
      0.3447965681552887,
      0.4145052134990692,
      0.45260411500930786,
      0.41557905077934265,
      0.45182061195373535,
      0.35736533999443054,
      0.4039304852485657,
      0.4178069829940796
    ],
    [
      0.3897695243358612,
      0.3629443943500519,
      0.3388684093952179,
      0.44098880887031555,
      0.5528079867362976,
      0.5734514594078064,
      1.0,
      0.5646219849586487,
      0.35152679681777954,
      0.39570295810699463,
      0.392656534910202,
      0.3625301122665405,
      0.5604269504547119,
      0.40677329897880554,
      0.42106184363365173,
      0.3833681344985962
    ],
    [
      0.4374011158943176,
      0.33597034215927124,
      0.3604104220867157,
      0.4230800271034241,
      0.6052971482276917,
      0.5704038143157959,
      0.5646219849586487,
      1.0,
      0.31803762912750244,
      0.4695340692996979,
      0.5546048879623413,
      0.39092445373535156,
      0.5597103834152222,
      0.36927080154418945,
      0.3554867208003998,
      0.33174094557762146
    ],
    [
      0.32699164748191833,
      0.2514159381389618,
      0.3234882056713104,
      0.22615793347358704,
      0.2754039466381073,
      0.3447965681552887,
      0.35152679681777954,
      0.31803762912750244,
      1.0,
      0.4212503433227539,
      0.3785337209701538,
      0.39528539776802063,
      0.27366888523101807,
      0.3240315914154053,
      0.30240005254745483,
      0.2992299199104309
    ],
    [
      0.6092371344566345,
      0.31308671832084656,
      0.3493780791759491,
      0.28944703936576843,
      0.36633408069610596,
      0.4145052134990692,
      0.39570295810699463,
      0.4695340692996979,
      0.4212503433227539,
      1.0,
      0.5303032398223877,
      0.5788770914077759,
      0.3419194519519806,
      0.23535001277923584,
      0.40955650806427,
      0.33111509680747986
    ],
    [
      0.3944541811943054,
      0.29309847950935364,
      0.2878776788711548,
      0.3240841031074524,
      0.4279443621635437,
      0.45260411500930786,
      0.392656534910202,
      0.5546048879623413,
      0.3785337209701538,
      0.5303032398223877,
      1.0,
      0.526796817779541,
      0.33857861161231995,
      0.2759470045566559,
      0.3622063398361206,
      0.36284804344177246
    ],
    [
      0.262128084897995,
      0.2712560296058655,
      0.3038061559200287,
      0.2896408140659332,
      0.3749355375766754,
      0.41557905077934265,
      0.3625301122665405,
      0.39092445373535156,
      0.39528539776802063,
      0.5788770914077759,
      0.526796817779541,
      0.9999999403953552,
      0.2989942729473114,
      0.3001244366168976,
      0.38410353660583496,
      0.4186881482601166
    ],
    [
      0.3067440688610077,
      0.32730168104171753,
      0.3314554691314697,
      0.3763256072998047,
      0.5160458087921143,
      0.45182061195373535,
      0.5604269504547119,
      0.5597103834152222,
      0.27366888523101807,
      0.3419194519519806,
      0.33857861161231995,
      0.2989942729473114,
      1.0,
      0.3727667033672333,
      0.3338925242424011,
      0.30411338806152344
    ],
    [
      0.3298679292201996,
      0.41282281279563904,
      0.24525944888591766,
      0.4613603353500366,
      0.43878501653671265,
      0.35736533999443054,
      0.40677329897880554,
      0.36927080154418945,
      0.3240315914154053,
      0.23535001277923584,
      0.2759470045566559,
      0.3001244366168976,
      0.3727667033672333,
      1.0,
      0.31706950068473816,
      0.41277411580085754
    ],
    [
      0.4590475559234619,
      0.4184983968734741,
      0.6046656966209412,
      0.41214242577552795,
      0.38640251755714417,
      0.4039304852485657,
      0.42106184363365173,
      0.3554867208003998,
      0.30240005254745483,
      0.40955650806427,
      0.3622063398361206,
      0.38410353660583496,
      0.3338925242424011,
      0.31706950068473816,
      1.0,
      0.4267740249633789
    ],
    [
      0.2933037281036377,
      0.3752640187740326,
      0.3730706572532654,
      0.35600215196609497,
      0.4622124433517456,
      0.4178069829940796,
      0.3833681344985962,
      0.33174094557762146,
      0.2992299199104309,
      0.33111509680747986,
      0.36284804344177246,
      0.4186881482601166,
      0.30411338806152344,
      0.41277411580085754,
      0.4267740249633789,
      0.9999999403953552
    ]
  ]
}