{"game_number":99,"words":["BUNK","CROCK","HOGWASH","HORSEFEATHERS","BATON","HAMMER","HURDLE","POLE","GOATEE","HORNS","PITCHFORK","TAIL","BEND","BOWLINE","HITCH","SHEEPSHANK"],"adjacency_matrix":[[1.0,0.514672577381134,0.5874515175819397,0.29268088936805725,0.1646871268749237,0.27226734161376953,0.26030054688453674,0.31799644231796265,0.20883698761463165,0.204974964261055,0.2778167128562927,0.2770620584487915,0.29403382539749146,0.3559640347957611,0.34050101041793823,0.3247119188308716],[0.514672577381134,1.0,0.6560729742050171,0.3686208426952362,0.3090066909790039,0.40634649991989136,0.3078783452510834,0.36315852403640747,0.3517955541610718,0.32082122564315796,0.4366562068462372,0.37324678897857666,0.3181215822696686,0.41852110624313354,0.4078911542892456,0.3719736635684967],[0.5874515175819397,0.6560729742050171,1.0,0.33109185099601746,0.2024214267730713,0.2597673833370209,0.26024511456489563,0.19881539046764374,0.2449159026145935,0.2300364375114441,0.3296026885509491,0.22919633984565735,0.2524285614490509,0.24381300806999207,0.245403453707695,0.2812109589576721],[0.29268088936805725,0.3686208426952362,0.33109185099601746,1.0,0.20725953578948975,0.2938571572303772,0.19897261261940002,0.2493334710597992,0.3429076671600342,0.3657536506652832,0.283113032579422,0.29455283284187317,0.21578262746334076,0.2810424864292145,0.23957426846027374,0.34174710512161255],[0.1646871268749237,0.3090066909790039,0.2024214267730713,0.20725953578948975,1.0,0.49336937069892883,0.36915212869644165,0.44330084323883057,0.2525295615196228,0.39370471239089966,0.4669140577316284,0.38828104734420776,0.3938693106174469,0.3318856954574585,0.3855893313884735,0.30296429991722107],[0.27226734161376953,0.40634649991989136,0.2597673833370209,0.2938571572303772,0.49336937069892883,1.0,0.36557555198669434,0.45623838901519775,0.2675915062427521,0.3874165713787079,0.5097095370292664,0.3579452633857727,0.48665255308151245,0.3480236530303955,0.40995270013809204,0.3583466112613678],[0.26030054688453674,0.3078783452510834,0.26024511456489563,0.19897261261940002,0.36915212869644165,0.36557555198669434,1.0,0.41366201639175415,0.18053768575191498,0.2284456342458725,0.31802690029144287,0.2813284397125244,0.3898129165172577,0.25300896167755127,0.4112628996372223,0.24045619368553162],[0.31799644231796265,0.36315852403640747,0.19881539046764374,0.2493334710597992,0.44330084323883057,0.45623838901519775,0.41366201639175415,1.0,0.2261940836906433,0.34740689396858215,0.41349226236343384,0.46118611097335815,0.4466121792793274,0.41706109046936035,0.4089605510234833,0.339191198348999],[0.20883698761463165,0.3517955541610718,0.2449159026145935,0.3429076671600342,0.2525295615196228,0.2675915062427521,0.18053768575191498,0.2261940836906433,0.9999999403953552,0.4239131510257721,0.32509681582450867,0.392825186252594,0.20167276263237,0.3602258861064911,0.23664800822734833,0.3433886468410492],[0.204974964261055,0.32082122564315796,0.2300364375114441,0.3657536506652832,0.39370471239089966,0.3874165713787079,0.2284456342458725,0.34740689396858215,0.4239131510257721,1.0,0.4688342213630676,0.5056334733963013,0.2839324474334717,0.269743949174881,0.36065301299095154,0.33257097005844116],[0.2778167128562927,0.4366562068462372,0.3296026885509491,0.283113032579422,0.4669140577316284,0.5097095370292664,0.31802690029144287,0.41349226236343384,0.32509681582450867,0.4688342213630676,0.9999999403953552,0.3897114098072052,0.3855871856212616,0.38870108127593994,0.42126211524009705,0.34188488125801086],[0.2770620584487915,0.37324678897857666,0.22919633984565735,0.29455283284187317,0.38828104734420776,0.3579452633857727,0.2813284397125244,0.46118611097335815,0.392825186252594,0.5056334733963013,0.3897114098072052,0.9999999403953552,0.4305894076824188,0.4405006468296051,0.39285361766815186,0.3786865472793579],[0.29403382539749146,0.3181215822696686,0.2524285614490509,0.21578262746334076,0.3938693106174469,0.48665255308151245,0.3898129165172577,0.4466121792793274,0.20167276263237,0.2839324474334717,0.3855871856212616,0.4305894076824188,0.9999999403953552,0.4018489718437195,0.4723254144191742,0.29443827271461487],[0.3559640347957611,0.41852110624313354,0.24381300806999207,0.2810424864292145,0.3318856954574585,0.3480236530303955,0.25300896167755127,0.41706109046936035,0.3602258861064911,0.269743949174881,0.38870108127593994,0.4405006468296051,0.4018489718437195,1.0,0.4625453054904938,0.503240704536438],[0.34050101041793823,0.4078911542892456,0.245403453707695,0.23957426846027374,0.3855893313884735,0.40995270013809204,0.4112628996372223,0.4089605510234833,0.23664800822734833,0.36065301299095154,0.42126211524009705,0.39285361766815186,0.4723254144191742,0.4625453054904938,1.0,0.3737768530845642],[0.3247119188308716,0.3719736635684967,0.2812109589576721,0.34174710512161255,0.30296429991722107,0.3583466112613678,0.24045619368553162,0.339191198348999,0.3433886468410492,0.33257097005844116,0.34188488125801086,0.3786865472793579,0.29443827271461487,0.503240704536438,0.3737768530845642,1.0]]}