{"game_number":299,"words":["APRICOT","FIG","GRAPE","LIME","DELUXE","GRAND","LAVISH","OPULENT","BERRY","FOSTER","STONE","SWANK","ENVIOUS","FRESH","NAIVE","UNWELL"],"adjacency_matrix":[[1.0,0.3810405731201172,0.5420379638671875,0.5121247172355652,0.247085303068161,0.2403019666671753,0.21723271906375885,0.28281763195991516,0.6091678142547607,0.15214012563228607,0.3237292170524597,0.24912118911743164,0.11629651486873627,0.289340615272522,0.18197812139987946,0.14534221589565277],[0.3810405731201172,0.9999999403953552,0.38850343227386475,0.33076024055480957,0.15388303995132446,0.24825847148895264,0.25985366106033325,0.22257275879383087,0.374911367893219,0.12229902297258377,0.29400381445884705,0.26472532749176025,0.14949363470077515,0.23414906859397888,0.19620436429977417,0.03778660297393799],[0.5420379638671875,0.38850343227386475,1.0000001192092896,0.49003708362579346,0.21125999093055725,0.27799010276794434,0.26114100217819214,0.24758829176425934,0.6148521304130554,0.22068803012371063,0.3389990031719208,0.26353177428245544,0.1934536099433899,0.36960867047309875,0.19155047833919525,0.11072447150945663],[0.5121247172355652,0.33076024055480957,0.49003708362579346,1.0,0.25847533345222473,0.23607873916625977,0.3080066740512848,0.24895162880420685,0.4318084120750427,0.19512787461280823,0.531522274017334,0.271066278219223,0.18469882011413574,0.43196430802345276,0.22414995729923248,0.1887991726398468],[0.247085303068161,0.15388303995132446,0.21125999093055725,0.25847533345222473,1.0,0.41109123826026917,0.49412453174591064,0.47350627183914185,0.24931615591049194,0.13650821149349213,0.23922064900398254,0.5129291415214539,0.18880487978458405,0.3208225667476654,0.22942504286766052,0.10303448140621185],[0.2403019666671753,0.24825847148895264,0.27799010276794434,0.23607873916625977,0.41109123826026917,1.0,0.49956589937210083,0.4832589030265808,0.33039626479148865,0.29832229018211365,0.3643355369567871,0.5204416513442993,0.2942468822002411,0.3996066451072693,0.3930754065513611,0.19289341568946838],[0.21723271906375885,0.25985366106033325,0.26114100217819214,0.3080066740512848,0.49412453174591064,0.49956589937210083,1.0,0.7713427543640137,0.26028868556022644,0.30343687534332275,0.3011307418346405,0.583314061164856,0.381838858127594,0.45712125301361084,0.3689076006412506,0.28617802262306213],[0.28281763195991516,0.22257275879383087,0.24758829176425934,0.24895162880420685,0.47350627183914185,0.4832589030265808,0.7713427543640137,1.0,0.2434358298778534,0.20728151500225067,0.24970869719982147,0.6082850694656372,0.3982466757297516,0.35592684149742126,0.34774264693260193,0.3439854085445404],[0.6091678142547607,0.374911367893219,0.6148521304130554,0.4318084120750427,0.24931615591049194,0.33039626479148865,0.26028868556022644,0.2434358298778534,0.9999999403953552,0.1798374354839325,0.3853580057621002,0.30455026030540466,0.2019375115633011,0.36677926778793335,0.1950349509716034,0.17904920876026154],[0.15214012563228607,0.12229902297258377,0.22068803012371063,0.19512787461280823,0.13650821149349213,0.29832229018211365,0.30343687534332275,0.20728151500225067,0.1798374354839325,1.0,0.1839885711669922,0.24612078070640564,0.2597963809967041,0.3478415012359619,0.33573466539382935,0.24043922126293182],[0.3237292170524597,0.29400381445884705,0.3389990031719208,0.531522274017334,0.23922064900398254,0.3643355369567871,0.3011307418346405,0.24970869719982147,0.3853580057621002,0.1839885711669922,1.0,0.29732951521873474,0.23140573501586914,0.39181676506996155,0.28218701481819153,0.1863899528980255],[0.24912118911743164,0.26472532749176025,0.26353177428245544,0.271066278219223,0.5129291415214539,0.5204416513442993,0.583314061164856,0.6082850694656372,0.30455026030540466,0.24612078070640564,0.29732951521873474,1.0,0.3056183159351349,0.3880389630794525,0.346147745847702,0.2285594791173935],[0.11629651486873627,0.14949363470077515,0.1934536099433899,0.18469882011413574,0.18880487978458405,0.2942468822002411,0.381838858127594,0.3982466757297516,0.2019375115633011,0.2597963809967041,0.23140573501586914,0.3056183159351349,1.0,0.3389233946800232,0.5739002823829651,0.4228995740413666],[0.289340615272522,0.23414906859397888,0.36960867047309875,0.43196430802345276,0.3208225667476654,0.3996066451072693,0.45712125301361084,0.35592684149742126,0.36677926778793335,0.3478415012359619,0.39181676506996155,0.3880389630794525,0.3389233946800232,1.0,0.4183274209499359,0.332598477602005],[0.18197812139987946,0.19620436429977417,0.19155047833919525,0.22414995729923248,0.22942504286766052,0.3930754065513611,0.3689076006412506,0.34774264693260193,0.1950349509716034,0.33573466539382935,0.28218701481819153,0.346147745847702,0.5739002823829651,0.4183274209499359,1.0000001192092896,0.3805566728115082],[0.14534221589565277,0.03778660297393799,0.11072447150945663,0.1887991726398468,0.10303448140621185,0.19289341568946838,0.28617802262306213,0.3439854085445404,0.17904920876026154,0.24043922126293182,0.1863899528980255,0.2285594791173935,0.4228995740413666,0.332598477602005,0.3805566728115082,0.9999999403953552]]}