{
  "game_number": 570,
  "words": [
    "24",
    "BONES",
    "FIREFLY",
    "WEEDS",
    "7",
    "BAR",
    "BELL",
    "CHERRY",
    "22",
    "451",
    "2001",
    "20,000",
    "ANACONDA",
    "CAPYBARA",
    "JAGUAR",
    "TOUCAN"
  ],
  "adjacency_matrix": [
    [
      1.0,
      0.10499054938554764,
      0.12602542340755463,
      0.049742210656404495,
      0.40352869033813477,
      0.11738845705986023,
      0.08351590484380722,
      0.13987353444099426,
      0.9200544357299805,
      0.36202865839004517,
      0.3827662765979767,
      0.4413285553455353,
      0.1042567789554596,
      0.11019472777843475,
      0.10183869302272797,
      0.055466797202825546
    ],
    [
      0.10499054938554764,
      1.0,
      0.2160874605178833,
      0.3456900119781494,
      -0.07360754907131195,
      0.20657594501972198,
      0.33544445037841797,
      0.26779595017433167,
      0.1383473426103592,
      0.002457170747220516,
      0.0501052588224411,
      0.26561239361763,
      0.3311021625995636,
      0.3278065621852875,
      0.3040403723716736,
      0.33802634477615356
    ],
    [
      0.12602542340755463,
      0.2160874605178833,
      1.0,
      0.37411758303642273,
      -0.11616675555706024,
      0.26306357979774475,
      0.3239075541496277,
      0.3133881390094757,
      0.14426496624946594,
      0.08584749698638916,
      0.0675346702337265,
      0.17545638978481293,
      0.4013148248195648,
      0.37867704033851624,
      0.3061569929122925,
      0.47524094581604004
    ],
    [
      0.049742210656404495,
      0.3456900119781494,
      0.37411758303642273,
      1.0,
      -0.06295936554670334,
      0.15270355343818665,
      0.23690670728683472,
      0.3047715425491333,
      0.10902541875839233,
      -0.04908807575702667,
      0.09209936857223511,
      0.21405822038650513,
      0.3057059049606323,
      0.2644469141960144,
      0.15227602422237396,
      0.2173498570919037
    ],
    [
      0.40352869033813477,
      -0.07360754907131195,
      -0.11616675555706024,
      -0.06295936554670334,
      0.9999999403953552,
      -0.02198033221065998,
      -0.035669196397066116,
      0.10076621919870377,
      0.3244420886039734,
      0.3730938136577606,
      0.17284925282001495,
      0.0656433179974556,
      -0.11376497894525528,
      -0.01826261729001999,
      -0.030306486412882805,
      -0.1301916241645813
    ],
    [
      0.11738845705986023,
      0.20657594501972198,
      0.26306357979774475,
      0.15270355343818665,
      -0.02198033221065998,
      1.0,
      0.36068516969680786,
      0.2603485584259033,
      0.12961873412132263,
      0.08813463151454926,
      0.18044789135456085,
      0.21232283115386963,
      0.2762419879436493,
      0.14907009899616241,
      0.1271997094154358,
      0.28646165132522583
    ],
    [
      0.08351590484380722,
      0.33544445037841797,
      0.3239075541496277,
      0.23690670728683472,
      -0.035669196397066116,
      0.36068516969680786,
      0.9999999403953552,
      0.29499006271362305,
      0.08046595752239227,
      0.014869170263409615,
      0.13130107522010803,
      0.18630021810531616,
      0.35378140211105347,
      0.2837117910385132,
      0.2798929810523987,
      0.3847034275531769
    ],
    [
      0.13987353444099426,
      0.26779595017433167,
      0.3133881390094757,
      0.3047715425491333,
      0.10076621919870377,
      0.2603485584259033,
      0.29499006271362305,
      1.0,
      0.1266932487487793,
      0.04705295339226723,
      0.08219490200281143,
      0.177921861410141,
      0.2627038359642029,
      0.2524706721305847,
      0.21322478353977203,
      0.23854336142539978
    ],
    [
      0.9200544357299805,
      0.1383473426103592,
      0.14426496624946594,
      0.10902541875839233,
      0.3244420886039734,
      0.12961873412132263,
      0.08046595752239227,
      0.1266932487487793,
      1.0,
      0.3135443329811096,
      0.34776753187179565,
      0.40748441219329834,
      0.10069112479686737,
      0.10418323427438736,
      0.09474080801010132,
      0.06317713111639023
    ],
    [
      0.36202865839004517,
      0.002457170747220516,
      0.08584749698638916,
      -0.04908807575702667,
      0.3730938136577606,
      0.08813463151454926,
      0.014869170263409615,
      0.04705295339226723,
      0.3135443329811096,
      1.0,
      0.2971644997596741,
      0.2218107432126999,
      -0.027644861489534378,
      0.026284227147698402,
      0.042494144290685654,
      0.030399169772863388
    ],
    [
      0.3827662765979767,
      0.0501052588224411,
      0.0675346702337265,
      0.09209936857223511,
      0.17284925282001495,
      0.18044789135456085,
      0.13130107522010803,
      0.08219490200281143,
      0.34776753187179565,
      0.2971644997596741,
      1.0,
      0.2138022780418396,
      0.014461536891758442,
      0.03413377329707146,
      0.09512988477945328,
      0.020538777112960815
    ],
    [
      0.4413285553455353,
      0.26561239361763,
      0.17545638978481293,
      0.21405822038650513,
      0.0656433179974556,
      0.21232283115386963,
      0.18630021810531616,
      0.177921861410141,
      0.40748441219329834,
      0.2218107432126999,
      0.2138022780418396,
      1.0,
      0.21356415748596191,
      0.23969213664531708,
      0.1934797316789627,
      0.18932805955410004
    ],
    [
      0.1042567789554596,
      0.3311021625995636,
      0.4013148248195648,
      0.3057059049606323,
      -0.11376497894525528,
      0.2762419879436493,
      0.35378140211105347,
      0.2627038359642029,
      0.10069112479686737,
      -0.027644861489534378,
      0.014461536891758442,
      0.21356415748596191,
      1.0,
      0.5565741062164307,
      0.49913033843040466,
      0.5180627107620239
    ],
    [
      0.11019472777843475,
      0.3278065621852875,
      0.37867704033851624,
      0.2644469141960144,
      -0.01826261729001999,
      0.14907009899616241,
      0.2837117910385132,
      0.2524706721305847,
      0.10418323427438736,
      0.026284227147698402,
      0.03413377329707146,
      0.23969213664531708,
      0.5565741062164307,
      1.0,
      0.575678825378418,
      0.5384236574172974
    ],
    [
      0.10183869302272797,
      0.3040403723716736,
      0.3061569929122925,
      0.15227602422237396,
      -0.030306486412882805,
      0.1271997094154358,
      0.2798929810523987,
      0.21322478353977203,
      0.09474080801010132,
      0.042494144290685654,
      0.09512988477945328,
      0.1934797316789627,
      0.49913033843040466,
      0.575678825378418,
      1.0,
      0.551101803779602
    ],
    [
      0.055466797202825546,
      0.33802634477615356,
      0.47524094581604004,
      0.2173498570919037,
      -0.1301916241645813,
      0.28646165132522583,
      0.3847034275531769,
      0.23854336142539978,
      0.06317713111639023,
      0.030399169772863388,
      0.020538777112960815,
      0.18932805955410004,
      0.5180627107620239,
      0.5384236574172974,
      0.551101803779602,
      1.0
    ]
  ]
}