{"game_number":157,"words":["CURL","LOCK","RINGLET","TRESS","COVERAGE","EXPOSURE","PRESS","PUBLICITY","DOM","ION","NESS","SHIP","FAMILY","FLEA","FLYING","MEDIA"],"adjacency_matrix":[[1.0,0.3936740458011627,0.4429454505443573,0.37120920419692993,0.20465849339962006,0.2720990777015686,0.32852602005004883,0.20309779047966003,0.28093090653419495,0.27826598286628723,0.2739076316356659,0.24816551804542542,0.22298093140125275,0.31377363204956055,0.31468531489372253,0.22473710775375366],[0.3936740458011627,1.0,0.4123391807079315,0.3625854253768921,0.289427787065506,0.333009272813797,0.4349794089794159,0.27984216809272766,0.329816609621048,0.3597319722175598,0.29772040247917175,0.42987531423568726,0.28349149227142334,0.34076955914497375,0.3232569098472595,0.29167261719703674],[0.4429454505443573,0.4123391807079315,1.0,0.444822758436203,0.19922539591789246,0.2194155603647232,0.2692190110683441,0.21245546638965607,0.3443249464035034,0.4026077389717102,0.35623878240585327,0.32584232091903687,0.3181802034378052,0.35234150290489197,0.3324032127857208,0.2540621757507324],[0.37120920419692993,0.3625854253768921,0.444822758436203,1.0,0.2781178057193756,0.33607688546180725,0.2903237044811249,0.23128949105739594,0.42625144124031067,0.23413197696208954,0.4008277356624603,0.3349890112876892,0.35233843326568604,0.31552642583847046,0.40898385643959045,0.2558644711971283],[0.20465849339962006,0.289427787065506,0.19922539591789246,0.2781178057193756,1.0,0.5235711336135864,0.5060832500457764,0.532418966293335,0.2312244176864624,0.2710931897163391,0.2833248972892761,0.28859424591064453,0.3213627338409424,0.2627868354320526,0.2612065076828003,0.5349678993225098],[0.2720990777015686,0.333009272813797,0.2194155603647232,0.33607688546180725,0.5235711336135864,1.0,0.38456130027770996,0.5330922603607178,0.19147561490535736,0.3571183681488037,0.3508419394493103,0.24555005133152008,0.29879823327064514,0.361656129360199,0.3293646574020386,0.44515863060951233],[0.32852602005004883,0.4349794089794159,0.2692190110683441,0.2903237044811249,0.5060832500457764,0.38456130027770996,1.0,0.599048912525177,0.3182242512702942,0.27670738101005554,0.24081900715827942,0.34562405943870544,0.3419564962387085,0.2676324248313904,0.34424352645874023,0.6879537105560303],[0.20309779047966003,0.27984216809272766,0.21245546638965607,0.23128949105739594,0.532418966293335,0.5330922603607178,0.599048912525177,1.0,0.2230372279882431,0.29513630270957947,0.3085271120071411,0.2929067611694336,0.344363272190094,0.23869696259498596,0.3561100661754608,0.6008230447769165],[0.28093090653419495,0.329816609621048,0.3443249464035034,0.42625144124031067,0.2312244176864624,0.19147561490535736,0.3182242512702942,0.2230372279882431,1.0,0.30278825759887695,0.44868358969688416,0.28303828835487366,0.28766754269599915,0.21873581409454346,0.2674972414970398,0.279689222574234],[0.27826598286628723,0.3597319722175598,0.4026077389717102,0.23413197696208954,0.2710931897163391,0.3571183681488037,0.27670738101005554,0.29513630270957947,0.30278825759887695,1.0,0.37866947054862976,0.3872937560081482,0.29572585225105286,0.3978825509548187,0.28264158964157104,0.3635422885417938],[0.2739076316356659,0.29772040247917175,0.35623878240585327,0.4008277356624603,0.2833248972892761,0.3508419394493103,0.24081900715827942,0.3085271120071411,0.44868358969688416,0.37866947054862976,1.0000001192092896,0.2674620449542999,0.2609962522983551,0.28629958629608154,0.2518979012966156,0.30683761835098267],[0.24816551804542542,0.42987531423568726,0.32584232091903687,0.3349890112876892,0.28859424591064453,0.24555005133152008,0.34562405943870544,0.2929067611694336,0.28303828835487366,0.3872937560081482,0.2674620449542999,1.0,0.41764113306999207,0.30548468232154846,0.47329989075660706,0.3327886462211609],[0.22298093140125275,0.28349149227142334,0.3181802034378052,0.35233843326568604,0.3213627338409424,0.29879823327064514,0.3419564962387085,0.344363272190094,0.28766754269599915,0.29572585225105286,0.2609962522983551,0.41764113306999207,1.0,0.26600706577301025,0.337098091840744,0.4202505052089691],[0.31377363204956055,0.34076955914497375,0.35234150290489197,0.31552642583847046,0.2627868354320526,0.361656129360199,0.2676324248313904,0.23869696259498596,0.21873581409454346,0.3978825509548187,0.28629958629608154,0.30548468232154846,0.26600706577301025,1.0,0.3437897861003876,0.32357874512672424],[0.31468531489372253,0.3232569098472595,0.3324032127857208,0.40898385643959045,0.2612065076828003,0.3293646574020386,0.34424352645874023,0.3561100661754608,0.2674972414970398,0.28264158964157104,0.2518979012966156,0.47329989075660706,0.337098091840744,0.3437897861003876,0.9999999403953552,0.30523666739463806],[0.22473710775375366,0.29167261719703674,0.2540621757507324,0.2558644711971283,0.5349678993225098,0.44515863060951233,0.6879537105560303,0.6008230447769165,0.279689222574234,0.3635422885417938,0.30683761835098267,0.3327886462211609,0.4202505052089691,0.32357874512672424,0.30523666739463806,0.9999999403953552]]}