{
  "game_number": 202,
  "words": [
    "CLINGY",
    "SLEEK",
    "SLINKY",
    "SNUG",
    "APOLOGY",
    "DUBBING",
    "PRAYER",
    "PROPOSAL",
    "CONTRACTION",
    "FOOT",
    "POSSESSIVE",
    "QUOTATION",
    "CAP",
    "COVER",
    "PLUG",
    "SEAL"
  ],
  "adjacency_matrix": [
    [
      1.0,
      0.4357124865055084,
      0.5207958817481995,
      0.3792499899864197,
      0.2213854342699051,
      0.20033787190914154,
      0.21300649642944336,
      0.1557421237230301,
      0.1826263964176178,
      0.21298982203006744,
      0.5163613557815552,
      0.14278623461723328,
      0.2631012499332428,
      0.22401703894138336,
      0.26494520902633667,
      0.2447662502527237
    ],
    [
      0.4357124865055084,
      1.0,
      0.597645103931427,
      0.4458070695400238,
      0.20683977007865906,
      0.22460775077342987,
      0.17743490636348724,
      0.24441546201705933,
      0.15397492051124573,
      0.28906089067459106,
      0.30885961651802063,
      0.22653047740459442,
      0.2339089959859848,
      0.2655715346336365,
      0.24310703575611115,
      0.30050191283226013
    ],
    [
      0.5207958817481995,
      0.597645103931427,
      1.0,
      0.3899126946926117,
      0.2558988928794861,
      0.2610544264316559,
      0.20486386120319366,
      0.26614683866500854,
      0.32402119040489197,
      0.3152495324611664,
      0.3138970136642456,
      0.2820332944393158,
      0.30729690194129944,
      0.3444734811782837,
      0.3424433767795563,
      0.2734910547733307
    ],
    [
      0.3792499899864197,
      0.4458070695400238,
      0.3899126946926117,
      1.0,
      0.10487578064203262,
      0.07327526062726974,
      0.17547403275966644,
      0.0792439803481102,
      0.12649312615394592,
      0.25758638978004456,
      0.18109145760536194,
      0.09956099838018417,
      0.2854793071746826,
      0.24850471317768097,
      0.2967916429042816,
      0.23089513182640076
    ],
    [
      0.2213854342699051,
      0.20683977007865906,
      0.2558988928794861,
      0.10487578064203262,
      1.0,
      0.2805215120315552,
      0.4092267155647278,
      0.3944750130176544,
      0.2979221045970917,
      0.2551215887069702,
      0.18935546278953552,
      0.39452019333839417,
      0.21832214295864105,
      0.29210183024406433,
      0.24558758735656738,
      0.29571059346199036
    ],
    [
      0.20033787190914154,
      0.22460775077342987,
      0.2610544264316559,
      0.07327526062726974,
      0.2805215120315552,
      1.0,
      0.24449221789836884,
      0.3291034698486328,
      0.3479995131492615,
      0.15723054111003876,
      0.26224806904792786,
      0.27687692642211914,
      0.19747939705848694,
      0.2933090031147003,
      0.2299044281244278,
      0.25336575508117676
    ],
    [
      0.21300649642944336,
      0.17743490636348724,
      0.20486386120319366,
      0.17547403275966644,
      0.4092267155647278,
      0.24449221789836884,
      1.0,
      0.35123535990715027,
      0.36378058791160583,
      0.2695760726928711,
      0.18695470690727234,
      0.3845212161540985,
      0.30884382128715515,
      0.31618842482566833,
      0.24411407113075256,
      0.3681337833404541
    ],
    [
      0.1557421237230301,
      0.24441546201705933,
      0.26614683866500854,
      0.0792439803481102,
      0.3944750130176544,
      0.3291034698486328,
      0.35123535990715027,
      1.0,
      0.37823668122291565,
      0.2947087287902832,
      0.21093131601810455,
      0.4180598855018616,
      0.38802823424339294,
      0.39225053787231445,
      0.28001633286476135,
      0.3475813567638397
    ],
    [
      0.1826263964176178,
      0.15397492051124573,
      0.32402119040489197,
      0.12649312615394592,
      0.2979221045970917,
      0.3479995131492615,
      0.36378058791160583,
      0.37823668122291565,
      1.0,
      0.3054293692111969,
      0.30643007159233093,
      0.35254067182540894,
      0.3363862633705139,
      0.2704688608646393,
      0.2862964868545532,
      0.2667909562587738
    ],
    [
      0.21298982203006744,
      0.28906089067459106,
      0.3152495324611664,
      0.25758638978004456,
      0.2551215887069702,
      0.15723054111003876,
      0.2695760726928711,
      0.2947087287902832,
      0.3054293692111969,
      1.0,
      0.23014335334300995,
      0.25054216384887695,
      0.40647321939468384,
      0.3972960114479065,
      0.37606263160705566,
      0.3637212812900543
    ],
    [
      0.5163613557815552,
      0.30885961651802063,
      0.3138970136642456,
      0.18109145760536194,
      0.18935546278953552,
      0.26224806904792786,
      0.18695470690727234,
      0.21093131601810455,
      0.30643007159233093,
      0.23014335334300995,
      1.0,
      0.300924688577652,
      0.20122772455215454,
      0.20971007645130157,
      0.17705138027668,
      0.22126489877700806
    ],
    [
      0.14278623461723328,
      0.22653047740459442,
      0.2820332944393158,
      0.09956099838018417,
      0.39452019333839417,
      0.27687692642211914,
      0.3845212161540985,
      0.4180598855018616,
      0.35254067182540894,
      0.25054216384887695,
      0.300924688577652,
      1.0000001192092896,
      0.3234754204750061,
      0.35141241550445557,
      0.31529921293258667,
      0.36638396978378296
    ],
    [
      0.2631012499332428,
      0.2339089959859848,
      0.30729690194129944,
      0.2854793071746826,
      0.21832214295864105,
      0.19747939705848694,
      0.30884382128715515,
      0.38802823424339294,
      0.3363862633705139,
      0.40647321939468384,
      0.20122772455215454,
      0.3234754204750061,
      0.9999998807907104,
      0.4741936922073364,
      0.4404979348182678,
      0.4849257171154022
    ],
    [
      0.22401703894138336,
      0.2655715346336365,
      0.3444734811782837,
      0.24850471317768097,
      0.29210183024406433,
      0.2933090031147003,
      0.31618842482566833,
      0.39225053787231445,
      0.2704688608646393,
      0.3972960114479065,
      0.20971007645130157,
      0.35141241550445557,
      0.4741936922073364,
      1.0,
      0.4131625294685364,
      0.45436081290245056
    ],
    [
      0.26494520902633667,
      0.24310703575611115,
      0.3424433767795563,
      0.2967916429042816,
      0.24558758735656738,
      0.2299044281244278,
      0.24411407113075256,
      0.28001633286476135,
      0.2862964868545532,
      0.37606263160705566,
      0.17705138027668,
      0.31529921293258667,
      0.4404979348182678,
      0.4131625294685364,
      1.0,
      0.41360190510749817
    ],
    [
      0.2447662502527237,
      0.30050191283226013,
      0.2734910547733307,
      0.23089513182640076,
      0.29571059346199036,
      0.25336575508117676,
      0.3681337833404541,
      0.3475813567638397,
      0.2667909562587738,
      0.3637212812900543,
      0.22126489877700806,
      0.36638396978378296,
      0.4849257171154022,
      0.45436081290245056,
      0.41360190510749817,
      1.0
    ]
  ]
}