{
  "game_number": 328,
  "words": [
    "BEARD",
    "HAT",
    "ROBE",
    "STAFF",
    "BRIDGE",
    "DECK",
    "HATCH",
    "KEEL",
    "CLEF",
    "SECTION",
    "SPAN",
    "SUITE",
    "LASER",
    "PLUCK",
    "THREAD",
    "WAX"
  ],
  "adjacency_matrix": [
    [
      1.0,
      0.47134363651275635,
      0.4636060893535614,
      0.1853790581226349,
      0.29809918999671936,
      0.2831023037433624,
      0.23935100436210632,
      0.32744264602661133,
      0.13344313204288483,
      0.24861864745616913,
      0.2850968539714813,
      0.26763486862182617,
      0.23335744440555573,
      0.2994937300682068,
      0.285274863243103,
      0.2907481789588928
    ],
    [
      0.47134363651275635,
      1.0,
      0.5920772552490234,
      0.2886730432510376,
      0.329028457403183,
      0.3227106034755707,
      0.33253204822540283,
      0.26583346724510193,
      0.2461411952972412,
      0.33145633339881897,
      0.2508470118045807,
      0.3211531639099121,
      0.26427435874938965,
      0.3634742498397827,
      0.4381199777126312,
      0.2734025716781616
    ],
    [
      0.4636060893535614,
      0.5920772552490234,
      1.0,
      0.2693324685096741,
      0.28264081478118896,
      0.31723204255104065,
      0.2906712293624878,
      0.236465185880661,
      0.21061748266220093,
      0.20985804498195648,
      0.2270863652229309,
      0.3924136459827423,
      0.2834080159664154,
      0.27203071117401123,
      0.3117164373397827,
      0.34805426001548767
    ],
    [
      0.1853790581226349,
      0.2886730432510376,
      0.2693324685096741,
      1.0,
      0.29883748292922974,
      0.3038584887981415,
      0.28217852115631104,
      0.18148724734783173,
      0.1084844321012497,
      0.30616533756256104,
      0.23960213363170624,
      0.39830759167671204,
      0.2954578101634979,
      0.24065424501895905,
      0.2456052452325821,
      0.11639196425676346
    ],
    [
      0.29809918999671936,
      0.329028457403183,
      0.28264081478118896,
      0.29883748292922974,
      1.0,
      0.5032383799552917,
      0.3879890739917755,
      0.3948705494403839,
      0.2415686547756195,
      0.46086814999580383,
      0.5614178776741028,
      0.3355855345726013,
      0.31481635570526123,
      0.19246096909046173,
      0.38501477241516113,
      0.20615464448928833
    ],
    [
      0.2831023037433624,
      0.3227106034755707,
      0.31723204255104065,
      0.3038584887981415,
      0.5032383799552917,
      1.0,
      0.3981249928474426,
      0.47841066122055054,
      0.14187343418598175,
      0.37634849548339844,
      0.3438754379749298,
      0.41336771845817566,
      0.3727881610393524,
      0.2390674352645874,
      0.36620140075683594,
      0.17887261509895325
    ],
    [
      0.23935100436210632,
      0.33253204822540283,
      0.2906712293624878,
      0.28217852115631104,
      0.3879890739917755,
      0.3981249928474426,
      1.0,
      0.39479702711105347,
      0.14167387783527374,
      0.3028121292591095,
      0.2973218560218811,
      0.33504387736320496,
      0.22441494464874268,
      0.32260408997535706,
      0.3460693359375,
      0.2635858356952667
    ],
    [
      0.32744264602661133,
      0.26583346724510193,
      0.236465185880661,
      0.18148724734783173,
      0.3948705494403839,
      0.47841066122055054,
      0.39479702711105347,
      1.0,
      0.23299765586853027,
      0.3233048915863037,
      0.3354261815547943,
      0.22672300040721893,
      0.26960489153862,
      0.30607539415359497,
      0.36516812443733215,
      0.25682029128074646
    ],
    [
      0.13344313204288483,
      0.2461411952972412,
      0.21061748266220093,
      0.1084844321012497,
      0.2415686547756195,
      0.14187343418598175,
      0.14167387783527374,
      0.23299765586853027,
      0.9999999403953552,
      0.22801156342029572,
      0.15464821457862854,
      0.24025894701480865,
      0.2614923119544983,
      0.1736818253993988,
      0.1650921106338501,
      0.22020520269870758
    ],
    [
      0.24861864745616913,
      0.33145633339881897,
      0.20985804498195648,
      0.30616533756256104,
      0.46086814999580383,
      0.37634849548339844,
      0.3028121292591095,
      0.3233048915863037,
      0.22801156342029572,
      0.9999999403953552,
      0.4036158323287964,
      0.41714879870414734,
      0.29498401284217834,
      0.12953521311283112,
      0.48768559098243713,
      0.16170385479927063
    ],
    [
      0.2850968539714813,
      0.2508470118045807,
      0.2270863652229309,
      0.23960213363170624,
      0.5614178776741028,
      0.3438754379749298,
      0.2973218560218811,
      0.3354261815547943,
      0.15464821457862854,
      0.4036158323287964,
      0.9999999403953552,
      0.3253554403781891,
      0.19901107251644135,
      0.2006291300058365,
      0.33838698267936707,
      0.11166251450777054
    ],
    [
      0.26763486862182617,
      0.3211531639099121,
      0.3924136459827423,
      0.39830759167671204,
      0.3355855345726013,
      0.41336771845817566,
      0.33504387736320496,
      0.22672300040721893,
      0.24025894701480865,
      0.41714879870414734,
      0.3253554403781891,
      1.0,
      0.3163422644138336,
      0.16155050694942474,
      0.3296678960323334,
      0.21743527054786682
    ],
    [
      0.23335744440555573,
      0.26427435874938965,
      0.2834080159664154,
      0.2954578101634979,
      0.31481635570526123,
      0.3727881610393524,
      0.22441494464874268,
      0.26960489153862,
      0.2614923119544983,
      0.29498401284217834,
      0.19901107251644135,
      0.3163422644138336,
      1.0000001192092896,
      0.1840912401676178,
      0.27232828736305237,
      0.3205544054508209
    ],
    [
      0.2994937300682068,
      0.3634742498397827,
      0.27203071117401123,
      0.24065424501895905,
      0.19246096909046173,
      0.2390674352645874,
      0.32260408997535706,
      0.30607539415359497,
      0.1736818253993988,
      0.12953521311283112,
      0.2006291300058365,
      0.16155050694942474,
      0.1840912401676178,
      1.0,
      0.25038424134254456,
      0.3230026364326477
    ],
    [
      0.285274863243103,
      0.4381199777126312,
      0.3117164373397827,
      0.2456052452325821,
      0.38501477241516113,
      0.36620140075683594,
      0.3460693359375,
      0.36516812443733215,
      0.1650921106338501,
      0.48768559098243713,
      0.33838698267936707,
      0.3296678960323334,
      0.27232828736305237,
      0.25038424134254456,
      1.0,
      0.2352476269006729
    ],
    [
      0.2907481789588928,
      0.2734025716781616,
      0.34805426001548767,
      0.11639196425676346,
      0.20615464448928833,
      0.17887261509895325,
      0.2635858356952667,
      0.25682029128074646,
      0.22020520269870758,
      0.16170385479927063,
      0.11166251450777054,
      0.21743527054786682,
      0.3205544054508209,
      0.3230026364326477,
      0.2352476269006729,
      1.0
    ]
  ]
}