{"game_number":269,"words":["FABRICATE","FAKE","FIX","FORGE","FIDDLESTICKS","FIE","FRICK","FUDGE","FARGO","FIREFLY","FLEABAG","FLIPPER","FASHION","FOOD","FORWARD","FRIENDS"],"adjacency_matrix":[[1.0,0.5171419382095337,0.41003653407096863,0.525034487247467,0.3308531939983368,0.25581830739974976,0.41330841183662415,0.4054016172885895,0.3725995123386383,0.24504688382148743,0.3156042993068695,0.18654221296310425,0.38798484206199646,0.2838421165943146,0.2676691710948944,0.25039371848106384],[0.5171419382095337,1.0,0.4167526364326477,0.4623567759990692,0.40776413679122925,0.28648993372917175,0.5033899545669556,0.4054844081401825,0.4897822141647339,0.36090123653411865,0.4130189120769501,0.3889548182487488,0.3733878433704376,0.389792799949646,0.30067208409309387,0.3514210879802704],[0.41003653407096863,0.4167526364326477,0.9999999403953552,0.4627903997898102,0.41367873549461365,0.3789328932762146,0.4418908357620239,0.44413232803344727,0.40460628271102905,0.3173849582672119,0.37446144223213196,0.4030578136444092,0.3885662257671356,0.32728341221809387,0.39988863468170166,0.2714352011680603],[0.525034487247467,0.4623567759990692,0.4627903997898102,1.0000001192092896,0.3374302089214325,0.28488636016845703,0.4104907214641571,0.3769755959510803,0.40385517477989197,0.28683051466941833,0.32983389496803284,0.23340192437171936,0.2971230447292328,0.2718064785003662,0.45785751938819885,0.35107043385505676],[0.3308531939983368,0.40776413679122925,0.41367873549461365,0.3374302089214325,0.9999999403953552,0.39272263646125793,0.5557016730308533,0.4712376892566681,0.41699281334877014,0.31232139468193054,0.3991178870201111,0.3606549799442291,0.3115555942058563,0.32039937376976013,0.2682219445705414,0.39864274859428406],[0.25581830739974976,0.28648993372917175,0.3789328932762146,0.28488636016845703,0.39272263646125793,1.0,0.4499102830886841,0.3196607530117035,0.4193062484264374,0.32315072417259216,0.3745960593223572,0.30359697341918945,0.29509401321411133,0.28638049960136414,0.289694607257843,0.25299856066703796],[0.41330841183662415,0.5033899545669556,0.4418908357620239,0.4104907214641571,0.5557016730308533,0.4499102830886841,1.0,0.4571610391139984,0.5734476447105408,0.4318524897098541,0.4389178156852722,0.4578217566013336,0.36308494210243225,0.37205591797828674,0.32490450143814087,0.37114256620407104],[0.4054016172885895,0.4054844081401825,0.44413232803344727,0.3769755959510803,0.4712376892566681,0.3196607530117035,0.4571610391139984,1.0000001192092896,0.3416326344013214,0.19334641098976135,0.3540027439594269,0.3009725511074066,0.30340108275413513,0.3077542185783386,0.23949110507965088,0.23150645196437836],[0.3725995123386383,0.4897822141647339,0.40460628271102905,0.40385517477989197,0.41699281334877014,0.4193062484264374,0.5734476447105408,0.3416326344013214,0.9999999403953552,0.3980715870857239,0.5257354378700256,0.3140009641647339,0.3579654097557068,0.4129454791545868,0.40914082527160645,0.35234469175338745],[0.24504688382148743,0.36090123653411865,0.3173849582672119,0.28683051466941833,0.31232139468193054,0.32315072417259216,0.4318524897098541,0.19334641098976135,0.3980715870857239,1.0,0.4514666199684143,0.34070253372192383,0.28551939129829407,0.36464133858680725,0.2385796308517456,0.29907774925231934],[0.3156042993068695,0.4130189120769501,0.37446144223213196,0.32983389496803284,0.3991178870201111,0.3745960593223572,0.4389178156852722,0.3540027439594269,0.5257354378700256,0.4514666199684143,1.0,0.3863919973373413,0.42547181248664856,0.46642249822616577,0.32030829787254333,0.34877291321754456],[0.18654221296310425,0.3889548182487488,0.4030578136444092,0.23340192437171936,0.3606549799442291,0.30359697341918945,0.4578217566013336,0.3009725511074066,0.3140009641647339,0.34070253372192383,0.3863919973373413,1.0,0.30065053701400757,0.2920134365558624,0.28987589478492737,0.23895280063152313],[0.38798484206199646,0.3733878433704376,0.3885662257671356,0.2971230447292328,0.3115555942058563,0.29509401321411133,0.36308494210243225,0.30340108275413513,0.3579654097557068,0.28551939129829407,0.42547181248664856,0.30065053701400757,0.9999999403953552,0.4290204644203186,0.4173593819141388,0.2907564043998718],[0.2838421165943146,0.389792799949646,0.32728341221809387,0.2718064785003662,0.32039937376976013,0.28638049960136414,0.37205591797828674,0.3077542185783386,0.4129454791545868,0.36464133858680725,0.46642249822616577,0.2920134365558624,0.4290204644203186,1.0,0.28004851937294006,0.336421936750412],[0.2676691710948944,0.30067208409309387,0.39988863468170166,0.45785751938819885,0.2682219445705414,0.289694607257843,0.32490450143814087,0.23949110507965088,0.40914082527160645,0.2385796308517456,0.32030829787254333,0.28987589478492737,0.4173593819141388,0.28004851937294006,0.9999999403953552,0.30330216884613037],[0.25039371848106384,0.3514210879802704,0.2714352011680603,0.35107043385505676,0.39864274859428406,0.25299856066703796,0.37114256620407104,0.23150645196437836,0.35234469175338745,0.29907774925231934,0.34877291321754456,0.23895280063152313,0.2907564043998718,0.336421936750412,0.30330216884613037,1.0]]}