{"game_number":27,"words":["CONDENSE","FREEZE","MELT","VAPORIZE","ALTERNATE","BACKUP","COVER","SUB","COPPER","HACK","SHRINK","SUIT","FANTASY","HERO","HONEY","SOMEDAY"],"adjacency_matrix":[[1.0,0.4140758216381073,0.483915239572525,0.5420609712600708,0.30046460032463074,0.25188499689102173,0.3681364059448242,0.2784719467163086,0.24017228186130524,0.32574671506881714,0.46230602264404297,0.3114634156227112,0.27839910984039307,0.2021259218454361,0.23347313702106476,0.31561338901519775],[0.4140758216381073,1.0,0.579608142375946,0.4987146854400635,0.35266542434692383,0.3423638939857483,0.4421731233596802,0.27787694334983826,0.23634278774261475,0.40809816122055054,0.48901596665382385,0.4173595607280731,0.2515455484390259,0.24071897566318512,0.28827425837516785,0.28513485193252563],[0.483915239572525,0.579608142375946,1.0,0.6518549919128418,0.24414171278476715,0.2347843497991562,0.3790203630924225,0.2802421450614929,0.43661853671073914,0.34247079491615295,0.5123257040977478,0.3210635781288147,0.25341132283210754,0.2710798382759094,0.36434778571128845,0.32020553946495056],[0.5420609712600708,0.4987146854400635,0.6518549919128418,1.0000001192092896,0.30231812596321106,0.27353671193122864,0.3760594129562378,0.2543405294418335,0.2712880074977875,0.3270770311355591,0.5079559087753296,0.29330331087112427,0.28126153349876404,0.2576194405555725,0.33335110545158386,0.38566532731056213],[0.30046460032463074,0.35266542434692383,0.24414171278476715,0.30231812596321106,1.0,0.49396392703056335,0.5294888019561768,0.36608561873435974,0.3215656578540802,0.3149314522743225,0.3438841700553894,0.39964064955711365,0.4536592662334442,0.3812244236469269,0.3163808286190033,0.31143060326576233],[0.25188499689102173,0.3423638939857483,0.2347843497991562,0.27353671193122864,0.49396392703056335,1.0,0.390201210975647,0.324846088886261,0.28635939955711365,0.33306071162223816,0.28543025255203247,0.31200212240219116,0.3118029534816742,0.3649836480617523,0.24654337763786316,0.2781723439693451],[0.3681364059448242,0.4421731233596802,0.3790203630924225,0.3760594129562378,0.5294888019561768,0.390201210975647,1.0,0.3891145884990692,0.2637891471385956,0.34883880615234375,0.4122917354106903,0.45415401458740234,0.32494184374809265,0.22929693758487701,0.30226874351501465,0.329792320728302],[0.2784719467163086,0.27787694334983826,0.2802421450614929,0.2543405294418335,0.36608561873435974,0.324846088886261,0.3891145884990692,0.9999999403953552,0.2962508201599121,0.3185362219810486,0.30192071199417114,0.314842164516449,0.29114025831222534,0.3746482729911804,0.11096328496932983,0.1812649369239807],[0.24017228186130524,0.23634278774261475,0.43661853671073914,0.2712880074977875,0.3215656578540802,0.28635939955711365,0.2637891471385956,0.2962508201599121,1.0,0.32050788402557373,0.28746896982192993,0.2539156973361969,0.25611943006515503,0.30301767587661743,0.35832634568214417,0.20749041438102722],[0.32574671506881714,0.40809816122055054,0.34247079491615295,0.3270770311355591,0.3149314522743225,0.33306071162223816,0.34883880615234375,0.3185362219810486,0.32050788402557373,0.9999999403953552,0.34158506989479065,0.4011774957180023,0.4029080867767334,0.4365074038505554,0.1916782259941101,0.29038140177726746],[0.46230602264404297,0.48901596665382385,0.5123257040977478,0.5079559087753296,0.3438841700553894,0.28543025255203247,0.4122917354106903,0.30192071199417114,0.28746896982192993,0.34158506989479065,1.0,0.3646469712257385,0.2866727411746979,0.2844167649745941,0.25440463423728943,0.40929630398750305],[0.3114634156227112,0.4173595607280731,0.3210635781288147,0.29330331087112427,0.39964064955711365,0.31200212240219116,0.45415401458740234,0.314842164516449,0.2539156973361969,0.4011774957180023,0.3646469712257385,1.0000001192092896,0.3305244445800781,0.37524309754371643,0.22439444065093994,0.3035927414894104],[0.27839910984039307,0.2515455484390259,0.25341132283210754,0.28126153349876404,0.4536592662334442,0.3118029534816742,0.32494184374809265,0.29114025831222534,0.25611943006515503,0.4029080867767334,0.2866727411746979,0.3305244445800781,1.0,0.5006158947944641,0.26315364241600037,0.36396756768226624],[0.2021259218454361,0.24071897566318512,0.2710798382759094,0.2576194405555725,0.3812244236469269,0.3649836480617523,0.22929693758487701,0.3746482729911804,0.30301767587661743,0.4365074038505554,0.2844167649745941,0.37524309754371643,0.5006158947944641,0.9999999403953552,0.23800550401210785,0.3617510497570038],[0.23347313702106476,0.28827425837516785,0.36434778571128845,0.33335110545158386,0.3163808286190033,0.24654337763786316,0.30226874351501465,0.11096328496932983,0.35832634568214417,0.1916782259941101,0.25440463423728943,0.22439444065093994,0.26315364241600037,0.23800550401210785,1.0,0.2583080530166626],[0.31561338901519775,0.28513485193252563,0.32020553946495056,0.38566532731056213,0.31143060326576233,0.2781723439693451,0.329792320728302,0.1812649369239807,0.20749041438102722,0.29038140177726746,0.40929630398750305,0.3035927414894104,0.36396756768226624,0.3617510497570038,0.2583080530166626,1.0]]}