{
  "game_number": 454,
  "words": [
    "BASE",
    "BOND",
    "ELEMENT",
    "SOLUTION",
    "AWFUL",
    "PRETTY",
    "RATHER",
    "REAL",
    "GLASS",
    "GROSS",
    "KING",
    "STERN",
    "CON",
    "DUPE",
    "FOOL",
    "TRICK"
  ],
  "adjacency_matrix": [
    [
      1.0,
      0.43464410305023193,
      0.5087794661521912,
      0.4217063784599304,
      0.2660563886165619,
      0.30331453680992126,
      0.43558770418167114,
      0.48017919063568115,
      0.31749168038368225,
      0.3965001106262207,
      0.3133801221847534,
      0.3713858723640442,
      0.299302339553833,
      0.24901536107063293,
      0.32398656010627747,
      0.3404124081134796
    ],
    [
      0.43464410305023193,
      1.0,
      0.44781413674354553,
      0.3684483468532562,
      0.2443104237318039,
      0.23414407670497894,
      0.3030703365802765,
      0.4092285633087158,
      0.3494071066379547,
      0.3282998502254486,
      0.2953028082847595,
      0.3265335261821747,
      0.3157011568546295,
      0.25828009843826294,
      0.24528053402900696,
      0.32837343215942383
    ],
    [
      0.5087794661521912,
      0.44781413674354553,
      1.0,
      0.4736156463623047,
      0.37536656856536865,
      0.2808031141757965,
      0.4047243893146515,
      0.4732785224914551,
      0.3583695590496063,
      0.32668405771255493,
      0.3539588451385498,
      0.36502623558044434,
      0.3248331844806671,
      0.24170488119125366,
      0.2977791130542755,
      0.4465430676937103
    ],
    [
      0.4217063784599304,
      0.3684483468532562,
      0.4736156463623047,
      1.0,
      0.3274959325790405,
      0.2877112030982971,
      0.3842458128929138,
      0.4832592308521271,
      0.35544848442077637,
      0.2440997213125229,
      0.3052060604095459,
      0.316034197807312,
      0.2744999825954437,
      0.24589526653289795,
      0.282968670129776,
      0.4605056643486023
    ],
    [
      0.2660563886165619,
      0.2443104237318039,
      0.37536656856536865,
      0.3274959325790405,
      1.0,
      0.6571030616760254,
      0.5193991661071777,
      0.5838879346847534,
      0.28606030344963074,
      0.5135367512702942,
      0.28873690962791443,
      0.47066378593444824,
      0.2481728047132492,
      0.2896590232849121,
      0.4148581326007843,
      0.3679555654525757
    ],
    [
      0.30331453680992126,
      0.23414407670497894,
      0.2808031141757965,
      0.2877112030982971,
      0.6571030616760254,
      1.0,
      0.6249386668205261,
      0.5247491598129272,
      0.2586553990840912,
      0.3769420087337494,
      0.2737165093421936,
      0.3901360332965851,
      0.2799322009086609,
      0.29055076837539673,
      0.4030359089374542,
      0.35957738757133484
    ],
    [
      0.43558770418167114,
      0.3030703365802765,
      0.4047243893146515,
      0.3842458128929138,
      0.5193991661071777,
      0.6249386668205261,
      1.0,
      0.5096932649612427,
      0.31400471925735474,
      0.3922278583049774,
      0.3308545649051666,
      0.40887320041656494,
      0.2740071713924408,
      0.26145321130752563,
      0.4104553163051605,
      0.40251249074935913
    ],
    [
      0.48017919063568115,
      0.4092285633087158,
      0.4732785224914551,
      0.4832592308521271,
      0.5838879346847534,
      0.5247491598129272,
      0.5096932649612427,
      0.9999998807907104,
      0.358009934425354,
      0.49898070096969604,
      0.3985191881656647,
      0.4159095287322998,
      0.38282570242881775,
      0.37452128529548645,
      0.4802606403827667,
      0.45315444469451904
    ],
    [
      0.31749168038368225,
      0.3494071066379547,
      0.3583695590496063,
      0.35544848442077637,
      0.28606030344963074,
      0.2586553990840912,
      0.31400471925735474,
      0.358009934425354,
      1.0,
      0.2842732071876526,
      0.2604385018348694,
      0.3395066261291504,
      0.28435462713241577,
      0.21934874355793,
      0.2888593077659607,
      0.3023693561553955
    ],
    [
      0.3965001106262207,
      0.3282998502254486,
      0.32668405771255493,
      0.2440997213125229,
      0.5135367512702942,
      0.3769420087337494,
      0.3922278583049774,
      0.49898070096969604,
      0.2842732071876526,
      0.9999999403953552,
      0.23300868272781372,
      0.39034318923950195,
      0.26369407773017883,
      0.2657371461391449,
      0.3159315586090088,
      0.2745535969734192
    ],
    [
      0.3133801221847534,
      0.2953028082847595,
      0.3539588451385498,
      0.3052060604095459,
      0.28873690962791443,
      0.2737165093421936,
      0.3308545649051666,
      0.3985191881656647,
      0.2604385018348694,
      0.23300868272781372,
      1.0,
      0.3251175582408905,
      0.2849331200122833,
      0.2774306535720825,
      0.4274415075778961,
      0.36852553486824036
    ],
    [
      0.3713858723640442,
      0.3265335261821747,
      0.36502623558044434,
      0.316034197807312,
      0.47066378593444824,
      0.3901360332965851,
      0.40887320041656494,
      0.4159095287322998,
      0.3395066261291504,
      0.39034318923950195,
      0.3251175582408905,
      0.9999999403953552,
      0.20366352796554565,
      0.18634536862373352,
      0.3306644856929779,
      0.2838418185710907
    ],
    [
      0.299302339553833,
      0.3157011568546295,
      0.3248331844806671,
      0.2744999825954437,
      0.2481728047132492,
      0.2799322009086609,
      0.2740071713924408,
      0.38282570242881775,
      0.28435462713241577,
      0.26369407773017883,
      0.2849331200122833,
      0.20366352796554565,
      1.0,
      0.5320435762405396,
      0.4795018136501312,
      0.4996984004974365
    ],
    [
      0.24901536107063293,
      0.25828009843826294,
      0.24170488119125366,
      0.24589526653289795,
      0.2896590232849121,
      0.29055076837539673,
      0.26145321130752563,
      0.37452128529548645,
      0.21934874355793,
      0.2657371461391449,
      0.2774306535720825,
      0.18634536862373352,
      0.5320435762405396,
      1.0,
      0.6743854880332947,
      0.5565409660339355
    ],
    [
      0.32398656010627747,
      0.24528053402900696,
      0.2977791130542755,
      0.282968670129776,
      0.4148581326007843,
      0.4030359089374542,
      0.4104553163051605,
      0.4802606403827667,
      0.2888593077659607,
      0.3159315586090088,
      0.4274415075778961,
      0.3306644856929779,
      0.4795018136501312,
      0.6743854880332947,
      0.9999999403953552,
      0.6406808495521545
    ],
    [
      0.3404124081134796,
      0.32837343215942383,
      0.4465430676937103,
      0.4605056643486023,
      0.3679555654525757,
      0.35957738757133484,
      0.40251249074935913,
      0.45315444469451904,
      0.3023693561553955,
      0.2745535969734192,
      0.36852553486824036,
      0.2838418185710907,
      0.4996984004974365,
      0.5565409660339355,
      0.6406808495521545,
      1.0
    ]
  ]
}