{"game_number":309,"words":["BRUSH","CANVAS","EASEL","PALETTE","DRIVE","NEUTRAL","PARK","REVERSE","COMB","GEAR","SAW","ZIPPER","FIRST","FOLDING","HIGH","LAWN"],"adjacency_matrix":[[0.9999999403953552,0.5467527508735657,0.4545200765132904,0.4879372715950012,0.39495235681533813,0.2903967797756195,0.345718115568161,0.39244401454925537,0.5493144392967224,0.3795197308063507,0.273701936006546,0.3455688953399658,0.2709001302719116,0.3471319377422333,0.36747997999191284,0.42521992325782776],[0.5467527508735657,1.0,0.5871086120605469,0.5725538730621338,0.2665173411369324,0.263224333524704,0.30105704069137573,0.261703222990036,0.3302006721496582,0.33983105421066284,0.2518300414085388,0.31356316804885864,0.280495285987854,0.3693156838417053,0.28141120076179504,0.307329386472702],[0.4545200765132904,0.5871086120605469,1.0,0.45215705037117004,0.2967299222946167,0.30019888281822205,0.3660726547241211,0.33475247025489807,0.28968489170074463,0.30422696471214294,0.25033125281333923,0.27899545431137085,0.3567473292350769,0.3726346790790558,0.3658476173877716,0.3980366587638855],[0.4879372715950012,0.5725538730621338,0.45215705037117004,1.0,0.2664879858493805,0.34097862243652344,0.2838570177555084,0.2595740854740143,0.2770397663116455,0.3162692189216614,0.18809162080287933,0.3036724328994751,0.2604900598526001,0.30693745613098145,0.2768436074256897,0.2849612236022949],[0.39495235681533813,0.2665173411369324,0.2967299222946167,0.2664879858493805,1.0,0.3420379161834717,0.5031958222389221,0.5053665041923523,0.3753948509693146,0.5103463530540466,0.45042741298675537,0.2936042249202728,0.421003133058548,0.3072173297405243,0.43367311358451843,0.3694553077220917],[0.2903967797756195,0.263224333524704,0.30019888281822205,0.34097862243652344,0.3420379161834717,0.9999999403953552,0.29540178179740906,0.38548246026039124,0.2486795336008072,0.3571392893791199,0.2748349905014038,0.22383201122283936,0.4209161102771759,0.23535051941871643,0.46946918964385986,0.26703277230262756],[0.345718115568161,0.30105704069137573,0.3660726547241211,0.2838570177555084,0.5031958222389221,0.29540178179740906,1.0,0.2786687910556793,0.2766629457473755,0.372369647026062,0.3130466938018799,0.32076573371887207,0.3554014265537262,0.2587365210056305,0.3269825279712677,0.5176481604576111],[0.39244401454925537,0.261703222990036,0.33475247025489807,0.2595740854740143,0.5053665041923523,0.38548246026039124,0.2786687910556793,1.0,0.3723446726799011,0.4525134861469269,0.4074554443359375,0.33276209235191345,0.447101891040802,0.3852342367172241,0.3621138334274292,0.27001887559890747],[0.5493144392967224,0.3302006721496582,0.28968489170074463,0.2770397663116455,0.3753948509693146,0.2486795336008072,0.2766629457473755,0.3723446726799011,1.0,0.38998955488204956,0.3207703232765198,0.3805728554725647,0.28385719656944275,0.3035248816013336,0.3022296726703644,0.3566629886627197],[0.3795197308063507,0.33983105421066284,0.30422696471214294,0.3162692189216614,0.5103463530540466,0.3571392893791199,0.372369647026062,0.4525134861469269,0.38998955488204956,1.0,0.3134888708591461,0.44771963357925415,0.3638695776462555,0.3416357934474945,0.3872949182987213,0.3350391089916229],[0.273701936006546,0.2518300414085388,0.25033125281333923,0.18809162080287933,0.45042741298675537,0.2748349905014038,0.3130466938018799,0.4074554443359375,0.3207703232765198,0.3134888708591461,1.0,0.20027586817741394,0.4824317991733551,0.2716982066631317,0.3195377588272095,0.25835704803466797],[0.3455688953399658,0.31356316804885864,0.27899545431137085,0.3036724328994751,0.2936042249202728,0.22383201122283936,0.32076573371887207,0.33276209235191345,0.3805728554725647,0.44771963357925415,0.20027586817741394,1.0,0.27932310104370117,0.47073033452033997,0.2639103829860687,0.25375014543533325],[0.2709001302719116,0.280495285987854,0.3567473292350769,0.2604900598526001,0.421003133058548,0.4209161102771759,0.3554014265537262,0.447101891040802,0.28385719656944275,0.3638695776462555,0.4824317991733551,0.27932310104370117,1.0,0.29104554653167725,0.45103803277015686,0.2938545048236847],[0.3471319377422333,0.3693156838417053,0.3726346790790558,0.30693745613098145,0.3072173297405243,0.23535051941871643,0.2587365210056305,0.3852342367172241,0.3035248816013336,0.3416357934474945,0.2716982066631317,0.47073033452033997,0.29104554653167725,1.0,0.31426581740379333,0.295579731464386],[0.36747997999191284,0.28141120076179504,0.3658476173877716,0.2768436074256897,0.43367311358451843,0.46946918964385986,0.3269825279712677,0.3621138334274292,0.3022296726703644,0.3872949182987213,0.3195377588272095,0.2639103829860687,0.45103803277015686,0.31426581740379333,1.0,0.2987695336341858],[0.42521992325782776,0.307329386472702,0.3980366587638855,0.2849612236022949,0.3694553077220917,0.26703277230262756,0.5176481604576111,0.27001887559890747,0.3566629886627197,0.3350391089916229,0.25835704803466797,0.25375014543533325,0.2938545048236847,0.295579731464386,0.2987695336341858,1.0]]}