{
  "game_number": 174,
  "words": [
    "BEANS",
    "FILTER",
    "GRINDER",
    "WATER",
    "ANTE",
    "COUGH",
    "PONY",
    "SETTLE",
    "AIRPLANE",
    "JEOPARDY",
    "PINK",
    "YAHOO",
    "BRICK",
    "CHERRY",
    "MAROON",
    "RUBY"
  ],
  "adjacency_matrix": [
    [
      0.9999999403953552,
      0.28704607486724854,
      0.3609580993652344,
      0.3666995167732239,
      0.1773136556148529,
      0.28401702642440796,
      0.3292505145072937,
      0.3144857883453369,
      0.2298119217157364,
      0.14079271256923676,
      0.3363991677761078,
      0.24547618627548218,
      0.3500160276889801,
      0.3360379934310913,
      0.3740118443965912,
      0.35368144512176514
    ],
    [
      0.28704607486724854,
      0.9999999403953552,
      0.4270452857017517,
      0.4432644248008728,
      0.10454510897397995,
      0.30566784739494324,
      0.20214155316352844,
      0.32611626386642456,
      0.26990973949432373,
      0.17164205014705658,
      0.32066765427589417,
      0.26526111364364624,
      0.32134735584259033,
      0.2977698743343353,
      0.2639217972755432,
      0.25775691866874695
    ],
    [
      0.3609580993652344,
      0.4270452857017517,
      1.0,
      0.3621732294559479,
      0.23234663903713226,
      0.2697848975658417,
      0.23673291504383087,
      0.28631526231765747,
      0.30327242612838745,
      0.21855369210243225,
      0.23646894097328186,
      0.22705553472042084,
      0.4128660559654236,
      0.3635531961917877,
      0.22181464731693268,
      0.23591437935829163
    ],
    [
      0.3666995167732239,
      0.4432644248008728,
      0.3621732294559479,
      0.9999999403953552,
      0.1367308646440506,
      0.32577595114707947,
      0.381075382232666,
      0.41159817576408386,
      0.431564599275589,
      0.2560119032859802,
      0.3853280246257782,
      0.20207896828651428,
      0.37388095259666443,
      0.29358503222465515,
      0.3084869682788849,
      0.26313427090644836
    ],
    [
      0.1773136556148529,
      0.10454510897397995,
      0.23234663903713226,
      0.1367308646440506,
      0.9999999403953552,
      0.15026827156543732,
      0.1850585788488388,
      0.3013804256916046,
      0.13814637064933777,
      0.29830941557884216,
      0.23726041615009308,
      0.1901819407939911,
      0.23052754998207092,
      0.2164764702320099,
      0.16605480015277863,
      0.12380404025316238
    ],
    [
      0.28401702642440796,
      0.30566784739494324,
      0.2697848975658417,
      0.32577595114707947,
      0.15026827156543732,
      1.0,
      0.3291953504085541,
      0.33892369270324707,
      0.2788337469100952,
      0.09370110929012299,
      0.2908594310283661,
      0.2747962772846222,
      0.24427028000354767,
      0.2770400047302246,
      0.23812280595302582,
      0.24369391798973083
    ],
    [
      0.3292505145072937,
      0.20214155316352844,
      0.23673291504383087,
      0.381075382232666,
      0.1850585788488388,
      0.3291953504085541,
      1.0,
      0.290657103061676,
      0.32945820689201355,
      0.20848312973976135,
      0.4297754466533661,
      0.3621441423892975,
      0.331496924161911,
      0.3131793141365051,
      0.3737686574459076,
      0.3714425563812256
    ],
    [
      0.3144857883453369,
      0.32611626386642456,
      0.28631526231765747,
      0.41159817576408386,
      0.3013804256916046,
      0.33892369270324707,
      0.290657103061676,
      1.0,
      0.2784048914909363,
      0.19372636079788208,
      0.23499614000320435,
      0.18986551463603973,
      0.29013508558273315,
      0.21302255988121033,
      0.3434644937515259,
      0.1407100111246109
    ],
    [
      0.2298119217157364,
      0.26990973949432373,
      0.30327242612838745,
      0.431564599275589,
      0.13814637064933777,
      0.2788337469100952,
      0.32945820689201355,
      0.2784048914909363,
      1.0,
      0.1697094738483429,
      0.2767171561717987,
      0.26381513476371765,
      0.27842867374420166,
      0.27635830640792847,
      0.27572306990623474,
      0.21102121472358704
    ],
    [
      0.14079271256923676,
      0.17164205014705658,
      0.21855369210243225,
      0.2560119032859802,
      0.29830941557884216,
      0.09370110929012299,
      0.20848312973976135,
      0.19372636079788208,
      0.1697094738483429,
      1.0,
      0.2389698028564453,
      0.07963476330041885,
      0.2319745272397995,
      0.177216574549675,
      0.167616069316864,
      0.18630927801132202
    ],
    [
      0.3363991677761078,
      0.32066765427589417,
      0.23646894097328186,
      0.3853280246257782,
      0.23726041615009308,
      0.2908594310283661,
      0.4297754466533661,
      0.23499614000320435,
      0.2767171561717987,
      0.2389698028564453,
      1.0000001192092896,
      0.2561987340450287,
      0.5187568664550781,
      0.49198153614997864,
      0.6475268006324768,
      0.5248544812202454
    ],
    [
      0.24547618627548218,
      0.26526111364364624,
      0.22705553472042084,
      0.20207896828651428,
      0.1901819407939911,
      0.2747962772846222,
      0.3621441423892975,
      0.18986551463603973,
      0.26381513476371765,
      0.07963476330041885,
      0.2561987340450287,
      1.0,
      0.2617810070514679,
      0.24213655292987823,
      0.23565956950187683,
      0.21842347085475922
    ],
    [
      0.3500160276889801,
      0.32134735584259033,
      0.4128660559654236,
      0.37388095259666443,
      0.23052754998207092,
      0.24427028000354767,
      0.331496924161911,
      0.29013508558273315,
      0.27842867374420166,
      0.2319745272397995,
      0.5187568664550781,
      0.2617810070514679,
      1.0000001192092896,
      0.3847523629665375,
      0.47055545449256897,
      0.4005740284919739
    ],
    [
      0.3360379934310913,
      0.2977698743343353,
      0.3635531961917877,
      0.29358503222465515,
      0.2164764702320099,
      0.2770400047302246,
      0.3131793141365051,
      0.21302255988121033,
      0.27635830640792847,
      0.177216574549675,
      0.49198153614997864,
      0.24213655292987823,
      0.3847523629665375,
      1.0,
      0.3675767183303833,
      0.3635435402393341
    ],
    [
      0.3740118443965912,
      0.2639217972755432,
      0.22181464731693268,
      0.3084869682788849,
      0.16605480015277863,
      0.23812280595302582,
      0.3737686574459076,
      0.3434644937515259,
      0.27572306990623474,
      0.167616069316864,
      0.6475268006324768,
      0.23565956950187683,
      0.47055545449256897,
      0.3675767183303833,
      0.9999999403953552,
      0.46806809306144714
    ],
    [
      0.35368144512176514,
      0.25775691866874695,
      0.23591437935829163,
      0.26313427090644836,
      0.12380404025316238,
      0.24369391798973083,
      0.3714425563812256,
      0.1407100111246109,
      0.21102121472358704,
      0.18630927801132202,
      0.5248544812202454,
      0.21842347085475922,
      0.4005740284919739,
      0.3635435402393341,
      0.46806809306144714,
      1.0
    ]
  ]
}