{"game_number":259,"words":["HASH","JUMBLE","MEDLEY","STEW","CHALLENGE","CONFRONT","FACE","OPPOSE","BROOD","CLUTCH","HATCH","LITTER","BODY","BRIDGE","FRET","NECK"],"adjacency_matrix":[[1.0,0.3835015296936035,0.27901774644851685,0.4175492525100708,0.3274316191673279,0.27914634346961975,0.32374271750450134,0.18581408262252808,0.3150841295719147,0.31870824098587036,0.3166254758834839,0.314824640750885,0.3089579939842224,0.30539801716804504,0.27095404267311096,0.25747594237327576],[0.3835015296936035,0.9999999403953552,0.3851396441459656,0.41658833622932434,0.3736295700073242,0.325562447309494,0.348915159702301,0.3220946490764618,0.3112918734550476,0.32901960611343384,0.22045394778251648,0.3689701557159424,0.3202582001686096,0.3260437548160553,0.31410032510757446,0.2651711404323578],[0.27901774644851685,0.3851396441459656,1.0,0.3613651692867279,0.24316084384918213,0.17075121402740479,0.19775919616222382,0.1805710345506668,0.2613333761692047,0.250214159488678,0.21803174912929535,0.1343127340078354,0.2954239249229431,0.3113127052783966,0.12348359823226929,0.19055968523025513],[0.4175492525100708,0.41658833622932434,0.3613651692867279,1.0,0.26781976222991943,0.2735394835472107,0.2783777117729187,0.12994904816150665,0.32914838194847107,0.21112465858459473,0.27513939142227173,0.2718715965747833,0.28289058804512024,0.2913186848163605,0.2318943291902542,0.21652446687221527],[0.3274316191673279,0.3736295700073242,0.24316084384918213,0.26781976222991943,1.0,0.6575978994369507,0.6726926565170288,0.5035878419876099,0.3151831030845642,0.3678935468196869,0.36964377760887146,0.30290132761001587,0.3476516306400299,0.38654690980911255,0.36213791370391846,0.30987125635147095],[0.27914634346961975,0.325562447309494,0.17075121402740479,0.2735394835472107,0.6575978994369507,1.0,0.6687830686569214,0.45894116163253784,0.3212479054927826,0.3361697196960449,0.3696258068084717,0.24868012964725494,0.31369251012802124,0.3332683742046356,0.350876122713089,0.30950671434402466],[0.32374271750450134,0.348915159702301,0.19775919616222382,0.2783777117729187,0.6726926565170288,0.6687830686569214,1.0,0.41880786418914795,0.36613917350769043,0.3935147225856781,0.35715505480766296,0.35588714480400085,0.47070685029029846,0.3932346999645233,0.3866363763809204,0.5325716733932495],[0.18581408262252808,0.3220946490764618,0.1805710345506668,0.12994904816150665,0.5035878419876099,0.45894116163253784,0.41880786418914795,0.9999999403953552,0.27109378576278687,0.2927412986755371,0.28203925490379333,0.25428199768066406,0.27012696862220764,0.2684266269207001,0.34365859627723694,0.24389515817165375],[0.3150841295719147,0.3112918734550476,0.2613333761692047,0.32914838194847107,0.3151831030845642,0.3212479054927826,0.36613917350769043,0.27109378576278687,1.0,0.5305555462837219,0.5212689638137817,0.4725897014141083,0.3564181923866272,0.2558751106262207,0.36376306414604187,0.2933788597583771],[0.31870824098587036,0.32901960611343384,0.250214159488678,0.21112465858459473,0.3678935468196869,0.3361697196960449,0.3935147225856781,0.2927412986755371,0.5305555462837219,1.0,0.5185767412185669,0.3931563198566437,0.37156355381011963,0.26955708861351013,0.3302837312221527,0.3800205588340759],[0.3166254758834839,0.22045394778251648,0.21803174912929535,0.27513939142227173,0.36964377760887146,0.3696258068084717,0.35715505480766296,0.28203925490379333,0.5212689638137817,0.5185767412185669,1.0,0.31426915526390076,0.31241360306739807,0.3879890739917755,0.2552627623081207,0.26773104071617126],[0.314824640750885,0.3689701557159424,0.1343127340078354,0.2718715965747833,0.30290132761001587,0.24868012964725494,0.35588714480400085,0.25428199768066406,0.4725897014141083,0.3931563198566437,0.31426915526390076,1.0,0.38554447889328003,0.2690047323703766,0.19489753246307373,0.2911275625228882],[0.3089579939842224,0.3202582001686096,0.2954239249229431,0.28289058804512024,0.3476516306400299,0.31369251012802124,0.47070685029029846,0.27012696862220764,0.3564181923866272,0.37156355381011963,0.31241360306739807,0.38554447889328003,1.0,0.3961571753025055,0.23103570938110352,0.5114688873291016],[0.30539801716804504,0.3260437548160553,0.3113127052783966,0.2913186848163605,0.38654690980911255,0.3332683742046356,0.3932346999645233,0.2684266269207001,0.2558751106262207,0.26955708861351013,0.3879890739917755,0.2690047323703766,0.3961571753025055,1.0,0.2810244560241699,0.371848464012146],[0.27095404267311096,0.31410032510757446,0.12348359823226929,0.2318943291902542,0.36213791370391846,0.350876122713089,0.3866363763809204,0.34365859627723694,0.36376306414604187,0.3302837312221527,0.2552627623081207,0.19489753246307373,0.23103570938110352,0.2810244560241699,1.0,0.4148457646369934],[0.25747594237327576,0.2651711404323578,0.19055968523025513,0.21652446687221527,0.30987125635147095,0.30950671434402466,0.5325716733932495,0.24389515817165375,0.2933788597583771,0.3800205588340759,0.26773104071617126,0.2911275625228882,0.5114688873291016,0.371848464012146,0.4148457646369934,1.0]]}