{"game_number":292,"words":["GRATER","LADLE","PEELER","WHISK","BIRD","FISH","MAMMAL","REPTILE","DINOSAUR","MUSHROOM","PLUMBER","PRINCESS","BUNKER","CLEAVER","PARTRIDGE","TANNER"],"adjacency_matrix":[[1.0,0.4399796724319458,0.5031237602233887,0.36151930689811707,0.3044106364250183,0.3908277451992035,0.22609718143939972,0.24932588636875153,0.20416085422039032,0.3595997989177704,0.23676234483718872,0.27708327770233154,0.22967642545700073,0.48290449380874634,0.36696651577949524,0.3629603385925293],[0.4399796724319458,1.0,0.45142319798469543,0.45589134097099304,0.31886181235313416,0.370956689119339,0.18275108933448792,0.23039306700229645,0.2637334167957306,0.34701263904571533,0.32455524802207947,0.3238050639629364,0.28333374857902527,0.4605748653411865,0.4183688163757324,0.3217148184776306],[0.5031237602233887,0.45142319798469543,1.0,0.33205920457839966,0.3497217297554016,0.46426922082901,0.27055495977401733,0.3227834701538086,0.2673671245574951,0.4449992775917053,0.381134569644928,0.28035449981689453,0.3021423816680908,0.4658939242362976,0.393306165933609,0.47280412912368774],[0.36151930689811707,0.45589134097099304,0.33205920457839966,1.0,0.31071826815605164,0.29056715965270996,0.24013842642307281,0.269246906042099,0.2738569676876068,0.3401423394680023,0.23631714284420013,0.3069131076335907,0.25100743770599365,0.2431257963180542,0.26423418521881104,0.2712004780769348],[0.3044106364250183,0.31886181235313416,0.3497217297554016,0.31071826815605164,1.0,0.5910657048225403,0.6304977536201477,0.5799385905265808,0.5491862893104553,0.43860897421836853,0.35440245270729065,0.389850378036499,0.21023337543010712,0.2645363509654999,0.6053902506828308,0.3299693763256073],[0.3908277451992035,0.370956689119339,0.46426922082901,0.29056715965270996,0.5910657048225403,1.0,0.5430946946144104,0.5300627946853638,0.4647752344608307,0.4323817789554596,0.35449928045272827,0.31381720304489136,0.2733217179775238,0.3894968628883362,0.3985247015953064,0.3975107669830322],[0.22609718143939972,0.18275108933448792,0.27055495977401733,0.24013842642307281,0.6304977536201477,0.5430946946144104,1.0,0.6731957197189331,0.6237308979034424,0.37761467695236206,0.29475483298301697,0.35555973649024963,0.23047317564487457,0.20525982975959778,0.35117435455322266,0.29439353942871094],[0.24932588636875153,0.23039306700229645,0.3227834701538086,0.269246906042099,0.5799385905265808,0.5300627946853638,0.6731957197189331,1.0,0.6493401527404785,0.362922340631485,0.3562229573726654,0.3929573595523834,0.3154737651348114,0.2822323441505432,0.2833467423915863,0.3719758987426758],[0.20416085422039032,0.2637334167957306,0.2673671245574951,0.2738569676876068,0.5491862893104553,0.4647752344608307,0.6237308979034424,0.6493401527404785,1.0,0.4590969979763031,0.30202925205230713,0.39043760299682617,0.29790613055229187,0.295665442943573,0.3186255395412445,0.31087037920951843],[0.3595997989177704,0.34701263904571533,0.4449992775917053,0.3401423394680023,0.43860897421836853,0.4323817789554596,0.37761467695236206,0.362922340631485,0.4590969979763031,1.0,0.3275509774684906,0.2912593185901642,0.3526065945625305,0.32964828610420227,0.4293946623802185,0.37019962072372437],[0.23676234483718872,0.32455524802207947,0.381134569644928,0.23631714284420013,0.35440245270729065,0.35449928045272827,0.29475483298301697,0.3562229573726654,0.30202925205230713,0.3275509774684906,1.0,0.35194385051727295,0.2664434611797333,0.2730695903301239,0.3239603340625763,0.4631245732307434],[0.27708327770233154,0.3238050639629364,0.28035449981689453,0.3069131076335907,0.389850378036499,0.31381720304489136,0.35555973649024963,0.3929573595523834,0.39043760299682617,0.2912593185901642,0.35194385051727295,0.9999999403953552,0.31924954056739807,0.20717325806617737,0.3871358633041382,0.39434564113616943],[0.22967642545700073,0.28333374857902527,0.3021423816680908,0.25100743770599365,0.21023337543010712,0.2733217179775238,0.23047317564487457,0.3154737651348114,0.29790613055229187,0.3526065945625305,0.2664434611797333,0.31924954056739807,1.0,0.2445770651102066,0.254037469625473,0.2729659676551819],[0.48290449380874634,0.4605748653411865,0.4658939242362976,0.2431257963180542,0.2645363509654999,0.3894968628883362,0.20525982975959778,0.2822323441505432,0.295665442943573,0.32964828610420227,0.2730695903301239,0.20717325806617737,0.2445770651102066,1.0,0.32973843812942505,0.28841131925582886],[0.36696651577949524,0.4183688163757324,0.393306165933609,0.26423418521881104,0.6053902506828308,0.3985247015953064,0.35117435455322266,0.2833467423915863,0.3186255395412445,0.4293946623802185,0.3239603340625763,0.3871358633041382,0.254037469625473,0.32973843812942505,0.9999999403953552,0.37078964710235596],[0.3629603385925293,0.3217148184776306,0.47280412912368774,0.2712004780769348,0.3299693763256073,0.3975107669830322,0.29439353942871094,0.3719758987426758,0.31087037920951843,0.37019962072372437,0.4631245732307434,0.39434564113616943,0.2729659676551819,0.28841131925582886,0.37078964710235596,1.0]]}