{
  "game_number": 222,
  "words": [
    "CLATTER",
    "RACKET",
    "ROW",
    "RUCKUS",
    "BALL",
    "NET",
    "PADDLE",
    "TABLE",
    "BUTT",
    "FORE",
    "OAR",
    "SEW",
    "GENERATE",
    "INSPIRE",
    "PROMPT",
    "PROVOKE"
  ],
  "adjacency_matrix": [
    [
      1.0,
      0.44768643379211426,
      0.31741729378700256,
      0.4481409788131714,
      0.3885408341884613,
      0.280597984790802,
      0.3514784872531891,
      0.3506714403629303,
      0.3442343771457672,
      0.3782823085784912,
      0.3560868203639984,
      0.2318117320537567,
      0.3615935742855072,
      0.28298312425613403,
      0.2651248872280121,
      0.35168734192848206
    ],
    [
      0.44768643379211426,
      1.0,
      0.37323057651519775,
      0.3311431407928467,
      0.5184332132339478,
      0.4187264144420624,
      0.42764386534690857,
      0.3404620885848999,
      0.3423551321029663,
      0.33408093452453613,
      0.2855677604675293,
      0.174886092543602,
      0.2991134226322174,
      0.1783667802810669,
      0.1909722089767456,
      0.1993640810251236
    ],
    [
      0.31741729378700256,
      0.37323057651519775,
      1.0,
      0.26360243558883667,
      0.34285828471183777,
      0.30268871784210205,
      0.4207725524902344,
      0.6131978034973145,
      0.3499561548233032,
      0.41365936398506165,
      0.4078490734100342,
      0.19653001427650452,
      0.33910757303237915,
      0.24358226358890533,
      0.27633875608444214,
      0.2882035970687866
    ],
    [
      0.4481409788131714,
      0.3311431407928467,
      0.26360243558883667,
      1.0,
      0.2672599256038666,
      0.2670060992240906,
      0.16360534727573395,
      0.22908927500247955,
      0.31991222500801086,
      0.24537678062915802,
      0.12278151512145996,
      0.1259130835533142,
      0.24893955886363983,
      0.23059022426605225,
      0.2479952722787857,
      0.41081658005714417
    ],
    [
      0.3885408341884613,
      0.5184332132339478,
      0.34285828471183777,
      0.2672599256038666,
      1.0,
      0.4659171402454376,
      0.5001797080039978,
      0.3860642611980438,
      0.45037445425987244,
      0.4101380705833435,
      0.31663602590560913,
      0.22383379936218262,
      0.2812627851963043,
      0.2067645639181137,
      0.24167928099632263,
      0.2381000816822052
    ],
    [
      0.280597984790802,
      0.4187264144420624,
      0.30268871784210205,
      0.2670060992240906,
      0.4659171402454376,
      1.0,
      0.3656900227069855,
      0.36170974373817444,
      0.340998113155365,
      0.4042704403400421,
      0.268959105014801,
      0.16300828754901886,
      0.432138592004776,
      0.2546817362308502,
      0.26907309889793396,
      0.27057409286499023
    ],
    [
      0.3514784872531891,
      0.42764386534690857,
      0.4207725524902344,
      0.16360534727573395,
      0.5001797080039978,
      0.3656900227069855,
      1.0,
      0.3041178584098816,
      0.38380447030067444,
      0.3767268657684326,
      0.6224210262298584,
      0.3067363202571869,
      0.3092362582683563,
      0.30029699206352234,
      0.2542347311973572,
      0.27603018283843994
    ],
    [
      0.3506714403629303,
      0.3404620885848999,
      0.6131978034973145,
      0.22908927500247955,
      0.3860642611980438,
      0.36170974373817444,
      0.3041178584098816,
      1.0,
      0.33000636100769043,
      0.36836594343185425,
      0.26305091381073,
      0.13809321820735931,
      0.39278581738471985,
      0.19764935970306396,
      0.3342568576335907,
      0.2664403021335602
    ],
    [
      0.3442343771457672,
      0.3423551321029663,
      0.3499561548233032,
      0.31991222500801086,
      0.45037445425987244,
      0.340998113155365,
      0.38380447030067444,
      0.33000636100769043,
      1.0,
      0.4034971594810486,
      0.32984182238578796,
      0.2445361316204071,
      0.2898237705230713,
      0.30315086245536804,
      0.26121726632118225,
      0.3741758167743683
    ],
    [
      0.3782823085784912,
      0.33408093452453613,
      0.41365936398506165,
      0.24537678062915802,
      0.4101380705833435,
      0.4042704403400421,
      0.3767268657684326,
      0.36836594343185425,
      0.4034971594810486,
      1.0,
      0.338458776473999,
      0.2032507210969925,
      0.4056037962436676,
      0.36098194122314453,
      0.39430850744247437,
      0.41199061274528503
    ],
    [
      0.3560868203639984,
      0.2855677604675293,
      0.4078490734100342,
      0.12278151512145996,
      0.31663602590560913,
      0.268959105014801,
      0.6224210262298584,
      0.26305091381073,
      0.32984182238578796,
      0.338458776473999,
      1.0,
      0.26200780272483826,
      0.15155857801437378,
      0.15668313205242157,
      0.09277813136577606,
      0.1285666674375534
    ],
    [
      0.2318117320537567,
      0.174886092543602,
      0.19653001427650452,
      0.1259130835533142,
      0.22383379936218262,
      0.16300828754901886,
      0.3067363202571869,
      0.13809321820735931,
      0.2445361316204071,
      0.2032507210969925,
      0.26200780272483826,
      1.0,
      0.3205971121788025,
      0.33472490310668945,
      0.1582467406988144,
      0.28372424840927124
    ],
    [
      0.3615935742855072,
      0.2991134226322174,
      0.33910757303237915,
      0.24893955886363983,
      0.2812627851963043,
      0.432138592004776,
      0.3092362582683563,
      0.39278581738471985,
      0.2898237705230713,
      0.4056037962436676,
      0.15155857801437378,
      0.3205971121788025,
      0.9999999403953552,
      0.6429173350334167,
      0.5486796498298645,
      0.669104814529419
    ],
    [
      0.28298312425613403,
      0.1783667802810669,
      0.24358226358890533,
      0.23059022426605225,
      0.2067645639181137,
      0.2546817362308502,
      0.30029699206352234,
      0.19764935970306396,
      0.30315086245536804,
      0.36098194122314453,
      0.15668313205242157,
      0.33472490310668945,
      0.6429173350334167,
      1.0,
      0.5583040714263916,
      0.7356919050216675
    ],
    [
      0.2651248872280121,
      0.1909722089767456,
      0.27633875608444214,
      0.2479952722787857,
      0.24167928099632263,
      0.26907309889793396,
      0.2542347311973572,
      0.3342568576335907,
      0.26121726632118225,
      0.39430850744247437,
      0.09277813136577606,
      0.1582467406988144,
      0.5486796498298645,
      0.5583040714263916,
      1.0,
      0.6235542297363281
    ],
    [
      0.35168734192848206,
      0.1993640810251236,
      0.2882035970687866,
      0.41081658005714417,
      0.2381000816822052,
      0.27057409286499023,
      0.27603018283843994,
      0.2664403021335602,
      0.3741758167743683,
      0.41199061274528503,
      0.1285666674375534,
      0.28372424840927124,
      0.669104814529419,
      0.7356919050216675,
      0.6235542297363281,
      0.9999999403953552
    ]
  ]
}