{
  "game_number": 536,
  "words": [
    "CLOUD",
    "METAVERSE",
    "NET",
    "WEB",
    "EQUAL",
    "EVEN",
    "FAIR",
    "JUST",
    "GOOD",
    "IMPOSSIBLE",
    "NOTHING",
    "WARREN",
    "FABRICATE",
    "FAKE",
    "FIX",
    "FORGE"
  ],
  "adjacency_matrix": [
    [
      1.0,
      0.4215586483478546,
      0.36823317408561707,
      0.3707166314125061,
      0.2751736044883728,
      0.2817624807357788,
      0.37047523260116577,
      0.3333110809326172,
      0.36809906363487244,
      0.2487206757068634,
      0.29049554467201233,
      0.315879762172699,
      0.23075392842292786,
      0.360344797372818,
      0.29961320757865906,
      0.3384453356266022
    ],
    [
      0.4215586483478546,
      1.0,
      0.3882019519805908,
      0.5294572710990906,
      0.30548855662345886,
      0.34114107489585876,
      0.3284348249435425,
      0.31930574774742126,
      0.3305519223213196,
      0.32537299394607544,
      0.2657880485057831,
      0.3444547653198242,
      0.30225834250450134,
      0.4061470031738281,
      0.293941855430603,
      0.36786651611328125
    ],
    [
      0.36823317408561707,
      0.3882019519805908,
      1.0,
      0.5178656578063965,
      0.41314077377319336,
      0.30193060636520386,
      0.364637553691864,
      0.36958980560302734,
      0.42826026678085327,
      0.2849157750606537,
      0.3551734387874603,
      0.31220898032188416,
      0.21855475008487701,
      0.4011130630970001,
      0.35481733083724976,
      0.27770471572875977
    ],
    [
      0.3707166314125061,
      0.5294572710990906,
      0.5178656578063965,
      1.0,
      0.21568945050239563,
      0.2836032807826996,
      0.29023563861846924,
      0.3144383132457733,
      0.341272234916687,
      0.27444949746131897,
      0.2619889974594116,
      0.31327104568481445,
      0.3278736472129822,
      0.3935585021972656,
      0.3003251850605011,
      0.30450695753097534
    ],
    [
      0.2751736044883728,
      0.30548855662345886,
      0.41314077377319336,
      0.21568945050239563,
      1.0,
      0.4702833890914917,
      0.5550795197486877,
      0.4598897397518158,
      0.5614610314369202,
      0.4102868437767029,
      0.43689820170402527,
      0.27246910333633423,
      0.19793596863746643,
      0.3572748005390167,
      0.3078971207141876,
      0.26492446660995483
    ],
    [
      0.2817624807357788,
      0.34114107489585876,
      0.30193060636520386,
      0.2836032807826996,
      0.4702833890914917,
      0.9999999403953552,
      0.4189067780971527,
      0.7589769959449768,
      0.541231632232666,
      0.6090672612190247,
      0.581318199634552,
      0.320019394159317,
      0.36340901255607605,
      0.4141324758529663,
      0.43982669711112976,
      0.37906375527381897
    ],
    [
      0.37047523260116577,
      0.3284348249435425,
      0.364637553691864,
      0.29023563861846924,
      0.5550795197486877,
      0.4189067780971527,
      1.0,
      0.47327426075935364,
      0.673826277256012,
      0.4559065103530884,
      0.42022818326950073,
      0.3720545768737793,
      0.27451038360595703,
      0.41948744654655457,
      0.3702872097492218,
      0.3052239716053009
    ],
    [
      0.3333110809326172,
      0.31930574774742126,
      0.36958980560302734,
      0.3144383132457733,
      0.4598897397518158,
      0.7589769959449768,
      0.47327426075935364,
      1.0,
      0.5806612968444824,
      0.5336599946022034,
      0.6335065960884094,
      0.3224512040615082,
      0.37335824966430664,
      0.4347377419471741,
      0.5103003978729248,
      0.36039426922798157
    ],
    [
      0.36809906363487244,
      0.3305519223213196,
      0.42826026678085327,
      0.341272234916687,
      0.5614610314369202,
      0.541231632232666,
      0.673826277256012,
      0.5806612968444824,
      1.0,
      0.5201201438903809,
      0.5487225651741028,
      0.3575935959815979,
      0.2784217298030853,
      0.5044187903404236,
      0.4604997932910919,
      0.3699401021003723
    ],
    [
      0.2487206757068634,
      0.32537299394607544,
      0.2849157750606537,
      0.27444949746131897,
      0.4102868437767029,
      0.6090672612190247,
      0.4559065103530884,
      0.5336599946022034,
      0.5201201438903809,
      1.0000001192092896,
      0.5333044528961182,
      0.28892043232917786,
      0.4142373502254486,
      0.464289128780365,
      0.41645896434783936,
      0.37887340784072876
    ],
    [
      0.29049554467201233,
      0.2657880485057831,
      0.3551734387874603,
      0.2619889974594116,
      0.43689820170402527,
      0.581318199634552,
      0.42022818326950073,
      0.6335065960884094,
      0.5487225651741028,
      0.5333044528961182,
      1.0,
      0.29498445987701416,
      0.28753170371055603,
      0.4006589651107788,
      0.4389411211013794,
      0.30750197172164917
    ],
    [
      0.315879762172699,
      0.3444547653198242,
      0.31220898032188416,
      0.31327104568481445,
      0.27246910333633423,
      0.320019394159317,
      0.3720545768737793,
      0.3224512040615082,
      0.3575935959815979,
      0.28892043232917786,
      0.29498445987701416,
      1.0,
      0.2198239117860794,
      0.3436533212661743,
      0.32861366868019104,
      0.32249048352241516
    ],
    [
      0.23075392842292786,
      0.30225834250450134,
      0.21855475008487701,
      0.3278736472129822,
      0.19793596863746643,
      0.36340901255607605,
      0.27451038360595703,
      0.37335824966430664,
      0.2784217298030853,
      0.4142373502254486,
      0.28753170371055603,
      0.2198239117860794,
      1.0,
      0.5171419382095337,
      0.41003653407096863,
      0.525034487247467
    ],
    [
      0.360344797372818,
      0.4061470031738281,
      0.4011130630970001,
      0.3935585021972656,
      0.3572748005390167,
      0.4141324758529663,
      0.41948744654655457,
      0.4347377419471741,
      0.5044187903404236,
      0.464289128780365,
      0.4006589651107788,
      0.3436533212661743,
      0.5171419382095337,
      1.0,
      0.4167526364326477,
      0.4623567759990692
    ],
    [
      0.29961320757865906,
      0.293941855430603,
      0.35481733083724976,
      0.3003251850605011,
      0.3078971207141876,
      0.43982669711112976,
      0.3702872097492218,
      0.5103003978729248,
      0.4604997932910919,
      0.41645896434783936,
      0.4389411211013794,
      0.32861366868019104,
      0.41003653407096863,
      0.4167526364326477,
      0.9999999403953552,
      0.4627903997898102
    ],
    [
      0.3384453356266022,
      0.36786651611328125,
      0.27770471572875977,
      0.30450695753097534,
      0.26492446660995483,
      0.37906375527381897,
      0.3052239716053009,
      0.36039426922798157,
      0.3699401021003723,
      0.37887340784072876,
      0.30750197172164917,
      0.32249048352241516,
      0.525034487247467,
      0.4623567759990692,
      0.4627903997898102,
      1.0000001192092896
    ]
  ]
}