{"game_number":54,"words":["DRIVE","PROMPT","PROPEL","PUSH","DRAW","REVERSE","SKIP","WILD","BASEBALL","GRAPEFRUIT","MARBLE","PEA","COURTROOM","DUGOUT","GYM","PARK"],"adjacency_matrix":[[1.0,0.4488719701766968,0.564196765422821,0.6756839752197266,0.4649823009967804,0.5053665041923523,0.4214979112148285,0.4002757966518402,0.336770236492157,0.27942338585853577,0.29058128595352173,0.16745533049106598,0.2704614996910095,0.2821323871612549,0.2846105694770813,0.5031958222389221],[0.4488719701766968,1.0,0.3692438304424286,0.4242474138736725,0.429259330034256,0.3768254816532135,0.3688298761844635,0.2819618582725525,0.19170141220092773,0.14289279282093048,0.22242406010627747,0.08784978836774826,0.2392764538526535,0.17900675535202026,0.10613108426332474,0.2365880161523819],[0.564196765422821,0.3692438304424286,1.0,0.6216184496879578,0.42984363436698914,0.4426518976688385,0.35270223021507263,0.3212306797504425,0.2840142250061035,0.2822314500808716,0.2617318332195282,0.1624261438846588,0.22546201944351196,0.27550196647644043,0.23318740725517273,0.3446551263332367],[0.6756839752197266,0.4242474138736725,0.6216184496879578,0.9999999403953552,0.5240961909294128,0.5397677421569824,0.4625484347343445,0.3407146632671356,0.27485284209251404,0.25056183338165283,0.22356419265270233,0.15326954424381256,0.22842787206172943,0.2949439585208893,0.28145965933799744,0.32849401235580444],[0.4649823009967804,0.429259330034256,0.42984363436698914,0.5240961909294128,0.9999999403953552,0.402098685503006,0.4208313226699829,0.3596281111240387,0.23086276650428772,0.16049830615520477,0.2527392506599426,0.11231368035078049,0.25484099984169006,0.2207493633031845,0.2120482325553894,0.3283904492855072],[0.5053665041923523,0.3768254816532135,0.4426518976688385,0.5397677421569824,0.402098685503006,1.0,0.43218138813972473,0.3424474596977234,0.2571466267108917,0.19668255746364594,0.3233385980129242,0.14212559163570404,0.21640120446681976,0.2265915721654892,0.18107467889785767,0.2786687910556793],[0.4214979112148285,0.3688298761844635,0.35270223021507263,0.4625484347343445,0.4208313226699829,0.43218138813972473,1.0,0.2747774124145508,0.2988702654838562,0.21128830313682556,0.2702646255493164,0.16716210544109344,0.18500544130802155,0.26148518919944763,0.3166520297527313,0.29952800273895264],[0.4002757966518402,0.2819618582725525,0.3212306797504425,0.3407146632671356,0.3596281111240387,0.3424474596977234,0.2747774124145508,1.0,0.31157243251800537,0.3228990435600281,0.30671215057373047,0.32851511240005493,0.27890437841415405,0.3148830235004425,0.1987076699733734,0.4115326702594757],[0.336770236492157,0.19170141220092773,0.2840142250061035,0.27485284209251404,0.23086276650428772,0.2571466267108917,0.2988702654838562,0.31157243251800537,1.0000001192092896,0.41701000928878784,0.3471851944923401,0.2736194431781769,0.33730512857437134,0.5273832082748413,0.390951007604599,0.4681345522403717],[0.27942338585853577,0.14289279282093048,0.2822314500808716,0.25056183338165283,0.16049830615520477,0.19668255746364594,0.21128830313682556,0.3228990435600281,0.41701000928878784,0.9999999403953552,0.37174808979034424,0.48359090089797974,0.18010792136192322,0.195797860622406,0.2992488741874695,0.32623574137687683],[0.29058128595352173,0.22242406010627747,0.2617318332195282,0.22356419265270233,0.2527392506599426,0.3233385980129242,0.2702646255493164,0.30671215057373047,0.3471851944923401,0.37174808979034424,1.0,0.3952198326587677,0.28594771027565,0.2806101441383362,0.29895737767219543,0.37279012799263],[0.16745533049106598,0.08784978836774826,0.1624261438846588,0.15326954424381256,0.11231368035078049,0.14212559163570404,0.16716210544109344,0.32851511240005493,0.2736194431781769,0.48359090089797974,0.3952198326587677,1.0,0.13635961711406708,0.20341737568378448,0.19322200119495392,0.2526033818721771],[0.2704614996910095,0.2392764538526535,0.22546201944351196,0.22842787206172943,0.25484099984169006,0.21640120446681976,0.18500544130802155,0.27890437841415405,0.33730512857437134,0.18010792136192322,0.28594771027565,0.13635961711406708,1.0,0.39561891555786133,0.3742465078830719,0.3992723226547241],[0.2821323871612549,0.17900675535202026,0.27550196647644043,0.2949439585208893,0.2207493633031845,0.2265915721654892,0.26148518919944763,0.3148830235004425,0.5273832082748413,0.195797860622406,0.2806101441383362,0.20341737568378448,0.39561891555786133,1.0,0.3196238875389099,0.4302399456501007],[0.2846105694770813,0.10613108426332474,0.23318740725517273,0.28145965933799744,0.2120482325553894,0.18107467889785767,0.3166520297527313,0.1987076699733734,0.390951007604599,0.2992488741874695,0.29895737767219543,0.19322200119495392,0.3742465078830719,0.3196238875389099,1.0,0.44665566086769104],[0.5031958222389221,0.2365880161523819,0.3446551263332367,0.32849401235580444,0.3283904492855072,0.2786687910556793,0.29952800273895264,0.4115326702594757,0.4681345522403717,0.32623574137687683,0.37279012799263,0.2526033818721771,0.3992723226547241,0.4302399456501007,0.44665566086769104,1.0]]}