{
  "game_number": 324,
  "words": [
    "FILM",
    "RECORD",
    "SHOOT",
    "TAPE",
    "PASTEL",
    "PETALS",
    "PLEATS",
    "STAPLE",
    "GOOD",
    "PENNY",
    "PLEASE",
    "WOMAN",
    "CONCEIVE",
    "ENVISION",
    "IMAGINE",
    "PICTURE"
  ],
  "adjacency_matrix": [
    [
      0.9999999403953552,
      0.41957536339759827,
      0.5109140872955322,
      0.48801615834236145,
      0.31349286437034607,
      0.20475183427333832,
      0.22796250879764557,
      0.39369770884513855,
      0.37798234820365906,
      0.2212703973054886,
      0.23606839776039124,
      0.34956568479537964,
      0.23953349888324738,
      0.24830789864063263,
      0.26909032464027405,
      0.5041114091873169
    ],
    [
      0.41957536339759827,
      1.0,
      0.3455599546432495,
      0.5528319478034973,
      0.19683614373207092,
      0.15859325230121613,
      0.2083723545074463,
      0.41619765758514404,
      0.45957645773887634,
      0.24970702826976776,
      0.35874155163764954,
      0.30042463541030884,
      0.30200129747390747,
      0.30397647619247437,
      0.3118016719818115,
      0.476352721452713
    ],
    [
      0.5109140872955322,
      0.3455599546432495,
      0.9999999403953552,
      0.3754240572452545,
      0.16401474177837372,
      0.3149755895137787,
      0.256504088640213,
      0.3097987473011017,
      0.339914470911026,
      0.22177430987358093,
      0.3676671087741852,
      0.3085351586341858,
      0.39511752128601074,
      0.31642478704452515,
      0.3417571485042572,
      0.45091763138771057
    ],
    [
      0.48801615834236145,
      0.5528319478034973,
      0.3754240572452545,
      1.0000001192092896,
      0.2779340147972107,
      0.2594645619392395,
      0.2953324317932129,
      0.4206991493701935,
      0.316786527633667,
      0.2817820608615875,
      0.23892024159431458,
      0.2652645707130432,
      0.21397611498832703,
      0.18516018986701965,
      0.22678567469120026,
      0.42050406336784363
    ],
    [
      0.31349286437034607,
      0.19683614373207092,
      0.16401474177837372,
      0.2779340147972107,
      1.0,
      0.2609056234359741,
      0.3769729733467102,
      0.3497682213783264,
      0.2625713646411896,
      0.2613371014595032,
      0.1630154550075531,
      0.27100512385368347,
      0.12862858176231384,
      0.1662396341562271,
      0.17511416971683502,
      0.36957529187202454
    ],
    [
      0.20475183427333832,
      0.15859325230121613,
      0.3149755895137787,
      0.2594645619392395,
      0.2609056234359741,
      1.0,
      0.3782190680503845,
      0.1945551335811615,
      0.20737722516059875,
      0.23134618997573853,
      0.15365110337734222,
      0.22399777173995972,
      0.21608762443065643,
      0.18964532017707825,
      0.23030884563922882,
      0.30120983719825745
    ],
    [
      0.22796250879764557,
      0.2083723545074463,
      0.256504088640213,
      0.2953324317932129,
      0.3769729733467102,
      0.3782190680503845,
      1.0,
      0.387099951505661,
      0.27648791670799255,
      0.21342767775058746,
      0.28195029497146606,
      0.2053581327199936,
      0.18844109773635864,
      0.23401939868927002,
      0.2535490095615387,
      0.3265501856803894
    ],
    [
      0.39369770884513855,
      0.41619765758514404,
      0.3097987473011017,
      0.4206991493701935,
      0.3497682213783264,
      0.1945551335811615,
      0.387099951505661,
      1.0,
      0.4387812912464142,
      0.356061190366745,
      0.24556298553943634,
      0.32445570826530457,
      0.2563927471637726,
      0.23406171798706055,
      0.27663740515708923,
      0.3597559928894043
    ],
    [
      0.37798234820365906,
      0.45957645773887634,
      0.339914470911026,
      0.316786527633667,
      0.2625713646411896,
      0.20737722516059875,
      0.27648791670799255,
      0.4387812912464142,
      1.0,
      0.3452416658401489,
      0.41222795844078064,
      0.37037786841392517,
      0.3498894274234772,
      0.3369535505771637,
      0.40338134765625,
      0.47559720277786255
    ],
    [
      0.2212703973054886,
      0.24970702826976776,
      0.22177430987358093,
      0.2817820608615875,
      0.2613371014595032,
      0.23134618997573853,
      0.21342767775058746,
      0.356061190366745,
      0.3452416658401489,
      1.0,
      0.16555273532867432,
      0.2930615544319153,
      0.20968356728553772,
      0.12892477214336395,
      0.24290531873703003,
      0.35013410449028015
    ],
    [
      0.23606839776039124,
      0.35874155163764954,
      0.3676671087741852,
      0.23892024159431458,
      0.1630154550075531,
      0.15365110337734222,
      0.28195029497146606,
      0.24556298553943634,
      0.41222795844078064,
      0.16555273532867432,
      1.0,
      0.28189995884895325,
      0.44706329703330994,
      0.3972460925579071,
      0.48066166043281555,
      0.3799038529396057
    ],
    [
      0.34956568479537964,
      0.30042463541030884,
      0.3085351586341858,
      0.2652645707130432,
      0.27100512385368347,
      0.22399777173995972,
      0.2053581327199936,
      0.32445570826530457,
      0.37037786841392517,
      0.2930615544319153,
      0.28189995884895325,
      1.0,
      0.3936287462711334,
      0.26700901985168457,
      0.3749595284461975,
      0.39990365505218506
    ],
    [
      0.23953349888324738,
      0.30200129747390747,
      0.39511752128601074,
      0.21397611498832703,
      0.12862858176231384,
      0.21608762443065643,
      0.18844109773635864,
      0.2563927471637726,
      0.3498894274234772,
      0.20968356728553772,
      0.44706329703330994,
      0.3936287462711334,
      1.0,
      0.6287638545036316,
      0.6544339656829834,
      0.3098747432231903
    ],
    [
      0.24830789864063263,
      0.30397647619247437,
      0.31642478704452515,
      0.18516018986701965,
      0.1662396341562271,
      0.18964532017707825,
      0.23401939868927002,
      0.23406171798706055,
      0.3369535505771637,
      0.12892477214336395,
      0.3972460925579071,
      0.26700901985168457,
      0.6287638545036316,
      1.0,
      0.7376956343650818,
      0.3834451138973236
    ],
    [
      0.26909032464027405,
      0.3118016719818115,
      0.3417571485042572,
      0.22678567469120026,
      0.17511416971683502,
      0.23030884563922882,
      0.2535490095615387,
      0.27663740515708923,
      0.40338134765625,
      0.24290531873703003,
      0.48066166043281555,
      0.3749595284461975,
      0.6544339656829834,
      0.7376956343650818,
      1.0,
      0.45748573541641235
    ],
    [
      0.5041114091873169,
      0.476352721452713,
      0.45091763138771057,
      0.42050406336784363,
      0.36957529187202454,
      0.30120983719825745,
      0.3265501856803894,
      0.3597559928894043,
      0.47559720277786255,
      0.35013410449028015,
      0.3799038529396057,
      0.39990365505218506,
      0.3098747432231903,
      0.3834451138973236,
      0.45748573541641235,
      1.0
    ]
  ]
}