{"game_number":229,"words":["CABLE","ELECTRIC","GAS","WATER","ACOUSTIC","AUDITORY","HEARD","SONIC","COUPLE","HITCH","LINK","TIE","AMP","FIRE","HYPE","PUMP"],"adjacency_matrix":[[1.0,0.5147452354431152,0.4015454649925232,0.4346921741962433,0.36944833397865295,0.2656431198120117,0.2703395187854767,0.2963109612464905,0.25874063372612,0.392413467168808,0.37480008602142334,0.4157552719116211,0.3700566589832306,0.34628885984420776,0.25479206442832947,0.3650829792022705],[0.5147452354431152,1.0,0.6084898710250854,0.523742139339447,0.6417228579521179,0.37888267636299133,0.21638305485248566,0.4793483316898346,0.2635074257850647,0.3341270983219147,0.27085304260253906,0.318860799074173,0.507114827632904,0.44992607831954956,0.28680676221847534,0.42924830317497253],[0.4015454649925232,0.6084898710250854,0.9999999403953552,0.5864284038543701,0.4342201352119446,0.27011340856552124,0.1862163096666336,0.4136752784252167,0.2208462357521057,0.29670587182044983,0.25096553564071655,0.2813645601272583,0.30515924096107483,0.45171529054641724,0.2986055612564087,0.5024224519729614],[0.4346921741962433,0.523742139339447,0.5864284038543701,0.9999999403953552,0.3632795214653015,0.25648126006126404,0.22576187551021576,0.37421882152557373,0.2664537727832794,0.3139518201351166,0.3036719858646393,0.3326152265071869,0.27047669887542725,0.48342955112457275,0.2978667616844177,0.548002302646637],[0.36944833397865295,0.6417228579521179,0.4342201352119446,0.3632795214653015,1.0,0.6097672581672668,0.27071571350097656,0.640295147895813,0.23245322704315186,0.2012648582458496,0.2640949785709381,0.24337147176265717,0.4296608865261078,0.326433390378952,0.31207528710365295,0.2782052755355835],[0.2656431198120117,0.37888267636299133,0.27011340856552124,0.25648126006126404,0.6097672581672668,0.9999999403953552,0.29422029852867126,0.5127586126327515,0.1801837533712387,0.13931582868099213,0.26232367753982544,0.15641726553440094,0.3103238642215729,0.26214364171028137,0.24149946868419647,0.223115935921669],[0.2703395187854767,0.21638305485248566,0.1862163096666336,0.22576187551021576,0.27071571350097656,0.29422029852867126,1.0000001192092896,0.2158953845500946,0.36974596977233887,0.24937883019447327,0.3284640908241272,0.21142171323299408,0.19372572004795074,0.3032676875591278,0.3052661418914795,0.22799557447433472],[0.2963109612464905,0.4793483316898346,0.4136752784252167,0.37421882152557373,0.640295147895813,0.5127586126327515,0.2158953845500946,1.0,0.1593267321586609,0.20460858941078186,0.23222218453884125,0.19414560496807098,0.3371730446815491,0.2907625138759613,0.31533533334732056,0.2876296937465668],[0.25874063372612,0.2635074257850647,0.2208462357521057,0.2664537727832794,0.23245322704315186,0.1801837533712387,0.36974596977233887,0.1593267321586609,1.0,0.3794706463813782,0.3103708028793335,0.3092364966869354,0.21863451600074768,0.2590242624282837,0.19653192162513733,0.3085917830467224],[0.392413467168808,0.3341270983219147,0.29670587182044983,0.3139518201351166,0.2012648582458496,0.13931582868099213,0.24937883019447327,0.20460858941078186,0.3794706463813782,1.0,0.3896249234676361,0.4419904947280884,0.2783809006214142,0.2797236144542694,0.30355772376060486,0.3607787787914276],[0.37480008602142334,0.27085304260253906,0.25096553564071655,0.3036719858646393,0.2640949785709381,0.26232367753982544,0.3284640908241272,0.23222218453884125,0.3103708028793335,0.3896249234676361,1.0,0.5305373668670654,0.24698302149772644,0.29941055178642273,0.28141817450523376,0.3874697983264923],[0.4157552719116211,0.318860799074173,0.2813645601272583,0.3326152265071869,0.24337147176265717,0.15641726553440094,0.21142171323299408,0.19414560496807098,0.3092364966869354,0.4419904947280884,0.5305373668670654,1.0,0.22409096360206604,0.35509929060935974,0.24376100301742554,0.3375505208969116],[0.3700566589832306,0.507114827632904,0.30515924096107483,0.27047669887542725,0.4296608865261078,0.3103238642215729,0.19372572004795074,0.3371730446815491,0.21863451600074768,0.2783809006214142,0.24698302149772644,0.22409096360206604,1.0,0.23586001992225647,0.28155532479286194,0.39598947763442993],[0.34628885984420776,0.44992607831954956,0.45171529054641724,0.48342955112457275,0.326433390378952,0.26214364171028137,0.3032676875591278,0.2907625138759613,0.2590242624282837,0.2797236144542694,0.29941055178642273,0.35509929060935974,0.23586001992225647,1.0,0.3136429488658905,0.3920581042766571],[0.25479206442832947,0.28680676221847534,0.2986055612564087,0.2978667616844177,0.31207528710365295,0.24149946868419647,0.3052661418914795,0.31533533334732056,0.19653192162513733,0.30355772376060486,0.28141817450523376,0.24376100301742554,0.28155532479286194,0.3136429488658905,1.0,0.2720332443714142],[0.3650829792022705,0.42924830317497253,0.5024224519729614,0.548002302646637,0.2782052755355835,0.223115935921669,0.22799557447433472,0.2876296937465668,0.3085917830467224,0.3607787787914276,0.3874697983264923,0.3375505208969116,0.39598947763442993,0.3920581042766571,0.2720332443714142,1.0]]}