{
  "game_number": 444,
  "words": [
    "CELL",
    "CONTACT",
    "DIGITS",
    "NUMBER",
    "BABY",
    "MINI",
    "POCKET",
    "TOY",
    "BAG",
    "BOARD",
    "RACKS",
    "TILES",
    "ACHE",
    "BURN",
    "SMART",
    "STING"
  ],
  "adjacency_matrix": [
    [
      1.0,
      0.3593396544456482,
      0.3087433874607086,
      0.4258395731449127,
      0.3408968150615692,
      0.39358362555503845,
      0.3876208961009979,
      0.322677880525589,
      0.3928634822368622,
      0.32665127515792847,
      0.35543110966682434,
      0.2694929242134094,
      0.19609393179416656,
      0.3421969413757324,
      0.32066500186920166,
      0.19306246936321259
    ],
    [
      0.3593396544456482,
      1.0,
      0.27077755331993103,
      0.34991568326950073,
      0.2635820508003235,
      0.2583549916744232,
      0.2974996268749237,
      0.281279981136322,
      0.3270229995250702,
      0.3586982488632202,
      0.16439956426620483,
      0.20904190838336945,
      0.2280084639787674,
      0.33435842394828796,
      0.2811431586742401,
      0.31622886657714844
    ],
    [
      0.3087433874607086,
      0.27077755331993103,
      1.0,
      0.5798280835151672,
      0.33561182022094727,
      0.25305771827697754,
      0.26347240805625916,
      0.2716263234615326,
      0.2840076684951782,
      0.15509219467639923,
      0.2493775486946106,
      0.3186153769493103,
      0.21641696989536285,
      0.25776004791259766,
      0.24978774785995483,
      0.2095891684293747
    ],
    [
      0.4258395731449127,
      0.34991568326950073,
      0.5798280835151672,
      1.0,
      0.31621867418289185,
      0.31451818346977234,
      0.3467710316181183,
      0.35260164737701416,
      0.36974331736564636,
      0.2880244851112366,
      0.295095294713974,
      0.3354507386684418,
      0.14447709918022156,
      0.27970534563064575,
      0.3016835153102875,
      0.21324437856674194
    ],
    [
      0.3408968150615692,
      0.2635820508003235,
      0.33561182022094727,
      0.31621867418289185,
      1.0,
      0.444573312997818,
      0.36832770705223083,
      0.5250173807144165,
      0.48746761679649353,
      0.2749389410018921,
      0.28163012862205505,
      0.20948360860347748,
      0.2872117757797241,
      0.3178653419017792,
      0.36861345171928406,
      0.253477543592453
    ],
    [
      0.39358362555503845,
      0.2583549916744232,
      0.25305771827697754,
      0.31451818346977234,
      0.444573312997818,
      0.9999999403953552,
      0.4151102304458618,
      0.5121536254882812,
      0.4471162259578705,
      0.3513776361942291,
      0.37431392073631287,
      0.29337435960769653,
      0.20183323323726654,
      0.33199062943458557,
      0.422151118516922,
      0.24280710518360138
    ],
    [
      0.3876208961009979,
      0.2974996268749237,
      0.26347240805625916,
      0.3467710316181183,
      0.36832770705223083,
      0.4151102304458618,
      1.0,
      0.3951411545276642,
      0.607964277267456,
      0.3741191625595093,
      0.2950068712234497,
      0.2556614279747009,
      0.2877385914325714,
      0.34742796421051025,
      0.3895248472690582,
      0.3260657787322998
    ],
    [
      0.322677880525589,
      0.281279981136322,
      0.2716263234615326,
      0.35260164737701416,
      0.5250173807144165,
      0.5121536254882812,
      0.3951411545276642,
      1.0,
      0.436393141746521,
      0.347888708114624,
      0.3132748603820801,
      0.2939543128013611,
      0.1873786300420761,
      0.2591502070426941,
      0.3455488681793213,
      0.23390617966651917
    ],
    [
      0.3928634822368622,
      0.3270229995250702,
      0.2840076684951782,
      0.36974331736564636,
      0.48746761679649353,
      0.4471162259578705,
      0.607964277267456,
      0.436393141746521,
      0.9999999403953552,
      0.3742792308330536,
      0.3757561445236206,
      0.3069680631160736,
      0.24897997081279755,
      0.405617892742157,
      0.37556493282318115,
      0.316867858171463
    ],
    [
      0.32665127515792847,
      0.3586982488632202,
      0.15509219467639923,
      0.2880244851112366,
      0.2749389410018921,
      0.3513776361942291,
      0.3741191625595093,
      0.347888708114624,
      0.3742792308330536,
      1.0,
      0.33045530319213867,
      0.3574475049972534,
      0.12676787376403809,
      0.3082476556301117,
      0.3119765818119049,
      0.24730511009693146
    ],
    [
      0.35543110966682434,
      0.16439956426620483,
      0.2493775486946106,
      0.295095294713974,
      0.28163012862205505,
      0.37431392073631287,
      0.2950068712234497,
      0.3132748603820801,
      0.3757561445236206,
      0.33045530319213867,
      1.0,
      0.43212565779685974,
      0.19180332124233246,
      0.2991786599159241,
      0.25405383110046387,
      0.15403851866722107
    ],
    [
      0.2694929242134094,
      0.20904190838336945,
      0.3186153769493103,
      0.3354507386684418,
      0.20948360860347748,
      0.29337435960769653,
      0.2556614279747009,
      0.2939543128013611,
      0.3069680631160736,
      0.3574475049972534,
      0.43212565779685974,
      1.0,
      0.09101215749979019,
      0.2805216312408447,
      0.259034663438797,
      0.16133640706539154
    ],
    [
      0.19609393179416656,
      0.2280084639787674,
      0.21641696989536285,
      0.14447709918022156,
      0.2872117757797241,
      0.20183323323726654,
      0.2877385914325714,
      0.1873786300420761,
      0.24897997081279755,
      0.12676787376403809,
      0.19180332124233246,
      0.09101215749979019,
      1.0,
      0.34314337372779846,
      0.18479906022548676,
      0.41895821690559387
    ],
    [
      0.3421969413757324,
      0.33435842394828796,
      0.25776004791259766,
      0.27970534563064575,
      0.3178653419017792,
      0.33199062943458557,
      0.34742796421051025,
      0.2591502070426941,
      0.405617892742157,
      0.3082476556301117,
      0.2991786599159241,
      0.2805216312408447,
      0.34314337372779846,
      1.0,
      0.3270595371723175,
      0.3301617205142975
    ],
    [
      0.32066500186920166,
      0.2811431586742401,
      0.24978774785995483,
      0.3016835153102875,
      0.36861345171928406,
      0.422151118516922,
      0.3895248472690582,
      0.3455488681793213,
      0.37556493282318115,
      0.3119765818119049,
      0.25405383110046387,
      0.259034663438797,
      0.18479906022548676,
      0.3270595371723175,
      1.0,
      0.273002564907074
    ],
    [
      0.19306246936321259,
      0.31622886657714844,
      0.2095891684293747,
      0.21324437856674194,
      0.253477543592453,
      0.24280710518360138,
      0.3260657787322998,
      0.23390617966651917,
      0.316867858171463,
      0.24730511009693146,
      0.15403851866722107,
      0.16133640706539154,
      0.41895821690559387,
      0.3301617205142975,
      0.273002564907074,
      1.0
    ]
  ]
}