{
  "game_number": 132,
  "words": [
    "DENT",
    "DING",
    "NICK",
    "SCRATCH",
    "CHIME",
    "CUCKOO",
    "TICK",
    "TOCK",
    "COCK",
    "MOCK",
    "PIG",
    "PONY",
    "CAVITY",
    "HOLE",
    "HOLLOW",
    "PIT"
  ],
  "adjacency_matrix": [
    [
      1.0,
      0.4613765478134155,
      0.3493875563144684,
      0.42984476685523987,
      0.26033833622932434,
      0.13648204505443573,
      0.312378466129303,
      0.14457890391349792,
      0.3018825948238373,
      0.3381943702697754,
      0.21320843696594238,
      0.273884117603302,
      0.3416992425918579,
      0.3978342115879059,
      0.41519588232040405,
      0.2919178009033203
    ],
    [
      0.4613765478134155,
      1.0,
      0.32306528091430664,
      0.3764612078666687,
      0.5037512183189392,
      0.2816886603832245,
      0.3237999677658081,
      0.28354406356811523,
      0.38784146308898926,
      0.384658545255661,
      0.31583675742149353,
      0.2816542983055115,
      0.31612956523895264,
      0.3363548219203949,
      0.3338063657283783,
      0.32901790738105774
    ],
    [
      0.3493875563144684,
      0.32306528091430664,
      1.0,
      0.4686185419559479,
      0.37857484817504883,
      0.23861433565616608,
      0.30881115794181824,
      0.18582798540592194,
      0.4094488322734833,
      0.4282885193824768,
      0.3261653184890747,
      0.3803085684776306,
      0.3275953531265259,
      0.43316683173179626,
      0.42945733666419983,
      0.317520409822464
    ],
    [
      0.42984476685523987,
      0.3764612078666687,
      0.4686185419559479,
      1.0000001192092896,
      0.34423840045928955,
      0.17477823793888092,
      0.39523017406463623,
      0.19927650690078735,
      0.33252230286598206,
      0.4151546359062195,
      0.34064021706581116,
      0.3633546829223633,
      0.3607517182826996,
      0.38724589347839355,
      0.3833399713039398,
      0.3993498384952545
    ],
    [
      0.26033833622932434,
      0.5037512183189392,
      0.37857484817504883,
      0.34423840045928955,
      1.0,
      0.3506171703338623,
      0.4228328466415405,
      0.37140533328056335,
      0.36559146642684937,
      0.3500627875328064,
      0.24640733003616333,
      0.2763192653656006,
      0.27659890055656433,
      0.22413642704486847,
      0.3448266088962555,
      0.35876208543777466
    ],
    [
      0.13648204505443573,
      0.2816886603832245,
      0.23861433565616608,
      0.17477823793888092,
      0.3506171703338623,
      1.0,
      0.36878007650375366,
      0.3059200942516327,
      0.5325672030448914,
      0.2656896114349365,
      0.3515634834766388,
      0.268510639667511,
      0.28575119376182556,
      0.2207394689321518,
      0.3127003610134125,
      0.23380544781684875
    ],
    [
      0.312378466129303,
      0.3237999677658081,
      0.30881115794181824,
      0.39523017406463623,
      0.4228328466415405,
      0.36878007650375366,
      1.0,
      0.5763896703720093,
      0.39116841554641724,
      0.2585986852645874,
      0.34013232588768005,
      0.32883185148239136,
      0.2780303657054901,
      0.3249484896659851,
      0.2716965079307556,
      0.3449288308620453
    ],
    [
      0.14457890391349792,
      0.28354406356811523,
      0.18582798540592194,
      0.19927650690078735,
      0.37140533328056335,
      0.3059200942516327,
      0.5763896703720093,
      1.0,
      0.3751246929168701,
      0.17231862246990204,
      0.32263433933258057,
      0.2370757907629013,
      0.21261076629161835,
      0.24100738763809204,
      0.19310197234153748,
      0.3200145959854126
    ],
    [
      0.3018825948238373,
      0.38784146308898926,
      0.4094488322734833,
      0.33252230286598206,
      0.36559146642684937,
      0.5325672030448914,
      0.39116841554641724,
      0.3751246929168701,
      1.0,
      0.42037320137023926,
      0.5715284943580627,
      0.4900191128253937,
      0.36276620626449585,
      0.40811464190483093,
      0.423112690448761,
      0.4688437581062317
    ],
    [
      0.3381943702697754,
      0.384658545255661,
      0.4282885193824768,
      0.4151546359062195,
      0.3500627875328064,
      0.2656896114349365,
      0.2585986852645874,
      0.17231862246990204,
      0.42037320137023926,
      0.9999999403953552,
      0.390186071395874,
      0.2995467782020569,
      0.2460721731185913,
      0.28606414794921875,
      0.4567277431488037,
      0.43520301580429077
    ],
    [
      0.21320843696594238,
      0.31583675742149353,
      0.3261653184890747,
      0.34064021706581116,
      0.24640733003616333,
      0.3515634834766388,
      0.34013232588768005,
      0.32263433933258057,
      0.5715284943580627,
      0.390186071395874,
      1.0,
      0.5113947987556458,
      0.3712317943572998,
      0.36133310198783875,
      0.339100182056427,
      0.4365115761756897
    ],
    [
      0.273884117603302,
      0.2816542983055115,
      0.3803085684776306,
      0.3633546829223633,
      0.2763192653656006,
      0.268510639667511,
      0.32883185148239136,
      0.2370757907629013,
      0.4900191128253937,
      0.2995467782020569,
      0.5113947987556458,
      1.0,
      0.2474886029958725,
      0.3516290485858917,
      0.31803494691848755,
      0.38557058572769165
    ],
    [
      0.3416992425918579,
      0.31612956523895264,
      0.3275953531265259,
      0.3607517182826996,
      0.27659890055656433,
      0.28575119376182556,
      0.2780303657054901,
      0.21261076629161835,
      0.36276620626449585,
      0.2460721731185913,
      0.3712317943572998,
      0.2474886029958725,
      0.9999999403953552,
      0.6003334522247314,
      0.5274674892425537,
      0.49716612696647644
    ],
    [
      0.3978342115879059,
      0.3363548219203949,
      0.43316683173179626,
      0.38724589347839355,
      0.22413642704486847,
      0.2207394689321518,
      0.3249484896659851,
      0.24100738763809204,
      0.40811464190483093,
      0.28606414794921875,
      0.36133310198783875,
      0.3516290485858917,
      0.6003334522247314,
      0.9999999403953552,
      0.5383847951889038,
      0.5714078545570374
    ],
    [
      0.41519588232040405,
      0.3338063657283783,
      0.42945733666419983,
      0.3833399713039398,
      0.3448266088962555,
      0.3127003610134125,
      0.2716965079307556,
      0.19310197234153748,
      0.423112690448761,
      0.4567277431488037,
      0.339100182056427,
      0.31803494691848755,
      0.5274674892425537,
      0.5383847951889038,
      1.0,
      0.4891233742237091
    ],
    [
      0.2919178009033203,
      0.32901790738105774,
      0.317520409822464,
      0.3993498384952545,
      0.35876208543777466,
      0.23380544781684875,
      0.3449288308620453,
      0.3200145959854126,
      0.4688437581062317,
      0.43520301580429077,
      0.4365115761756897,
      0.38557058572769165,
      0.49716612696647644,
      0.5714078545570374,
      0.4891233742237091,
      1.0
    ]
  ]
}