{"game_number":159,"words":["MONITOR","SURVEY","TRACK","WATCH","BEACH","DESERT","HOURGLASS","PLAYGROUND","BAKE","BROIL","LIGHT","TIMER","BLUR","OASIS","PULP","SUEDE"],"adjacency_matrix":[[1.0,0.4218944311141968,0.5749614238739014,0.6499360799789429,0.3333040177822113,0.24748343229293823,0.28596338629722595,0.32596564292907715,0.3418428599834442,0.28169548511505127,0.3651621639728546,0.4004788398742676,0.35494399070739746,0.2097419947385788,0.25476014614105225,0.2532220184803009],[0.4218944311141968,0.9999999403953552,0.43134433031082153,0.355587363243103,0.3314051032066345,0.2872067093849182,0.20395506918430328,0.31655627489089966,0.20239052176475525,0.1744169443845749,0.33107438683509827,0.2530539631843567,0.2216951847076416,0.22016501426696777,0.1896083801984787,0.23771966993808746],[0.5749614238739014,0.43134433031082153,1.0,0.5013502836227417,0.4228968918323517,0.3625478744506836,0.3068965673446655,0.3841439485549927,0.33022233843803406,0.25356525182724,0.38839563727378845,0.38974258303642273,0.39120927453041077,0.23156917095184326,0.2035769820213318,0.3272256851196289],[0.6499360799789429,0.355587363243103,0.5013502836227417,1.0,0.3980436325073242,0.3286936283111572,0.30266809463500977,0.38313406705856323,0.4479428231716156,0.32660335302352905,0.3870188891887665,0.4003280699253082,0.33574917912483215,0.18674494326114655,0.19312626123428345,0.29749611020088196],[0.3333040177822113,0.3314051032066345,0.4228968918323517,0.3980436325073242,0.9999999403953552,0.48033300042152405,0.4153081178665161,0.5392139554023743,0.35370269417762756,0.2175409495830536,0.359536349773407,0.26448872685432434,0.27699944376945496,0.42621949315071106,0.24473878741264343,0.28006812930107117],[0.24748343229293823,0.2872067093849182,0.3625478744506836,0.3286936283111572,0.48033300042152405,1.0,0.30144789814949036,0.3515293598175049,0.3689914643764496,0.34575456380844116,0.38045454025268555,0.2020285278558731,0.32473498582839966,0.6188223958015442,0.21051956713199615,0.33005407452583313],[0.28596338629722595,0.20395506918430328,0.3068965673446655,0.30266809463500977,0.4153081178665161,0.30144789814949036,1.0,0.22623147070407867,0.26212430000305176,0.16081561148166656,0.2974523603916168,0.40486353635787964,0.2874079942703247,0.30653491616249084,0.2291770875453949,0.21435105800628662],[0.32596564292907715,0.31655627489089966,0.3841439485549927,0.38313406705856323,0.5392139554023743,0.3515293598175049,0.22623147070407867,1.0,0.28756818175315857,0.15374833345413208,0.33251678943634033,0.28822681307792664,0.24252741038799286,0.36179062724113464,0.26045921444892883,0.27207857370376587],[0.3418428599834442,0.20239052176475525,0.33022233843803406,0.4479428231716156,0.35370269417762756,0.3689914643764496,0.26212430000305176,0.28756818175315857,1.0,0.4685474932193756,0.31126582622528076,0.3713909685611725,0.25344812870025635,0.1836216300725937,0.19536092877388,0.23143775761127472],[0.28169548511505127,0.1744169443845749,0.25356525182724,0.32660335302352905,0.2175409495830536,0.34575456380844116,0.16081561148166656,0.15374833345413208,0.4685474932193756,1.0,0.33162936568260193,0.27353447675704956,0.29567813873291016,0.16134124994277954,0.18783949315547943,0.22708313167095184],[0.3651621639728546,0.33107438683509827,0.38839563727378845,0.3870188891887665,0.359536349773407,0.38045454025268555,0.2974523603916168,0.33251678943634033,0.31126582622528076,0.33162936568260193,1.0,0.326005756855011,0.4489035904407501,0.25281649827957153,0.25040221214294434,0.29303115606307983],[0.4004788398742676,0.2530539631843567,0.38974258303642273,0.4003280699253082,0.26448872685432434,0.2020285278558731,0.40486353635787964,0.28822681307792664,0.3713909685611725,0.27353447675704956,0.326005756855011,0.9999999403953552,0.27140873670578003,0.19429390132427216,0.14144685864448547,0.19483467936515808],[0.35494399070739746,0.2216951847076416,0.39120927453041077,0.33574917912483215,0.27699944376945496,0.32473498582839966,0.2874079942703247,0.24252741038799286,0.25344812870025635,0.29567813873291016,0.4489035904407501,0.27140873670578003,1.0,0.23004154860973358,0.22536513209342957,0.27744874358177185],[0.2097419947385788,0.22016501426696777,0.23156917095184326,0.18674494326114655,0.42621949315071106,0.6188223958015442,0.30653491616249084,0.36179062724113464,0.1836216300725937,0.16134124994277954,0.25281649827957153,0.19429390132427216,0.23004154860973358,0.9999999403953552,0.1785959005355835,0.2830226719379425],[0.25476014614105225,0.1896083801984787,0.2035769820213318,0.19312626123428345,0.24473878741264343,0.21051956713199615,0.2291770875453949,0.26045921444892883,0.19536092877388,0.18783949315547943,0.25040221214294434,0.14144685864448547,0.22536513209342957,0.1785959005355835,1.0,0.2244710475206375],[0.2532220184803009,0.23771966993808746,0.3272256851196289,0.29749611020088196,0.28006812930107117,0.33005407452583313,0.21435105800628662,0.27207857370376587,0.23143775761127472,0.22708313167095184,0.29303115606307983,0.19483467936515808,0.27744874358177185,0.2830226719379425,0.2244710475206375,1.0]]}