{"game_number":375,"words":["ANKLE","KNEE","SHIN","THIGH","CALF","CUB","JOEY","KID","CAN","HEAD","JOHN","THRONE","CRAY","JELLY","SILVER","STAR"],"adjacency_matrix":[[0.9999999403953552,0.8057969212532043,0.5828128457069397,0.6729322075843811,0.6051997542381287,0.22323133051395416,0.2144342064857483,0.3047519624233246,0.19637948274612427,0.39126765727996826,0.11832746118307114,0.24722813069820404,0.2888098359107971,0.23481805622577667,0.1961638629436493,0.2590484023094177],[0.8057969212532043,0.9999999403953552,0.583827018737793,0.7110309600830078,0.5377535223960876,0.12202361226081848,0.20069850981235504,0.33937159180641174,0.24160724878311157,0.4644699692726135,0.1649131029844284,0.3255816102027893,0.31854328513145447,0.2148229032754898,0.24814769625663757,0.30712899565696716],[0.5828128457069397,0.583827018737793,1.0,0.6275894045829773,0.5091572999954224,0.19823911786079407,0.2820296287536621,0.3307201564311981,0.2593090534210205,0.425300270318985,0.21078091859817505,0.24466772377490997,0.3408161401748657,0.32512661814689636,0.30636733770370483,0.3229084610939026],[0.6729322075843811,0.7110309600830078,0.6275894045829773,1.0,0.6322717070579529,0.20914827287197113,0.25599658489227295,0.32500529289245605,0.22290991246700287,0.5242493748664856,0.16795623302459717,0.28375181555747986,0.3398466408252716,0.3263244032859802,0.2829686403274536,0.28634703159332275],[0.6051997542381287,0.5377535223960876,0.5091572999954224,0.6322717070579529,1.0,0.5035552382469177,0.3948685824871063,0.4003610610961914,0.22991442680358887,0.4299681484699249,0.1833684891462326,0.27476683259010315,0.3335724174976349,0.3081950545310974,0.32181599736213684,0.33539074659347534],[0.22323133051395416,0.12202361226081848,0.19823911786079407,0.20914827287197113,0.5035552382469177,1.0,0.48888400197029114,0.40888622403144836,0.11802677065134048,0.21953825652599335,0.09963703155517578,0.19389288127422333,0.2414683997631073,0.22497324645519257,0.2230529934167862,0.2924705743789673],[0.2144342064857483,0.20069850981235504,0.2820296287536621,0.25599658489227295,0.3948685824871063,0.48888400197029114,1.0,0.44454798102378845,0.1430492103099823,0.20128189027309418,0.4855823814868927,0.1269380748271942,0.43100351095199585,0.31236734986305237,0.14752353727817535,0.2876638174057007],[0.3047519624233246,0.33937159180641174,0.3307201564311981,0.32500529289245605,0.4003610610961914,0.40888622403144836,0.44454798102378845,1.0,0.3028043806552887,0.38422468304634094,0.3279418647289276,0.2747911512851715,0.48101022839546204,0.3303874433040619,0.2547255754470825,0.4766177535057068],[0.19637948274612427,0.24160724878311157,0.2593090534210205,0.22290991246700287,0.22991442680358887,0.11802677065134048,0.1430492103099823,0.3028043806552887,1.0,0.33166006207466125,0.11046319454908371,0.23881259560585022,0.34623923897743225,0.1900201141834259,0.23459185659885406,0.2941969931125641],[0.39126765727996826,0.4644699692726135,0.425300270318985,0.5242493748664856,0.4299681484699249,0.21953825652599335,0.20128189027309418,0.38422468304634094,0.33166006207466125,1.0,0.18947382271289825,0.43763497471809387,0.37162429094314575,0.3102281987667084,0.3486555218696594,0.4479723274707794],[0.11832746118307114,0.1649131029844284,0.21078091859817505,0.16795623302459717,0.1833684891462326,0.09963703155517578,0.4855823814868927,0.3279418647289276,0.11046319454908371,0.18947382271289825,1.0,0.14536072313785553,0.36405497789382935,0.27963268756866455,0.14458301663398743,0.1894546002149582],[0.24722813069820404,0.3255816102027893,0.24466772377490997,0.28375181555747986,0.27476683259010315,0.19389288127422333,0.1269380748271942,0.2747911512851715,0.23881259560585022,0.43763497471809387,0.14536072313785553,1.0,0.20810820162296295,0.2452722042798996,0.36702680587768555,0.3537655472755432],[0.2888098359107971,0.31854328513145447,0.3408161401748657,0.3398466408252716,0.3335724174976349,0.2414683997631073,0.43100351095199585,0.48101022839546204,0.34623923897743225,0.37162429094314575,0.36405497789382935,0.20810820162296295,1.0,0.3960087299346924,0.3192232847213745,0.3639093041419983],[0.23481805622577667,0.2148229032754898,0.32512661814689636,0.3263244032859802,0.3081950545310974,0.22497324645519257,0.31236734986305237,0.3303874433040619,0.1900201141834259,0.3102281987667084,0.27963268756866455,0.2452722042798996,0.3960087299346924,1.0,0.2858363687992096,0.29344093799591064],[0.1961638629436493,0.24814769625663757,0.30636733770370483,0.2829686403274536,0.32181599736213684,0.2230529934167862,0.14752353727817535,0.2547255754470825,0.23459185659885406,0.3486555218696594,0.14458301663398743,0.36702680587768555,0.3192232847213745,0.2858363687992096,1.0,0.4167357385158539],[0.2590484023094177,0.30712899565696716,0.3229084610939026,0.28634703159332275,0.33539074659347534,0.2924705743789673,0.2876638174057007,0.4766177535057068,0.2941969931125641,0.4479723274707794,0.1894546002149582,0.3537655472755432,0.3639093041419983,0.29344093799591064,0.4167357385158539,1.0]]}