{"game_number":148,"words":["HEADBAND","MULLET","NEON","SPANDEX","PIKE","SPLIT","STRADDLE","TUCK","ANIMAL","GOLDFISH","OYSTER","RITZ","CORPORATE","ROPE","SALMON","WORD"],"adjacency_matrix":[[1.0,0.44457757472991943,0.35843002796173096,0.435491681098938,0.2680172324180603,0.23470284044742584,0.2238224595785141,0.30981218814849854,0.26130178570747375,0.2757638394832611,0.22504164278507233,0.2570011019706726,0.23739948868751526,0.3429793417453766,0.26552334427833557,0.3227665424346924],[0.44457757472991943,1.0,0.3249600827693939,0.3632771074771881,0.43862083554267883,0.3747788667678833,0.3081458806991577,0.3755556344985962,0.2395525574684143,0.35202622413635254,0.3943231701850891,0.3315107226371765,0.28560981154441833,0.28945520520210266,0.44578003883361816,0.3604696989059448],[0.35843002796173096,0.3249600827693939,1.0,0.3745783567428589,0.22136810421943665,0.11664392799139023,0.18953554332256317,0.19846604764461517,0.2679184377193451,0.3412058651447296,0.24470527470111847,0.37153467535972595,0.34982672333717346,0.32217949628829956,0.29349008202552795,0.2859557569026947],[0.435491681098938,0.3632771074771881,0.3745783567428589,1.0,0.1671718955039978,0.3154161870479584,0.3698214292526245,0.3063558042049408,0.2936258614063263,0.22062312066555023,0.22473479807376862,0.30041763186454773,0.4142518937587738,0.3485035300254822,0.2399318665266037,0.3185810148715973],[0.2680172324180603,0.43862083554267883,0.22136810421943665,0.1671718955039978,1.0,0.24935229122638702,0.3033532500267029,0.3230307102203369,0.22120963037014008,0.3430593013763428,0.32436731457710266,0.28287437558174133,0.23998619616031647,0.32386818528175354,0.382646381855011,0.29147979617118835],[0.23470284044742584,0.3747788667678833,0.11664392799139023,0.3154161870479584,0.24935229122638702,1.0,0.5125097036361694,0.36978211998939514,0.2766478955745697,0.20012536644935608,0.17918172478675842,0.21076218783855438,0.3720831871032715,0.30569207668304443,0.2739218771457672,0.33659180998802185],[0.2238224595785141,0.3081458806991577,0.18953554332256317,0.3698214292526245,0.3033532500267029,0.5125097036361694,1.0,0.39218562841415405,0.31221437454223633,0.1602700799703598,0.23660233616828918,0.27777209877967834,0.35847988724708557,0.37951210141181946,0.22443123161792755,0.2770385444164276],[0.30981218814849854,0.3755556344985962,0.19846604764461517,0.3063558042049408,0.3230307102203369,0.36978211998939514,0.39218562841415405,1.0000001192092896,0.16628801822662354,0.2687702178955078,0.2345675677061081,0.3587770462036133,0.28635871410369873,0.33358293771743774,0.2472149133682251,0.2711387574672699],[0.26130178570747375,0.2395525574684143,0.2679184377193451,0.2936258614063263,0.22120963037014008,0.2766478955745697,0.31221437454223633,0.16628801822662354,0.9999998807907104,0.4461485743522644,0.3696335256099701,0.28708529472351074,0.4564618766307831,0.36181801557540894,0.37354934215545654,0.3959408104419708],[0.2757638394832611,0.35202622413635254,0.3412058651447296,0.22062312066555023,0.3430593013763428,0.20012536644935608,0.1602700799703598,0.2687702178955078,0.4461485743522644,1.0,0.4086364805698395,0.3430776596069336,0.256785124540329,0.2463766634464264,0.4951648414134979,0.2967117428779602],[0.22504164278507233,0.3943231701850891,0.24470527470111847,0.22473479807376862,0.32436731457710266,0.17918172478675842,0.23660233616828918,0.2345675677061081,0.3696335256099701,0.4086364805698395,0.9999999403953552,0.30972597002983093,0.339277982711792,0.2651037573814392,0.5205799341201782,0.3115038573741913],[0.2570011019706726,0.3315107226371765,0.37153467535972595,0.30041763186454773,0.28287437558174133,0.21076218783855438,0.27777209877967834,0.3587770462036133,0.28708529472351074,0.3430776596069336,0.30972597002983093,1.0,0.28063341975212097,0.37240949273109436,0.30684831738471985,0.39377132058143616],[0.23739948868751526,0.28560981154441833,0.34982672333717346,0.4142518937587738,0.23998619616031647,0.3720831871032715,0.35847988724708557,0.28635871410369873,0.4564618766307831,0.256785124540329,0.339277982711792,0.28063341975212097,1.0,0.29606783390045166,0.3212994337081909,0.37920325994491577],[0.3429793417453766,0.28945520520210266,0.32217949628829956,0.3485035300254822,0.32386818528175354,0.30569207668304443,0.37951210141181946,0.33358293771743774,0.36181801557540894,0.2463766634464264,0.2651037573814392,0.37240949273109436,0.29606783390045166,1.0,0.26260027289390564,0.39842474460601807],[0.26552334427833557,0.44578003883361816,0.29349008202552795,0.2399318665266037,0.382646381855011,0.2739218771457672,0.22443123161792755,0.2472149133682251,0.37354934215545654,0.4951648414134979,0.5205799341201782,0.30684831738471985,0.3212994337081909,0.26260027289390564,1.0,0.30951735377311707],[0.3227665424346924,0.3604696989059448,0.2859557569026947,0.3185810148715973,0.29147979617118835,0.33659180998802185,0.2770385444164276,0.2711387574672699,0.3959408104419708,0.2967117428779602,0.3115038573741913,0.39377132058143616,0.37920325994491577,0.39842474460601807,0.30951735377311707,1.0]]}