{"game_number":62,"words":["CHOW","EATS","FARE","GRUB","DIRECT","GUIDE","LEAD","STEER","BULLY","COW","DAUNT","RATTLE","BULL","FLEA","MEAT","STOCK"],"adjacency_matrix":[[0.9999999403953552,0.5143194794654846,0.4288950562477112,0.48801863193511963,0.32855501770973206,0.31241390109062195,0.3345677852630615,0.30884385108947754,0.33208298683166504,0.4541245102882385,0.27765342593193054,0.34189173579216003,0.3746385872364044,0.3822563588619232,0.4780600965023041,0.374088317155838],[0.5143194794654846,1.0,0.3652186393737793,0.4446718394756317,0.25269317626953125,0.25649309158325195,0.31137779355049133,0.28481942415237427,0.33468398451805115,0.4328647553920746,0.24020078778266907,0.31437623500823975,0.3469601273536682,0.41603901982307434,0.5438823699951172,0.3487352132797241],[0.4288950562477112,0.3652186393737793,1.0,0.39379245042800903,0.421345978975296,0.4159097373485565,0.3310101330280304,0.33715084195137024,0.28563550114631653,0.28006187081336975,0.345655232667923,0.3077000677585602,0.28787195682525635,0.3373531401157379,0.4043042063713074,0.4174996614456177],[0.48801863193511963,0.4446718394756317,0.39379245042800903,1.0,0.29736408591270447,0.3310781419277191,0.22622083127498627,0.3116723895072937,0.2833629846572876,0.3857256770133972,0.2924802601337433,0.2926442325115204,0.31619831919670105,0.4187118113040924,0.43163666129112244,0.3199343979358673],[0.32855501770973206,0.25269317626953125,0.421345978975296,0.29736408591270447,1.0,0.5568156242370605,0.5771968364715576,0.5317948460578918,0.2746562659740448,0.2777710556983948,0.39733418822288513,0.3168703317642212,0.3398837745189667,0.29444482922554016,0.4066203236579895,0.36231985688209534],[0.31241390109062195,0.25649309158325195,0.4159097373485565,0.3310781419277191,0.5568156242370605,0.9999999403953552,0.5504400730133057,0.5665808916091919,0.33998921513557434,0.23746071755886078,0.4261128604412079,0.35378801822662354,0.33128824830055237,0.3112149238586426,0.31800538301467896,0.3011898994445801],[0.3345677852630615,0.31137779355049133,0.3310101330280304,0.22622083127498627,0.5771968364715576,0.5504400730133057,1.0,0.4865237772464752,0.30931025743484497,0.26356419920921326,0.4087493419647217,0.38657093048095703,0.3422872722148895,0.30919522047042847,0.3946865499019623,0.3425905704498291],[0.30884385108947754,0.28481942415237427,0.33715084195137024,0.3116723895072937,0.5317948460578918,0.5665808916091919,0.4865237772464752,0.9999999403953552,0.4330635070800781,0.4665672779083252,0.3400052487850189,0.40697163343429565,0.4709884226322174,0.27990370988845825,0.3635164499282837,0.3676619231700897],[0.33208298683166504,0.33468398451805115,0.28563550114631653,0.2833629846572876,0.2746562659740448,0.33998921513557434,0.30931025743484497,0.4330635070800781,0.9999999403953552,0.42395514249801636,0.36624011397361755,0.3954712450504303,0.47573620080947876,0.33993950486183167,0.30868133902549744,0.2805880010128021],[0.4541245102882385,0.4328647553920746,0.28006187081336975,0.3857256770133972,0.2777710556983948,0.23746071755886078,0.26356419920921326,0.4665672779083252,0.42395514249801636,1.0,0.21390752494335175,0.3694254755973816,0.6669889688491821,0.4084526598453522,0.5727161765098572,0.4446142911911011],[0.27765342593193054,0.24020078778266907,0.345655232667923,0.2924802601337433,0.39733418822288513,0.4261128604412079,0.4087493419647217,0.3400052487850189,0.36624011397361755,0.21390752494335175,1.0,0.43017494678497314,0.3262959122657776,0.22234906256198883,0.2300393283367157,0.2294166386127472],[0.34189173579216003,0.31437623500823975,0.3077000677585602,0.2926442325115204,0.3168703317642212,0.35378801822662354,0.38657093048095703,0.40697163343429565,0.3954712450504303,0.3694254755973816,0.43017494678497314,1.0,0.4571434557437897,0.4161498546600342,0.3648303747177124,0.40079817175865173],[0.3746385872364044,0.3469601273536682,0.28787195682525635,0.31619831919670105,0.3398837745189667,0.33128824830055237,0.3422872722148895,0.4709884226322174,0.47573620080947876,0.6669889688491821,0.3262959122657776,0.4571434557437897,1.0,0.43282783031463623,0.4860546588897705,0.5194277763366699],[0.3822563588619232,0.41603901982307434,0.3373531401157379,0.4187118113040924,0.29444482922554016,0.3112149238586426,0.30919522047042847,0.27990370988845825,0.33993950486183167,0.4084526598453522,0.22234906256198883,0.4161498546600342,0.43282783031463623,1.0,0.36315637826919556,0.39639654755592346],[0.4780600965023041,0.5438823699951172,0.4043042063713074,0.43163666129112244,0.4066203236579895,0.31800538301467896,0.3946865499019623,0.3635164499282837,0.30868133902549744,0.5727161765098572,0.2300393283367157,0.3648303747177124,0.4860546588897705,0.36315637826919556,1.0,0.4745062589645386],[0.374088317155838,0.3487352132797241,0.4174996614456177,0.3199343979358673,0.36231985688209534,0.3011898994445801,0.3425905704498291,0.3676619231700897,0.2805880010128021,0.4446142911911011,0.2294166386127472,0.40079817175865173,0.5194277763366699,0.39639654755592346,0.4745062589645386,0.9999999403953552]]}