{"game_number":266,"words":["CHILL","HANG","LOAF","LOUNGE","BANGER","BOP","GROOVE","JAM","MASH","ROAST","SCONE","TRIFLE","BIND","PICKLE","SCRAPE","SPOT"],"adjacency_matrix":[[1.0,0.45101693272590637,0.31206199526786804,0.38442832231521606,0.3347495496273041,0.2558627426624298,0.38937562704086304,0.366146445274353,0.43299299478530884,0.4266799986362457,0.35234057903289795,0.3744254410266876,0.36237630248069763,0.4103528559207916,0.3371899425983429,0.35756316781044006],[0.45101693272590637,1.0,0.27210456132888794,0.3637324273586273,0.36784884333610535,0.2333315908908844,0.32591739296913147,0.351676344871521,0.3954453766345978,0.3749244213104248,0.3441932201385498,0.2872824966907501,0.48167723417282104,0.43973881006240845,0.42598193883895874,0.4689926505088806],[0.31206199526786804,0.27210456132888794,1.0,0.2386874109506607,0.4068879783153534,0.2219897359609604,0.3295014798641205,0.42876294255256653,0.48244619369506836,0.48879435658454895,0.6365482211112976,0.47768011689186096,0.2998046278953552,0.40769869089126587,0.3929135203361511,0.3583879768848419],[0.38442832231521606,0.3637324273586273,0.2386874109506607,1.0,0.35995087027549744,0.2890975773334503,0.4031251072883606,0.3264594078063965,0.3184652626514435,0.3539184629917145,0.30427226424217224,0.2640778124332428,0.21004505455493927,0.25891244411468506,0.20211295783519745,0.4194079041481018],[0.3347495496273041,0.36784884333610535,0.4068879783153534,0.35995087027549744,1.0,0.358609676361084,0.5028213262557983,0.4758029580116272,0.5600270628929138,0.40721946954727173,0.41870352625846863,0.4108872711658478,0.24920597672462463,0.40675297379493713,0.3719754219055176,0.4082309603691101],[0.2558627426624298,0.2333315908908844,0.2219897359609604,0.2890975773334503,0.358609676361084,1.0,0.4008885324001312,0.36900755763053894,0.32950055599212646,0.16574250161647797,0.2227431684732437,0.14685365557670593,0.1243387907743454,0.256915807723999,0.17233368754386902,0.18737775087356567],[0.38937562704086304,0.32591739296913147,0.3295014798641205,0.4031251072883606,0.5028213262557983,0.4008885324001312,1.0,0.4619259238243103,0.4127453863620758,0.28568994998931885,0.36245331168174744,0.37052586674690247,0.4092690348625183,0.3547847867012024,0.42363548278808594,0.4797370135784149],[0.366146445274353,0.351676344871521,0.42876294255256653,0.3264594078063965,0.4758029580116272,0.36900755763053894,0.4619259238243103,1.0,0.5402145981788635,0.3272595703601837,0.4779725968837738,0.3440946936607361,0.3288114666938782,0.46561044454574585,0.39333730936050415,0.3361883759498596],[0.43299299478530884,0.3954453766345978,0.48244619369506836,0.3184652626514435,0.5600270628929138,0.32950055599212646,0.4127453863620758,0.5402145981788635,1.0,0.5079990029335022,0.4721315801143646,0.3915100395679474,0.3343047499656677,0.5526942014694214,0.4659631550312042,0.32302287220954895],[0.4266799986362457,0.3749244213104248,0.48879435658454895,0.3539184629917145,0.40721946954727173,0.16574250161647797,0.28568994998931885,0.3272595703601837,0.5079990029335022,1.0000001192092896,0.39441192150115967,0.4273742437362671,0.3093473017215729,0.4299081563949585,0.4216790199279785,0.3985801339149475],[0.35234057903289795,0.3441932201385498,0.6365482211112976,0.30427226424217224,0.41870352625846863,0.2227431684732437,0.36245331168174744,0.4779725968837738,0.4721315801143646,0.39441192150115967,0.9999999403953552,0.4536826014518738,0.27195754647254944,0.46870356798171997,0.3536619544029236,0.42612242698669434],[0.3744254410266876,0.2872824966907501,0.47768011689186096,0.2640778124332428,0.4108872711658478,0.14685365557670593,0.37052586674690247,0.3440946936607361,0.3915100395679474,0.4273742437362671,0.4536826014518738,0.9999999403953552,0.2765538990497589,0.43086278438568115,0.36590802669525146,0.3739786744117737],[0.36237630248069763,0.48167723417282104,0.2998046278953552,0.21004505455493927,0.24920597672462463,0.1243387907743454,0.4092690348625183,0.3288114666938782,0.3343047499656677,0.3093473017215729,0.27195754647254944,0.2765538990497589,1.0,0.443980872631073,0.42419224977493286,0.34966424107551575],[0.4103528559207916,0.43973881006240845,0.40769869089126587,0.25891244411468506,0.40675297379493713,0.256915807723999,0.3547847867012024,0.46561044454574585,0.5526942014694214,0.4299081563949585,0.46870356798171997,0.43086278438568115,0.443980872631073,0.9999999403953552,0.42342039942741394,0.4062242805957794],[0.3371899425983429,0.42598193883895874,0.3929135203361511,0.20211295783519745,0.3719754219055176,0.17233368754386902,0.42363548278808594,0.39333730936050415,0.4659631550312042,0.4216790199279785,0.3536619544029236,0.36590802669525146,0.42419224977493286,0.42342039942741394,1.0,0.4569569230079651],[0.35756316781044006,0.4689926505088806,0.3583879768848419,0.4194079041481018,0.4082309603691101,0.18737775087356567,0.4797370135784149,0.3361883759498596,0.32302287220954895,0.3985801339149475,0.42612242698669434,0.3739786744117737,0.34966424107551575,0.4062242805957794,0.4569569230079651,1.0]]}