{
  "game_number": 245,
  "words": [
    "NEW",
    "OPEN",
    "PRINT",
    "SAVE",
    "DRAWING",
    "LOTTERY",
    "POOL",
    "RAFFLE",
    "ALLOY",
    "SCULPTURE",
    "SUNTAN",
    "THIRD",
    "MEDIUM",
    "MYSTIC",
    "ORACLE",
    "PSYCHIC"
  ],
  "adjacency_matrix": [
    [
      0.9999999403953552,
      0.5631424784660339,
      0.42415282130241394,
      0.4370101988315582,
      0.42450693249702454,
      0.38361695408821106,
      0.40241408348083496,
      0.2354358732700348,
      0.3702789545059204,
      0.34386366605758667,
      0.23406033217906952,
      0.5584331750869751,
      0.4003978669643402,
      0.4487549662590027,
      0.3009704351425171,
      0.3896576464176178
    ],
    [
      0.5631424784660339,
      1.0,
      0.4301126301288605,
      0.4845004677772522,
      0.47400781512260437,
      0.3700428307056427,
      0.43991151452064514,
      0.32323378324508667,
      0.2759966254234314,
      0.29095208644866943,
      0.18479575216770172,
      0.40600699186325073,
      0.35115107893943787,
      0.280254989862442,
      0.2701112926006317,
      0.20850618183612823
    ],
    [
      0.42415282130241394,
      0.4301126301288605,
      1.0,
      0.457090824842453,
      0.45566511154174805,
      0.350363552570343,
      0.35458362102508545,
      0.2841711938381195,
      0.26270800828933716,
      0.42443880438804626,
      0.23911824822425842,
      0.33098942041397095,
      0.5365262627601624,
      0.2538502812385559,
      0.32328179478645325,
      0.29900023341178894
    ],
    [
      0.4370101988315582,
      0.4845004677772522,
      0.457090824842453,
      1.0,
      0.42079421877861023,
      0.2993507981300354,
      0.33840909600257874,
      0.2292270064353943,
      0.27783939242362976,
      0.22806565463542938,
      0.199258491396904,
      0.38049420714378357,
      0.2576533257961273,
      0.2673785984516144,
      0.2145315557718277,
      0.2528804838657379
    ],
    [
      0.42450693249702454,
      0.47400781512260437,
      0.45566511154174805,
      0.42079421877861023,
      1.0,
      0.43414705991744995,
      0.45078951120376587,
      0.3699592351913452,
      0.19079940021038055,
      0.4853594899177551,
      0.22286303341388702,
      0.32391276955604553,
      0.3272402584552765,
      0.3134746253490448,
      0.23920610547065735,
      0.2939184308052063
    ],
    [
      0.38361695408821106,
      0.3700428307056427,
      0.350363552570343,
      0.2993507981300354,
      0.43414705991744995,
      1.0,
      0.4676441252231598,
      0.5996478796005249,
      0.21297313272953033,
      0.33177217841148376,
      0.23938941955566406,
      0.3377014398574829,
      0.31901758909225464,
      0.2693498730659485,
      0.29738354682922363,
      0.3637436330318451
    ],
    [
      0.40241408348083496,
      0.43991151452064514,
      0.35458362102508545,
      0.33840909600257874,
      0.45078951120376587,
      0.4676441252231598,
      0.9999999403953552,
      0.3492826521396637,
      0.24318113923072815,
      0.3546302914619446,
      0.368497759103775,
      0.3077601194381714,
      0.3418962061405182,
      0.2974441349506378,
      0.24251028895378113,
      0.29464203119277954
    ],
    [
      0.2354358732700348,
      0.32323378324508667,
      0.2841711938381195,
      0.2292270064353943,
      0.3699592351913452,
      0.5996478796005249,
      0.3492826521396637,
      0.9999999403953552,
      0.2006874829530716,
      0.3017178773880005,
      0.18237058818340302,
      0.20549435913562775,
      0.15953229367733002,
      0.20634545385837555,
      0.21654915809631348,
      0.23939013481140137
    ],
    [
      0.3702789545059204,
      0.2759966254234314,
      0.26270800828933716,
      0.27783939242362976,
      0.19079940021038055,
      0.21297313272953033,
      0.24318113923072815,
      0.2006874829530716,
      1.0,
      0.34713461995124817,
      0.18625086545944214,
      0.2725619971752167,
      0.32245638966560364,
      0.28110960125923157,
      0.26363858580589294,
      0.25813350081443787
    ],
    [
      0.34386366605758667,
      0.29095208644866943,
      0.42443880438804626,
      0.22806565463542938,
      0.4853594899177551,
      0.33177217841148376,
      0.3546302914619446,
      0.3017178773880005,
      0.34713461995124817,
      1.0,
      0.24066855013370514,
      0.2792135775089264,
      0.4249502718448639,
      0.31674057245254517,
      0.3431239128112793,
      0.27530235052108765
    ],
    [
      0.23406033217906952,
      0.18479575216770172,
      0.23911824822425842,
      0.199258491396904,
      0.22286303341388702,
      0.23938941955566406,
      0.368497759103775,
      0.18237058818340302,
      0.18625086545944214,
      0.24066855013370514,
      0.9999999403953552,
      0.1535361260175705,
      0.2528475522994995,
      0.2790077030658722,
      0.25598639249801636,
      0.31953591108322144
    ],
    [
      0.5584331750869751,
      0.40600699186325073,
      0.33098942041397095,
      0.38049420714378357,
      0.32391276955604553,
      0.3377014398574829,
      0.3077601194381714,
      0.20549435913562775,
      0.2725619971752167,
      0.2792135775089264,
      0.1535361260175705,
      1.0,
      0.3588865399360657,
      0.3395865559577942,
      0.3121705949306488,
      0.3050247132778168
    ],
    [
      0.4003978669643402,
      0.35115107893943787,
      0.5365262627601624,
      0.2576533257961273,
      0.3272402584552765,
      0.31901758909225464,
      0.3418962061405182,
      0.15953229367733002,
      0.32245638966560364,
      0.4249502718448639,
      0.2528475522994995,
      0.3588865399360657,
      1.0,
      0.3836449682712555,
      0.27267611026763916,
      0.4378601312637329
    ],
    [
      0.4487549662590027,
      0.280254989862442,
      0.2538502812385559,
      0.2673785984516144,
      0.3134746253490448,
      0.2693498730659485,
      0.2974441349506378,
      0.20634545385837555,
      0.28110960125923157,
      0.31674057245254517,
      0.2790077030658722,
      0.3395865559577942,
      0.3836449682712555,
      1.0,
      0.4298730790615082,
      0.6747971773147583
    ],
    [
      0.3009704351425171,
      0.2701112926006317,
      0.32328179478645325,
      0.2145315557718277,
      0.23920610547065735,
      0.29738354682922363,
      0.24251028895378113,
      0.21654915809631348,
      0.26363858580589294,
      0.3431239128112793,
      0.25598639249801636,
      0.3121705949306488,
      0.27267611026763916,
      0.4298730790615082,
      1.0,
      0.3802907168865204
    ],
    [
      0.3896576464176178,
      0.20850618183612823,
      0.29900023341178894,
      0.2528804838657379,
      0.2939184308052063,
      0.3637436330318451,
      0.29464203119277954,
      0.23939013481140137,
      0.25813350081443787,
      0.27530235052108765,
      0.31953591108322144,
      0.3050247132778168,
      0.4378601312637329,
      0.6747971773147583,
      0.3802907168865204,
      1.0
    ]
  ]
}