{"game_number":306,"words":["ESSENCE","HEART","SPIRIT","SOUL","CIDER","PORT","SAKE","STOUT","BRAVE","CARS","COCO","UP","DEMO","RED","SCOTCH","TICKER"],"adjacency_matrix":[[1.0,0.5011537671089172,0.6579129099845886,0.5716079473495483,0.18918989598751068,0.3152749240398407,0.39731720089912415,0.23000311851501465,0.34368467330932617,0.2890109121799469,0.3004203140735626,0.34351441264152527,0.32546094059944153,0.34363025426864624,0.3007613718509674,0.19366183876991272],[0.5011537671089172,1.0,0.5854765176773071,0.67289799451828,0.17147302627563477,0.42171669006347656,0.31940701603889465,0.3160321116447449,0.43858420848846436,0.24826613068580627,0.24425484240055084,0.3840349316596985,0.24103929102420807,0.3997191786766052,0.29734545946121216,0.33819034695625305],[0.6579129099845886,0.5854765176773071,1.0,0.6797912120819092,0.3046931326389313,0.2931753993034363,0.38125383853912354,0.3899504542350769,0.5040165781974792,0.2537950873374939,0.27683961391448975,0.3179956078529358,0.2927885055541992,0.3177000880241394,0.34005284309387207,0.20935049653053284],[0.5716079473495483,0.67289799451828,0.6797912120819092,1.0,0.2617555558681488,0.3129061460494995,0.34254491329193115,0.3211227059364319,0.44130057096481323,0.28490889072418213,0.3390275239944458,0.26929783821105957,0.26424291729927063,0.31751206517219543,0.30527207255363464,0.2622372806072235],[0.18918989598751068,0.17147302627563477,0.3046931326389313,0.2617555558681488,1.0,0.2573896050453186,0.30283740162849426,0.4107646644115448,0.2798828184604645,0.24024438858032227,0.29555177688598633,0.1575194001197815,0.22935393452644348,0.2891111969947815,0.5228866338729858,0.13077157735824585],[0.3152749240398407,0.42171669006347656,0.2931753993034363,0.3129061460494995,0.2573896050453186,0.9999999403953552,0.23992468416690826,0.3333633840084076,0.2819611728191376,0.297555536031723,0.3116716742515564,0.31997284293174744,0.3220905363559723,0.31858986616134644,0.3074353337287903,0.21645304560661316],[0.39731720089912415,0.31940701603889465,0.38125383853912354,0.34254491329193115,0.30283740162849426,0.23992468416690826,1.0,0.23757854104042053,0.2866838872432709,0.22722338140010834,0.17098858952522278,0.22392570972442627,0.2444021850824356,0.18783842027187347,0.26335689425468445,0.15285001695156097],[0.23000311851501465,0.3160321116447449,0.3899504542350769,0.3211227059364319,0.4107646644115448,0.3333633840084076,0.23757854104042053,1.0,0.5687421560287476,0.236294686794281,0.33116573095321655,0.32399243116378784,0.26018592715263367,0.4060135781764984,0.45861169695854187,0.23965737223625183],[0.34368467330932617,0.43858420848846436,0.5040165781974792,0.44130057096481323,0.2798828184604645,0.2819611728191376,0.2866838872432709,0.5687421560287476,0.9999999403953552,0.24688735604286194,0.2682211399078369,0.32833215594291687,0.28506478667259216,0.37007570266723633,0.33284690976142883,0.24455171823501587],[0.2890109121799469,0.24826613068580627,0.2537950873374939,0.28490889072418213,0.24024438858032227,0.297555536031723,0.22722338140010834,0.236294686794281,0.24688735604286194,1.0,0.21655015647411346,0.32221266627311707,0.3031602203845978,0.3722038269042969,0.31051960587501526,0.28109413385391235],[0.3004203140735626,0.24425484240055084,0.27683961391448975,0.3390275239944458,0.29555177688598633,0.3116716742515564,0.17098858952522278,0.33116573095321655,0.2682211399078369,0.21655015647411346,1.0,0.20780210196971893,0.2431563138961792,0.37877482175827026,0.41109928488731384,0.26823270320892334],[0.34351441264152527,0.3840349316596985,0.3179956078529358,0.26929783821105957,0.1575194001197815,0.31997284293174744,0.22392570972442627,0.32399243116378784,0.32833215594291687,0.32221266627311707,0.20780210196971893,1.0,0.2928326427936554,0.34936028718948364,0.2974908649921417,0.22213096916675568],[0.32546094059944153,0.24103929102420807,0.2927885055541992,0.26424291729927063,0.22935393452644348,0.3220905363559723,0.2444021850824356,0.26018592715263367,0.28506478667259216,0.3031602203845978,0.2431563138961792,0.2928326427936554,1.0,0.32331082224845886,0.28902843594551086,0.3080279231071472],[0.34363025426864624,0.3997191786766052,0.3177000880241394,0.31751206517219543,0.2891111969947815,0.31858986616134644,0.18783842027187347,0.4060135781764984,0.37007570266723633,0.3722038269042969,0.37877482175827026,0.34936028718948364,0.32331082224845886,1.0,0.43059614300727844,0.4173407256603241],[0.3007613718509674,0.29734545946121216,0.34005284309387207,0.30527207255363464,0.5228866338729858,0.3074353337287903,0.26335689425468445,0.45861169695854187,0.33284690976142883,0.31051960587501526,0.41109928488731384,0.2974908649921417,0.28902843594551086,0.43059614300727844,1.0,0.2359328269958496],[0.19366183876991272,0.33819034695625305,0.20935049653053284,0.2622372806072235,0.13077157735824585,0.21645304560661316,0.15285001695156097,0.23965737223625183,0.24455171823501587,0.28109413385391235,0.26823270320892334,0.22213096916675568,0.3080279231071472,0.4173407256603241,0.2359328269958496,1.0]]}