{"game_number":102,"words":["COLUMN","PILLAR","POLE","POST","FOLLOW","MIND","OBSERVE","REGARD","INTEREST","PERCENTAGE","SHARE","STAKE","DIRT","INFORMATION","INTELLIGENCE","SECRETS"],"adjacency_matrix":[[1.0,0.4480740427970886,0.30161476135253906,0.4493113160133362,0.3177507817745209,0.2677532434463501,0.2555285096168518,0.28282099962234497,0.31345805525779724,0.33827024698257446,0.29148900508880615,0.2645091414451599,0.2795591354370117,0.38496115803718567,0.26994335651397705,0.2166883498430252],[0.4480740427970886,1.0,0.4871448576450348,0.42360979318618774,0.3227705657482147,0.3060670793056488,0.258328378200531,0.31692180037498474,0.31013408303260803,0.28699246048927307,0.30574074387550354,0.4102705121040344,0.28403279185295105,0.3259524405002594,0.27254512906074524,0.30639851093292236],[0.30161476135253906,0.4871448576450348,1.0,0.4079602062702179,0.261223703622818,0.26983723044395447,0.3110384941101074,0.30657321214675903,0.3000674247741699,0.2925792336463928,0.2915465533733368,0.42816078662872314,0.3772091865539551,0.2026565968990326,0.2467242032289505,0.1904849112033844],[0.4493113160133362,0.42360979318618774,0.4079602062702179,0.9999999403953552,0.5161793231964111,0.38682079315185547,0.43983638286590576,0.4599505662918091,0.4026341736316681,0.32340747117996216,0.5064176321029663,0.38954687118530273,0.3061215877532959,0.4079667329788208,0.2983925938606262,0.24143017828464508],[0.3177507817745209,0.3227705657482147,0.261223703622818,0.5161793231964111,1.0,0.46032464504241943,0.653943657875061,0.5220259428024292,0.4208180010318756,0.3076440393924713,0.46789610385894775,0.3687715530395508,0.2899353504180908,0.39617446064949036,0.2216475009918213,0.2857842743396759],[0.2677532434463501,0.3060670793056488,0.26983723044395447,0.38682079315185547,0.46032464504241943,1.0,0.4220876097679138,0.5500969290733337,0.5767557621002197,0.3122827708721161,0.4128910005092621,0.4062619209289551,0.3060908317565918,0.4016663730144501,0.47135794162750244,0.37485364079475403],[0.2555285096168518,0.258328378200531,0.3110384941101074,0.43983638286590576,0.653943657875061,0.4220876097679138,1.0,0.5400721430778503,0.4029017686843872,0.2557080388069153,0.4418483376502991,0.3230542242527008,0.2555079758167267,0.3518396019935608,0.2648467421531677,0.2572103440761566],[0.28282099962234497,0.31692180037498474,0.30657321214675903,0.4599505662918091,0.5220259428024292,0.5500969290733337,0.5400721430778503,0.9999999403953552,0.5993282198905945,0.38338351249694824,0.522831380367279,0.42156457901000977,0.2824826240539551,0.48200753331184387,0.40249770879745483,0.2754438817501068],[0.31345805525779724,0.31013408303260803,0.3000674247741699,0.4026341736316681,0.4208180010318756,0.5767557621002197,0.4029017686843872,0.5993282198905945,1.0,0.43377119302749634,0.5248656868934631,0.5491579174995422,0.32215169072151184,0.5130856037139893,0.46318790316581726,0.38639798760414124],[0.33827024698257446,0.28699246048927307,0.2925792336463928,0.32340747117996216,0.3076440393924713,0.3122827708721161,0.2557080388069153,0.38338351249694824,0.43377119302749634,0.9999999403953552,0.547727644443512,0.4587879180908203,0.30661001801490784,0.3961721658706665,0.28785082697868347,0.28790006041526794],[0.29148900508880615,0.30574074387550354,0.2915465533733368,0.5064176321029663,0.46789610385894775,0.4128910005092621,0.4418483376502991,0.522831380367279,0.5248656868934631,0.547727644443512,1.0,0.5367195010185242,0.30347317457199097,0.45959949493408203,0.3517378270626068,0.40746769309043884],[0.2645091414451599,0.4102705121040344,0.42816078662872314,0.38954687118530273,0.3687715530395508,0.4062619209289551,0.3230542242527008,0.42156457901000977,0.5491579174995422,0.4587879180908203,0.5367195010185242,1.0,0.33769455552101135,0.3295740485191345,0.2760612666606903,0.3202390670776367],[0.2795591354370117,0.28403279185295105,0.3772091865539551,0.3061215877532959,0.2899353504180908,0.3060908317565918,0.2555079758167267,0.2824826240539551,0.32215169072151184,0.30661001801490784,0.30347317457199097,0.33769455552101135,0.9999999403953552,0.34595033526420593,0.3281884789466858,0.3979611098766327],[0.38496115803718567,0.3259524405002594,0.2026565968990326,0.4079667329788208,0.39617446064949036,0.4016663730144501,0.3518396019935608,0.48200753331184387,0.5130856037139893,0.3961721658706665,0.45959949493408203,0.3295740485191345,0.34595033526420593,0.9999999403953552,0.5544760227203369,0.48562857508659363],[0.26994335651397705,0.27254512906074524,0.2467242032289505,0.2983925938606262,0.2216475009918213,0.47135794162750244,0.2648467421531677,0.40249770879745483,0.46318790316581726,0.28785082697868347,0.3517378270626068,0.2760612666606903,0.3281884789466858,0.5544760227203369,1.0,0.43512147665023804],[0.2166883498430252,0.30639851093292236,0.1904849112033844,0.24143017828464508,0.2857842743396759,0.37485364079475403,0.2572103440761566,0.2754438817501068,0.38639798760414124,0.28790006041526794,0.40746769309043884,0.3202390670776367,0.3979611098766327,0.48562857508659363,0.43512147665023804,0.9999999403953552]]}