{"game_number":202,"words":["PLANT","SEED","WATER","WEED","CAESAR","GREEK","GREEN","WEDGE","FEUD","MILLIONAIRE","PYRAMID","WHEEL","WAY","WEE","WHY","WHOA"],"adjacency_matrix":[[1.0,0.6182201504707336,0.4969085454940796,0.5601351261138916,0.2523188591003418,0.3221280872821808,0.45064836740493774,0.3034151792526245,0.24410246312618256,0.31602218747138977,0.3730199337005615,0.42496293783187866,0.3787388205528259,0.30477434396743774,0.21809957921504974,0.1258181631565094],[0.6182201504707336,1.0,0.413176029920578,0.5734823346138,0.28400635719299316,0.344078004360199,0.43327391147613525,0.3747897148132324,0.2059316486120224,0.33113348484039307,0.3503373861312866,0.35309305787086487,0.36278799176216125,0.31052255630493164,0.1813272088766098,0.1234116181731224],[0.4969085454940796,0.413176029920578,0.9999999403953552,0.4332198202610016,0.2068944275379181,0.34204259514808655,0.47920751571655273,0.36750733852386475,0.2702455520629883,0.25919103622436523,0.34253570437431335,0.4297114312648773,0.3873688280582428,0.2703252136707306,0.2526819705963135,0.14971387386322021],[0.5601351261138916,0.5734823346138,0.4332198202610016,1.0,0.25150972604751587,0.31455710530281067,0.42431414127349854,0.3898885250091553,0.2871495187282562,0.3367314040660858,0.24138693511486053,0.3748924732208252,0.3672735095024109,0.35703200101852417,0.22042937576770782,0.23292981088161469],[0.2523188591003418,0.28400635719299316,0.2068944275379181,0.25150972604751587,1.0,0.3949798047542572,0.25111573934555054,0.3021610975265503,0.20613110065460205,0.20452050864696503,0.3272218108177185,0.24164043366909027,0.19435091316699982,0.20233963429927826,0.13271072506904602,0.23336492478847504],[0.3221280872821808,0.344078004360199,0.34204259514808655,0.31455710530281067,0.3949798047542572,1.0,0.39166367053985596,0.2856454849243164,0.2436234951019287,0.3457448482513428,0.33027616143226624,0.3114219307899475,0.3255385756492615,0.3005225658416748,0.26031816005706787,0.18940116465091705],[0.45064836740493774,0.43327391147613525,0.47920751571655273,0.42431414127349854,0.25111573934555054,0.39166367053985596,1.0,0.4546184539794922,0.1840185523033142,0.3341689705848694,0.3770331144332886,0.3940907120704651,0.3818989098072052,0.32413220405578613,0.2564725875854492,0.18566536903381348],[0.3034151792526245,0.3747897148132324,0.36750733852386475,0.3898885250091553,0.3021610975265503,0.2856454849243164,0.4546184539794922,1.0,0.27734237909317017,0.261066198348999,0.36633795499801636,0.4514290690422058,0.39080581068992615,0.2844458520412445,0.20704896748065948,0.14862005412578583],[0.24410246312618256,0.2059316486120224,0.2702455520629883,0.2871495187282562,0.20613110065460205,0.2436234951019287,0.1840185523033142,0.27734237909317017,0.9999999403953552,0.24831566214561462,0.19399279356002808,0.18258166313171387,0.2696359157562256,0.1963265985250473,0.18774178624153137,0.17990773916244507],[0.31602218747138977,0.33113348484039307,0.25919103622436523,0.3367314040660858,0.20452050864696503,0.3457448482513428,0.3341689705848694,0.261066198348999,0.24831566214561462,1.0,0.30760669708251953,0.32545408606529236,0.2760150730609894,0.308106392621994,0.22729524970054626,0.19485466182231903],[0.3730199337005615,0.3503373861312866,0.34253570437431335,0.24138693511486053,0.3272218108177185,0.33027616143226624,0.3770331144332886,0.36633795499801636,0.19399279356002808,0.30760669708251953,1.0,0.35729148983955383,0.3173171877861023,0.16476216912269592,0.16681522130966187,0.08009113371372223],[0.42496293783187866,0.35309305787086487,0.4297114312648773,0.3748924732208252,0.24164043366909027,0.3114219307899475,0.3940907120704651,0.4514290690422058,0.18258166313171387,0.32545408606529236,0.35729148983955383,1.0,0.3947533369064331,0.2811852991580963,0.23126254975795746,0.19508130848407745],[0.3787388205528259,0.36278799176216125,0.3873688280582428,0.3672735095024109,0.19435091316699982,0.3255385756492615,0.3818989098072052,0.39080581068992615,0.2696359157562256,0.2760150730609894,0.3173171877861023,0.3947533369064331,1.0,0.3691932260990143,0.5352850556373596,0.2872093617916107],[0.30477434396743774,0.31052255630493164,0.2703252136707306,0.35703200101852417,0.20233963429927826,0.3005225658416748,0.32413220405578613,0.2844458520412445,0.1963265985250473,0.308106392621994,0.16476216912269592,0.2811852991580963,0.3691932260990143,0.9999999403953552,0.2275938093662262,0.37960150837898254],[0.21809957921504974,0.1813272088766098,0.2526819705963135,0.22042937576770782,0.13271072506904602,0.26031816005706787,0.2564725875854492,0.20704896748065948,0.18774178624153137,0.22729524970054626,0.16681522130966187,0.23126254975795746,0.5352850556373596,0.2275938093662262,1.0,0.366477370262146],[0.1258181631565094,0.1234116181731224,0.14971387386322021,0.23292981088161469,0.23336492478847504,0.18940116465091705,0.18566536903381348,0.14862005412578583,0.17990773916244507,0.19485466182231903,0.08009113371372223,0.19508130848407745,0.2872093617916107,0.37960150837898254,0.366477370262146,1.0]]}