{
  "game_number": 410,
  "words": [
    "ACTION",
    "CLAIM",
    "COMPLAINT",
    "LAWSUIT",
    "BEANBAG",
    "CLUB",
    "RING",
    "TORCH",
    "FOXGLOVE",
    "GUMSHOE",
    "TURNCOAT",
    "WINDSOCK",
    "GRANDE",
    "MARS",
    "STYLES",
    "SWIFT"
  ],
  "adjacency_matrix": [
    [
      1.0,
      0.47181007266044617,
      0.5174960494041443,
      0.49216428399086,
      0.3376448452472687,
      0.3600527346134186,
      0.3733980059623718,
      0.3130037784576416,
      0.23661045730113983,
      0.34421947598457336,
      0.32690373063087463,
      0.32487526535987854,
      0.26122161746025085,
      0.3205270767211914,
      0.35600578784942627,
      0.4991919696331024
    ],
    [
      0.47181007266044617,
      0.9999999403953552,
      0.5676266551017761,
      0.5012046694755554,
      0.2639321982860565,
      0.2981988787651062,
      0.34479132294654846,
      0.273594468832016,
      0.23337063193321228,
      0.2524254620075226,
      0.3210197687149048,
      0.27277398109436035,
      0.208391010761261,
      0.28513410687446594,
      0.2899388074874878,
      0.29943254590034485
    ],
    [
      0.5174960494041443,
      0.5676266551017761,
      1.0,
      0.6402983069419861,
      0.21912983059883118,
      0.2741163969039917,
      0.31294679641723633,
      0.24494072794914246,
      0.17196179926395416,
      0.3030533492565155,
      0.2850298583507538,
      0.29270920157432556,
      0.19169121980667114,
      0.24494774639606476,
      0.25536713004112244,
      0.35638126730918884
    ],
    [
      0.49216428399086,
      0.5012046694755554,
      0.6402983069419861,
      0.9999999403953552,
      0.26814189553260803,
      0.32314035296440125,
      0.22820238769054413,
      0.2062201201915741,
      0.13509593904018402,
      0.28680089116096497,
      0.25716686248779297,
      0.263119101524353,
      0.2068212330341339,
      0.27385082840919495,
      0.1691799759864807,
      0.278019517660141
    ],
    [
      0.3376448452472687,
      0.2639321982860565,
      0.21912983059883118,
      0.26814189553260803,
      1.0,
      0.36715206503868103,
      0.3238326907157898,
      0.3725596070289612,
      0.32798776030540466,
      0.3991211950778961,
      0.2180125117301941,
      0.4001951515674591,
      0.2843910753726959,
      0.25487321615219116,
      0.31599166989326477,
      0.23472711443901062
    ],
    [
      0.3600527346134186,
      0.2981988787651062,
      0.2741163969039917,
      0.32314035296440125,
      0.36715206503868103,
      1.0,
      0.29250046610832214,
      0.281105101108551,
      0.13188332319259644,
      0.2762197256088257,
      0.27012497186660767,
      0.28540489077568054,
      0.2353297472000122,
      0.33241507411003113,
      0.2947549819946289,
      0.21600289642810822
    ],
    [
      0.3733980059623718,
      0.34479132294654846,
      0.31294679641723633,
      0.22820238769054413,
      0.3238326907157898,
      0.29250046610832214,
      1.0,
      0.43126121163368225,
      0.31598880887031555,
      0.33236750960350037,
      0.37458813190460205,
      0.38028010725975037,
      0.2681598663330078,
      0.2986089289188385,
      0.25735557079315186,
      0.25706973671913147
    ],
    [
      0.3130037784576416,
      0.273594468832016,
      0.24494072794914246,
      0.2062201201915741,
      0.3725596070289612,
      0.281105101108551,
      0.43126121163368225,
      1.0,
      0.28300538659095764,
      0.2607785165309906,
      0.26448795199394226,
      0.38463008403778076,
      0.19464018940925598,
      0.288370817899704,
      0.19881382584571838,
      0.2790411412715912
    ],
    [
      0.23661045730113983,
      0.23337063193321228,
      0.17196179926395416,
      0.13509593904018402,
      0.32798776030540466,
      0.13188332319259644,
      0.31598880887031555,
      0.28300538659095764,
      0.9999999403953552,
      0.37176042795181274,
      0.2845458686351776,
      0.30140772461891174,
      0.253700852394104,
      0.18691620230674744,
      0.22763152420520782,
      0.2652827203273773
    ],
    [
      0.34421947598457336,
      0.2524254620075226,
      0.3030533492565155,
      0.28680089116096497,
      0.3991211950778961,
      0.2762197256088257,
      0.33236750960350037,
      0.2607785165309906,
      0.37176042795181274,
      1.0,
      0.46851569414138794,
      0.41075465083122253,
      0.2694319486618042,
      0.2561934292316437,
      0.2483776956796646,
      0.3213105797767639
    ],
    [
      0.32690373063087463,
      0.3210197687149048,
      0.2850298583507538,
      0.25716686248779297,
      0.2180125117301941,
      0.27012497186660767,
      0.37458813190460205,
      0.26448795199394226,
      0.2845458686351776,
      0.46851569414138794,
      0.9999999403953552,
      0.37890926003456116,
      0.260415643453598,
      0.2138318419456482,
      0.20570820569992065,
      0.32523033022880554
    ],
    [
      0.32487526535987854,
      0.27277398109436035,
      0.29270920157432556,
      0.263119101524353,
      0.4001951515674591,
      0.28540489077568054,
      0.38028010725975037,
      0.38463008403778076,
      0.30140772461891174,
      0.41075465083122253,
      0.37890926003456116,
      1.0,
      0.22553750872612,
      0.30939677357673645,
      0.3348708748817444,
      0.30826541781425476
    ],
    [
      0.26122161746025085,
      0.208391010761261,
      0.19169121980667114,
      0.2068212330341339,
      0.2843910753726959,
      0.2353297472000122,
      0.2681598663330078,
      0.19464018940925598,
      0.253700852394104,
      0.2694319486618042,
      0.260415643453598,
      0.22553750872612,
      0.9999999403953552,
      0.3088061809539795,
      0.20950523018836975,
      0.3334483802318573
    ],
    [
      0.3205270767211914,
      0.28513410687446594,
      0.24494774639606476,
      0.27385082840919495,
      0.25487321615219116,
      0.33241507411003113,
      0.2986089289188385,
      0.288370817899704,
      0.18691620230674744,
      0.2561934292316437,
      0.2138318419456482,
      0.30939677357673645,
      0.3088061809539795,
      1.0,
      0.2540721595287323,
      0.22354796528816223
    ],
    [
      0.35600578784942627,
      0.2899388074874878,
      0.25536713004112244,
      0.1691799759864807,
      0.31599166989326477,
      0.2947549819946289,
      0.25735557079315186,
      0.19881382584571838,
      0.22763152420520782,
      0.2483776956796646,
      0.20570820569992065,
      0.3348708748817444,
      0.20950523018836975,
      0.2540721595287323,
      1.0,
      0.19729365408420563
    ],
    [
      0.4991919696331024,
      0.29943254590034485,
      0.35638126730918884,
      0.278019517660141,
      0.23472711443901062,
      0.21600289642810822,
      0.25706973671913147,
      0.2790411412715912,
      0.2652827203273773,
      0.3213105797767639,
      0.32523033022880554,
      0.30826541781425476,
      0.3334483802318573,
      0.22354796528816223,
      0.19729365408420563,
      0.9999999403953552
    ]
  ]
}