{
  "game_number": 5,
  "words": [
    "KICK",
    "PUNCH",
    "ZEST",
    "ZING",
    "FREE",
    "SINGLE",
    "SOLO",
    "STAG",
    "BILLY",
    "BUCK",
    "JACK",
    "RAM",
    "HAN",
    "MING",
    "SONG",
    "TANG"
  ],
  "adjacency_matrix": [
    [
      1.0,
      0.6496360898017883,
      0.32041242718696594,
      0.44149044156074524,
      0.4611954391002655,
      0.3583620488643646,
      0.38325992226600647,
      0.37446168065071106,
      0.34656816720962524,
      0.48086103796958923,
      0.4125020205974579,
      0.3943657875061035,
      0.33024781942367554,
      0.364642471075058,
      0.2952210605144501,
      0.3904734253883362
    ],
    [
      0.6496360898017883,
      1.0,
      0.3826477825641632,
      0.5481783747673035,
      0.3713619112968445,
      0.3539571166038513,
      0.3314580023288727,
      0.31323152780532837,
      0.34056559205055237,
      0.37384384870529175,
      0.4166410267353058,
      0.38952168822288513,
      0.2554600238800049,
      0.28991180658340454,
      0.333553671836853,
      0.4144073724746704
    ],
    [
      0.32041242718696594,
      0.3826477825641632,
      1.0,
      0.6211210489273071,
      0.3110400140285492,
      0.15119312703609467,
      0.2812473475933075,
      0.15638689696788788,
      0.1637732982635498,
      0.14396433532238007,
      0.18022501468658447,
      0.14025773108005524,
      0.11921282857656479,
      0.17656059563159943,
      0.2325359731912613,
      0.3733956515789032
    ],
    [
      0.44149044156074524,
      0.5481783747673035,
      0.6211210489273071,
      0.9999999403953552,
      0.3297879993915558,
      0.21746332943439484,
      0.3106871545314789,
      0.2540738880634308,
      0.22928853332996368,
      0.3065672516822815,
      0.26217496395111084,
      0.24594908952713013,
      0.2579444944858551,
      0.3601513206958771,
      0.3402562439441681,
      0.5667528510093689
    ],
    [
      0.4611954391002655,
      0.3713619112968445,
      0.3110400140285492,
      0.3297879993915558,
      1.0000001192092896,
      0.43421006202697754,
      0.3977905511856079,
      0.331882119178772,
      0.30949246883392334,
      0.35393938422203064,
      0.3599526882171631,
      0.2820321321487427,
      0.31421348452568054,
      0.37323272228240967,
      0.318376362323761,
      0.27662888169288635
    ],
    [
      0.3583620488643646,
      0.3539571166038513,
      0.15119312703609467,
      0.21746332943439484,
      0.43421006202697754,
      1.0,
      0.5671980977058411,
      0.3451382517814636,
      0.3045879304409027,
      0.3196801245212555,
      0.3129156827926636,
      0.3056294322013855,
      0.3658536672592163,
      0.29199862480163574,
      0.5781061053276062,
      0.26587969064712524
    ],
    [
      0.38325992226600647,
      0.3314580023288727,
      0.2812473475933075,
      0.3106871545314789,
      0.3977905511856079,
      0.5671980977058411,
      1.0,
      0.3124907314777374,
      0.31244367361068726,
      0.2755477726459503,
      0.32387492060661316,
      0.2816462814807892,
      0.3348902761936188,
      0.2932724356651306,
      0.5000239610671997,
      0.29453045129776
    ],
    [
      0.37446168065071106,
      0.31323152780532837,
      0.15638689696788788,
      0.2540738880634308,
      0.331882119178772,
      0.3451382517814636,
      0.3124907314777374,
      1.0,
      0.40959349274635315,
      0.47346433997154236,
      0.3620653748512268,
      0.44324734807014465,
      0.319539874792099,
      0.3531951606273651,
      0.32106900215148926,
      0.334760844707489
    ],
    [
      0.34656816720962524,
      0.34056559205055237,
      0.1637732982635498,
      0.22928853332996368,
      0.30949246883392334,
      0.3045879304409027,
      0.31244367361068726,
      0.40959349274635315,
      1.0,
      0.3770107924938202,
      0.470298707485199,
      0.4332287609577179,
      0.3610440492630005,
      0.3983228802680969,
      0.34685951471328735,
      0.33037155866622925
    ],
    [
      0.48086103796958923,
      0.37384384870529175,
      0.14396433532238007,
      0.3065672516822815,
      0.35393938422203064,
      0.3196801245212555,
      0.2755477726459503,
      0.47346433997154236,
      0.3770107924938202,
      0.9999999403953552,
      0.39934441447257996,
      0.45957282185554504,
      0.36226704716682434,
      0.3452709913253784,
      0.23182088136672974,
      0.3104237914085388
    ],
    [
      0.4125020205974579,
      0.4166410267353058,
      0.18022501468658447,
      0.26217496395111084,
      0.3599526882171631,
      0.3129156827926636,
      0.32387492060661316,
      0.3620653748512268,
      0.470298707485199,
      0.39934441447257996,
      1.0,
      0.438509464263916,
      0.3931843638420105,
      0.37016957998275757,
      0.32964298129081726,
      0.44073519110679626
    ],
    [
      0.3943657875061035,
      0.38952168822288513,
      0.14025773108005524,
      0.24594908952713013,
      0.2820321321487427,
      0.3056294322013855,
      0.2816462814807892,
      0.44324734807014465,
      0.4332287609577179,
      0.45957282185554504,
      0.438509464263916,
      1.0,
      0.32800912857055664,
      0.36598071455955505,
      0.2549356520175934,
      0.31069257855415344
    ],
    [
      0.33024781942367554,
      0.2554600238800049,
      0.11921282857656479,
      0.2579444944858551,
      0.31421348452568054,
      0.3658536672592163,
      0.3348902761936188,
      0.319539874792099,
      0.3610440492630005,
      0.36226704716682434,
      0.3931843638420105,
      0.32800912857055664,
      0.9999999403953552,
      0.5660093426704407,
      0.25958481431007385,
      0.5316378474235535
    ],
    [
      0.364642471075058,
      0.28991180658340454,
      0.17656059563159943,
      0.3601513206958771,
      0.37323272228240967,
      0.29199862480163574,
      0.2932724356651306,
      0.3531951606273651,
      0.3983228802680969,
      0.3452709913253784,
      0.37016957998275757,
      0.36598071455955505,
      0.5660093426704407,
      1.0,
      0.2800189256668091,
      0.518798828125
    ],
    [
      0.2952210605144501,
      0.333553671836853,
      0.2325359731912613,
      0.3402562439441681,
      0.318376362323761,
      0.5781061053276062,
      0.5000239610671997,
      0.32106900215148926,
      0.34685951471328735,
      0.23182088136672974,
      0.32964298129081726,
      0.2549356520175934,
      0.25958481431007385,
      0.2800189256668091,
      1.0,
      0.3266998827457428
    ],
    [
      0.3904734253883362,
      0.4144073724746704,
      0.3733956515789032,
      0.5667528510093689,
      0.27662888169288635,
      0.26587969064712524,
      0.29453045129776,
      0.334760844707489,
      0.33037155866622925,
      0.3104237914085388,
      0.44073519110679626,
      0.31069257855415344,
      0.5316378474235535,
      0.518798828125,
      0.3266998827457428,
      1.0
    ]
  ]
}