{"game_number":350,"words":["AROMA","BOUQUET","FRAGRANCE","SCENT","BLUES","COUNTRY","FUNK","SOUL","PAPER","ROCK","SCISSORS","SHOOT","BOAR","BUCK","BULL","JACK"],"adjacency_matrix":[[1.0,0.47486981749534607,0.6683236360549927,0.6905904412269592,0.24786043167114258,0.20141392946243286,0.3313715159893036,0.3694978952407837,0.2147836685180664,0.19248497486114502,0.1708749383687973,0.17449258267879486,0.24556171894073486,0.1291806548833847,0.2324688881635666,0.21342235803604126],[0.47486981749534607,1.0,0.5012233853340149,0.4754510223865509,0.23749570548534393,0.1978820264339447,0.25520721077919006,0.2577829658985138,0.3085513412952423,0.29458296298980713,0.30643194913864136,0.32215243577957153,0.23871764540672302,0.23267775774002075,0.2958565354347229,0.2869893014431],[0.6683236360549927,0.5012233853340149,1.0,0.7252317667007446,0.25102394819259644,0.2640368938446045,0.26966628432273865,0.3739968538284302,0.22998419404029846,0.243869811296463,0.1586071103811264,0.2720048129558563,0.20929966866970062,0.14301709830760956,0.22765295207500458,0.19356514513492584],[0.6905904412269592,0.4754510223865509,0.7252317667007446,1.0,0.21092674136161804,0.2678099572658539,0.2929404377937317,0.338456392288208,0.298744797706604,0.2487189769744873,0.19793374836444855,0.3241782784461975,0.31718218326568604,0.24563497304916382,0.31272652745246887,0.1969580352306366],[0.24786043167114258,0.23749570548534393,0.25102394819259644,0.21092674136161804,1.0,0.3529026210308075,0.6071069836616516,0.4930686354637146,0.2685755789279938,0.48694324493408203,0.30485352873802185,0.18659628927707672,0.1538568139076233,0.19464696943759918,0.22276858985424042,0.3912946879863739],[0.20141392946243286,0.1978820264339447,0.2640368938446045,0.2678099572658539,0.3529026210308075,1.0,0.3734821081161499,0.45093464851379395,0.3045314848423004,0.41253453493118286,0.1470869928598404,0.2870539724826813,0.2476961612701416,0.19568121433258057,0.30544567108154297,0.3008642792701721],[0.3313715159893036,0.25520721077919006,0.26966628432273865,0.2929404377937317,0.6071069836616516,0.3734821081161499,1.0,0.5808809399604797,0.25096791982650757,0.5849829912185669,0.24951542913913727,0.252376526594162,0.25495645403862,0.25230005383491516,0.3231922388076782,0.37376976013183594],[0.3694978952407837,0.2577829658985138,0.3739968538284302,0.338456392288208,0.4930686354637146,0.45093464851379395,0.5808809399604797,1.0,0.20957182347774506,0.4853355586528778,0.2418813705444336,0.25436103343963623,0.333706796169281,0.2692744731903076,0.36059847474098206,0.34736233949661255],[0.2147836685180664,0.3085513412952423,0.22998419404029846,0.298744797706604,0.2685755789279938,0.3045314848423004,0.25096791982650757,0.20957182347774506,1.0,0.32850781083106995,0.42254748940467834,0.27907177805900574,0.20725461840629578,0.2606140971183777,0.314897745847702,0.24674677848815918],[0.19248497486114502,0.29458296298980713,0.243869811296463,0.2487189769744873,0.48694324493408203,0.41253453493118286,0.5849829912185669,0.4853355586528778,0.32850781083106995,1.0,0.4431333541870117,0.33365604281425476,0.2811605930328369,0.29466474056243896,0.4037792682647705,0.4405133128166199],[0.1708749383687973,0.30643194913864136,0.1586071103811264,0.19793374836444855,0.30485352873802185,0.1470869928598404,0.24951542913913727,0.2418813705444336,0.42254748940467834,0.4431333541870117,0.9999999403953552,0.33077868819236755,0.22775167226791382,0.21175266802310944,0.2615044414997101,0.30981016159057617],[0.17449258267879486,0.32215243577957153,0.2720048129558563,0.3241782784461975,0.18659628927707672,0.2870539724826813,0.252376526594162,0.25436103343963623,0.27907177805900574,0.33365604281425476,0.33077868819236755,0.9999999403953552,0.3171227276325226,0.4018919765949249,0.3933584690093994,0.35648104548454285],[0.24556171894073486,0.23871764540672302,0.20929966866970062,0.31718218326568604,0.1538568139076233,0.2476961612701416,0.25495645403862,0.333706796169281,0.20725461840629578,0.2811605930328369,0.22775167226791382,0.3171227276325226,1.0,0.35390907526016235,0.589179277420044,0.3083890378475189],[0.1291806548833847,0.23267775774002075,0.14301709830760956,0.24563497304916382,0.19464696943759918,0.19568121433258057,0.25230005383491516,0.2692744731903076,0.2606140971183777,0.29466474056243896,0.21175266802310944,0.4018919765949249,0.35390907526016235,0.9999999403953552,0.4969918131828308,0.39934441447257996],[0.2324688881635666,0.2958565354347229,0.22765295207500458,0.31272652745246887,0.22276858985424042,0.30544567108154297,0.3231922388076782,0.36059847474098206,0.314897745847702,0.4037792682647705,0.2615044414997101,0.3933584690093994,0.589179277420044,0.4969918131828308,1.0,0.40694716572761536],[0.21342235803604126,0.2869893014431,0.19356514513492584,0.1969580352306366,0.3912946879863739,0.3008642792701721,0.37376976013183594,0.34736233949661255,0.24674677848815918,0.4405133128166199,0.30981016159057617,0.35648104548454285,0.3083890378475189,0.39934441447257996,0.40694716572761536,1.0]]}