{"game_number":120,"words":["DEPARTED","LEFT","SPLIT","WENT","ACE","AVIATOR","FLIER","PILOT","BLUE","FIN","GRAY","RIGHT","ATM","CASINO","SCHEDULE","SPATULA"],"adjacency_matrix":[[1.0,0.6631065607070923,0.40509212017059326,0.6225065588951111,0.211170956492424,0.2746118903160095,0.2637246549129486,0.3080556094646454,0.26084089279174805,0.18518824875354767,0.266263484954834,0.30572983622550964,0.025780314579606056,0.166728213429451,0.2726081311702728,0.14553537964820862],[0.6631065607070923,0.9999999403953552,0.5449750423431396,0.6647122502326965,0.28812021017074585,0.23336492478847504,0.31703099608421326,0.33536088466644287,0.40684470534324646,0.3114989697933197,0.3690585196018219,0.6636682152748108,0.14203892648220062,0.2821432650089264,0.26214951276779175,0.2705997824668884],[0.40509212017059326,0.5449750423431396,1.0,0.47172918915748596,0.29009518027305603,0.14007119834423065,0.26591241359710693,0.2949131727218628,0.34795907139778137,0.32330676913261414,0.2995304465293884,0.44144001603126526,0.12373163551092148,0.25329044461250305,0.3878861963748932,0.3235775828361511],[0.6225065588951111,0.6647122502326965,0.47172918915748596,1.0,0.23233820497989655,0.20384089648723602,0.3159997761249542,0.32180267572402954,0.33055204153060913,0.26274335384368896,0.2764802873134613,0.4339441657066345,0.10156901180744171,0.25354084372520447,0.32065388560295105,0.1897648125886917],[0.211170956492424,0.28812021017074585,0.29009518027305603,0.23233820497989655,1.0,0.5039939880371094,0.4432501196861267,0.48995888233184814,0.3264370560646057,0.26210200786590576,0.23080766201019287,0.2696801722049713,0.13133932650089264,0.3381904661655426,0.26081791520118713,0.2430165559053421],[0.2746118903160095,0.23336492478847504,0.14007119834423065,0.20384089648723602,0.5039939880371094,1.0,0.4823060929775238,0.601855993270874,0.310819536447525,0.25801438093185425,0.2745595872402191,0.2179126739501953,0.026516225188970566,0.23344957828521729,0.1692921221256256,0.2223191261291504],[0.2637246549129486,0.31703099608421326,0.26591241359710693,0.3159997761249542,0.4432501196861267,0.4823060929775238,1.0,0.5394962430000305,0.37103068828582764,0.33602380752563477,0.29186099767684937,0.2620413303375244,0.0038502304814755917,0.2622835338115692,0.3466258943080902,0.2644716799259186],[0.3080556094646454,0.33536088466644287,0.2949131727218628,0.32180267572402954,0.48995888233184814,0.601855993270874,0.5394962430000305,1.0,0.32326146960258484,0.3781830668449402,0.26122400164604187,0.34687232971191406,0.11630882322788239,0.31535330414772034,0.3911718428134918,0.25239962339401245],[0.26084089279174805,0.40684470534324646,0.34795907139778137,0.33055204153060913,0.3264370560646057,0.310819536447525,0.37103068828582764,0.32326146960258484,1.0,0.3803876042366028,0.7387309074401855,0.4011766314506531,0.11766975373029709,0.2934643030166626,0.2273872196674347,0.2946464419364929],[0.18518824875354767,0.3114989697933197,0.32330676913261414,0.26274335384368896,0.26210200786590576,0.25801438093185425,0.33602380752563477,0.3781830668449402,0.3803876042366028,1.0,0.3486323058605194,0.3510817289352417,0.11137940734624863,0.19787733256816864,0.1945018321275711,0.37933507561683655],[0.266263484954834,0.3690585196018219,0.2995304465293884,0.2764802873134613,0.23080766201019287,0.2745595872402191,0.29186099767684937,0.26122400164604187,0.7387309074401855,0.3486323058605194,1.0,0.3435167074203491,0.05562436580657959,0.2634235620498657,0.22512763738632202,0.27915358543395996],[0.30572983622550964,0.6636682152748108,0.44144001603126526,0.4339441657066345,0.2696801722049713,0.2179126739501953,0.2620413303375244,0.34687232971191406,0.4011766314506531,0.3510817289352417,0.3435167074203491,1.0,0.20905625820159912,0.29973104596138,0.3709453046321869,0.2693319320678711],[0.025780314579606056,0.14203892648220062,0.12373163551092148,0.10156901180744171,0.13133932650089264,0.026516225188970566,0.0038502304814755917,0.11630882322788239,0.11766975373029709,0.11137940734624863,0.05562436580657959,0.20905625820159912,1.0,0.11649172753095627,0.15774136781692505,0.044277653098106384],[0.166728213429451,0.2821432650089264,0.25329044461250305,0.25354084372520447,0.3381904661655426,0.23344957828521729,0.2622835338115692,0.31535330414772034,0.2934643030166626,0.19787733256816864,0.2634235620498657,0.29973104596138,0.11649172753095627,1.0,0.3062795102596283,0.2036980241537094],[0.2726081311702728,0.26214951276779175,0.3878861963748932,0.32065388560295105,0.26081791520118713,0.1692921221256256,0.3466258943080902,0.3911718428134918,0.2273872196674347,0.1945018321275711,0.22512763738632202,0.3709453046321869,0.15774136781692505,0.3062795102596283,1.0,0.165133535861969],[0.14553537964820862,0.2705997824668884,0.3235775828361511,0.1897648125886917,0.2430165559053421,0.2223191261291504,0.2644716799259186,0.25239962339401245,0.2946464419364929,0.37933507561683655,0.27915358543395996,0.2693319320678711,0.044277653098106384,0.2036980241537094,0.165133535861969,1.0]]}