{"game_number":32,"words":["DIRECT","GUIDE","LEAD","USHER","CON","HUSTLE","RACKET","STING","EAGLE","PYRAMID","SEAL","WASHINGTON","BRITISH","NORTHWEST","NOVA","PRINCE"],"adjacency_matrix":[[1.0,0.5568156242370605,0.5771968364715576,0.3131597936153412,0.2867874801158905,0.3854205906391144,0.29684433341026306,0.43103137612342834,0.2828667461872101,0.27996793389320374,0.3861880898475647,0.2766408324241638,0.2942405343055725,0.32531869411468506,0.18439476191997528,0.3527921140193939],[0.5568156242370605,0.9999999403953552,0.5504400730133057,0.4060213565826416,0.28839272260665894,0.3377171754837036,0.2290334552526474,0.29405272006988525,0.26246777176856995,0.35854682326316833,0.4085976183414459,0.29851195216178894,0.28720444440841675,0.2716650366783142,0.1997591108083725,0.3562575876712799],[0.5771968364715576,0.5504400730133057,1.0,0.3839643597602844,0.24097295105457306,0.35362324118614197,0.2743297219276428,0.41826948523521423,0.32054081559181213,0.26952725648880005,0.4123598337173462,0.31547439098358154,0.312277615070343,0.32796698808670044,0.11476350575685501,0.3992461562156677],[0.3131597936153412,0.4060213565826416,0.3839643597602844,1.0,0.28859397768974304,0.3424604535102844,0.2296103686094284,0.21812959015369415,0.17554688453674316,0.1758614331483841,0.3136940598487854,0.2985295355319977,0.257011353969574,0.1834525316953659,0.2120102047920227,0.38792648911476135],[0.2867874801158905,0.28839272260665894,0.24097295105457306,0.28859397768974304,1.0,0.3679247498512268,0.3522131145000458,0.22829891741275787,0.19705449044704437,0.2751424312591553,0.2668282985687256,0.2916576862335205,0.3083430826663971,0.1733093112707138,0.27347564697265625,0.29093068838119507],[0.3854205906391144,0.3377171754837036,0.35362324118614197,0.3424604535102844,0.3679247498512268,1.0,0.449720174074173,0.3746001720428467,0.22902144491672516,0.22440847754478455,0.31299707293510437,0.33218011260032654,0.260748028755188,0.2930287718772888,0.18075814843177795,0.25342413783073425],[0.29684433341026306,0.2290334552526474,0.2743297219276428,0.2296103686094284,0.3522131145000458,0.449720174074173,1.0,0.4030095040798187,0.24243248999118805,0.3651241660118103,0.2753259539604187,0.24800382554531097,0.32916972041130066,0.20366959273815155,0.17956696450710297,0.27767011523246765],[0.43103137612342834,0.29405272006988525,0.41826948523521423,0.21812959015369415,0.22829891741275787,0.3746001720428467,0.4030095040798187,1.0,0.25977641344070435,0.19831690192222595,0.3324669599533081,0.2056976556777954,0.2575059235095978,0.13128149509429932,0.1358651965856552,0.2129175066947937],[0.2828667461872101,0.26246777176856995,0.32054081559181213,0.17554688453674316,0.19705449044704437,0.22902144491672516,0.24243248999118805,0.25977641344070435,1.0,0.2998943626880646,0.48211869597435,0.261309951543808,0.24710926413536072,0.28237810730934143,0.23571588099002838,0.40952688455581665],[0.27996793389320374,0.35854682326316833,0.26952725648880005,0.1758614331483841,0.2751424312591553,0.22440847754478455,0.3651241660118103,0.19831690192222595,0.2998943626880646,1.0,0.30466488003730774,0.2083655297756195,0.21730050444602966,0.2549166679382324,0.17139050364494324,0.317588746547699],[0.3861880898475647,0.4085976183414459,0.4123598337173462,0.3136940598487854,0.2668282985687256,0.31299707293510437,0.2753259539604187,0.3324669599533081,0.48211869597435,0.30466488003730774,1.0,0.35261836647987366,0.29769131541252136,0.2798616588115692,0.13464944064617157,0.3702097535133362],[0.2766408324241638,0.29851195216178894,0.31547439098358154,0.2985295355319977,0.2916576862335205,0.33218011260032654,0.24800382554531097,0.2056976556777954,0.261309951543808,0.2083655297756195,0.35261836647987366,0.9999999403953552,0.45325854420661926,0.39300626516342163,0.25761550664901733,0.3662360608577728],[0.2942405343055725,0.28720444440841675,0.312277615070343,0.257011353969574,0.3083430826663971,0.260748028755188,0.32916972041130066,0.2575059235095978,0.24710926413536072,0.21730050444602966,0.29769131541252136,0.45325854420661926,1.0,0.22449681162834167,0.17976132035255432,0.42290565371513367],[0.32531869411468506,0.2716650366783142,0.32796698808670044,0.1834525316953659,0.1733093112707138,0.2930287718772888,0.20366959273815155,0.13128149509429932,0.28237810730934143,0.2549166679382324,0.2798616588115692,0.39300626516342163,0.22449681162834167,1.0,0.1809072643518448,0.27166566252708435],[0.18439476191997528,0.1997591108083725,0.11476350575685501,0.2120102047920227,0.27347564697265625,0.18075814843177795,0.17956696450710297,0.1358651965856552,0.23571588099002838,0.17139050364494324,0.13464944064617157,0.25761550664901733,0.17976132035255432,0.1809072643518448,1.0,0.21147464215755463],[0.3527921140193939,0.3562575876712799,0.3992461562156677,0.38792648911476135,0.29093068838119507,0.25342413783073425,0.27767011523246765,0.2129175066947937,0.40952688455581665,0.317588746547699,0.3702097535133362,0.3662360608577728,0.42290565371513367,0.27166566252708435,0.21147464215755463,1.0]]}