{"game_number":94,"words":["BEAKER","DROPPER","GOGGLES","MICROSCOPE","CENTER","HEART","HUB","NUCLEUS","CELL","FORMULA","SHEET","SORT","BODY","LOVE","ROMANCE","SIGN"],"adjacency_matrix":[[1.0,0.5335731506347656,0.31957852840423584,0.3778568506240845,0.3182544708251953,0.2224600464105606,0.2845604717731476,0.316897451877594,0.37031441926956177,0.3040481209754944,0.35275548696517944,0.2803914546966553,0.30622056126594543,0.20167982578277588,0.23016545176506042,0.2379257082939148],[0.5335731506347656,1.0,0.3114544749259949,0.3339307904243469,0.36452487111091614,0.3257180154323578,0.3352785110473633,0.2021297812461853,0.2832306921482086,0.3630642592906952,0.3818775713443756,0.3864710330963135,0.29413139820098877,0.3103843927383423,0.20430709421634674,0.3392409384250641],[0.31957852840423584,0.3114544749259949,1.0,0.33085882663726807,0.19290553033351898,0.12149536609649658,0.16544048488140106,0.10737668722867966,0.1731230616569519,0.2511470913887024,0.242636576294899,0.19744373857975006,0.22814609110355377,0.17756038904190063,0.18155598640441895,0.2419118583202362],[0.3778568506240845,0.3339307904243469,0.33085882663726807,0.9999999403953552,0.3566761016845703,0.2967887818813324,0.22401408851146698,0.31470465660095215,0.40394821763038635,0.3076398968696594,0.36796826124191284,0.3324429988861084,0.3397284150123596,0.2505270540714264,0.20293354988098145,0.2556074857711792],[0.3182544708251953,0.36452487111091614,0.19290553033351898,0.3566761016845703,1.0,0.4834098815917969,0.6729894876480103,0.49959230422973633,0.4481450021266937,0.3646109700202942,0.40463539958000183,0.4115353524684906,0.44300204515457153,0.3164169192314148,0.29430636763572693,0.3880116045475006],[0.2224600464105606,0.3257180154323578,0.12149536609649658,0.2967887818813324,0.4834098815917969,1.0,0.3900472819805145,0.3337004780769348,0.41625112295150757,0.3225170969963074,0.2905486822128296,0.38904738426208496,0.5297693610191345,0.5822998881340027,0.42088159918785095,0.39903897047042847],[0.2845604717731476,0.3352785110473633,0.16544048488140106,0.22401408851146698,0.6729894876480103,0.3900472819805145,1.0,0.43218323588371277,0.36674734950065613,0.25801923871040344,0.30704206228256226,0.3356836438179016,0.34485408663749695,0.26280584931373596,0.3402113616466522,0.26236966252326965],[0.316897451877594,0.2021297812461853,0.10737668722867966,0.31470465660095215,0.49959230422973633,0.3337004780769348,0.43218323588371277,1.0,0.4786589741706848,0.33935582637786865,0.2617940604686737,0.2811822295188904,0.41463446617126465,0.21012179553508759,0.23235225677490234,0.2383466511964798],[0.37031441926956177,0.2832306921482086,0.1731230616569519,0.40394821763038635,0.4481450021266937,0.41625112295150757,0.36674734950065613,0.4786589741706848,1.0,0.35998547077178955,0.3815442621707916,0.37471893429756165,0.4799293875694275,0.2855207920074463,0.2481917440891266,0.288837194442749],[0.3040481209754944,0.3630642592906952,0.2511470913887024,0.3076398968696594,0.3646109700202942,0.3225170969963074,0.25801923871040344,0.33935582637786865,0.35998547077178955,1.0,0.39524513483047485,0.4300146996974945,0.38166797161102295,0.3233717083930969,0.34313586354255676,0.34129199385643005],[0.35275548696517944,0.3818775713443756,0.242636576294899,0.36796826124191284,0.40463539958000183,0.2905486822128296,0.30704206228256226,0.2617940604686737,0.3815442621707916,0.39524513483047485,1.0000001192092896,0.40411388874053955,0.39523735642433167,0.27622750401496887,0.27490630745887756,0.4419936537742615],[0.2803914546966553,0.3864710330963135,0.19744373857975006,0.3324429988861084,0.4115353524684906,0.38904738426208496,0.3356836438179016,0.2811822295188904,0.37471893429756165,0.4300146996974945,0.40411388874053955,1.0,0.37200629711151123,0.45160719752311707,0.4202301502227783,0.41645482182502747],[0.30622056126594543,0.29413139820098877,0.22814609110355377,0.3397284150123596,0.44300204515457153,0.5297693610191345,0.34485408663749695,0.41463446617126465,0.4799293875694275,0.38166797161102295,0.39523735642433167,0.37200629711151123,1.0,0.37220391631126404,0.26577943563461304,0.3417476415634155],[0.20167982578277588,0.3103843927383423,0.17756038904190063,0.2505270540714264,0.3164169192314148,0.5822998881340027,0.26280584931373596,0.21012179553508759,0.2855207920074463,0.3233717083930969,0.27622750401496887,0.45160719752311707,0.37220391631126404,1.0,0.6132103800773621,0.40260395407676697],[0.23016545176506042,0.20430709421634674,0.18155598640441895,0.20293354988098145,0.29430636763572693,0.42088159918785095,0.3402113616466522,0.23235225677490234,0.2481917440891266,0.34313586354255676,0.27490630745887756,0.4202301502227783,0.26577943563461304,0.6132103800773621,1.0,0.28481245040893555],[0.2379257082939148,0.3392409384250641,0.2419118583202362,0.2556074857711792,0.3880116045475006,0.39903897047042847,0.26236966252326965,0.2383466511964798,0.288837194442749,0.34129199385643005,0.4419936537742615,0.41645482182502747,0.3417476415634155,0.40260395407676697,0.28481245040893555,0.9999999403953552]]}