{
  "game_number": 390,
  "words": [
    "FIGHT",
    "ROW",
    "SCRAP",
    "TIFF",
    "BINGO",
    "LOTTERY",
    "ROULETTE",
    "WAR",
    "BLUE",
    "COMPUTER",
    "POKER",
    "POTATO",
    "BASS",
    "BASSOON",
    "HARP",
    "RECORDER"
  ],
  "adjacency_matrix": [
    [
      1.0,
      0.4081461727619171,
      0.42205116152763367,
      0.25839725136756897,
      0.32863354682922363,
      0.37670567631721497,
      0.29624760150909424,
      0.6362287402153015,
      0.2968941926956177,
      0.3030344843864441,
      0.35937198996543884,
      0.25397688150405884,
      0.18603326380252838,
      0.16542482376098633,
      0.27687329053878784,
      0.24400340020656586
    ],
    [
      0.4081461727619171,
      1.0,
      0.34894198179244995,
      0.24831800162792206,
      0.33484944701194763,
      0.345383882522583,
      0.33140361309051514,
      0.3495003283023834,
      0.36911097168922424,
      0.31463974714279175,
      0.31696268916130066,
      0.3273436427116394,
      0.35678428411483765,
      0.3129407465457916,
      0.3109232485294342,
      0.3059048652648926
    ],
    [
      0.42205116152763367,
      0.34894198179244995,
      0.9999999403953552,
      0.18012885749340057,
      0.3261042833328247,
      0.35504528880119324,
      0.24794107675552368,
      0.38405075669288635,
      0.352247953414917,
      0.3531246781349182,
      0.2526378631591797,
      0.2874222695827484,
      0.2579338550567627,
      0.22070680558681488,
      0.2835446894168854,
      0.3065204918384552
    ],
    [
      0.25839725136756897,
      0.24831800162792206,
      0.18012885749340057,
      0.9999999403953552,
      0.17609062790870667,
      0.13672204315662384,
      0.1426258683204651,
      0.2497112900018692,
      0.2155335694551468,
      0.17234458029270172,
      0.20746640861034393,
      0.2410801202058792,
      0.1384260058403015,
      0.1701045036315918,
      0.2101314663887024,
      0.09934388101100922
    ],
    [
      0.32863354682922363,
      0.33484944701194763,
      0.3261042833328247,
      0.17609062790870667,
      1.0,
      0.5210062265396118,
      0.5070368051528931,
      0.312199205160141,
      0.2845204472541809,
      0.4120306968688965,
      0.5808408260345459,
      0.32534366846084595,
      0.30286121368408203,
      0.27502575516700745,
      0.25608015060424805,
      0.2747938632965088
    ],
    [
      0.37670567631721497,
      0.345383882522583,
      0.35504528880119324,
      0.13672204315662384,
      0.5210062265396118,
      1.0,
      0.5898358225822449,
      0.36740291118621826,
      0.3396299481391907,
      0.38873156905174255,
      0.45001649856567383,
      0.30904653668403625,
      0.2450864464044571,
      0.26373207569122314,
      0.31004080176353455,
      0.26673999428749084
    ],
    [
      0.29624760150909424,
      0.33140361309051514,
      0.24794107675552368,
      0.1426258683204651,
      0.5070368051528931,
      0.5898358225822449,
      0.9999999403953552,
      0.2842707931995392,
      0.38203415274620056,
      0.3633556365966797,
      0.65567946434021,
      0.3923080563545227,
      0.340582937002182,
      0.3027285635471344,
      0.32239198684692383,
      0.29753509163856506
    ],
    [
      0.6362287402153015,
      0.3495003283023834,
      0.38405075669288635,
      0.2497112900018692,
      0.312199205160141,
      0.36740291118621826,
      0.2842707931995392,
      1.0,
      0.2518128752708435,
      0.3291289806365967,
      0.32515546679496765,
      0.27354541420936584,
      0.16951067745685577,
      0.24019846320152283,
      0.26045459508895874,
      0.23147323727607727
    ],
    [
      0.2968941926956177,
      0.36911097168922424,
      0.352247953414917,
      0.2155335694551468,
      0.2845204472541809,
      0.3396299481391907,
      0.38203415274620056,
      0.2518128752708435,
      1.0,
      0.3049737513065338,
      0.3051212728023529,
      0.367235004901886,
      0.3862687945365906,
      0.28718575835227966,
      0.4350748360157013,
      0.27487361431121826
    ],
    [
      0.3030344843864441,
      0.31463974714279175,
      0.3531246781349182,
      0.17234458029270172,
      0.4120306968688965,
      0.38873156905174255,
      0.3633556365966797,
      0.3291289806365967,
      0.3049737513065338,
      1.0,
      0.4248234033584595,
      0.35174480080604553,
      0.3322766423225403,
      0.37890031933784485,
      0.2661350965499878,
      0.476251482963562
    ],
    [
      0.35937198996543884,
      0.31696268916130066,
      0.2526378631591797,
      0.20746640861034393,
      0.5808408260345459,
      0.45001649856567383,
      0.65567946434021,
      0.32515546679496765,
      0.3051212728023529,
      0.4248234033584595,
      1.0,
      0.3563973605632782,
      0.35193172097206116,
      0.33016571402549744,
      0.2976318299770355,
      0.2908739447593689
    ],
    [
      0.25397688150405884,
      0.3273436427116394,
      0.2874222695827484,
      0.2410801202058792,
      0.32534366846084595,
      0.30904653668403625,
      0.3923080563545227,
      0.27354541420936584,
      0.367235004901886,
      0.35174480080604553,
      0.3563973605632782,
      0.9999999403953552,
      0.2908701002597809,
      0.2497662603855133,
      0.3317343592643738,
      0.26182296872138977
    ],
    [
      0.18603326380252838,
      0.35678428411483765,
      0.2579338550567627,
      0.1384260058403015,
      0.30286121368408203,
      0.2450864464044571,
      0.340582937002182,
      0.16951067745685577,
      0.3862687945365906,
      0.3322766423225403,
      0.35193172097206116,
      0.2908701002597809,
      1.0,
      0.671028733253479,
      0.4768544137477875,
      0.4857770800590515
    ],
    [
      0.16542482376098633,
      0.3129407465457916,
      0.22070680558681488,
      0.1701045036315918,
      0.27502575516700745,
      0.26373207569122314,
      0.3027285635471344,
      0.24019846320152283,
      0.28718575835227966,
      0.37890031933784485,
      0.33016571402549744,
      0.2497662603855133,
      0.671028733253479,
      1.0,
      0.5313159823417664,
      0.4670863449573517
    ],
    [
      0.27687329053878784,
      0.3109232485294342,
      0.2835446894168854,
      0.2101314663887024,
      0.25608015060424805,
      0.31004080176353455,
      0.32239198684692383,
      0.26045459508895874,
      0.4350748360157013,
      0.2661350965499878,
      0.2976318299770355,
      0.3317343592643738,
      0.4768544137477875,
      0.5313159823417664,
      1.0,
      0.42495137453079224
    ],
    [
      0.24400340020656586,
      0.3059048652648926,
      0.3065204918384552,
      0.09934388101100922,
      0.2747938632965088,
      0.26673999428749084,
      0.29753509163856506,
      0.23147323727607727,
      0.27487361431121826,
      0.476251482963562,
      0.2908739447593689,
      0.26182296872138977,
      0.4857770800590515,
      0.4670863449573517,
      0.42495137453079224,
      1.0
    ]
  ]
}