{
  "game_number": 439,
  "words": [
    "COOP",
    "PEN",
    "STABLE",
    "STY",
    "FLUFFY",
    "REX",
    "ROVER",
    "SPOT",
    "INK",
    "LACK",
    "OLD",
    "RANGE",
    "BREAK",
    "HOLIDAY",
    "LEAVE",
    "RECESS"
  ],
  "adjacency_matrix": [
    [
      1.0,
      0.3004947602748871,
      0.3236016631126404,
      0.45367905497550964,
      0.2834908366203308,
      0.12123490124940872,
      0.24090003967285156,
      0.298613578081131,
      0.17011092603206635,
      0.2326904684305191,
      0.32540977001190186,
      0.2931532561779022,
      0.3298102021217346,
      0.30894240736961365,
      0.35948312282562256,
      0.2558797001838684
    ],
    [
      0.3004947602748871,
      1.0000001192092896,
      0.28820836544036865,
      0.4632277190685272,
      0.3032495081424713,
      0.0931280255317688,
      0.23027543723583221,
      0.46354833245277405,
      0.6019735932350159,
      0.31133270263671875,
      0.37457069754600525,
      0.3289947807788849,
      0.39969325065612793,
      0.296470046043396,
      0.38276129961013794,
      0.30992579460144043
    ],
    [
      0.3236016631126404,
      0.28820836544036865,
      1.0,
      0.3749922215938568,
      0.39373070001602173,
      0.07014387845993042,
      0.22759036719799042,
      0.43140873312950134,
      0.20224538445472717,
      0.37691259384155273,
      0.48030462861061096,
      0.4291066527366638,
      0.3987390398979187,
      0.2918247878551483,
      0.36335164308547974,
      0.2566767930984497
    ],
    [
      0.45367905497550964,
      0.4632277190685272,
      0.3749922215938568,
      1.0,
      0.360934317111969,
      0.1159096360206604,
      0.22676578164100647,
      0.3814418613910675,
      0.3293397128582001,
      0.3167824149131775,
      0.39086881279945374,
      0.32397347688674927,
      0.36941543221473694,
      0.3130623400211334,
      0.3682578504085541,
      0.28239667415618896
    ],
    [
      0.2834908366203308,
      0.3032495081424713,
      0.39373070001602173,
      0.360934317111969,
      1.0,
      0.1635068953037262,
      0.21080151200294495,
      0.3114919066429138,
      0.3322417736053467,
      0.3103618621826172,
      0.37989139556884766,
      0.248226135969162,
      0.2925702631473541,
      0.32654955983161926,
      0.29843708872795105,
      0.23946374654769897
    ],
    [
      0.12123490124940872,
      0.0931280255317688,
      0.07014387845993042,
      0.1159096360206604,
      0.1635068953037262,
      1.0,
      0.10837691277265549,
      0.032916393131017685,
      0.08883826434612274,
      0.016988342627882957,
      0.1260358989238739,
      0.026758868247270584,
      -0.006862495560199022,
      0.031561192125082016,
      0.037925925105810165,
      0.1086515486240387
    ],
    [
      0.24090003967285156,
      0.23027543723583221,
      0.22759036719799042,
      0.22676578164100647,
      0.21080151200294495,
      0.10837691277265549,
      1.0,
      0.3089768588542938,
      0.1853187382221222,
      0.1711583137512207,
      0.23824837803840637,
      0.28075066208839417,
      0.15398716926574707,
      0.17635343968868256,
      0.22331848740577698,
      0.1588563323020935
    ],
    [
      0.298613578081131,
      0.46354833245277405,
      0.43140873312950134,
      0.3814418613910675,
      0.3114919066429138,
      0.032916393131017685,
      0.3089768588542938,
      1.0,
      0.39035606384277344,
      0.3567870557308197,
      0.363069087266922,
      0.4226095378398895,
      0.4943833649158478,
      0.42848241329193115,
      0.48514053225517273,
      0.34560906887054443
    ],
    [
      0.17011092603206635,
      0.6019735932350159,
      0.20224538445472717,
      0.3293397128582001,
      0.3322417736053467,
      0.08883826434612274,
      0.1853187382221222,
      0.39035606384277344,
      1.0,
      0.2637137770652771,
      0.25178056955337524,
      0.21622449159622192,
      0.28576385974884033,
      0.23817913234233856,
      0.26993274688720703,
      0.20906361937522888
    ],
    [
      0.2326904684305191,
      0.31133270263671875,
      0.37691259384155273,
      0.3167824149131775,
      0.3103618621826172,
      0.016988342627882957,
      0.1711583137512207,
      0.3567870557308197,
      0.2637137770652771,
      1.0,
      0.3860546350479126,
      0.387065589427948,
      0.41418594121932983,
      0.26573312282562256,
      0.41885095834732056,
      0.2745140790939331
    ],
    [
      0.32540977001190186,
      0.37457069754600525,
      0.48030462861061096,
      0.39086881279945374,
      0.37989139556884766,
      0.1260358989238739,
      0.23824837803840637,
      0.363069087266922,
      0.25178056955337524,
      0.3860546350479126,
      1.0,
      0.38097965717315674,
      0.39756813645362854,
      0.34882503747940063,
      0.3868517577648163,
      0.32101869583129883
    ],
    [
      0.2931532561779022,
      0.3289947807788849,
      0.4291066527366638,
      0.32397347688674927,
      0.248226135969162,
      0.026758868247270584,
      0.28075066208839417,
      0.4226095378398895,
      0.21622449159622192,
      0.387065589427948,
      0.38097965717315674,
      1.0000001192092896,
      0.37776002287864685,
      0.31486642360687256,
      0.3598761260509491,
      0.31138432025909424
    ],
    [
      0.3298102021217346,
      0.39969325065612793,
      0.3987390398979187,
      0.36941543221473694,
      0.2925702631473541,
      -0.006862495560199022,
      0.15398716926574707,
      0.4943833649158478,
      0.28576385974884033,
      0.41418594121932983,
      0.39756813645362854,
      0.37776002287864685,
      0.9999999403953552,
      0.49174460768699646,
      0.5848414301872253,
      0.4993104934692383
    ],
    [
      0.30894240736961365,
      0.296470046043396,
      0.2918247878551483,
      0.3130623400211334,
      0.32654955983161926,
      0.031561192125082016,
      0.17635343968868256,
      0.42848241329193115,
      0.23817913234233856,
      0.26573312282562256,
      0.34882503747940063,
      0.31486642360687256,
      0.49174460768699646,
      1.0,
      0.43553537130355835,
      0.49287149310112
    ],
    [
      0.35948312282562256,
      0.38276129961013794,
      0.36335164308547974,
      0.3682578504085541,
      0.29843708872795105,
      0.037925925105810165,
      0.22331848740577698,
      0.48514053225517273,
      0.26993274688720703,
      0.41885095834732056,
      0.3868517577648163,
      0.3598761260509491,
      0.5848414301872253,
      0.43553537130355835,
      1.0,
      0.41433218121528625
    ],
    [
      0.2558797001838684,
      0.30992579460144043,
      0.2566767930984497,
      0.28239667415618896,
      0.23946374654769897,
      0.1086515486240387,
      0.1588563323020935,
      0.34560906887054443,
      0.20906361937522888,
      0.2745140790939331,
      0.32101869583129883,
      0.31138432025909424,
      0.4993104934692383,
      0.49287149310112,
      0.41433218121528625,
      1.0000001192092896
    ]
  ]
}