{"game_number":214,"words":["BELT","BRACELET","TIE","WATCH","BIT","JOKE","ROUTINE","SKETCH","APPEAL","CHARM","DRAW","PULL","CANINE","FREIGHT","OFTEN","STONE"],"adjacency_matrix":[[0.9999999403953552,0.46360838413238525,0.4077492356300354,0.35101208090782166,0.3205578923225403,0.3047049343585968,0.3585081994533539,0.2639220654964447,0.32429423928260803,0.2974962294101715,0.32324203848838806,0.44425511360168457,0.27305513620376587,0.3542965352535248,0.2628723680973053,0.35302650928497314],[0.46360838413238525,1.0,0.4386387765407562,0.4081239700317383,0.29947373270988464,0.33054909110069275,0.27247482538223267,0.2719974219799042,0.2975011169910431,0.42917725443840027,0.2817496657371521,0.3427300751209259,0.2920612394809723,0.1255352795124054,0.17211608588695526,0.38724809885025024],[0.4077492356300354,0.4386387765407562,1.0,0.43374988436698914,0.33514395356178284,0.35249853134155273,0.3204391598701477,0.37326928973197937,0.34907543659210205,0.34453991055488586,0.556954026222229,0.5790132284164429,0.29370707273483276,0.30135759711265564,0.31408166885375977,0.36733847856521606],[0.35101208090782166,0.4081239700317383,0.43374988436698914,1.0,0.3713788390159607,0.4071257710456848,0.38948026299476624,0.42725834250450134,0.3958497941493988,0.301082968711853,0.46608754992485046,0.5206296443939209,0.28122180700302124,0.2805517613887787,0.39414599537849426,0.3207526206970215],[0.3205578923225403,0.29947373270988464,0.33514395356178284,0.3713788390159607,1.0,0.46796369552612305,0.4294463098049164,0.3516330122947693,0.32448121905326843,0.4215245544910431,0.3544251322746277,0.43880176544189453,0.34462225437164307,0.24556271731853485,0.42797133326530457,0.3675989806652069],[0.3047049343585968,0.33054909110069275,0.35249853134155273,0.4071257710456848,0.46796369552612305,1.0,0.508532702922821,0.556922435760498,0.40117087960243225,0.4062712490558624,0.35932111740112305,0.3848560154438019,0.3157999515533447,0.2324102818965912,0.3738819658756256,0.3220689594745636],[0.3585081994533539,0.27247482538223267,0.3204391598701477,0.38948026299476624,0.4294463098049164,0.508532702922821,1.0,0.43178656697273254,0.3853759467601776,0.38061702251434326,0.35104793310165405,0.3626980781555176,0.4017375707626343,0.3585582673549652,0.4359774887561798,0.3111594021320343],[0.2639220654964447,0.2719974219799042,0.37326928973197937,0.42725834250450134,0.3516330122947693,0.556922435760498,0.43178656697273254,1.0,0.35833659768104553,0.32994553446769714,0.5297541618347168,0.3873136639595032,0.2943184971809387,0.28632688522338867,0.3195783495903015,0.3535757064819336],[0.32429423928260803,0.2975011169910431,0.34907543659210205,0.3958497941493988,0.32448121905326843,0.40117087960243225,0.3853759467601776,0.35833659768104553,1.0,0.4882102608680725,0.42851635813713074,0.4050475060939789,0.28541818261146545,0.2897838354110718,0.3707085847854614,0.34655460715293884],[0.2974962294101715,0.42917725443840027,0.34453991055488586,0.301082968711853,0.4215245544910431,0.4062712490558624,0.38061702251434326,0.32994553446769714,0.4882102608680725,1.0,0.35443738102912903,0.4021123945713043,0.40071359276771545,0.2791467010974884,0.26970842480659485,0.3940655291080475],[0.32324203848838806,0.2817496657371521,0.556954026222229,0.46608754992485046,0.3544251322746277,0.35932111740112305,0.35104793310165405,0.5297541618347168,0.42851635813713074,0.35443738102912903,0.9999999403953552,0.6309741735458374,0.20155511796474457,0.28943565487861633,0.4124540090560913,0.3068419396877289],[0.44425511360168457,0.3427300751209259,0.5790132284164429,0.5206296443939209,0.43880176544189453,0.3848560154438019,0.3626980781555176,0.3873136639595032,0.4050475060939789,0.4021123945713043,0.6309741735458374,1.0,0.29529184103012085,0.36218005418777466,0.40902969241142273,0.3400636613368988],[0.27305513620376587,0.2920612394809723,0.29370707273483276,0.28122180700302124,0.34462225437164307,0.3157999515533447,0.4017375707626343,0.2943184971809387,0.28541818261146545,0.40071359276771545,0.20155511796474457,0.29529184103012085,1.0,0.23598352074623108,0.23583614826202393,0.27857157588005066],[0.3542965352535248,0.1255352795124054,0.30135759711265564,0.2805517613887787,0.24556271731853485,0.2324102818965912,0.3585582673549652,0.28632688522338867,0.2897838354110718,0.2791467010974884,0.28943565487861633,0.36218005418777466,0.23598352074623108,1.0,0.2598402500152588,0.31153106689453125],[0.2628723680973053,0.17211608588695526,0.31408166885375977,0.39414599537849426,0.42797133326530457,0.3738819658756256,0.4359774887561798,0.3195783495903015,0.3707085847854614,0.26970842480659485,0.4124540090560913,0.40902969241142273,0.23583614826202393,0.2598402500152588,0.9999999403953552,0.2897580564022064],[0.35302650928497314,0.38724809885025024,0.36733847856521606,0.3207526206970215,0.3675989806652069,0.3220689594745636,0.3111594021320343,0.3535757064819336,0.34655460715293884,0.3940655291080475,0.3068419396877289,0.3400636613368988,0.27857157588005066,0.31153106689453125,0.2897580564022064,1.0]]}