{"game_number":277,"words":["ACTION","CAMERA","CUT","LIGHTS","CAN","COULD","MAY","MIGHT","HEAD","LEAD","PRIME","TOP","BUTCHER","SCRAP","TOILET","WAX"],"adjacency_matrix":[[1.0,0.4254055917263031,0.41028741002082825,0.34278422594070435,0.3203962445259094,0.3476272225379944,0.28459376096725464,0.3630147874355316,0.4099521040916443,0.5023504495620728,0.387222558259964,0.3469909727573395,0.2728350758552551,0.35134169459342957,0.3103313148021698,0.15738238394260406],[0.4254055917263031,1.0,0.3157730996608734,0.4780082404613495,0.2904200255870819,0.28419625759124756,0.19200929999351501,0.23200656473636627,0.4148617684841156,0.3125760853290558,0.29882046580314636,0.31815892457962036,0.305749773979187,0.2421605885028839,0.3959813714027405,0.21089382469654083],[0.41028741002082825,0.3157730996608734,1.0,0.32840871810913086,0.45487573742866516,0.4804655909538269,0.3643539845943451,0.4231500029563904,0.5113149881362915,0.5373501777648926,0.31848400831222534,0.4587772488594055,0.4323841333389282,0.5676950812339783,0.3260001838207245,0.3448290526866913],[0.34278422594070435,0.4780082404613495,0.32840871810913086,1.0,0.27693918347358704,0.29900050163269043,0.24772731959819794,0.2957547605037689,0.38389524817466736,0.341209352016449,0.30235031247138977,0.3938010632991791,0.2109610140323639,0.2983931005001068,0.35984835028648376,0.30933505296707153],[0.3203962445259094,0.2904200255870819,0.45487573742866516,0.27693918347358704,1.0,0.8431810140609741,0.7688693404197693,0.7223143577575684,0.33166006207466125,0.4457473158836365,0.27932271361351013,0.2658817172050476,0.31613537669181824,0.37809693813323975,0.25608015060424805,0.21825061738491058],[0.3476272225379944,0.28419625759124756,0.4804655909538269,0.29900050163269043,0.8431810140609741,1.0,0.7716607451438904,0.8618810176849365,0.34464022517204285,0.47594860196113586,0.3224310278892517,0.28483858704566956,0.32275429368019104,0.4009600579738617,0.27462297677993774,0.20421826839447021],[0.28459376096725464,0.19200929999351501,0.3643539845943451,0.24772731959819794,0.7688693404197693,0.7716607451438904,0.9999999403953552,0.8285428285598755,0.3074248731136322,0.42430269718170166,0.24727767705917358,0.21811142563819885,0.24740083515644073,0.3153855502605438,0.21325434744358063,0.20841580629348755],[0.3630147874355316,0.23200656473636627,0.4231500029563904,0.2957547605037689,0.7223143577575684,0.8618810176849365,0.8285428285598755,1.0,0.36547330021858215,0.4561937153339386,0.36217615008354187,0.27283889055252075,0.27696529030799866,0.3752722442150116,0.2614136040210724,0.1876508742570877],[0.4099521040916443,0.4148617684841156,0.5113149881362915,0.38389524817466736,0.33166006207466125,0.34464022517204285,0.3074248731136322,0.36547330021858215,1.0,0.5896058678627014,0.3894807696342468,0.6029235124588013,0.44069036841392517,0.33427828550338745,0.39430680871009827,0.3057909309864044],[0.5023504495620728,0.3125760853290558,0.5373501777648926,0.341209352016449,0.4457473158836365,0.47594860196113586,0.42430269718170166,0.4561937153339386,0.5896058678627014,1.0,0.42660924792289734,0.4900103807449341,0.363444983959198,0.42011839151382446,0.35698533058166504,0.20159035921096802],[0.387222558259964,0.29882046580314636,0.31848400831222534,0.30235031247138977,0.27932271361351013,0.3224310278892517,0.24727767705917358,0.36217615008354187,0.3894807696342468,0.42660924792289734,1.0,0.47069910168647766,0.35869699716567993,0.30171138048171997,0.24384473264217377,0.18815429508686066],[0.3469909727573395,0.31815892457962036,0.4587772488594055,0.3938010632991791,0.2658817172050476,0.28483858704566956,0.21811142563819885,0.27283889055252075,0.6029235124588013,0.4900103807449341,0.47069910168647766,1.0,0.30808112025260925,0.3625727891921997,0.3205077350139618,0.20443829894065857],[0.2728350758552551,0.305749773979187,0.4323841333389282,0.2109610140323639,0.31613537669181824,0.32275429368019104,0.24740083515644073,0.27696529030799866,0.44069036841392517,0.363444983959198,0.35869699716567993,0.30808112025260925,1.0,0.4313604235649109,0.32793572545051575,0.24679063260555267],[0.35134169459342957,0.2421605885028839,0.5676950812339783,0.2983931005001068,0.37809693813323975,0.4009600579738617,0.3153855502605438,0.3752722442150116,0.33427828550338745,0.42011839151382446,0.30171138048171997,0.3625727891921997,0.4313604235649109,0.9999999403953552,0.398648738861084,0.33231469988822937],[0.3103313148021698,0.3959813714027405,0.3260001838207245,0.35984835028648376,0.25608015060424805,0.27462297677993774,0.21325434744358063,0.2614136040210724,0.39430680871009827,0.35698533058166504,0.24384473264217377,0.3205077350139618,0.32793572545051575,0.398648738861084,1.0,0.28261590003967285],[0.15738238394260406,0.21089382469654083,0.3448290526866913,0.30933505296707153,0.21825061738491058,0.20421826839447021,0.20841580629348755,0.1876508742570877,0.3057909309864044,0.20159035921096802,0.18815429508686066,0.20443829894065857,0.24679063260555267,0.33231469988822937,0.28261590003967285,1.0]]}