{"game_number":146,"words":["BREAD","BUTTER","GARLIC","PARSLEY","BET","GAMBLE","RISK","STAKE","ADVENTURE","FANTASY","FRONTIER","TOMORROW","BASEBALL","CRICKET","FRUIT","VAMPIRE"],"adjacency_matrix":[[1.0,0.7513414025306702,0.4334821403026581,0.3952794075012207,0.26996010541915894,0.2707463800907135,0.2832566201686859,0.37332233786582947,0.26633262634277344,0.25078195333480835,0.29297369718551636,0.2517373859882355,0.25636550784111023,0.25230884552001953,0.4684589207172394,0.25816407799720764],[0.7513414025306702,1.0,0.5160278677940369,0.4458667039871216,0.2399255633354187,0.18266375362873077,0.26497671008110046,0.28504619002342224,0.19164077937602997,0.24500499665737152,0.30649450421333313,0.19377894699573517,0.24490587413311005,0.25641587376594543,0.4257276952266693,0.24402649700641632],[0.4334821403026581,0.5160278677940369,1.0,0.6147891283035278,0.18765635788440704,0.20638154447078705,0.2639060318470001,0.2915858328342438,0.19863681495189667,0.2925386428833008,0.2581295967102051,0.14641429483890533,0.24519096314907074,0.25988224148750305,0.4624193012714386,0.47983086109161377],[0.3952794075012207,0.4458667039871216,0.6147891283035278,1.0,0.19966012239456177,0.2067757099866867,0.19258835911750793,0.25219061970710754,0.1944194734096527,0.21850264072418213,0.22744323313236237,0.17046429216861725,0.20408427715301514,0.24742230772972107,0.3664615750312805,0.2570222020149231],[0.26996010541915894,0.2399255633354187,0.18765635788440704,0.19966012239456177,1.0,0.6470810174942017,0.4278479218482971,0.49172186851501465,0.33638522028923035,0.3313031494617462,0.2554616332054138,0.38706499338150024,0.309320330619812,0.281662255525589,0.19883021712303162,0.2578681707382202],[0.2707463800907135,0.18266375362873077,0.20638154447078705,0.2067757099866867,0.6470810174942017,1.0,0.5245978236198425,0.5011472702026367,0.4733890891075134,0.40594005584716797,0.3523993492126465,0.30655935406684875,0.3265998661518097,0.30463314056396484,0.2451367825269699,0.2998104393482208],[0.2832566201686859,0.26497671008110046,0.2639060318470001,0.19258835911750793,0.4278479218482971,0.5245978236198425,1.0000001192092896,0.5548123121261597,0.3995695412158966,0.3331092596054077,0.3831924796104431,0.2742283046245575,0.2516106069087982,0.2781617343425751,0.3221576511859894,0.28860387206077576],[0.37332233786582947,0.28504619002342224,0.2915858328342438,0.25219061970710754,0.49172186851501465,0.5011472702026367,0.5548123121261597,1.0,0.34336012601852417,0.3153897225856781,0.3341044485569,0.2800794541835785,0.2893989086151123,0.2703276574611664,0.3509140908718109,0.3022165298461914],[0.26633262634277344,0.19164077937602997,0.19863681495189667,0.1944194734096527,0.33638522028923035,0.4733890891075134,0.3995695412158966,0.34336012601852417,1.0,0.6108251810073853,0.5084040760993958,0.3070312440395355,0.3656314015388489,0.3808548152446747,0.3139302134513855,0.35523882508277893],[0.25078195333480835,0.24500499665737152,0.2925386428833008,0.21850264072418213,0.3313031494617462,0.40594005584716797,0.3331092596054077,0.3153897225856781,0.6108251810073853,1.0,0.4522304832935333,0.2909299433231354,0.4534638226032257,0.3722413182258606,0.2832215428352356,0.4967544972896576],[0.29297369718551636,0.30649450421333313,0.2581295967102051,0.22744323313236237,0.2554616332054138,0.3523993492126465,0.3831924796104431,0.3341044485569,0.5084040760993958,0.4522304832935333,1.0,0.3498835563659668,0.3374917507171631,0.3438800871372223,0.23420549929141998,0.36215919256210327],[0.2517373859882355,0.19377894699573517,0.14641429483890533,0.17046429216861725,0.38706499338150024,0.30655935406684875,0.2742283046245575,0.2800794541835785,0.3070312440395355,0.2909299433231354,0.3498835563659668,1.0,0.2714824378490448,0.2413240671157837,0.20038318634033203,0.20281359553337097],[0.25636550784111023,0.24490587413311005,0.24519096314907074,0.20408427715301514,0.309320330619812,0.3265998661518097,0.2516106069087982,0.2893989086151123,0.3656314015388489,0.4534638226032257,0.3374917507171631,0.2714824378490448,1.0000001192092896,0.622159481048584,0.34211885929107666,0.34279289841651917],[0.25230884552001953,0.25641587376594543,0.25988224148750305,0.24742230772972107,0.281662255525589,0.30463314056396484,0.2781617343425751,0.2703276574611664,0.3808548152446747,0.3722413182258606,0.3438800871372223,0.2413240671157837,0.622159481048584,0.9999999403953552,0.3357236981391907,0.33415502309799194],[0.4684589207172394,0.4257276952266693,0.4624193012714386,0.3664615750312805,0.19883021712303162,0.2451367825269699,0.3221576511859894,0.3509140908718109,0.3139302134513855,0.2832215428352356,0.23420549929141998,0.20038318634033203,0.34211885929107666,0.3357236981391907,1.0,0.3146987855434418],[0.25816407799720764,0.24402649700641632,0.47983086109161377,0.2570222020149231,0.2578681707382202,0.2998104393482208,0.28860387206077576,0.3022165298461914,0.35523882508277893,0.4967544972896576,0.36215919256210327,0.20281359553337097,0.34279289841651917,0.33415502309799194,0.3146987855434418,1.0]]}