{"game_number":250,"words":["LIGHT","SHORT","SPARE","THIN","BALL","BLAST","KICK","RIOT","BOOM","DOLLY","LENS","TRIPOD","CLUE","GRIP","LIFE","ROOM"],"adjacency_matrix":[[1.0,0.46481290459632874,0.4651961624622345,0.44656404852867126,0.42441192269325256,0.42634811997413635,0.3317424952983856,0.3348766565322876,0.35863831639289856,0.30238860845565796,0.49151045083999634,0.3110341727733612,0.37947550415992737,0.3809071183204651,0.42165419459342957,0.4459061324596405],[0.46481290459632874,1.0,0.5707460641860962,0.6048651337623596,0.38128364086151123,0.37977835536003113,0.40966320037841797,0.30835583806037903,0.382385790348053,0.26425865292549133,0.306397408246994,0.2764282822608948,0.3677733540534973,0.42163601517677307,0.44334322214126587,0.33412373065948486],[0.4651961624622345,0.5707460641860962,1.0,0.43527939915657043,0.3482269048690796,0.4077715575695038,0.4481965899467468,0.30843836069107056,0.2883109748363495,0.3295070230960846,0.3203528821468353,0.2781144082546234,0.42837080359458923,0.4597776234149933,0.40054330229759216,0.42370864748954773],[0.44656404852867126,0.6048651337623596,0.43527939915657043,1.0,0.33550360798835754,0.28078386187553406,0.28676965832710266,0.19904369115829468,0.2751862108707428,0.2638803720474243,0.3298264443874359,0.27484336495399475,0.26094886660575867,0.40364500880241394,0.31833720207214355,0.30370110273361206],[0.42441192269325256,0.38128364086151123,0.3482269048690796,0.33550360798835754,1.0,0.4401056468486786,0.5812038779258728,0.30853360891342163,0.37933430075645447,0.48221832513809204,0.32760533690452576,0.32536807656288147,0.33760106563568115,0.46298491954803467,0.39831802248954773,0.42940235137939453],[0.42634811997413635,0.37977835536003113,0.4077715575695038,0.28078386187553406,0.4401056468486786,1.0,0.48836565017700195,0.46434441208839417,0.49376073479652405,0.26191243529319763,0.3014002740383148,0.2944633960723877,0.3139849305152893,0.39924314618110657,0.32505345344543457,0.35579153895378113],[0.3317424952983856,0.40966320037841797,0.4481965899467468,0.28676965832710266,0.5812038779258728,0.48836565017700195,1.0,0.347744882106781,0.39370498061180115,0.35152679681777954,0.25704294443130493,0.27057772874832153,0.3384624123573303,0.4408480226993561,0.3570527732372284,0.32939228415489197],[0.3348766565322876,0.30835583806037903,0.30843836069107056,0.19904369115829468,0.30853360891342163,0.46434441208839417,0.347744882106781,1.0,0.4072602093219757,0.15425384044647217,0.22495011985301971,0.21367445588111877,0.22134608030319214,0.3413149416446686,0.3565784692764282,0.3121141791343689],[0.35863831639289856,0.382385790348053,0.2883109748363495,0.2751862108707428,0.37933430075645447,0.49376073479652405,0.39370498061180115,0.4072602093219757,0.9999999403953552,0.37952789664268494,0.314463347196579,0.36041459441185,0.23769092559814453,0.40385615825653076,0.3715263307094574,0.35165199637413025],[0.30238860845565796,0.26425865292549133,0.3295070230960846,0.2638803720474243,0.48221832513809204,0.26191243529319763,0.35152679681777954,0.15425384044647217,0.37952789664268494,1.0,0.33543142676353455,0.3873344957828522,0.24102966487407684,0.34925174713134766,0.24813120067119598,0.3233678340911865],[0.49151045083999634,0.306397408246994,0.3203528821468353,0.3298264443874359,0.32760533690452576,0.3014002740383148,0.25704294443130493,0.22495011985301971,0.314463347196579,0.33543142676353455,0.9999999403953552,0.5087425708770752,0.22885718941688538,0.42953601479530334,0.3447449505329132,0.29363763332366943],[0.3110341727733612,0.2764282822608948,0.2781144082546234,0.27484336495399475,0.32536807656288147,0.2944633960723877,0.27057772874832153,0.21367445588111877,0.36041459441185,0.3873344957828522,0.5087425708770752,1.0,0.21237631142139435,0.422819048166275,0.2607184946537018,0.31829869747161865],[0.37947550415992737,0.3677733540534973,0.42837080359458923,0.26094886660575867,0.33760106563568115,0.3139849305152893,0.3384624123573303,0.22134608030319214,0.23769092559814453,0.24102966487407684,0.22885718941688538,0.21237631142139435,1.0,0.4320067763328552,0.31916543841362,0.32929331064224243],[0.3809071183204651,0.42163601517677307,0.4597776234149933,0.40364500880241394,0.46298491954803467,0.39924314618110657,0.4408480226993561,0.3413149416446686,0.40385615825653076,0.34925174713134766,0.42953601479530334,0.422819048166275,0.4320067763328552,1.0,0.459273099899292,0.3255423605442047],[0.42165419459342957,0.44334322214126587,0.40054330229759216,0.31833720207214355,0.39831802248954773,0.32505345344543457,0.3570527732372284,0.3565784692764282,0.3715263307094574,0.24813120067119598,0.3447449505329132,0.2607184946537018,0.31916543841362,0.459273099899292,1.0,0.3980455994606018],[0.4459061324596405,0.33412373065948486,0.42370864748954773,0.30370110273361206,0.42940235137939453,0.35579153895378113,0.32939228415489197,0.3121141791343689,0.35165199637413025,0.3233678340911865,0.29363763332366943,0.31829869747161865,0.32929331064224243,0.3255423605442047,0.3980455994606018,0.9999999403953552]]}