{"game_number":366,"words":["AMERICANO","CAPPUCCINO","ESPRESSO","LATTE","ALMOND","CASHEW","PECAN","WALNUT","EMERALD","FOREST","KELLY","OLIVE","BEAN","CLEAN","FOX","PEANUT"],"adjacency_matrix":[[0.9999999403953552,0.4892064034938812,0.4120166003704071,0.35443875193595886,0.33379197120666504,0.22375769913196564,0.26195672154426575,0.29681089520454407,0.26393821835517883,0.17127083241939545,0.30692383646965027,0.3050244450569153,0.3979529142379761,0.20457790791988373,0.23485581576824188,0.3111714720726013],[0.4892064034938812,1.0,0.6830350756645203,0.707339346408844,0.4396095275878906,0.3718833029270172,0.3235321044921875,0.4117627441883087,0.3099004626274109,0.24453836679458618,0.2351168394088745,0.380381315946579,0.4601707458496094,0.33766618371009827,0.1562994122505188,0.3578813076019287],[0.4120166003704071,0.6830350756645203,1.0,0.5829020142555237,0.3503645956516266,0.2728836238384247,0.2359093725681305,0.32735052704811096,0.2159350961446762,0.17516067624092102,0.13667146861553192,0.293456494808197,0.3696286380290985,0.24151065945625305,0.12955664098262787,0.2928401529788971],[0.35443875193595886,0.707339346408844,0.5829020142555237,1.0,0.38830968737602234,0.27073538303375244,0.3048747777938843,0.30987676978111267,0.2923271358013153,0.1982101947069168,0.2178810089826584,0.28321102261543274,0.37516066431999207,0.21011438965797424,0.1729586124420166,0.2980976402759552],[0.33379197120666504,0.4396095275878906,0.3503645956516266,0.38830968737602234,1.0,0.5631383061408997,0.6095903515815735,0.6547409296035767,0.4209342300891876,0.3670259118080139,0.28768855333328247,0.6152142286300659,0.5133875608444214,0.24817439913749695,0.2637477517127991,0.5787904858589172],[0.22375769913196564,0.3718833029270172,0.2728836238384247,0.27073538303375244,0.5631383061408997,1.0,0.5201034545898438,0.5516147613525391,0.29947564005851746,0.3886803388595581,0.22379830479621887,0.4466035068035126,0.4845566153526306,0.24635489284992218,0.12615695595741272,0.5996042490005493],[0.26195672154426575,0.3235321044921875,0.2359093725681305,0.3048747777938843,0.6095903515815735,0.5201034545898438,0.9999999403953552,0.6628245115280151,0.29533737897872925,0.3748771548271179,0.2832232713699341,0.45232120156288147,0.49450603127479553,0.220883309841156,0.24664020538330078,0.6043503880500793],[0.29681089520454407,0.4117627441883087,0.32735052704811096,0.30987676978111267,0.6547409296035767,0.5516147613525391,0.6628245115280151,1.0,0.38031017780303955,0.4018298089504242,0.2932371497154236,0.5477442741394043,0.5212242007255554,0.26075854897499084,0.2921000123023987,0.5857051610946655],[0.26393821835517883,0.3099004626274109,0.2159350961446762,0.2923271358013153,0.4209342300891876,0.29947564005851746,0.29533737897872925,0.38031017780303955,1.0,0.4415181279182434,0.3309650719165802,0.4404572546482086,0.4054175913333893,0.31797197461128235,0.2872876822948456,0.2721463739871979],[0.17127083241939545,0.24453836679458618,0.17516067624092102,0.1982101947069168,0.3670259118080139,0.3886803388595581,0.3748771548271179,0.4018298089504242,0.4415181279182434,1.0,0.18464826047420502,0.36233702301979065,0.34837907552719116,0.3452461063861847,0.3575206398963928,0.3000630736351013],[0.30692383646965027,0.2351168394088745,0.13667146861553192,0.2178810089826584,0.28768855333328247,0.22379830479621887,0.2832232713699341,0.2932371497154236,0.3309650719165802,0.18464826047420502,1.0,0.2989277243614197,0.3129623532295227,0.18774133920669556,0.357639342546463,0.2857031524181366],[0.3050244450569153,0.380381315946579,0.293456494808197,0.28321102261543274,0.6152142286300659,0.4466035068035126,0.45232120156288147,0.5477442741394043,0.4404572546482086,0.36233702301979065,0.2989277243614197,0.9999999403953552,0.4128197133541107,0.3012149930000305,0.2406754195690155,0.4154311716556549],[0.3979529142379761,0.4601707458496094,0.3696286380290985,0.37516066431999207,0.5133875608444214,0.4845566153526306,0.49450603127479553,0.5212242007255554,0.4054175913333893,0.34837907552719116,0.3129623532295227,0.4128197133541107,1.0,0.29971975088119507,0.3560093641281128,0.5771596431732178],[0.20457790791988373,0.33766618371009827,0.24151065945625305,0.21011438965797424,0.24817439913749695,0.24635489284992218,0.220883309841156,0.26075854897499084,0.31797197461128235,0.3452461063861847,0.18774133920669556,0.3012149930000305,0.29971975088119507,1.0,0.18685269355773926,0.2355857491493225],[0.23485581576824188,0.1562994122505188,0.12955664098262787,0.1729586124420166,0.2637477517127991,0.12615695595741272,0.24664020538330078,0.2921000123023987,0.2872876822948456,0.3575206398963928,0.357639342546463,0.2406754195690155,0.3560093641281128,0.18685269355773926,1.0,0.2717050611972809],[0.3111714720726013,0.3578813076019287,0.2928401529788971,0.2980976402759552,0.5787904858589172,0.5996042490005493,0.6043503880500793,0.5857051610946655,0.2721463739871979,0.3000630736351013,0.2857031524181366,0.4154311716556549,0.5771596431732178,0.2355857491493225,0.2717050611972809,1.0]]}