{
  "game_number": 505,
  "words": [
    "AMOUNT",
    "NUMBER",
    "QUANTITY",
    "VOLUME",
    "CANAL",
    "CHANNEL",
    "SOUND",
    "STRAIT",
    "96",
    "MOW",
    "NOON",
    "SIS",
    "KNOCK",
    "PAN",
    "ROAST",
    "SLAM"
  ],
  "adjacency_matrix": [
    [
      1.0,
      0.5855591893196106,
      0.6763801574707031,
      0.5328990817070007,
      0.218704953789711,
      0.2987866699695587,
      0.3407178223133087,
      0.31265243887901306,
      0.14526169002056122,
      0.1410529911518097,
      0.19832922518253326,
      0.139215886592865,
      0.30572623014450073,
      0.30286696553230286,
      0.29557913541793823,
      0.22702474892139435
    ],
    [
      0.5855591893196106,
      1.0,
      0.5806426405906677,
      0.5437620878219604,
      0.2546482980251312,
      0.3737225830554962,
      0.3072277903556824,
      0.2877069413661957,
      0.3762565851211548,
      0.12437447905540466,
      0.22080713510513306,
      0.23125247657299042,
      0.3613700270652771,
      0.256390243768692,
      0.23354493081569672,
      0.21342401206493378
    ],
    [
      0.6763801574707031,
      0.5806426405906677,
      1.0000001192092896,
      0.5929425358772278,
      0.2831418514251709,
      0.3258962035179138,
      0.3647423982620239,
      0.2890545427799225,
      0.10524360835552216,
      0.1533161848783493,
      0.2438795566558838,
      0.2035660743713379,
      0.273872971534729,
      0.29763028025627136,
      0.2888965904712677,
      0.16071882843971252
    ],
    [
      0.5328990817070007,
      0.5437620878219604,
      0.5929425358772278,
      1.0,
      0.31874585151672363,
      0.3858552575111389,
      0.346466064453125,
      0.24089916050434113,
      0.19448432326316833,
      0.1244349256157875,
      0.18020950257778168,
      0.19405247271060944,
      0.2707947790622711,
      0.33015426993370056,
      0.28420543670654297,
      0.28011977672576904
    ],
    [
      0.218704953789711,
      0.2546482980251312,
      0.2831418514251709,
      0.31874585151672363,
      1.0,
      0.5202081799507141,
      0.33016782999038696,
      0.4293452799320221,
      0.09278205037117004,
      0.21235311031341553,
      0.19745180010795593,
      0.2553260922431946,
      0.25838685035705566,
      0.2977200150489807,
      0.18797674775123596,
      0.2076038420200348
    ],
    [
      0.2987866699695587,
      0.3737225830554962,
      0.3258962035179138,
      0.3858552575111389,
      0.5202081799507141,
      1.0,
      0.378239244222641,
      0.4602177143096924,
      0.12154821306467056,
      0.09919365495443344,
      0.26518118381500244,
      0.2833145558834076,
      0.29939010739326477,
      0.3461420238018036,
      0.26809537410736084,
      0.22887811064720154
    ],
    [
      0.3407178223133087,
      0.3072277903556824,
      0.3647423982620239,
      0.346466064453125,
      0.33016782999038696,
      0.378239244222641,
      1.0,
      0.33160045742988586,
      0.07647215574979782,
      0.18719768524169922,
      0.22782433032989502,
      0.23140676319599152,
      0.41668441891670227,
      0.369989812374115,
      0.27970245480537415,
      0.33615580201148987
    ],
    [
      0.31265243887901306,
      0.2877069413661957,
      0.2890545427799225,
      0.24089916050434113,
      0.4293452799320221,
      0.4602177143096924,
      0.33160045742988586,
      1.0,
      0.0372893288731575,
      0.16687019169330597,
      0.21273352205753326,
      0.2625100016593933,
      0.32467883825302124,
      0.2931886315345764,
      0.17866139113903046,
      0.19481556117534637
    ],
    [
      0.14526169002056122,
      0.3762565851211548,
      0.10524360835552216,
      0.19448432326316833,
      0.09278205037117004,
      0.12154821306467056,
      0.07647215574979782,
      0.0372893288731575,
      1.0,
      0.036427248269319534,
      0.21782439947128296,
      0.10297966748476028,
      0.15908271074295044,
      0.17678605020046234,
      0.13113005459308624,
      0.009069180116057396
    ],
    [
      0.1410529911518097,
      0.12437447905540466,
      0.1533161848783493,
      0.1244349256157875,
      0.21235311031341553,
      0.09919365495443344,
      0.18719768524169922,
      0.16687019169330597,
      0.036427248269319534,
      1.0,
      0.22404786944389343,
      0.14411382377147675,
      0.39787063002586365,
      0.247566819190979,
      0.2741597592830658,
      0.2994655966758728
    ],
    [
      0.19832922518253326,
      0.22080713510513306,
      0.2438795566558838,
      0.18020950257778168,
      0.19745180010795593,
      0.26518118381500244,
      0.22782433032989502,
      0.21273352205753326,
      0.21782439947128296,
      0.22404786944389343,
      1.0,
      0.168137788772583,
      0.25504663586616516,
      0.21882520616054535,
      0.34758052229881287,
      0.16261573135852814
    ],
    [
      0.139215886592865,
      0.23125247657299042,
      0.2035660743713379,
      0.19405247271060944,
      0.2553260922431946,
      0.2833145558834076,
      0.23140676319599152,
      0.2625100016593933,
      0.10297966748476028,
      0.14411382377147675,
      0.168137788772583,
      0.9999999403953552,
      0.2154044806957245,
      0.26579391956329346,
      0.2389116883277893,
      0.252214252948761
    ],
    [
      0.30572623014450073,
      0.3613700270652771,
      0.273872971534729,
      0.2707947790622711,
      0.25838685035705566,
      0.29939010739326477,
      0.41668441891670227,
      0.32467883825302124,
      0.15908271074295044,
      0.39787063002586365,
      0.25504663586616516,
      0.2154044806957245,
      1.0,
      0.3891478180885315,
      0.40023553371429443,
      0.560980498790741
    ],
    [
      0.30286696553230286,
      0.256390243768692,
      0.29763028025627136,
      0.33015426993370056,
      0.2977200150489807,
      0.3461420238018036,
      0.369989812374115,
      0.2931886315345764,
      0.17678605020046234,
      0.247566819190979,
      0.21882520616054535,
      0.26579391956329346,
      0.3891478180885315,
      1.0,
      0.4907894432544708,
      0.36385005712509155
    ],
    [
      0.29557913541793823,
      0.23354493081569672,
      0.2888965904712677,
      0.28420543670654297,
      0.18797674775123596,
      0.26809537410736084,
      0.27970245480537415,
      0.17866139113903046,
      0.13113005459308624,
      0.2741597592830658,
      0.34758052229881287,
      0.2389116883277893,
      0.40023553371429443,
      0.4907894432544708,
      1.0000001192092896,
      0.32802528142929077
    ],
    [
      0.22702474892139435,
      0.21342401206493378,
      0.16071882843971252,
      0.28011977672576904,
      0.2076038420200348,
      0.22887811064720154,
      0.33615580201148987,
      0.19481556117534637,
      0.009069180116057396,
      0.2994655966758728,
      0.16261573135852814,
      0.252214252948761,
      0.560980498790741,
      0.36385005712509155,
      0.32802528142929077,
      1.0
    ]
  ]
}