{"game_number":284,"words":["AFGHAN","ALPACA","ANGORA","YAK","BLATHER","CHAT","JABBER","GAB","CONVERSE","JORDAN","PUMA","VANS","LEAD","SPEECH","TRIAL","WATER"],"adjacency_matrix":[[1.0,0.3642582595348358,0.35323965549468994,0.27901607751846313,0.18423083424568176,0.20235639810562134,0.22996912896633148,0.16387875378131866,0.10224706679582596,0.3936784565448761,0.2642643451690674,0.1910940706729889,0.20991867780685425,0.11790915578603745,0.13763085007667542,0.18048711121082306],[0.3642582595348358,1.0,0.6881755590438843,0.49067720770835876,0.15887121856212616,0.2255704551935196,0.26695165038108826,0.15862718224525452,0.16340528428554535,0.23003603518009186,0.5569570064544678,0.2621876001358032,0.15259535610675812,0.18342797458171844,0.24113430082798004,0.2635941803455353],[0.35323965549468994,0.6881755590438843,1.0,0.39966630935668945,0.2897612452507019,0.20967590808868408,0.234914630651474,0.1664106845855713,0.24890510737895966,0.2999783158302307,0.512952983379364,0.2695360779762268,0.2536413371562958,0.20755787193775177,0.2347743809223175,0.28158628940582275],[0.27901607751846313,0.49067720770835876,0.39966630935668945,1.0,0.2535746991634369,0.31688615679740906,0.39585351943969727,0.3379459083080292,0.17467144131660461,0.24042797088623047,0.29752179980278015,0.2433958351612091,0.08954428881406784,0.11004745215177536,0.057524170726537704,0.19673466682434082],[0.18423083424568176,0.15887121856212616,0.2897612452507019,0.2535746991634369,1.0,0.3662731647491455,0.5260933041572571,0.22159788012504578,0.33682504296302795,0.19809328019618988,0.16479896008968353,0.1996268779039383,0.3130120038986206,0.3648015260696411,0.25525426864624023,0.26251286268234253],[0.20235639810562134,0.2255704551935196,0.20967590808868408,0.31688615679740906,0.3662731647491455,1.0,0.5879652500152588,0.38399380445480347,0.47118422389030457,0.19529961049556732,0.20822390913963318,0.18989697098731995,0.28751927614212036,0.379061758518219,0.3273194432258606,0.2768251597881317],[0.22996912896633148,0.26695165038108826,0.234914630651474,0.39585351943969727,0.5260933041572571,0.5879652500152588,1.0,0.3752133250236511,0.39012619853019714,0.19407448172569275,0.2599532902240753,0.23828907310962677,0.20590254664421082,0.3984358012676239,0.2134804129600525,0.2504620850086212],[0.16387875378131866,0.15862718224525452,0.1664106845855713,0.3379459083080292,0.22159788012504578,0.38399380445480347,0.3752133250236511,1.0,0.18720175325870514,0.2573429346084595,0.05606964975595474,0.11884645372629166,0.008831475861370564,0.18141669034957886,-0.009299256838858128,0.10855254530906677],[0.10224706679582596,0.16340528428554535,0.24890510737895966,0.17467144131660461,0.33682504296302795,0.47118422389030457,0.39012619853019714,0.18720175325870514,1.0,0.1261245608329773,0.18111896514892578,0.16451923549175262,0.3272501230239868,0.2950413227081299,0.29081520438194275,0.23461785912513733],[0.3936784565448761,0.23003603518009186,0.2999783158302307,0.24042797088623047,0.19809328019618988,0.19529961049556732,0.19407448172569275,0.2573429346084595,0.1261245608329773,1.0,0.34043964743614197,0.16174474358558655,0.11996012181043625,0.07238686829805374,0.1158708930015564,0.25964632630348206],[0.2642643451690674,0.5569570064544678,0.512952983379364,0.29752179980278015,0.16479896008968353,0.20822390913963318,0.2599532902240753,0.05606964975595474,0.18111896514892578,0.34043964743614197,1.0,0.27421578764915466,0.22993887960910797,0.2351159155368805,0.1918388456106186,0.30962514877319336],[0.1910940706729889,0.2621876001358032,0.2695360779762268,0.2433958351612091,0.1996268779039383,0.18989697098731995,0.23828907310962677,0.11884645372629166,0.16451923549175262,0.16174474358558655,0.27421578764915466,0.9999999403953552,0.23664222657680511,0.17519843578338623,0.2244768589735031,0.2840613126754761],[0.20991867780685425,0.15259535610675812,0.2536413371562958,0.08954428881406784,0.3130120038986206,0.28751927614212036,0.20590254664421082,0.008831475861370564,0.3272501230239868,0.11996012181043625,0.22993887960910797,0.23664222657680511,1.0,0.3418276906013489,0.3839151859283447,0.3791118562221527],[0.11790915578603745,0.18342797458171844,0.20755787193775177,0.11004745215177536,0.3648015260696411,0.379061758518219,0.3984358012676239,0.18141669034957886,0.2950413227081299,0.07238686829805374,0.2351159155368805,0.17519843578338623,0.3418276906013489,1.0000001192092896,0.41666242480278015,0.2892959713935852],[0.13763085007667542,0.24113430082798004,0.2347743809223175,0.057524170726537704,0.25525426864624023,0.3273194432258606,0.2134804129600525,-0.009299256838858128,0.29081520438194275,0.1158708930015564,0.1918388456106186,0.2244768589735031,0.3839151859283447,0.41666242480278015,1.0,0.2879914939403534],[0.18048711121082306,0.2635941803455353,0.28158628940582275,0.19673466682434082,0.26251286268234253,0.2768251597881317,0.2504620850086212,0.10855254530906677,0.23461785912513733,0.25964632630348206,0.30962514877319336,0.2840613126754761,0.3791118562221527,0.2892959713935852,0.2879914939403534,0.9999999403953552]]}