{
  "game_number": 155,
  "words": [
    "BASKET",
    "BLANKET",
    "COOLER",
    "UTENSILS",
    "BOMBER",
    "FEDORA",
    "SATCHEL",
    "WHIP",
    "PAGAN",
    "SMARTER",
    "VIXEN",
    "WIDEN",
    "DISCUSSION",
    "LAB",
    "LECTURE",
    "SEMINAR"
  ],
  "adjacency_matrix": [
    [
      0.9999999403953552,
      0.4624755382537842,
      0.3558885455131531,
      0.3225594162940979,
      0.3250720202922821,
      0.26658275723457336,
      0.4689580798149109,
      0.34159812331199646,
      0.24195080995559692,
      0.24789860844612122,
      0.19820937514305115,
      0.21509337425231934,
      0.23598621785640717,
      0.31354597210884094,
      0.24024008214473724,
      0.2657204568386078
    ],
    [
      0.4624755382537842,
      1.0,
      0.3804989457130432,
      0.24192209541797638,
      0.25805234909057617,
      0.3702569603919983,
      0.465800404548645,
      0.36158397793769836,
      0.2824559211730957,
      0.22962190210819244,
      0.13659705221652985,
      0.25489965081214905,
      0.34989163279533386,
      0.26334086060523987,
      0.3194081485271454,
      0.2501993477344513
    ],
    [
      0.3558885455131531,
      0.3804989457130432,
      1.0,
      0.2154187113046646,
      0.24725180864334106,
      0.3686853349208832,
      0.34506043791770935,
      0.26239901781082153,
      0.32666921615600586,
      0.5420534610748291,
      0.25859981775283813,
      0.23655839264392853,
      0.3224279582500458,
      0.3355424106121063,
      0.22988207638263702,
      0.25863751769065857
    ],
    [
      0.3225594162940979,
      0.24192209541797638,
      0.2154187113046646,
      1.0,
      0.053812671452760696,
      0.18661008775234222,
      0.3340379595756531,
      0.28938159346580505,
      0.25763198733329773,
      0.123077392578125,
      0.10629944503307343,
      0.09352970123291016,
      0.137808695435524,
      0.25979870557785034,
      0.2032335102558136,
      0.15582402050495148
    ],
    [
      0.3250720202922821,
      0.25805234909057617,
      0.24725180864334106,
      0.053812671452760696,
      1.0,
      0.31382158398628235,
      0.40012645721435547,
      0.23958764970302582,
      0.30569618940353394,
      0.2616981863975525,
      0.21649545431137085,
      0.2005992978811264,
      0.17983564734458923,
      0.24117261171340942,
      0.24016064405441284,
      0.23844696581363678
    ],
    [
      0.26658275723457336,
      0.3702569603919983,
      0.3686853349208832,
      0.18661008775234222,
      0.31382158398628235,
      1.0,
      0.46160316467285156,
      0.33867576718330383,
      0.26742467284202576,
      0.2410060465335846,
      0.26791149377822876,
      0.1341426521539688,
      0.20808547735214233,
      0.1974295824766159,
      0.224040225148201,
      0.1772092878818512
    ],
    [
      0.4689580798149109,
      0.465800404548645,
      0.34506043791770935,
      0.3340379595756531,
      0.40012645721435547,
      0.46160316467285156,
      1.0,
      0.3825118839740753,
      0.19551622867584229,
      0.2675299048423767,
      0.2577846348285675,
      0.1800970882177353,
      0.11875858902931213,
      0.2582587003707886,
      0.2658928334712982,
      0.25014376640319824
    ],
    [
      0.34159812331199646,
      0.36158397793769836,
      0.26239901781082153,
      0.28938159346580505,
      0.23958764970302582,
      0.33867576718330383,
      0.3825118839740753,
      0.9999999403953552,
      0.2577188014984131,
      0.2604396641254425,
      0.21734029054641724,
      0.22652322053909302,
      0.2153368592262268,
      0.23494713008403778,
      0.2451162189245224,
      0.21360526978969574
    ],
    [
      0.24195080995559692,
      0.2824559211730957,
      0.32666921615600586,
      0.25763198733329773,
      0.30569618940353394,
      0.26742467284202576,
      0.19551622867584229,
      0.2577188014984131,
      1.0,
      0.23984917998313904,
      0.3081335127353668,
      0.12364772707223892,
      0.24224260449409485,
      0.1504819542169571,
      0.22002404928207397,
      0.20788320899009705
    ],
    [
      0.24789860844612122,
      0.22962190210819244,
      0.5420534610748291,
      0.123077392578125,
      0.2616981863975525,
      0.2410060465335846,
      0.2675299048423767,
      0.2604396641254425,
      0.23984917998313904,
      1.0,
      0.24338383972644806,
      0.24656955897808075,
      0.22298453748226166,
      0.2686651647090912,
      0.205782949924469,
      0.19652022421360016
    ],
    [
      0.19820937514305115,
      0.13659705221652985,
      0.25859981775283813,
      0.10629944503307343,
      0.21649545431137085,
      0.26791149377822876,
      0.2577846348285675,
      0.21734029054641724,
      0.3081335127353668,
      0.24338383972644806,
      1.0,
      -0.01870444044470787,
      0.044021498411893845,
      0.14866454899311066,
      0.03762170672416687,
      0.045458946377038956
    ],
    [
      0.21509337425231934,
      0.25489965081214905,
      0.23655839264392853,
      0.09352970123291016,
      0.2005992978811264,
      0.1341426521539688,
      0.1800970882177353,
      0.22652322053909302,
      0.12364772707223892,
      0.24656955897808075,
      -0.01870444044470787,
      1.0,
      0.30912622809410095,
      0.16116860508918762,
      0.21604998409748077,
      0.17880214750766754
    ],
    [
      0.23598621785640717,
      0.34989163279533386,
      0.3224279582500458,
      0.137808695435524,
      0.17983564734458923,
      0.20808547735214233,
      0.11875858902931213,
      0.2153368592262268,
      0.24224260449409485,
      0.22298453748226166,
      0.044021498411893845,
      0.30912622809410095,
      1.0,
      0.3334576487541199,
      0.5412977337837219,
      0.5400103330612183
    ],
    [
      0.31354597210884094,
      0.26334086060523987,
      0.3355424106121063,
      0.25979870557785034,
      0.24117261171340942,
      0.1974295824766159,
      0.2582587003707886,
      0.23494713008403778,
      0.1504819542169571,
      0.2686651647090912,
      0.14866454899311066,
      0.16116860508918762,
      0.3334576487541199,
      1.0,
      0.5375380516052246,
      0.5170547366142273
    ],
    [
      0.24024008214473724,
      0.3194081485271454,
      0.22988207638263702,
      0.2032335102558136,
      0.24016064405441284,
      0.224040225148201,
      0.2658928334712982,
      0.2451162189245224,
      0.22002404928207397,
      0.205782949924469,
      0.03762170672416687,
      0.21604998409748077,
      0.5412977337837219,
      0.5375380516052246,
      1.0,
      0.7571070790290833
    ],
    [
      0.2657204568386078,
      0.2501993477344513,
      0.25863751769065857,
      0.15582402050495148,
      0.23844696581363678,
      0.1772092878818512,
      0.25014376640319824,
      0.21360526978969574,
      0.20788320899009705,
      0.19652022421360016,
      0.045458946377038956,
      0.17880214750766754,
      0.5400103330612183,
      0.5170547366142273,
      0.7571070790290833,
      1.0
    ]
  ]
}