{"game_number":331,"words":["PURGE","RING","SAW","SCREAM","COURT","DIAMOND","FIELD","RINK","CHARM","DELIGHT","PLEASE","TICKLE","ANKLET","BANGLE","BROOCH","PENDANT"],"adjacency_matrix":[[1.0,0.31791386008262634,0.33482396602630615,0.3663809895515442,0.29655376076698303,0.17696435749530792,0.3124246597290039,0.24361243844032288,0.309307336807251,0.31157827377319336,0.3789781928062439,0.318464457988739,0.18314813077449799,0.23767253756523132,0.13028757274150848,0.18346457183361053],[0.31791386008262634,1.0,0.31659290194511414,0.3453439474105835,0.3533356785774231,0.5230339765548706,0.45610636472702026,0.5210937261581421,0.38015076518058777,0.32647475600242615,0.305694043636322,0.33190080523490906,0.43567395210266113,0.5070728063583374,0.4692470133304596,0.48705098032951355],[0.33482396602630615,0.31659290194511414,1.0,0.3667955994606018,0.2957882583141327,0.25699543952941895,0.29208341240882874,0.2543518841266632,0.22110570967197418,0.365851491689682,0.3159319758415222,0.24067217111587524,0.2197992503643036,0.29524731636047363,0.25197041034698486,0.23797550797462463],[0.3663809895515442,0.3453439474105835,0.3667955994606018,0.9999999403953552,0.29938504099845886,0.21898142993450165,0.2841692566871643,0.2807356119155884,0.2761135697364807,0.4675339460372925,0.3704031705856323,0.48997563123703003,0.2529185116291046,0.368859201669693,0.15864449739456177,0.20718343555927277],[0.29655376076698303,0.3533356785774231,0.2957882583141327,0.29938504099845886,1.0,0.2869512438774109,0.4378634989261627,0.40832212567329407,0.3019559979438782,0.3137388527393341,0.3384077548980713,0.17501869797706604,0.36651813983917236,0.2799631655216217,0.2539081275463104,0.36297404766082764],[0.17696435749530792,0.5230339765548706,0.25699543952941895,0.21898142993450165,0.2869512438774109,1.0,0.40123099088668823,0.3254917860031128,0.3857954442501068,0.25575748085975647,0.19875586032867432,0.24373146891593933,0.4031156003475189,0.5530053973197937,0.4849346876144409,0.4970237910747528],[0.3124246597290039,0.45610636472702026,0.29208341240882874,0.2841692566871643,0.4378634989261627,0.40123099088668823,0.9999999403953552,0.3529818058013916,0.311345636844635,0.310123085975647,0.29265135526657104,0.25057271122932434,0.28149667382240295,0.2993249297142029,0.21526439487934113,0.25724467635154724],[0.24361243844032288,0.5210937261581421,0.2543518841266632,0.2807356119155884,0.40832212567329407,0.3254917860031128,0.3529818058013916,1.0,0.28435182571411133,0.2784644663333893,0.2459339052438736,0.22688275575637817,0.24661637842655182,0.2477455735206604,0.27511656284332275,0.2498311549425125],[0.309307336807251,0.38015076518058777,0.22110570967197418,0.2761135697364807,0.3019559979438782,0.3857954442501068,0.311345636844635,0.28435182571411133,1.0,0.5513712763786316,0.31604161858558655,0.429315984249115,0.30662277340888977,0.37835028767585754,0.3574572205543518,0.37959200143814087],[0.31157827377319336,0.32647475600242615,0.365851491689682,0.4675339460372925,0.3137388527393341,0.25575748085975647,0.310123085975647,0.2784644663333893,0.5513712763786316,1.0,0.41668492555618286,0.5231170654296875,0.2046351581811905,0.29001301527023315,0.22594358026981354,0.22930146753787994],[0.3789781928062439,0.305694043636322,0.3159319758415222,0.3704031705856323,0.3384077548980713,0.19875586032867432,0.29265135526657104,0.2459339052438736,0.31604161858558655,0.41668492555618286,1.0,0.3317531943321228,0.1897924691438675,0.3321440815925598,0.1800667941570282,0.2003248780965805],[0.318464457988739,0.33190080523490906,0.24067217111587524,0.48997563123703003,0.17501869797706604,0.24373146891593933,0.25057271122932434,0.22688275575637817,0.429315984249115,0.5231170654296875,0.3317531943321228,1.0,0.2955142855644226,0.3882133960723877,0.24964681267738342,0.2806923985481262],[0.18314813077449799,0.43567395210266113,0.2197992503643036,0.2529185116291046,0.36651813983917236,0.4031156003475189,0.28149667382240295,0.24661637842655182,0.30662277340888977,0.2046351581811905,0.1897924691438675,0.2955142855644226,1.0,0.5487716197967529,0.500227689743042,0.5154722332954407],[0.23767253756523132,0.5070728063583374,0.29524731636047363,0.368859201669693,0.2799631655216217,0.5530053973197937,0.2993249297142029,0.2477455735206604,0.37835028767585754,0.29001301527023315,0.3321440815925598,0.3882133960723877,0.5487716197967529,1.0,0.593910813331604,0.5129181146621704],[0.13028757274150848,0.4692470133304596,0.25197041034698486,0.15864449739456177,0.2539081275463104,0.4849346876144409,0.21526439487934113,0.27511656284332275,0.3574572205543518,0.22594358026981354,0.1800667941570282,0.24964681267738342,0.500227689743042,0.593910813331604,1.0,0.6201522946357727],[0.18346457183361053,0.48705098032951355,0.23797550797462463,0.20718343555927277,0.36297404766082764,0.4970237910747528,0.25724467635154724,0.2498311549425125,0.37959200143814087,0.22930146753787994,0.2003248780965805,0.2806923985481262,0.5154722332954407,0.5129181146621704,0.6201522946357727,0.9999999403953552]]}