{"game_number":191,"words":["ISSUE","MATTER","POINT","SUBJECT","CHAPTER","PERIOD","PHASE","STAGE","DASH","SHOCK","TANK","WHEEL","BLEW","CHORAL","READ","ROWS"],"adjacency_matrix":[[1.0,0.7196565270423889,0.5653744339942932,0.5807874798774719,0.3930065631866455,0.3872069716453552,0.42887696623802185,0.4057231545448303,0.31868794560432434,0.3573261797428131,0.3153025805950165,0.33909323811531067,0.2806420624256134,0.24219802021980286,0.38848674297332764,0.2907148599624634],[0.7196565270423889,1.0,0.5657662749290466,0.6730009913444519,0.2716149687767029,0.39540576934814453,0.41294944286346436,0.4142364263534546,0.3287605047225952,0.41072335839271545,0.3143714368343353,0.34366923570632935,0.28550663590431213,0.2764049172401428,0.3740614652633667,0.23432879149913788],[0.5653744339942932,0.5657662749290466,1.0000001192092896,0.5065577626228333,0.32123759388923645,0.4176909923553467,0.4729256331920624,0.5260839462280273,0.37272897362709045,0.4123179018497467,0.2915911376476288,0.3867114782333374,0.3436849117279053,0.23599804937839508,0.5099071860313416,0.30255556106567383],[0.5807874798774719,0.6730009913444519,0.5065577626228333,1.0,0.3714210093021393,0.4713016152381897,0.43691912293434143,0.47425365447998047,0.28797075152397156,0.4315487742424011,0.30769652128219604,0.33092641830444336,0.21957682073116302,0.34515297412872314,0.4425089359283447,0.27278175950050354],[0.3930065631866455,0.2716149687767029,0.32123759388923645,0.3714210093021393,1.0,0.3545302748680115,0.36168715357780457,0.3114439845085144,0.13901473581790924,0.1825087070465088,0.18495820462703705,0.25552165508270264,0.10741936415433884,0.36567002534866333,0.42337897419929504,0.19918563961982727],[0.3872069716453552,0.39540576934814453,0.4176909923553467,0.4713016152381897,0.3545302748680115,1.0,0.6269358396530151,0.5235192775726318,0.25151771306991577,0.3367842137813568,0.2732945680618286,0.3074009418487549,0.2150636613368988,0.3021664321422577,0.3041496276855469,0.22722166776657104],[0.42887696623802185,0.41294944286346436,0.4729256331920624,0.43691912293434143,0.36168715357780457,0.6269358396530151,1.0,0.6818477511405945,0.32460689544677734,0.40457427501678467,0.3524149954319,0.378213107585907,0.2536119222640991,0.30410051345825195,0.29310181736946106,0.25845614075660706],[0.4057231545448303,0.4142364263534546,0.5260839462280273,0.47425365447998047,0.3114439845085144,0.5235192775726318,0.6818477511405945,1.0,0.31622883677482605,0.38835635781288147,0.37759605050086975,0.41271185874938965,0.3118104040622711,0.3489682972431183,0.3377384543418884,0.3503158688545227],[0.31868794560432434,0.3287605047225952,0.37272897362709045,0.28797075152397156,0.13901473581790924,0.25151771306991577,0.32460689544677734,0.31622883677482605,1.0,0.38530755043029785,0.3719991445541382,0.421471506357193,0.32647275924682617,0.2740137577056885,0.26327377557754517,0.33842647075653076],[0.3573261797428131,0.41072335839271545,0.4123179018497467,0.4315487742424011,0.1825087070465088,0.3367842137813568,0.40457427501678467,0.38835635781288147,0.38530755043029785,1.0,0.32881051301956177,0.3202948272228241,0.3424273729324341,0.29912757873535156,0.35101792216300964,0.22389104962348938],[0.3153025805950165,0.3143714368343353,0.2915911376476288,0.30769652128219604,0.18495820462703705,0.2732945680618286,0.3524149954319,0.37759605050086975,0.3719991445541382,0.32881051301956177,1.0,0.42097005248069763,0.33077648282051086,0.2425442934036255,0.1793438047170639,0.27506396174430847],[0.33909323811531067,0.34366923570632935,0.3867114782333374,0.33092641830444336,0.25552165508270264,0.3074009418487549,0.378213107585907,0.41271185874938965,0.421471506357193,0.3202948272228241,0.42097005248069763,1.0,0.3088160455226898,0.25883400440216064,0.28739771246910095,0.3241828978061676],[0.2806420624256134,0.28550663590431213,0.3436849117279053,0.21957682073116302,0.10741936415433884,0.2150636613368988,0.2536119222640991,0.3118104040622711,0.32647275924682617,0.3424273729324341,0.33077648282051086,0.3088160455226898,1.0,0.21376276016235352,0.3144339621067047,0.23410023748874664],[0.24219802021980286,0.2764049172401428,0.23599804937839508,0.34515297412872314,0.36567002534866333,0.3021664321422577,0.30410051345825195,0.3489682972431183,0.2740137577056885,0.29912757873535156,0.2425442934036255,0.25883400440216064,0.21376276016235352,1.0,0.2597201466560364,0.25195491313934326],[0.38848674297332764,0.3740614652633667,0.5099071860313416,0.4425089359283447,0.42337897419929504,0.3041496276855469,0.29310181736946106,0.3377384543418884,0.26327377557754517,0.35101792216300964,0.1793438047170639,0.28739771246910095,0.3144339621067047,0.2597201466560364,1.0,0.2834858000278473],[0.2907148599624634,0.23432879149913788,0.30255556106567383,0.27278175950050354,0.19918563961982727,0.22722166776657104,0.25845614075660706,0.3503158688545227,0.33842647075653076,0.22389104962348938,0.27506396174430847,0.3241828978061676,0.23410023748874664,0.25195491313934326,0.2834858000278473,0.9999999403953552]]}