{"game_number":245,"words":["BULL","HOGWASH","NONSENSE","ROT","DIRECT","GUIDE","LEAD","STEER","BUFFALO","DEER","FISH","MOOSE","DANE","LAKE","SEAL","WHITE"],"adjacency_matrix":[[1.0,0.4496810734272003,0.4281695783138275,0.35426461696624756,0.3398837745189667,0.33128824830055237,0.3422872722148895,0.4709884226322174,0.5135776400566101,0.5496270060539246,0.4352000057697296,0.4795643985271454,0.4035429060459137,0.3201334774494171,0.41525763273239136,0.422603577375412],[0.4496810734272003,1.0,0.7213119864463806,0.41378748416900635,0.22229404747486115,0.18721766769886017,0.21889619529247284,0.24419859051704407,0.2587451934814453,0.22063210606575012,0.23568110167980194,0.22561794519424438,0.3017183840274811,0.19664140045642853,0.23352134227752686,0.31879016757011414],[0.4281695783138275,0.7213119864463806,1.0,0.39229023456573486,0.3728864789009094,0.25954610109329224,0.32366809248924255,0.2311573624610901,0.23321884870529175,0.2545039653778076,0.30588313937187195,0.2815152406692505,0.41585078835487366,0.24837008118629456,0.23556078970432281,0.35697323083877563],[0.35426461696624756,0.41378748416900635,0.39229023456573486,1.0,0.3083890378475189,0.24871841073036194,0.2991741895675659,0.31702107191085815,0.2410956621170044,0.31392839550971985,0.3265330195426941,0.27870193123817444,0.2836112380027771,0.28712230920791626,0.3282943367958069,0.32476726174354553],[0.3398837745189667,0.22229404747486115,0.3728864789009094,0.3083890378475189,1.0,0.5568156242370605,0.5771968364715576,0.5317948460578918,0.2271549254655838,0.2906048595905304,0.33941689133644104,0.27038243412971497,0.36295709013938904,0.27891960740089417,0.3861880898475647,0.33419278264045715],[0.33128824830055237,0.18721766769886017,0.25954610109329224,0.24871841073036194,0.5568156242370605,0.9999999403953552,0.5504400730133057,0.5665808916091919,0.2404581755399704,0.3095706105232239,0.3330608308315277,0.30511876940727234,0.37423184514045715,0.3133399188518524,0.4085976183414459,0.2909722924232483],[0.3422872722148895,0.21889619529247284,0.32366809248924255,0.2991741895675659,0.5771968364715576,0.5504400730133057,1.0,0.4865237772464752,0.29292985796928406,0.2983376681804657,0.39425188302993774,0.2532532215118408,0.4177824556827545,0.32211121916770935,0.4123598337173462,0.37645223736763],[0.4709884226322174,0.24419859051704407,0.2311573624610901,0.31702107191085815,0.5317948460578918,0.5665808916091919,0.4865237772464752,0.9999999403953552,0.3453293442726135,0.4006386995315552,0.38086584210395813,0.36717289686203003,0.34842684864997864,0.32091575860977173,0.318754106760025,0.3097909092903137],[0.5135776400566101,0.2587451934814453,0.23321884870529175,0.2410956621170044,0.2271549254655838,0.2404581755399704,0.29292985796928406,0.3453293442726135,1.0,0.5843616724014282,0.4557257890701294,0.5478309988975525,0.33725619316101074,0.4115472733974457,0.28276437520980835,0.4591922163963318],[0.5496270060539246,0.22063210606575012,0.2545039653778076,0.31392839550971985,0.2906048595905304,0.3095706105232239,0.2983376681804657,0.4006386995315552,0.5843616724014282,1.0,0.5358827114105225,0.752448558807373,0.3665972054004669,0.4611642360687256,0.3785581588745117,0.4067842364311218],[0.4352000057697296,0.23568110167980194,0.30588313937187195,0.3265330195426941,0.33941689133644104,0.3330608308315277,0.39425188302993774,0.38086584210395813,0.4557257890701294,0.5358827114105225,1.0,0.47630706429481506,0.3772704601287842,0.5813577175140381,0.4147661030292511,0.40132707357406616],[0.4795643985271454,0.22561794519424438,0.2815152406692505,0.27870193123817444,0.27038243412971497,0.30511876940727234,0.2532532215118408,0.36717289686203003,0.5478309988975525,0.752448558807373,0.47630706429481506,1.0,0.4195423722267151,0.4472767412662506,0.3469049334526062,0.3438885807991028],[0.4035429060459137,0.3017183840274811,0.41585078835487366,0.2836112380027771,0.36295709013938904,0.37423184514045715,0.4177824556827545,0.34842684864997864,0.33725619316101074,0.3665972054004669,0.3772704601287842,0.4195423722267151,1.0,0.31806471943855286,0.2823334336280823,0.37312743067741394],[0.3201334774494171,0.19664140045642853,0.24837008118629456,0.28712230920791626,0.27891960740089417,0.3133399188518524,0.32211121916770935,0.32091575860977173,0.4115472733974457,0.4611642360687256,0.5813577175140381,0.4472767412662506,0.31806471943855286,1.0,0.33421778678894043,0.3745778799057007],[0.41525763273239136,0.23352134227752686,0.23556078970432281,0.3282943367958069,0.3861880898475647,0.4085976183414459,0.4123598337173462,0.318754106760025,0.28276437520980835,0.3785581588745117,0.4147661030292511,0.3469049334526062,0.2823334336280823,0.33421778678894043,1.0,0.3730831742286682],[0.422603577375412,0.31879016757011414,0.35697323083877563,0.32476726174354553,0.33419278264045715,0.2909722924232483,0.37645223736763,0.3097909092903137,0.4591922163963318,0.4067842364311218,0.40132707357406616,0.3438885807991028,0.37312743067741394,0.3745778799057007,0.3730831742286682,1.0]]}