{"game_number":319,"words":["DODO","MAMMOTH","MASTODON","TRILOBITE","BUSTS","FLOPS","MISSES","TURKEYS","DUDS","GETUP","OUTFIT","THREADS","PECK","SMACK","SMOOCH","X"],"adjacency_matrix":[[1.0,0.35957592725753784,0.41408291459083557,0.3738711178302765,0.2269514501094818,0.18195703625679016,0.21081854403018951,0.3179621696472168,0.20357835292816162,0.31858059763908386,0.2545505166053772,0.13947196304798126,0.3176889717578888,0.2769964337348938,0.19964659214019775,-0.037482887506484985],[0.35957592725753784,1.0,0.5789474248886108,0.4545779824256897,0.4235313832759857,0.2794968783855438,0.28192344307899475,0.289868026971817,0.29027771949768066,0.3237781226634979,0.38450974225997925,0.25698038935661316,0.26297515630722046,0.3017772436141968,0.3161432147026062,-0.07679767161607742],[0.41408291459083557,0.5789474248886108,0.9999999403953552,0.5637015700340271,0.2462226003408432,0.1101306825876236,0.2222478836774826,0.290073424577713,0.11475124955177307,0.267268568277359,0.22539693117141724,0.16414542496204376,0.33348414301872253,0.3030526340007782,0.3066909909248352,-0.04534132778644562],[0.3738711178302765,0.4545779824256897,0.5637015700340271,1.0,0.23878145217895508,0.11943083256483078,0.21955262124538422,0.1948232799768448,0.07258009910583496,0.27811768651008606,0.2980864346027374,0.22391970455646515,0.29184454679489136,0.2771463096141815,0.32623499631881714,-0.10156048089265823],[0.2269514501094818,0.4235313832759857,0.2462226003408432,0.23878145217895508,1.0,0.43929794430732727,0.4028908610343933,0.3276224434375763,0.4185272455215454,0.29361996054649353,0.2834698557853699,0.3285749852657318,0.24218663573265076,0.3782908320426941,0.3156471252441406,-0.02562590502202511],[0.18195703625679016,0.2794968783855438,0.1101306825876236,0.11943083256483078,0.43929794430732727,1.0,0.4311792850494385,0.27230989933013916,0.5569902658462524,0.30990278720855713,0.31998494267463684,0.2690569758415222,0.18483053147792816,0.3080809712409973,0.35472747683525085,-0.01986132375895977],[0.21081854403018951,0.28192344307899475,0.2222478836774826,0.21955262124538422,0.4028908610343933,0.4311792850494385,1.0,0.2567116618156433,0.3929889500141144,0.3269115388393402,0.26862719655036926,0.368826687335968,0.3125700354576111,0.4093526005744934,0.3643859624862671,-0.09301818162202835],[0.3179621696472168,0.289868026971817,0.290073424577713,0.1948232799768448,0.3276224434375763,0.27230989933013916,0.2567116618156433,0.9999999403953552,0.3267418146133423,0.2419479340314865,0.26066452264785767,0.24604712426662445,0.42214375734329224,0.22043323516845703,0.27920910716056824,0.018787169829010963],[0.20357835292816162,0.29027771949768066,0.11475124955177307,0.07258009910583496,0.4185272455215454,0.5569902658462524,0.3929889500141144,0.3267418146133423,1.0,0.36439692974090576,0.4272820055484772,0.27173784375190735,0.1708758920431137,0.24868108332157135,0.3115865886211395,-0.020101070404052734],[0.31858059763908386,0.3237781226634979,0.267268568277359,0.27811768651008606,0.29361996054649353,0.30990278720855713,0.3269115388393402,0.2419479340314865,0.36439692974090576,1.0,0.6099398136138916,0.2659047245979309,0.24448716640472412,0.356903612613678,0.48034730553627014,-0.13935326039791107],[0.2545505166053772,0.38450974225997925,0.22539693117141724,0.2980864346027374,0.2834698557853699,0.31998494267463684,0.26862719655036926,0.26066452264785767,0.4272820055484772,0.6099398136138916,1.0,0.2824119031429291,0.19403626024723053,0.3143199384212494,0.31821951270103455,-0.11903302371501923],[0.13947196304798126,0.25698038935661316,0.16414542496204376,0.22391970455646515,0.3285749852657318,0.2690569758415222,0.368826687335968,0.24604712426662445,0.27173784375190735,0.2659047245979309,0.2824119031429291,0.9999999403953552,0.24292796850204468,0.24712583422660828,0.22302044928073883,-0.01782369427382946],[0.3176889717578888,0.26297515630722046,0.33348414301872253,0.29184454679489136,0.24218663573265076,0.18483053147792816,0.3125700354576111,0.42214375734329224,0.1708758920431137,0.24448716640472412,0.19403626024723053,0.24292796850204468,0.9999999403953552,0.46345093846321106,0.4710986316204071,0.03569943085312843],[0.2769964337348938,0.3017772436141968,0.3030526340007782,0.2771463096141815,0.3782908320426941,0.3080809712409973,0.4093526005744934,0.22043323516845703,0.24868108332157135,0.356903612613678,0.3143199384212494,0.24712583422660828,0.46345093846321106,0.9999999403953552,0.4959614872932434,-0.07259885221719742],[0.19964659214019775,0.3161432147026062,0.3066909909248352,0.32623499631881714,0.3156471252441406,0.35472747683525085,0.3643859624862671,0.27920910716056824,0.3115865886211395,0.48034730553627014,0.31821951270103455,0.22302044928073883,0.4710986316204071,0.4959614872932434,1.0,-0.10204321891069412],[-0.037482887506484985,-0.07679767161607742,-0.04534132778644562,-0.10156048089265823,-0.02562590502202511,-0.01986132375895977,-0.09301818162202835,0.018787169829010963,-0.020101070404052734,-0.13935326039791107,-0.11903302371501923,-0.01782369427382946,0.03569943085312843,-0.07259885221719742,-0.10204321891069412,1.0]]}