{
  "game_number": 579,
  "words": [
    "CLARINET",
    "FLUTE",
    "OBOE",
    "SAXOPHONE",
    "BISHOP",
    "FROST",
    "OLDS",
    "POUND",
    "BALLOON",
    "BASSOON",
    "COFFEE",
    "FRICASSEE",
    "FRY",
    "NACHO",
    "POPPER",
    "WING"
  ],
  "adjacency_matrix": [
    [
      1.0,
      0.7309473156929016,
      0.720879077911377,
      0.7481070160865784,
      0.22429634630680084,
      0.1861802637577057,
      0.18177150189876556,
      0.24503858387470245,
      0.3691418170928955,
      0.7565535306930542,
      0.2712709605693817,
      0.3402540683746338,
      0.21067219972610474,
      0.1999657154083252,
      0.38481253385543823,
      0.35051771998405457
    ],
    [
      0.7309473156929016,
      1.0,
      0.7317585349082947,
      0.6918434500694275,
      0.2354125827550888,
      0.2765348255634308,
      0.14593014121055603,
      0.27381277084350586,
      0.43919479846954346,
      0.7128742337226868,
      0.315003901720047,
      0.37321388721466064,
      0.2489275187253952,
      0.26095786690711975,
      0.38736212253570557,
      0.4158828556537628
    ],
    [
      0.720879077911377,
      0.7317585349082947,
      1.0,
      0.6487299203872681,
      0.17169655859470367,
      0.16189786791801453,
      0.14788657426834106,
      0.15355351567268372,
      0.2450629323720932,
      0.7599998712539673,
      0.17650827765464783,
      0.2411964386701584,
      0.16736268997192383,
      0.1786082535982132,
      0.23092414438724518,
      0.26209303736686707
    ],
    [
      0.7481070160865784,
      0.6918434500694275,
      0.6487299203872681,
      0.9999999403953552,
      0.2084769904613495,
      0.17907482385635376,
      0.09102500230073929,
      0.22258460521697998,
      0.354531466960907,
      0.702950656414032,
      0.3048785626888275,
      0.3201998472213745,
      0.21365143358707428,
      0.23584553599357605,
      0.33055928349494934,
      0.30369409918785095
    ],
    [
      0.22429634630680084,
      0.2354125827550888,
      0.17169655859470367,
      0.2084769904613495,
      0.9999999403953552,
      0.18353161215782166,
      0.03087087720632553,
      0.12687931954860687,
      0.20808297395706177,
      0.25328314304351807,
      0.2032230943441391,
      0.25966909527778625,
      0.13466033339500427,
      0.15288811922073364,
      0.23686543107032776,
      0.3011464476585388
    ],
    [
      0.1861802637577057,
      0.2765348255634308,
      0.16189786791801453,
      0.17907482385635376,
      0.18353161215782166,
      1.0,
      0.13945244252681732,
      0.2377178817987442,
      0.28223472833633423,
      0.2744615077972412,
      0.30220693349838257,
      0.3046850860118866,
      0.24045084416866302,
      0.2735294699668884,
      0.3327852189540863,
      0.25672444701194763
    ],
    [
      0.18177150189876556,
      0.14593014121055603,
      0.14788657426834106,
      0.09102500230073929,
      0.03087087720632553,
      0.13945244252681732,
      0.9999999403953552,
      0.20409105718135834,
      0.09770655632019043,
      0.21701346337795258,
      0.06757649034261703,
      0.14326733350753784,
      0.09698124974966049,
      0.12121120095252991,
      0.14352163672447205,
      0.1345030814409256
    ],
    [
      0.24503858387470245,
      0.27381277084350586,
      0.15355351567268372,
      0.22258460521697998,
      0.12687931954860687,
      0.2377178817987442,
      0.20409105718135834,
      1.0,
      0.33441904187202454,
      0.20224769413471222,
      0.32218167185783386,
      0.361906498670578,
      0.34739774465560913,
      0.28034883737564087,
      0.3423517346382141,
      0.27820298075675964
    ],
    [
      0.3691418170928955,
      0.43919479846954346,
      0.2450629323720932,
      0.354531466960907,
      0.20808297395706177,
      0.28223472833633423,
      0.09770655632019043,
      0.33441904187202454,
      0.9999999403953552,
      0.3568756878376007,
      0.29640039801597595,
      0.3520756959915161,
      0.25154998898506165,
      0.30751898884773254,
      0.4903263449668884,
      0.44221025705337524
    ],
    [
      0.7565535306930542,
      0.7128742337226868,
      0.7599998712539673,
      0.702950656414032,
      0.25328314304351807,
      0.2744615077972412,
      0.21701346337795258,
      0.20224769413471222,
      0.3568756878376007,
      1.0,
      0.2389446198940277,
      0.32649561762809753,
      0.2134454846382141,
      0.16949939727783203,
      0.39208662509918213,
      0.34596171975135803
    ],
    [
      0.2712709605693817,
      0.315003901720047,
      0.17650827765464783,
      0.3048785626888275,
      0.2032230943441391,
      0.30220693349838257,
      0.06757649034261703,
      0.32218167185783386,
      0.29640039801597595,
      0.2389446198940277,
      1.0,
      0.3550678491592407,
      0.3093150854110718,
      0.3639657497406006,
      0.4289093017578125,
      0.21620780229568481
    ],
    [
      0.3402540683746338,
      0.37321388721466064,
      0.2411964386701584,
      0.3201998472213745,
      0.25966909527778625,
      0.3046850860118866,
      0.14326733350753784,
      0.361906498670578,
      0.3520756959915161,
      0.32649561762809753,
      0.3550678491592407,
      1.0,
      0.41681432723999023,
      0.41620323061943054,
      0.3968356251716614,
      0.3093384802341461
    ],
    [
      0.21067219972610474,
      0.2489275187253952,
      0.16736268997192383,
      0.21365143358707428,
      0.13466033339500427,
      0.24045084416866302,
      0.09698124974966049,
      0.34739774465560913,
      0.25154998898506165,
      0.2134454846382141,
      0.3093150854110718,
      0.41681432723999023,
      1.0,
      0.3974951505661011,
      0.31121352314949036,
      0.23504164814949036
    ],
    [
      0.1999657154083252,
      0.26095786690711975,
      0.1786082535982132,
      0.23584553599357605,
      0.15288811922073364,
      0.2735294699668884,
      0.12121120095252991,
      0.28034883737564087,
      0.30751898884773254,
      0.16949939727783203,
      0.3639657497406006,
      0.41620323061943054,
      0.3974951505661011,
      1.0,
      0.425777792930603,
      0.22671020030975342
    ],
    [
      0.38481253385543823,
      0.38736212253570557,
      0.23092414438724518,
      0.33055928349494934,
      0.23686543107032776,
      0.3327852189540863,
      0.14352163672447205,
      0.3423517346382141,
      0.4903263449668884,
      0.39208662509918213,
      0.4289093017578125,
      0.3968356251716614,
      0.31121352314949036,
      0.425777792930603,
      1.0,
      0.36631354689598083
    ],
    [
      0.35051771998405457,
      0.4158828556537628,
      0.26209303736686707,
      0.30369409918785095,
      0.3011464476585388,
      0.25672444701194763,
      0.1345030814409256,
      0.27820298075675964,
      0.44221025705337524,
      0.34596171975135803,
      0.21620780229568481,
      0.3093384802341461,
      0.23504164814949036,
      0.22671020030975342,
      0.36631354689598083,
      1.0
    ]
  ]
}