{"game_number":133,"words":["HIT","SMASH","SUCCESS","WINNER","BUMP","SERVE","SET","SPIKE","MOO","NEW","PIE","ROW","DADDY","DAY","JACKIE","JELL"],"adjacency_matrix":[[1.0,0.7188817858695984,0.4232328534126282,0.35975760221481323,0.5909547805786133,0.42444658279418945,0.5568698048591614,0.5066472887992859,0.17061074078083038,0.40633469820022583,0.3390783965587616,0.3743036389350891,0.33732250332832336,0.35246190428733826,0.34681084752082825,0.375262588262558],[0.7188817858695984,1.0,0.37807685136795044,0.3074421286582947,0.5495070219039917,0.36199769377708435,0.49541303515434265,0.46440428495407104,0.21745510399341583,0.37532323598861694,0.39310434460639954,0.32693856954574585,0.32606953382492065,0.2527008354663849,0.31122875213623047,0.4293239116668701],[0.4232328534126282,0.37807685136795044,1.0,0.42875775694847107,0.36634355783462524,0.34200525283813477,0.430490642786026,0.36035940051078796,0.07892974466085434,0.4644543528556824,0.29988110065460205,0.3362148106098175,0.28219103813171387,0.41364333033561707,0.2571849524974823,0.32707327604293823],[0.35975760221481323,0.3074421286582947,0.42875775694847107,0.9999999403953552,0.3676239848136902,0.28431010246276855,0.37438443303108215,0.28087782859802246,0.16219408810138702,0.3763406276702881,0.25626397132873535,0.3940112888813019,0.2881585955619812,0.3373929560184479,0.29691973328590393,0.25926607847213745],[0.5909547805786133,0.5495070219039917,0.36634355783462524,0.3676239848136902,1.0,0.3471999168395996,0.47210314869880676,0.6351726055145264,0.23097461462020874,0.4255490005016327,0.3671816885471344,0.4077708125114441,0.2868225574493408,0.38977521657943726,0.37275221943855286,0.441784530878067],[0.42444658279418945,0.36199769377708435,0.34200525283813477,0.28431010246276855,0.3471999168395996,1.0,0.5169614553451538,0.3337506949901581,0.08920367807149887,0.37140294909477234,0.2969268560409546,0.2995215654373169,0.23894646763801575,0.3785962760448456,0.24158473312854767,0.42894840240478516],[0.5568698048591614,0.49541303515434265,0.430490642786026,0.37438443303108215,0.47210314869880676,0.5169614553451538,1.0,0.436337411403656,0.11538084596395493,0.5359832644462585,0.2980118989944458,0.47916167974472046,0.24651731550693512,0.43833237886428833,0.3025527894496918,0.4090014696121216],[0.5066472887992859,0.46440428495407104,0.36035940051078796,0.28087782859802246,0.6351726055145264,0.3337506949901581,0.436337411403656,1.0,0.1519852578639984,0.35756880044937134,0.37334081530570984,0.3761454224586487,0.27257245779037476,0.34856122732162476,0.31870803236961365,0.36463797092437744],[0.17061074078083038,0.21745510399341583,0.07892974466085434,0.16219408810138702,0.23097461462020874,0.08920367807149887,0.11538084596395493,0.1519852578639984,1.0,0.14138615131378174,0.26273655891418457,0.1774226576089859,0.29702845215797424,0.16814309358596802,0.3578515946865082,0.24712714552879333],[0.40633469820022583,0.37532323598861694,0.4644543528556824,0.3763406276702881,0.4255490005016327,0.37140294909477234,0.5359832644462585,0.35756880044937134,0.14138615131378174,0.9999999403953552,0.24389143288135529,0.4161463975906372,0.3232730031013489,0.4423723518848419,0.2632431983947754,0.3309628963470459],[0.3390783965587616,0.39310434460639954,0.29988110065460205,0.25626397132873535,0.3671816885471344,0.2969268560409546,0.2980118989944458,0.37334081530570984,0.26273655891418457,0.24389143288135529,1.0,0.27607813477516174,0.31480029225349426,0.23622629046440125,0.32601651549339294,0.38102585077285767],[0.3743036389350891,0.32693856954574585,0.3362148106098175,0.3940112888813019,0.4077708125114441,0.2995215654373169,0.47916167974472046,0.3761454224586487,0.1774226576089859,0.4161463975906372,0.27607813477516174,1.0,0.1767250895500183,0.4009881913661957,0.2959473431110382,0.28007593750953674],[0.33732250332832336,0.32606953382492065,0.28219103813171387,0.2881585955619812,0.2868225574493408,0.23894646763801575,0.24651731550693512,0.27257245779037476,0.29702845215797424,0.3232730031013489,0.31480029225349426,0.1767250895500183,1.0,0.29024696350097656,0.4733874797821045,0.2595835328102112],[0.35246190428733826,0.2527008354663849,0.41364333033561707,0.3373929560184479,0.38977521657943726,0.3785962760448456,0.43833237886428833,0.34856122732162476,0.16814309358596802,0.4423723518848419,0.23622629046440125,0.4009881913661957,0.29024696350097656,0.9999999403953552,0.2666281759738922,0.2851773500442505],[0.34681084752082825,0.31122875213623047,0.2571849524974823,0.29691973328590393,0.37275221943855286,0.24158473312854767,0.3025527894496918,0.31870803236961365,0.3578515946865082,0.2632431983947754,0.32601651549339294,0.2959473431110382,0.4733874797821045,0.2666281759738922,1.0,0.3900042772293091],[0.375262588262558,0.4293239116668701,0.32707327604293823,0.25926607847213745,0.441784530878067,0.42894840240478516,0.4090014696121216,0.36463797092437744,0.24712714552879333,0.3309628963470459,0.38102585077285767,0.28007593750953674,0.2595835328102112,0.2851773500442505,0.3900042772293091,1.0000001192092896]]}