{"game_number":119,"words":["MIGHTY","PRETTY","REALLY","VERY","DAISY","GOOFY","HAPPY","LADY","BABY","NAVY","SKY","TIFFANY","ARMY","COLONY","LIVERY","SHINY"],"adjacency_matrix":[[1.0,0.5224831104278564,0.4957432150840759,0.5437182188034058,0.29077520966529846,0.44057562947273254,0.4643685519695282,0.4028090536594391,0.30530261993408203,0.34660202264785767,0.3476768434047699,0.24657948315143585,0.3874811828136444,0.24771037697792053,0.20046402513980865,0.4531201720237732],[0.5224831104278564,1.0,0.6942729949951172,0.8239924311637878,0.2877637445926666,0.5225685238838196,0.5738350749015808,0.3871026039123535,0.3054499328136444,0.2682088017463684,0.2781471312046051,0.33141693472862244,0.2284671515226364,0.22092829644680023,0.1949467808008194,0.5255360007286072],[0.4957432150840759,0.6942729949951172,1.0,0.6272651553153992,0.2444884032011032,0.4261651933193207,0.5573321580886841,0.38978713750839233,0.3478091061115265,0.2744320333003998,0.2547951340675354,0.2460215836763382,0.30437973141670227,0.2680964171886444,0.1751023679971695,0.35865047574043274],[0.5437182188034058,0.8239924311637878,0.6272651553153992,1.0,0.22061549127101898,0.4411078691482544,0.5475034713745117,0.38441330194473267,0.2849780321121216,0.2768174409866333,0.25731360912323,0.25689664483070374,0.27869245409965515,0.27196428179740906,0.24060744047164917,0.4731881320476532],[0.29077520966529846,0.2877637445926666,0.2444884032011032,0.22061549127101898,1.0,0.3118593692779541,0.25666558742523193,0.40383103489875793,0.3598434329032898,0.27159297466278076,0.3462946116924286,0.4044979214668274,0.19624125957489014,0.2591642439365387,0.2565825283527374,0.32156357169151306],[0.44057562947273254,0.5225685238838196,0.4261651933193207,0.4411078691482544,0.3118593692779541,1.0,0.4298893213272095,0.3260807991027832,0.3374081254005432,0.21593762934207916,0.26533976197242737,0.36624932289123535,0.2112470269203186,0.12908168137073517,0.19216911494731903,0.5349977612495422],[0.4643685519695282,0.5738350749015808,0.5573321580886841,0.5475034713745117,0.25666558742523193,0.4298893213272095,1.0,0.3963264226913452,0.3841904401779175,0.1939697414636612,0.2519170641899109,0.30275726318359375,0.23594817519187927,0.235053151845932,0.2062985748052597,0.4621308445930481],[0.4028090536594391,0.3871026039123535,0.38978713750839233,0.38441330194473267,0.40383103489875793,0.3260807991027832,0.3963264226913452,1.0,0.4832400679588318,0.4002015292644501,0.328839510679245,0.46923017501831055,0.41747188568115234,0.3259257674217224,0.3523563742637634,0.33651527762413025],[0.30530261993408203,0.3054499328136444,0.3478091061115265,0.2849780321121216,0.3598434329032898,0.3374081254005432,0.3841904401779175,0.4832400679588318,1.0,0.34323984384536743,0.3214361071586609,0.38489076495170593,0.35738736391067505,0.33680570125579834,0.22894509136676788,0.37662798166275024],[0.34660202264785767,0.2682088017463684,0.2744320333003998,0.2768174409866333,0.27159297466278076,0.21593762934207916,0.1939697414636612,0.4002015292644501,0.34323984384536743,0.9999999403953552,0.359302282333374,0.271557480096817,0.7020394206047058,0.4356966018676758,0.3062009811401367,0.2705669403076172],[0.3476768434047699,0.2781471312046051,0.2547951340675354,0.25731360912323,0.3462946116924286,0.26533976197242737,0.2519170641899109,0.328839510679245,0.3214361071586609,0.359302282333374,1.0,0.22869382798671722,0.3209255039691925,0.2436274290084839,0.2922958433628082,0.36330166459083557],[0.24657948315143585,0.33141693472862244,0.2460215836763382,0.25689664483070374,0.4044979214668274,0.36624932289123535,0.30275726318359375,0.46923017501831055,0.38489076495170593,0.271557480096817,0.22869382798671722,1.0,0.1840461939573288,0.11330209672451019,0.26946666836738586,0.41551122069358826],[0.3874811828136444,0.2284671515226364,0.30437973141670227,0.27869245409965515,0.19624125957489014,0.2112470269203186,0.23594817519187927,0.41747188568115234,0.35738736391067505,0.7020394206047058,0.3209255039691925,0.1840461939573288,1.0,0.4757418632507324,0.28363487124443054,0.20554468035697937],[0.24771037697792053,0.22092829644680023,0.2680964171886444,0.27196428179740906,0.2591642439365387,0.12908168137073517,0.235053151845932,0.3259257674217224,0.33680570125579834,0.4356966018676758,0.2436274290084839,0.11330209672451019,0.4757418632507324,1.0,0.23546668887138367,0.19580043852329254],[0.20046402513980865,0.1949467808008194,0.1751023679971695,0.24060744047164917,0.2565825283527374,0.19216911494731903,0.2062985748052597,0.3523563742637634,0.22894509136676788,0.3062009811401367,0.2922958433628082,0.26946666836738586,0.28363487124443054,0.23546668887138367,1.0,0.38704952597618103],[0.4531201720237732,0.5255360007286072,0.35865047574043274,0.4731881320476532,0.32156357169151306,0.5349977612495422,0.4621308445930481,0.33651527762413025,0.37662798166275024,0.2705669403076172,0.36330166459083557,0.41551122069358826,0.20554468035697937,0.19580043852329254,0.38704952597618103,1.0]]}