{
  "game_number": 519,
  "words": [
    "CURLY",
    "SHOESTRING",
    "WAFFLE",
    "WEDGE",
    "HEDGE",
    "SEE-SAW",
    "WAVER",
    "YO-YO",
    "BREEZE",
    "MARY",
    "MULE",
    "RUSSIAN",
    "CHIME",
    "DING",
    "PING",
    "RING"
  ],
  "adjacency_matrix": [
    [
      1.0,
      0.30915117263793945,
      0.37285199761390686,
      0.29778194427490234,
      0.3478802740573883,
      0.28033703565597534,
      0.231239452958107,
      0.22346705198287964,
      0.3303138017654419,
      0.23370134830474854,
      0.2765040099620819,
      0.25485101342201233,
      0.21568387746810913,
      0.29746878147125244,
      0.2068553864955902,
      0.29436787962913513
    ],
    [
      0.30915117263793945,
      1.0,
      0.35862356424331665,
      0.36837878823280334,
      0.32131969928741455,
      0.2992701232433319,
      0.2726709246635437,
      0.22086937725543976,
      0.3512479066848755,
      0.2462724894285202,
      0.3580486476421356,
      0.259957879781723,
      0.16882653534412384,
      0.28257009387016296,
      0.20545992255210876,
      0.29678526520729065
    ],
    [
      0.37285199761390686,
      0.35862356424331665,
      1.0,
      0.42261844873428345,
      0.304153710603714,
      0.3815034329891205,
      0.3770619034767151,
      0.3226793110370636,
      0.3668111562728882,
      0.2989753484725952,
      0.27817997336387634,
      0.2613256871700287,
      0.36072853207588196,
      0.3479209244251251,
      0.26612237095832825,
      0.2860528230667114
    ],
    [
      0.29778194427490234,
      0.36837878823280334,
      0.42261844873428345,
      1.0,
      0.37324681878089905,
      0.4043433368206024,
      0.3237224221229553,
      0.2656264901161194,
      0.40070509910583496,
      0.2430616170167923,
      0.28703832626342773,
      0.2801855504512787,
      0.2509748935699463,
      0.3273749351501465,
      0.23360681533813477,
      0.37701353430747986
    ],
    [
      0.3478802740573883,
      0.32131969928741455,
      0.304153710603714,
      0.37324681878089905,
      1.0,
      0.377802312374115,
      0.3232654929161072,
      0.19820363819599152,
      0.3581455647945404,
      0.18847382068634033,
      0.3261253535747528,
      0.29318708181381226,
      0.2832925617694855,
      0.2311602383852005,
      0.1468847095966339,
      0.34425944089889526
    ],
    [
      0.28033703565597534,
      0.2992701232433319,
      0.3815034329891205,
      0.4043433368206024,
      0.377802312374115,
      0.9999999403953552,
      0.3615204393863678,
      0.4255833923816681,
      0.39516156911849976,
      0.25879085063934326,
      0.24951626360416412,
      0.20240123569965363,
      0.386629581451416,
      0.2970217168331146,
      0.2444419115781784,
      0.36909788846969604
    ],
    [
      0.231239452958107,
      0.2726709246635437,
      0.3770619034767151,
      0.3237224221229553,
      0.3232654929161072,
      0.3615204393863678,
      0.9999999403953552,
      0.2193853110074997,
      0.4258739948272705,
      0.239595428109169,
      0.1882970631122589,
      0.19892698526382446,
      0.3864770233631134,
      0.3144974410533905,
      0.22564536333084106,
      0.2807318866252899
    ],
    [
      0.22346705198287964,
      0.22086937725543976,
      0.3226793110370636,
      0.2656264901161194,
      0.19820363819599152,
      0.4255833923816681,
      0.2193853110074997,
      1.0,
      0.18163485825061798,
      0.08400686085224152,
      0.2503114640712738,
      0.17135779559612274,
      0.17773795127868652,
      0.3206762671470642,
      0.21079403162002563,
      0.23897168040275574
    ],
    [
      0.3303138017654419,
      0.3512479066848755,
      0.3668111562728882,
      0.40070509910583496,
      0.3581455647945404,
      0.39516156911849976,
      0.4258739948272705,
      0.18163485825061798,
      1.0,
      0.25070664286613464,
      0.3358960449695587,
      0.2372273951768875,
      0.35569095611572266,
      0.3044949471950531,
      0.30935221910476685,
      0.2847828269004822
    ],
    [
      0.23370134830474854,
      0.2462724894285202,
      0.2989753484725952,
      0.2430616170167923,
      0.18847382068634033,
      0.25879085063934326,
      0.239595428109169,
      0.08400686085224152,
      0.25070664286613464,
      0.9999999403953552,
      0.31443625688552856,
      0.3178673982620239,
      0.2867209017276764,
      0.39317068457603455,
      0.23815332353115082,
      0.3199543058872223
    ],
    [
      0.2765040099620819,
      0.3580486476421356,
      0.27817997336387634,
      0.28703832626342773,
      0.3261253535747528,
      0.24951626360416412,
      0.1882970631122589,
      0.2503114640712738,
      0.3358960449695587,
      0.31443625688552856,
      1.0,
      0.2607665956020355,
      0.22168494760990143,
      0.22834572196006775,
      0.20200905203819275,
      0.349129855632782
    ],
    [
      0.25485101342201233,
      0.259957879781723,
      0.2613256871700287,
      0.2801855504512787,
      0.29318708181381226,
      0.20240123569965363,
      0.19892698526382446,
      0.17135779559612274,
      0.2372273951768875,
      0.3178673982620239,
      0.2607665956020355,
      1.0,
      0.20737724006175995,
      0.2390894889831543,
      0.20740896463394165,
      0.2984902560710907
    ],
    [
      0.21568387746810913,
      0.16882653534412384,
      0.36072853207588196,
      0.2509748935699463,
      0.2832925617694855,
      0.386629581451416,
      0.3864770233631134,
      0.17773795127868652,
      0.35569095611572266,
      0.2867209017276764,
      0.22168494760990143,
      0.20737724006175995,
      1.0,
      0.5037512183189392,
      0.5037515759468079,
      0.4453656077384949
    ],
    [
      0.29746878147125244,
      0.28257009387016296,
      0.3479209244251251,
      0.3273749351501465,
      0.2311602383852005,
      0.2970217168331146,
      0.3144974410533905,
      0.3206762671470642,
      0.3044949471950531,
      0.39317068457603455,
      0.22834572196006775,
      0.2390894889831543,
      0.5037512183189392,
      1.0,
      0.44120338559150696,
      0.4025323688983917
    ],
    [
      0.2068553864955902,
      0.20545992255210876,
      0.26612237095832825,
      0.23360681533813477,
      0.1468847095966339,
      0.2444419115781784,
      0.22564536333084106,
      0.21079403162002563,
      0.30935221910476685,
      0.23815332353115082,
      0.20200905203819275,
      0.20740896463394165,
      0.5037515759468079,
      0.44120338559150696,
      1.0000001192092896,
      0.29575762152671814
    ],
    [
      0.29436787962913513,
      0.29678526520729065,
      0.2860528230667114,
      0.37701353430747986,
      0.34425944089889526,
      0.36909788846969604,
      0.2807318866252899,
      0.23897168040275574,
      0.2847828269004822,
      0.3199543058872223,
      0.349129855632782,
      0.2984902560710907,
      0.4453656077384949,
      0.4025323688983917,
      0.29575762152671814,
      1.0
    ]
  ]
}