{
  "game_number": 152,
  "words": [
    "CLOISTER",
    "SECLUDE",
    "SEPARATE",
    "SILO",
    "AXLES",
    "HITCH",
    "TRACTOR",
    "TRAILER",
    "BALLY",
    "DISCOG",
    "PROMO",
    "RAVEN",
    "CLASS",
    "HOMEROOM",
    "LUNCH",
    "RECESS"
  ],
  "adjacency_matrix": [
    [
      1.0,
      0.4608680307865143,
      0.3556367754936218,
      0.3554236590862274,
      0.2016429454088211,
      0.192037433385849,
      0.21829088032245636,
      0.27544915676116943,
      0.28709304332733154,
      0.1402481347322464,
      0.18104365468025208,
      0.24399973452091217,
      0.2883758842945099,
      0.3567884862422943,
      0.3284246027469635,
      0.3588291108608246
    ],
    [
      0.4608680307865143,
      1.0,
      0.5095294117927551,
      0.23006367683410645,
      0.15580038726329803,
      0.29308831691741943,
      0.19881857931613922,
      0.2814980149269104,
      0.3267749845981598,
      0.13872312009334564,
      0.1950172483921051,
      0.23367387056350708,
      0.3175171911716461,
      0.29396897554397583,
      0.3170328438282013,
      0.35131698846817017
    ],
    [
      0.3556367754936218,
      0.5095294117927551,
      1.0,
      0.39005526900291443,
      0.2921864986419678,
      0.36533257365226746,
      0.3460075557231903,
      0.3565811514854431,
      0.34698963165283203,
      0.2901891767978668,
      0.3491699993610382,
      0.20872774720191956,
      0.4085279703140259,
      0.28912216424942017,
      0.34397271275520325,
      0.3300747871398926
    ],
    [
      0.3554236590862274,
      0.23006367683410645,
      0.39005526900291443,
      1.0,
      0.2660404443740845,
      0.2877213656902313,
      0.44129881262779236,
      0.3909776508808136,
      0.24419879913330078,
      0.21833676099777222,
      0.30457621812820435,
      0.24409699440002441,
      0.2390429675579071,
      0.22378379106521606,
      0.30415236949920654,
      0.25358954071998596
    ],
    [
      0.2016429454088211,
      0.15580038726329803,
      0.2921864986419678,
      0.2660404443740845,
      1.0,
      0.40882840752601624,
      0.5218032598495483,
      0.5185858607292175,
      0.21176116168498993,
      0.11456547677516937,
      0.13932469487190247,
      0.055725496262311935,
      0.29670828580856323,
      0.15433017909526825,
      0.18273892998695374,
      0.16618210077285767
    ],
    [
      0.192037433385849,
      0.29308831691741943,
      0.36533257365226746,
      0.2877213656902313,
      0.40882840752601624,
      1.0,
      0.5189266800880432,
      0.48836201429367065,
      0.38662075996398926,
      0.15206661820411682,
      0.30228278040885925,
      0.2220904678106308,
      0.287630558013916,
      0.13689598441123962,
      0.343010812997818,
      0.23942281305789948
    ],
    [
      0.21829088032245636,
      0.19881857931613922,
      0.3460075557231903,
      0.44129881262779236,
      0.5218032598495483,
      0.5189266800880432,
      0.9999999403953552,
      0.6297237277030945,
      0.34135380387306213,
      0.08817578107118607,
      0.3021072745323181,
      0.15815360844135284,
      0.39263486862182617,
      0.22880715131759644,
      0.3108569383621216,
      0.16417230665683746
    ],
    [
      0.27544915676116943,
      0.2814980149269104,
      0.3565811514854431,
      0.3909776508808136,
      0.5185858607292175,
      0.48836201429367065,
      0.6297237277030945,
      1.0,
      0.31006282567977905,
      0.22301462292671204,
      0.45685213804244995,
      0.28587156534194946,
      0.4170253872871399,
      0.3569650650024414,
      0.3585224449634552,
      0.23573264479637146
    ],
    [
      0.28709304332733154,
      0.3267749845981598,
      0.34698963165283203,
      0.24419879913330078,
      0.21176116168498993,
      0.38662075996398926,
      0.34135380387306213,
      0.31006282567977905,
      0.9999999403953552,
      0.2565471827983856,
      0.2835945785045624,
      0.3243257999420166,
      0.3263159692287445,
      0.3585810363292694,
      0.3568069636821747,
      0.28550392389297485
    ],
    [
      0.1402481347322464,
      0.13872312009334564,
      0.2901891767978668,
      0.21833676099777222,
      0.11456547677516937,
      0.15206661820411682,
      0.08817578107118607,
      0.22301462292671204,
      0.2565471827983856,
      1.0,
      0.373953640460968,
      0.2029861956834793,
      0.1380104273557663,
      0.14157535135746002,
      0.14723540842533112,
      0.11790286004543304
    ],
    [
      0.18104365468025208,
      0.1950172483921051,
      0.3491699993610382,
      0.30457621812820435,
      0.13932469487190247,
      0.30228278040885925,
      0.3021072745323181,
      0.45685213804244995,
      0.2835945785045624,
      0.373953640460968,
      0.9999999403953552,
      0.24038903415203094,
      0.22414487600326538,
      0.24692995846271515,
      0.35010892152786255,
      0.2327379584312439
    ],
    [
      0.24399973452091217,
      0.23367387056350708,
      0.20872774720191956,
      0.24409699440002441,
      0.055725496262311935,
      0.2220904678106308,
      0.15815360844135284,
      0.28587156534194946,
      0.3243257999420166,
      0.2029861956834793,
      0.24038903415203094,
      1.0,
      0.20476606488227844,
      0.2151639461517334,
      0.19478268921375275,
      0.21183210611343384
    ],
    [
      0.2883758842945099,
      0.3175171911716461,
      0.4085279703140259,
      0.2390429675579071,
      0.29670828580856323,
      0.287630558013916,
      0.39263486862182617,
      0.4170253872871399,
      0.3263159692287445,
      0.1380104273557663,
      0.22414487600326538,
      0.20476606488227844,
      1.0,
      0.5529729723930359,
      0.4807640016078949,
      0.39267072081565857
    ],
    [
      0.3567884862422943,
      0.29396897554397583,
      0.28912216424942017,
      0.22378379106521606,
      0.15433017909526825,
      0.13689598441123962,
      0.22880715131759644,
      0.3569650650024414,
      0.3585810363292694,
      0.14157535135746002,
      0.24692995846271515,
      0.2151639461517334,
      0.5529729723930359,
      0.9999999403953552,
      0.48148268461227417,
      0.42789900302886963
    ],
    [
      0.3284246027469635,
      0.3170328438282013,
      0.34397271275520325,
      0.30415236949920654,
      0.18273892998695374,
      0.343010812997818,
      0.3108569383621216,
      0.3585224449634552,
      0.3568069636821747,
      0.14723540842533112,
      0.35010892152786255,
      0.19478268921375275,
      0.4807640016078949,
      0.48148268461227417,
      1.0,
      0.5135140419006348
    ],
    [
      0.3588291108608246,
      0.35131698846817017,
      0.3300747871398926,
      0.25358954071998596,
      0.16618210077285767,
      0.23942281305789948,
      0.16417230665683746,
      0.23573264479637146,
      0.28550392389297485,
      0.11790286004543304,
      0.2327379584312439,
      0.21183210611343384,
      0.39267072081565857,
      0.42789900302886963,
      0.5135140419006348,
      1.0000001192092896
    ]
  ]
}