{"game_number":127,"words":["GAB","JAW","YAK","YAP","COW","DOE","EWE","HEN","BIB","EYE","GAG","POP","EAR","MAR","MER","SAT"],"adjacency_matrix":[[1.0,0.20208439230918884,0.3379459083080292,0.28792575001716614,0.21810580790042877,0.13376161456108093,0.1936180144548416,0.11240263283252716,0.18469831347465515,0.13727828860282898,0.2590082287788391,0.21469129621982574,0.15541206300258636,0.16314654052257538,0.21514485776424408,0.08720505982637405],[0.20208439230918884,1.0,0.1887046992778778,0.252157986164093,0.2685921788215637,0.07186063379049301,0.22199763357639313,0.20708498358726501,0.21213380992412567,0.4483952820301056,0.2776450216770172,0.27127423882484436,0.42218703031539917,0.17817451059818268,0.17516906559467316,0.1984689086675644],[0.3379459083080292,0.1887046992778778,1.0,0.4345471262931824,0.5083552598953247,0.20173673331737518,0.4045354127883911,0.3122790455818176,0.221470445394516,0.12487034499645233,0.18586333096027374,0.18256846070289612,0.15551258623600006,0.1422547549009323,0.23156023025512695,0.19833159446716309],[0.28792575001716614,0.252157986164093,0.4345471262931824,1.0,0.24093367159366608,0.2760339081287384,0.25007638335227966,0.2536306381225586,0.19894245266914368,0.17370639741420746,0.255148321390152,0.18647713959217072,0.2508796155452728,0.21713310480117798,0.23411475121974945,0.23604461550712585],[0.21810580790042877,0.2685921788215637,0.5083552598953247,0.24093367159366608,1.0,0.32883965969085693,0.5952741503715515,0.4135713577270508,0.23814433813095093,0.3462192416191101,0.32125014066696167,0.30501317977905273,0.4040232300758362,0.31594011187553406,0.29873859882354736,0.25800150632858276],[0.13376161456108093,0.07186063379049301,0.20173673331737518,0.2760339081287384,0.32883965969085693,0.9999999403953552,0.41892585158348083,0.3480568826198578,0.1836950182914734,0.2371729165315628,0.13483135402202606,0.11296679079532623,0.1798931360244751,0.16189303994178772,0.2683039903640747,0.21500439941883087],[0.1936180144548416,0.22199763357639313,0.4045354127883911,0.25007638335227966,0.5952741503715515,0.41892585158348083,1.0,0.4596230685710907,0.23152704536914825,0.2490735799074173,0.10762640833854675,0.15592660009860992,0.2980029881000519,0.21057850122451782,0.20552220940589905,0.14744891226291656],[0.11240263283252716,0.20708498358726501,0.3122790455818176,0.2536306381225586,0.4135713577270508,0.3480568826198578,0.4596230685710907,0.9999999403953552,0.2028145045042038,0.24081948399543762,0.18474659323692322,0.1509041041135788,0.2917726933956146,0.2221221923828125,0.32652226090431213,0.2545701861381531],[0.18469831347465515,0.21213380992412567,0.221470445394516,0.19894245266914368,0.23814433813095093,0.1836950182914734,0.23152704536914825,0.2028145045042038,1.0,0.21531115472316742,0.25858932733535767,0.1982433944940567,0.20469900965690613,0.2152581512928009,0.2185904085636139,0.14055101573467255],[0.13727828860282898,0.4483952820301056,0.12487034499645233,0.17370639741420746,0.3462192416191101,0.2371729165315628,0.2490735799074173,0.24081948399543762,0.21531115472316742,1.0,0.27260053157806396,0.3298315107822418,0.6302183270454407,0.29305773973464966,0.2740713059902191,0.28384125232696533],[0.2590082287788391,0.2776450216770172,0.18586333096027374,0.255148321390152,0.32125014066696167,0.13483135402202606,0.10762640833854675,0.18474659323692322,0.25858932733535767,0.27260053157806396,1.0,0.2813846170902252,0.23502886295318604,0.17309454083442688,0.21936805546283722,0.1738508939743042],[0.21469129621982574,0.27127423882484436,0.18256846070289612,0.18647713959217072,0.30501317977905273,0.11296679079532623,0.15592660009860992,0.1509041041135788,0.1982433944940567,0.3298315107822418,0.2813846170902252,0.9999999403953552,0.36684566736221313,0.2624495327472687,0.2728883624076843,0.23917743563652039],[0.15541206300258636,0.42218703031539917,0.15551258623600006,0.2508796155452728,0.4040232300758362,0.1798931360244751,0.2980029881000519,0.2917726933956146,0.20469900965690613,0.6302183270454407,0.23502886295318604,0.36684566736221313,1.0,0.2403005063533783,0.30753201246261597,0.28324756026268005],[0.16314654052257538,0.17817451059818268,0.1422547549009323,0.21713310480117798,0.31594011187553406,0.16189303994178772,0.21057850122451782,0.2221221923828125,0.2152581512928009,0.29305773973464966,0.17309454083442688,0.2624495327472687,0.2403005063533783,0.9999999403953552,0.44287925958633423,0.1486383080482483],[0.21514485776424408,0.17516906559467316,0.23156023025512695,0.23411475121974945,0.29873859882354736,0.2683039903640747,0.20552220940589905,0.32652226090431213,0.2185904085636139,0.2740713059902191,0.21936805546283722,0.2728883624076843,0.30753201246261597,0.44287925958633423,1.0,0.2250896543264389],[0.08720505982637405,0.1984689086675644,0.19833159446716309,0.23604461550712585,0.25800150632858276,0.21500439941883087,0.14744891226291656,0.2545701861381531,0.14055101573467255,0.28384125232696533,0.1738508939743042,0.23917743563652039,0.28324756026268005,0.1486383080482483,0.2250896543264389,1.0]]}