{
  "game_number": 285,
  "words": [
    "BACK",
    "CHAMPION",
    "ENDORSE",
    "SUPPORT",
    "CON",
    "DING",
    "MINUS",
    "STRIKE",
    "BASE",
    "LIAR",
    "LOOT",
    "SYMBOL",
    "CLAY",
    "PAPYRUS",
    "PARCHMENT",
    "WAX"
  ],
  "adjacency_matrix": [
    [
      1.0,
      0.36965298652648926,
      0.31947192549705505,
      0.5378342270851135,
      0.27788791060447693,
      0.35605648159980774,
      0.3849993050098419,
      0.477416455745697,
      0.5216741561889648,
      0.2390139102935791,
      0.3720168173313141,
      0.2813118100166321,
      0.3289508819580078,
      0.28332310914993286,
      0.2943092882633209,
      0.22274138033390045
    ],
    [
      0.36965298652648926,
      1.0,
      0.3593796193599701,
      0.41451796889305115,
      0.28273171186447144,
      0.28915926814079285,
      0.28605416417121887,
      0.3016277551651001,
      0.30864793062210083,
      0.2730167806148529,
      0.24038872122764587,
      0.33948490023612976,
      0.3199916183948517,
      0.17205794155597687,
      0.21240532398223877,
      0.15321104228496552
    ],
    [
      0.31947192549705505,
      0.3593796193599701,
      1.0,
      0.6090399622917175,
      0.250560462474823,
      0.2804258465766907,
      0.2318517118692398,
      0.3482433557510376,
      0.3304264545440674,
      0.2400290071964264,
      0.26939836144447327,
      0.27179449796676636,
      0.13936494290828705,
      0.10994966328144073,
      0.18292449414730072,
      0.15348203480243683
    ],
    [
      0.5378342270851135,
      0.41451796889305115,
      0.6090399622917175,
      1.0,
      0.3336977958679199,
      0.282922625541687,
      0.3298797905445099,
      0.46313712000846863,
      0.5981203317642212,
      0.23812782764434814,
      0.334554523229599,
      0.32155829668045044,
      0.2650099992752075,
      0.2066320776939392,
      0.23573088645935059,
      0.17091841995716095
    ],
    [
      0.27788791060447693,
      0.28273171186447144,
      0.250560462474823,
      0.3336977958679199,
      1.0,
      0.36975863575935364,
      0.3538784086704254,
      0.2935890853404999,
      0.299302339553833,
      0.3617710471153259,
      0.28323566913604736,
      0.21500740945339203,
      0.18617691099643707,
      0.1876375377178192,
      0.25049319863319397,
      0.2566571533679962
    ],
    [
      0.35605648159980774,
      0.28915926814079285,
      0.2804258465766907,
      0.282922625541687,
      0.36975863575935364,
      1.0,
      0.3011931777000427,
      0.3296085000038147,
      0.3006911873817444,
      0.24424125254154205,
      0.30598416924476624,
      0.3026410937309265,
      0.220765620470047,
      0.22006264328956604,
      0.3039957880973816,
      0.272087037563324
    ],
    [
      0.3849993050098419,
      0.28605416417121887,
      0.2318517118692398,
      0.3298797905445099,
      0.3538784086704254,
      0.3011931777000427,
      1.0,
      0.24509328603744507,
      0.43771713972091675,
      0.20990340411663055,
      0.29854387044906616,
      0.39340826869010925,
      0.24266408383846283,
      0.2683936059474945,
      0.29070818424224854,
      0.2611764371395111
    ],
    [
      0.477416455745697,
      0.3016277551651001,
      0.3482433557510376,
      0.46313712000846863,
      0.2935890853404999,
      0.3296085000038147,
      0.24509328603744507,
      1.0,
      0.4449901282787323,
      0.20102691650390625,
      0.3701722323894501,
      0.28637370467185974,
      0.2394852489233017,
      0.1993173062801361,
      0.24024483561515808,
      0.23719573020935059
    ],
    [
      0.5216741561889648,
      0.30864793062210083,
      0.3304264545440674,
      0.5981203317642212,
      0.299302339553833,
      0.3006911873817444,
      0.43771713972091675,
      0.4449901282787323,
      1.0,
      0.19575241208076477,
      0.3341018855571747,
      0.40810075402259827,
      0.3508254885673523,
      0.2634316086769104,
      0.2881735861301422,
      0.27354779839515686
    ],
    [
      0.2390139102935791,
      0.2730167806148529,
      0.2400290071964264,
      0.23812782764434814,
      0.3617710471153259,
      0.24424125254154205,
      0.20990340411663055,
      0.20102691650390625,
      0.19575241208076477,
      1.0,
      0.19815503060817719,
      0.18349429965019226,
      0.19580797851085663,
      0.18797361850738525,
      0.15893976390361786,
      0.2060035765171051
    ],
    [
      0.3720168173313141,
      0.24038872122764587,
      0.26939836144447327,
      0.334554523229599,
      0.28323566913604736,
      0.30598416924476624,
      0.29854387044906616,
      0.3701722323894501,
      0.3341018855571747,
      0.19815503060817719,
      0.9999999403953552,
      0.21625544130802155,
      0.24580605328083038,
      0.2521240711212158,
      0.22721146047115326,
      0.2292177826166153
    ],
    [
      0.2813118100166321,
      0.33948490023612976,
      0.27179449796676636,
      0.32155829668045044,
      0.21500740945339203,
      0.3026410937309265,
      0.39340826869010925,
      0.28637370467185974,
      0.40810075402259827,
      0.18349429965019226,
      0.21625544130802155,
      1.0,
      0.20740464329719543,
      0.2814783453941345,
      0.3285842537879944,
      0.22579482197761536
    ],
    [
      0.3289508819580078,
      0.3199916183948517,
      0.13936494290828705,
      0.2650099992752075,
      0.18617691099643707,
      0.220765620470047,
      0.24266408383846283,
      0.2394852489233017,
      0.3508254885673523,
      0.19580797851085663,
      0.24580605328083038,
      0.20740464329719543,
      1.0,
      0.3770672082901001,
      0.421964168548584,
      0.4634249806404114
    ],
    [
      0.28332310914993286,
      0.17205794155597687,
      0.10994966328144073,
      0.2066320776939392,
      0.1876375377178192,
      0.22006264328956604,
      0.2683936059474945,
      0.1993173062801361,
      0.2634316086769104,
      0.18797361850738525,
      0.2521240711212158,
      0.2814783453941345,
      0.3770672082901001,
      1.0,
      0.6018533110618591,
      0.35710427165031433
    ],
    [
      0.2943092882633209,
      0.21240532398223877,
      0.18292449414730072,
      0.23573088645935059,
      0.25049319863319397,
      0.3039957880973816,
      0.29070818424224854,
      0.24024483561515808,
      0.2881735861301422,
      0.15893976390361786,
      0.22721146047115326,
      0.3285842537879944,
      0.421964168548584,
      0.6018533110618591,
      1.0,
      0.43858635425567627
    ],
    [
      0.22274138033390045,
      0.15321104228496552,
      0.15348203480243683,
      0.17091841995716095,
      0.2566571533679962,
      0.272087037563324,
      0.2611764371395111,
      0.23719573020935059,
      0.27354779839515686,
      0.2060035765171051,
      0.2292177826166153,
      0.22579482197761536,
      0.4634249806404114,
      0.35710427165031433,
      0.43858635425567627,
      1.0
    ]
  ]
}