{"game_number":123,"words":["CLIP","PACE","RATE","SPEED","FASTER","GO","HURRY","MOVE","CLIPPER","PACER","ROCKET","SPUR","COMMUTE","MEDICINE","PROMPTER","VISION"],"adjacency_matrix":[[1.0,0.37981829047203064,0.4685770869255066,0.40071025490760803,0.36108046770095825,0.33932700753211975,0.25254562497138977,0.4172639548778534,0.49774131178855896,0.3967730402946472,0.3513883650302887,0.398514986038208,0.25447532534599304,0.2583538591861725,0.36697572469711304,0.3093355596065521],[0.37981829047203064,1.0,0.621420681476593,0.6920364499092102,0.5569498538970947,0.3758130967617035,0.49587106704711914,0.4767575263977051,0.2417834848165512,0.5796069502830505,0.3188352584838867,0.42361944913864136,0.35958966612815857,0.2699308693408966,0.3316289782524109,0.39089274406433105],[0.4685770869255066,0.621420681476593,1.0,0.6312331557273865,0.5004905462265015,0.3767256736755371,0.377794086933136,0.44333019852638245,0.32675713300704956,0.4359867572784424,0.3337959349155426,0.43491271138191223,0.3482784032821655,0.2884395718574524,0.29512178897857666,0.33376646041870117],[0.40071025490760803,0.6920364499092102,0.6312331557273865,1.0,0.6038821935653687,0.378376841545105,0.4562591314315796,0.4725733995437622,0.3523936867713928,0.5023840665817261,0.3749682605266571,0.4240991771221161,0.3735949695110321,0.2971256971359253,0.3096003830432892,0.4177722930908203],[0.36108046770095825,0.5569498538970947,0.5004905462265015,0.6038821935653687,1.0,0.4075070023536682,0.4673260748386383,0.4700222909450531,0.34554505348205566,0.42893922328948975,0.2901405692100525,0.4105633497238159,0.3451803922653198,0.28499674797058105,0.35671013593673706,0.2930224537849426],[0.33932700753211975,0.3758130967617035,0.3767256736755371,0.378376841545105,0.4075070023536682,1.0,0.5935001969337463,0.645667314529419,0.22587619721889496,0.21207661926746368,0.2712613046169281,0.3641294240951538,0.4302126169204712,0.3209547996520996,0.3139522075653076,0.3116510808467865],[0.25254562497138977,0.49587106704711914,0.377794086933136,0.4562591314315796,0.4673260748386383,0.5935001969337463,1.0,0.5568821430206299,0.2557961344718933,0.2919379472732544,0.2937185764312744,0.4628068804740906,0.3767452538013458,0.2985939681529999,0.3928966522216797,0.27883780002593994],[0.4172639548778534,0.4767575263977051,0.44333019852638245,0.4725733995437622,0.4700222909450531,0.645667314529419,0.5568821430206299,0.9999999403953552,0.2862531542778015,0.27116474509239197,0.3376011252403259,0.4568483531475067,0.44948068261146545,0.32152193784713745,0.35113027691841125,0.3774307668209076],[0.49774131178855896,0.2417834848165512,0.32675713300704956,0.3523936867713928,0.34554505348205566,0.22587619721889496,0.2557961344718933,0.2862531542778015,1.0,0.4148605167865753,0.35530057549476624,0.3380415737628937,0.19097404181957245,0.2693805992603302,0.3027321994304657,0.26478707790374756],[0.3967730402946472,0.5796069502830505,0.4359867572784424,0.5023840665817261,0.42893922328948975,0.21207661926746368,0.2919379472732544,0.27116474509239197,0.4148605167865753,1.0,0.365763396024704,0.3361491858959198,0.2421935647726059,0.28649863600730896,0.41116949915885925,0.3144787847995758],[0.3513883650302887,0.3188352584838867,0.3337959349155426,0.3749682605266571,0.2901405692100525,0.2712613046169281,0.2937185764312744,0.3376011252403259,0.35530057549476624,0.365763396024704,1.0,0.3479892313480377,0.23106305301189423,0.4176626205444336,0.21824879944324493,0.29576584696769714],[0.398514986038208,0.42361944913864136,0.43491271138191223,0.4240991771221161,0.4105633497238159,0.3641294240951538,0.4628068804740906,0.4568483531475067,0.3380415737628937,0.3361491858959198,0.3479892313480377,0.9999999403953552,0.3160094618797302,0.30596354603767395,0.40095269680023193,0.2761068046092987],[0.25447532534599304,0.35958966612815857,0.3482784032821655,0.3735949695110321,0.3451803922653198,0.4302126169204712,0.3767452538013458,0.44948068261146545,0.19097404181957245,0.2421935647726059,0.23106305301189423,0.3160094618797302,1.0,0.1784336417913437,0.1951087862253189,0.26280713081359863],[0.2583538591861725,0.2699308693408966,0.2884395718574524,0.2971256971359253,0.28499674797058105,0.3209547996520996,0.2985939681529999,0.32152193784713745,0.2693805992603302,0.28649863600730896,0.4176626205444336,0.30596354603767395,0.1784336417913437,1.0,0.23674944043159485,0.4137817621231079],[0.36697572469711304,0.3316289782524109,0.29512178897857666,0.3096003830432892,0.35671013593673706,0.3139522075653076,0.3928966522216797,0.35113027691841125,0.3027321994304657,0.41116949915885925,0.21824879944324493,0.40095269680023193,0.1951087862253189,0.23674944043159485,0.9999999403953552,0.3232881724834442],[0.3093355596065521,0.39089274406433105,0.33376646041870117,0.4177722930908203,0.2930224537849426,0.3116510808467865,0.27883780002593994,0.3774307668209076,0.26478707790374756,0.3144787847995758,0.29576584696769714,0.2761068046092987,0.26280713081359863,0.4137817621231079,0.3232881724834442,1.0]]}