{
  "game_number": 9,
  "words": [
    "BOTTLED",
    "SPARKLING",
    "STILL",
    "TAP",
    "CHECKING",
    "DEPOSIT",
    "SAVINGS",
    "WITHDRAWAL",
    "FALSE",
    "NO",
    "TRUE",
    "YES",
    "BLACK",
    "EVEN",
    "ODD",
    "RED"
  ],
  "adjacency_matrix": [
    [
      1.0,
      0.49312636256217957,
      0.37409257888793945,
      0.42391330003738403,
      0.2286289930343628,
      0.27785566449165344,
      0.2642521560192108,
      0.2635994851589203,
      0.23817656934261322,
      0.2571265995502472,
      0.28240808844566345,
      0.19113311171531677,
      0.329054057598114,
      0.3652493357658386,
      0.2250431776046753,
      0.3856092095375061
    ],
    [
      0.49312636256217957,
      1.0,
      0.3168734610080719,
      0.4268450438976288,
      0.32747313380241394,
      0.310021311044693,
      0.3396870493888855,
      0.2488156408071518,
      0.38672539591789246,
      0.346532940864563,
      0.42502322793006897,
      0.20735326409339905,
      0.4757131338119507,
      0.31686630845069885,
      0.4304833710193634,
      0.5313311815261841
    ],
    [
      0.37409257888793945,
      0.3168734610080719,
      1.0,
      0.3097132742404938,
      0.3872702121734619,
      0.33314719796180725,
      0.31747403740882874,
      0.274517685174942,
      0.34426742792129517,
      0.521186113357544,
      0.46752068400382996,
      0.44652748107910156,
      0.3771972358226776,
      0.705976128578186,
      0.4041728377342224,
      0.3764490783214569
    ],
    [
      0.42391330003738403,
      0.4268450438976288,
      0.3097132742404938,
      1.0,
      0.3782382011413574,
      0.36821746826171875,
      0.33647680282592773,
      0.23472960293293,
      0.18526588380336761,
      0.25538158416748047,
      0.28392279148101807,
      0.19132961332798004,
      0.3521040081977844,
      0.3297240436077118,
      0.22489820420742035,
      0.38007521629333496
    ],
    [
      0.2286289930343628,
      0.32747313380241394,
      0.3872702121734619,
      0.3782382011413574,
      1.0,
      0.4103611409664154,
      0.43472573161125183,
      0.32682621479034424,
      0.35485419631004333,
      0.3401840329170227,
      0.35962003469467163,
      0.3238101303577423,
      0.26047879457473755,
      0.42966228723526,
      0.37476998567581177,
      0.29199743270874023
    ],
    [
      0.27785566449165344,
      0.310021311044693,
      0.33314719796180725,
      0.36821746826171875,
      0.4103611409664154,
      0.9999999403953552,
      0.5228549838066101,
      0.5022262930870056,
      0.2715212404727936,
      0.22089383006095886,
      0.2680967450141907,
      0.1580902487039566,
      0.34719258546829224,
      0.26651445031166077,
      0.16676132380962372,
      0.3164144456386566
    ],
    [
      0.2642521560192108,
      0.3396870493888855,
      0.31747403740882874,
      0.33647680282592773,
      0.43472573161125183,
      0.5228549838066101,
      1.0,
      0.4410161077976227,
      0.32708704471588135,
      0.3193579316139221,
      0.38885676860809326,
      0.1822398453950882,
      0.30592796206474304,
      0.35077399015426636,
      0.2635832130908966,
      0.27403560280799866
    ],
    [
      0.2635994851589203,
      0.2488156408071518,
      0.274517685174942,
      0.23472960293293,
      0.32682621479034424,
      0.5022262930870056,
      0.4410161077976227,
      0.9999999403953552,
      0.2873731553554535,
      0.27274343371391296,
      0.3131210207939148,
      0.25250282883644104,
      0.2462717443704605,
      0.27982109785079956,
      0.22768086194992065,
      0.28860121965408325
    ],
    [
      0.23817656934261322,
      0.38672539591789246,
      0.34426742792129517,
      0.18526588380336761,
      0.35485419631004333,
      0.2715212404727936,
      0.32708704471588135,
      0.2873731553554535,
      1.0,
      0.42198053002357483,
      0.7275198101997375,
      0.3979066014289856,
      0.40159374475479126,
      0.3923884928226471,
      0.4942927658557892,
      0.40949147939682007
    ],
    [
      0.2571265995502472,
      0.346532940864563,
      0.521186113357544,
      0.25538158416748047,
      0.3401840329170227,
      0.22089383006095886,
      0.3193579316139221,
      0.27274343371391296,
      0.42198053002357483,
      1.0,
      0.5008876919746399,
      0.47027406096458435,
      0.32656893134117126,
      0.5285143852233887,
      0.47725459933280945,
      0.32928094267845154
    ],
    [
      0.28240808844566345,
      0.42502322793006897,
      0.46752068400382996,
      0.28392279148101807,
      0.35962003469467163,
      0.2680967450141907,
      0.38885676860809326,
      0.3131210207939148,
      0.7275198101997375,
      0.5008876919746399,
      1.0,
      0.5576257109642029,
      0.4343050420284271,
      0.555250346660614,
      0.5482252240180969,
      0.3810555040836334
    ],
    [
      0.19113311171531677,
      0.20735326409339905,
      0.44652748107910156,
      0.19132961332798004,
      0.3238101303577423,
      0.1580902487039566,
      0.1822398453950882,
      0.25250282883644104,
      0.3979066014289856,
      0.47027406096458435,
      0.5576257109642029,
      1.0,
      0.29251551628112793,
      0.5039480328559875,
      0.41193559765815735,
      0.2987084686756134
    ],
    [
      0.329054057598114,
      0.4757131338119507,
      0.3771972358226776,
      0.3521040081977844,
      0.26047879457473755,
      0.34719258546829224,
      0.30592796206474304,
      0.2462717443704605,
      0.40159374475479126,
      0.32656893134117126,
      0.4343050420284271,
      0.29251551628112793,
      1.0,
      0.3405348062515259,
      0.37326058745384216,
      0.7117840051651001
    ],
    [
      0.3652493357658386,
      0.31686630845069885,
      0.705976128578186,
      0.3297240436077118,
      0.42966228723526,
      0.26651445031166077,
      0.35077399015426636,
      0.27982109785079956,
      0.3923884928226471,
      0.5285143852233887,
      0.555250346660614,
      0.5039480328559875,
      0.3405348062515259,
      0.9999999403953552,
      0.52316814661026,
      0.32206618785858154
    ],
    [
      0.2250431776046753,
      0.4304833710193634,
      0.4041728377342224,
      0.22489820420742035,
      0.37476998567581177,
      0.16676132380962372,
      0.2635832130908966,
      0.22768086194992065,
      0.4942927658557892,
      0.47725459933280945,
      0.5482252240180969,
      0.41193559765815735,
      0.37326058745384216,
      0.52316814661026,
      1.0,
      0.38955870270729065
    ],
    [
      0.3856092095375061,
      0.5313311815261841,
      0.3764490783214569,
      0.38007521629333496,
      0.29199743270874023,
      0.3164144456386566,
      0.27403560280799866,
      0.28860121965408325,
      0.40949147939682007,
      0.32928094267845154,
      0.3810555040836334,
      0.2987084686756134,
      0.7117840051651001,
      0.32206618785858154,
      0.38955870270729065,
      1.0
    ]
  ]
}