{
  "game_number": 14,
  "words": [
    "FORTITUDE",
    "GRIT",
    "PLUCK",
    "RESOLVE",
    "CONSTRUCTION",
    "REPAIRS",
    "UPGRADES",
    "WORK",
    "CREAM",
    "CRUSH",
    "ROUT",
    "SHELLAC",
    "CREPE",
    "ROLLING",
    "TISSUE",
    "TOILET"
  ],
  "adjacency_matrix": [
    [
      1.0,
      0.5640679001808167,
      0.5271666646003723,
      0.5024544596672058,
      0.2600034773349762,
      0.2718963325023651,
      0.27445828914642334,
      0.40120330452919006,
      0.11868754774332047,
      0.38153913617134094,
      0.2737111449241638,
      0.18099626898765564,
      0.10892283171415329,
      0.2669885754585266,
      0.25974172353744507,
      0.26655998826026917
    ],
    [
      0.5640679001808167,
      1.0,
      0.5325201749801636,
      0.4371751844882965,
      0.271668016910553,
      0.2760932743549347,
      0.2622753381729126,
      0.3959873914718628,
      0.3675398826599121,
      0.46683990955352783,
      0.28349652886390686,
      0.34393155574798584,
      0.22880865633487701,
      0.4340994358062744,
      0.34280577301979065,
      0.31095829606056213
    ],
    [
      0.5271666646003723,
      0.5325201749801636,
      1.0,
      0.42633146047592163,
      0.17644467949867249,
      0.198032408952713,
      0.1360103189945221,
      0.33459073305130005,
      0.24184077978134155,
      0.40833210945129395,
      0.29159125685691833,
      0.22490300238132477,
      0.22440747916698456,
      0.344417929649353,
      0.3086780309677124,
      0.21346919238567352
    ],
    [
      0.5024544596672058,
      0.4371751844882965,
      0.42633146047592163,
      1.0,
      0.32797306776046753,
      0.3824355900287628,
      0.31720438599586487,
      0.49988964200019836,
      0.17274056375026703,
      0.44238969683647156,
      0.33993327617645264,
      0.14613445103168488,
      0.09772264957427979,
      0.2956582307815552,
      0.2618560791015625,
      0.21090859174728394
    ],
    [
      0.2600034773349762,
      0.271668016910553,
      0.17644467949867249,
      0.32797306776046753,
      1.0,
      0.5426560640335083,
      0.5303532481193542,
      0.5579677820205688,
      0.21560758352279663,
      0.3869817852973938,
      0.3063327372074127,
      0.23067842423915863,
      0.17014984786510468,
      0.39329859614372253,
      0.34812435507774353,
      0.3707501292228699
    ],
    [
      0.2718963325023651,
      0.2760932743549347,
      0.198032408952713,
      0.3824355900287628,
      0.5426560640335083,
      1.0,
      0.6798202991485596,
      0.47583767771720886,
      0.15575003623962402,
      0.2726447880268097,
      0.30700722336769104,
      0.26383262872695923,
      0.15365412831306458,
      0.3180902898311615,
      0.3427124321460724,
      0.35843685269355774
    ],
    [
      0.27445828914642334,
      0.2622753381729126,
      0.1360103189945221,
      0.31720438599586487,
      0.5303532481193542,
      0.6798202991485596,
      0.9999999403953552,
      0.4338962435722351,
      0.2129860371351242,
      0.3119908571243286,
      0.2733785808086395,
      0.13080371916294098,
      0.08704635500907898,
      0.35248515009880066,
      0.2366442084312439,
      0.31804803013801575
    ],
    [
      0.40120330452919006,
      0.3959873914718628,
      0.33459073305130005,
      0.49988964200019836,
      0.5579677820205688,
      0.47583767771720886,
      0.4338962435722351,
      1.0000001192092896,
      0.2484913319349289,
      0.36618703603744507,
      0.2997628450393677,
      0.21956951916217804,
      0.1747124046087265,
      0.4236823618412018,
      0.3549703061580658,
      0.36569955945014954
    ],
    [
      0.11868754774332047,
      0.3675398826599121,
      0.24184077978134155,
      0.17274056375026703,
      0.21560758352279663,
      0.15575003623962402,
      0.2129860371351242,
      0.2484913319349289,
      1.0,
      0.3554005026817322,
      0.20083686709403992,
      0.35821399092674255,
      0.3874133229255676,
      0.35212838649749756,
      0.34877926111221313,
      0.3046228885650635
    ],
    [
      0.38153913617134094,
      0.46683990955352783,
      0.40833210945129395,
      0.44238969683647156,
      0.3869817852973938,
      0.2726447880268097,
      0.3119908571243286,
      0.36618703603744507,
      0.3554005026817322,
      1.0,
      0.48051345348358154,
      0.30458179116249084,
      0.17994892597198486,
      0.443943589925766,
      0.36548498272895813,
      0.32385873794555664
    ],
    [
      0.2737111449241638,
      0.28349652886390686,
      0.29159125685691833,
      0.33993327617645264,
      0.3063327372074127,
      0.30700722336769104,
      0.2733785808086395,
      0.2997628450393677,
      0.20083686709403992,
      0.48051345348358154,
      0.9999999403953552,
      0.1592310667037964,
      0.1478954702615738,
      0.3872269093990326,
      0.23506490886211395,
      0.28488436341285706
    ],
    [
      0.18099626898765564,
      0.34393155574798584,
      0.22490300238132477,
      0.14613445103168488,
      0.23067842423915863,
      0.26383262872695923,
      0.13080371916294098,
      0.21956951916217804,
      0.35821399092674255,
      0.30458179116249084,
      0.1592310667037964,
      1.0,
      0.36854973435401917,
      0.23737478256225586,
      0.36403757333755493,
      0.17632782459259033
    ],
    [
      0.10892283171415329,
      0.22880865633487701,
      0.22440747916698456,
      0.09772264957427979,
      0.17014984786510468,
      0.15365412831306458,
      0.08704635500907898,
      0.1747124046087265,
      0.3874133229255676,
      0.17994892597198486,
      0.1478954702615738,
      0.36854973435401917,
      1.0000001192092896,
      0.3517829477787018,
      0.28117063641548157,
      0.20885725319385529
    ],
    [
      0.2669885754585266,
      0.4340994358062744,
      0.344417929649353,
      0.2956582307815552,
      0.39329859614372253,
      0.3180902898311615,
      0.35248515009880066,
      0.4236823618412018,
      0.35212838649749756,
      0.443943589925766,
      0.3872269093990326,
      0.23737478256225586,
      0.3517829477787018,
      1.0,
      0.3237086236476898,
      0.3639655113220215
    ],
    [
      0.25974172353744507,
      0.34280577301979065,
      0.3086780309677124,
      0.2618560791015625,
      0.34812435507774353,
      0.3427124321460724,
      0.2366442084312439,
      0.3549703061580658,
      0.34877926111221313,
      0.36548498272895813,
      0.23506490886211395,
      0.36403757333755493,
      0.28117063641548157,
      0.3237086236476898,
      1.0,
      0.34350985288619995
    ],
    [
      0.26655998826026917,
      0.31095829606056213,
      0.21346919238567352,
      0.21090859174728394,
      0.3707501292228699,
      0.35843685269355774,
      0.31804803013801575,
      0.36569955945014954,
      0.3046228885650635,
      0.32385873794555664,
      0.28488436341285706,
      0.17632782459259033,
      0.20885725319385529,
      0.3639655113220215,
      0.34350985288619995,
      1.0
    ]
  ]
}