{"game_number":268,"words":["DEN","HIVE","LAIR","NEST","CLOUD","METAVERSE","NET","WEB","EQUAL","EVEN","FAIR","JUST","GOOD","IMPOSSIBLE","NOTHING","WARREN"],"adjacency_matrix":[[1.0,0.3999859094619751,0.580807089805603,0.462375670671463,0.3004595935344696,0.3199126422405243,0.3692544102668762,0.21956533193588257,0.24276190996170044,0.2524511516094208,0.2536616623401642,0.2751913070678711,0.289800226688385,0.21164514124393463,0.20001906156539917,0.49446696043014526],[0.3999859094619751,1.0,0.43838417530059814,0.5486845970153809,0.33653679490089417,0.3184427320957184,0.2978570759296417,0.28705474734306335,0.21904584765434265,0.2103724181652069,0.2579402029514313,0.26651081442832947,0.28677260875701904,0.18441446125507355,0.2252727597951889,0.28227609395980835],[0.580807089805603,0.43838417530059814,1.0,0.44341355562210083,0.3055528402328491,0.30342018604278564,0.2846374809741974,0.2841334640979767,0.2323162704706192,0.2787724435329437,0.24309225380420685,0.31936565041542053,0.280383437871933,0.2950882017612457,0.2441481202840805,0.5313720107078552],[0.462375670671463,0.5486845970153809,0.44341355562210083,1.0,0.390644907951355,0.30741432309150696,0.307679146528244,0.3741855323314667,0.24777819216251373,0.2880156636238098,0.24895797669887543,0.31793951988220215,0.3410712480545044,0.27366217970848083,0.27269455790519714,0.36156877875328064],[0.3004595935344696,0.33653679490089417,0.3055528402328491,0.390644907951355,1.0,0.4215586483478546,0.36823317408561707,0.3707166314125061,0.2751736044883728,0.2817624807357788,0.37047523260116577,0.3333110809326172,0.36809906363487244,0.2487206757068634,0.29049554467201233,0.315879762172699],[0.3199126422405243,0.3184427320957184,0.30342018604278564,0.30741432309150696,0.4215586483478546,1.0,0.3882019519805908,0.5294572710990906,0.30548855662345886,0.34114107489585876,0.3284348249435425,0.31930574774742126,0.3305519223213196,0.32537299394607544,0.2657880485057831,0.3444547653198242],[0.3692544102668762,0.2978570759296417,0.2846374809741974,0.307679146528244,0.36823317408561707,0.3882019519805908,1.0,0.5178656578063965,0.41314077377319336,0.30193060636520386,0.364637553691864,0.36958980560302734,0.42826026678085327,0.2849157750606537,0.3551734387874603,0.31220898032188416],[0.21956533193588257,0.28705474734306335,0.2841334640979767,0.3741855323314667,0.3707166314125061,0.5294572710990906,0.5178656578063965,1.0,0.21568945050239563,0.2836032807826996,0.29023563861846924,0.3144383132457733,0.341272234916687,0.27444949746131897,0.2619889974594116,0.31327104568481445],[0.24276190996170044,0.21904584765434265,0.2323162704706192,0.24777819216251373,0.2751736044883728,0.30548855662345886,0.41314077377319336,0.21568945050239563,1.0,0.4702833890914917,0.5550795197486877,0.4598897397518158,0.5614610314369202,0.4102868437767029,0.43689820170402527,0.27246910333633423],[0.2524511516094208,0.2103724181652069,0.2787724435329437,0.2880156636238098,0.2817624807357788,0.34114107489585876,0.30193060636520386,0.2836032807826996,0.4702833890914917,0.9999999403953552,0.4189067780971527,0.7589769959449768,0.541231632232666,0.6090672612190247,0.581318199634552,0.320019394159317],[0.2536616623401642,0.2579402029514313,0.24309225380420685,0.24895797669887543,0.37047523260116577,0.3284348249435425,0.364637553691864,0.29023563861846924,0.5550795197486877,0.4189067780971527,1.0,0.47327426075935364,0.673826277256012,0.4559065103530884,0.42022818326950073,0.3720545768737793],[0.2751913070678711,0.26651081442832947,0.31936565041542053,0.31793951988220215,0.3333110809326172,0.31930574774742126,0.36958980560302734,0.3144383132457733,0.4598897397518158,0.7589769959449768,0.47327426075935364,1.0,0.5806612968444824,0.5336599946022034,0.6335065960884094,0.3224512040615082],[0.289800226688385,0.28677260875701904,0.280383437871933,0.3410712480545044,0.36809906363487244,0.3305519223213196,0.42826026678085327,0.341272234916687,0.5614610314369202,0.541231632232666,0.673826277256012,0.5806612968444824,1.0,0.5201201438903809,0.5487225651741028,0.3575935959815979],[0.21164514124393463,0.18441446125507355,0.2950882017612457,0.27366217970848083,0.2487206757068634,0.32537299394607544,0.2849157750606537,0.27444949746131897,0.4102868437767029,0.6090672612190247,0.4559065103530884,0.5336599946022034,0.5201201438903809,1.0000001192092896,0.5333044528961182,0.28892043232917786],[0.20001906156539917,0.2252727597951889,0.2441481202840805,0.27269455790519714,0.29049554467201233,0.2657880485057831,0.3551734387874603,0.2619889974594116,0.43689820170402527,0.581318199634552,0.42022818326950073,0.6335065960884094,0.5487225651741028,0.5333044528961182,1.0,0.29498445987701416],[0.49446696043014526,0.28227609395980835,0.5313720107078552,0.36156877875328064,0.315879762172699,0.3444547653198242,0.31220898032188416,0.31327104568481445,0.27246910333633423,0.320019394159317,0.3720545768737793,0.3224512040615082,0.3575935959815979,0.28892043232917786,0.29498445987701416,1.0]]}