{"game_number":198,"words":["JOSH","KID","RIB","TEASE","HEIGHT","MAX","PEAK","TOP","DOZEN","GROSS","PAIR","SCORE","ADULT","KISS","TEN","TIMES"],"adjacency_matrix":[[1.0,0.4158851206302643,0.3282422125339508,0.35890334844589233,0.1584283709526062,0.3416496217250824,0.14925654232501984,0.20983387529850006,0.11735042929649353,0.1829112470149994,0.22417216002941132,0.14490662515163422,0.15440993010997772,0.32107481360435486,0.15920834243297577,0.16855549812316895],[0.4158851206302643,1.0,0.2621705234050751,0.4172748327255249,0.2588593363761902,0.3397836685180664,0.28215721249580383,0.35117852687835693,0.26194140315055847,0.26218822598457336,0.35726603865623474,0.30202242732048035,0.5775888562202454,0.3537105321884155,0.3195521831512451,0.2985175848007202],[0.3282422125339508,0.2621705234050751,1.0,0.3052622079849243,0.2970411777496338,0.1803220510482788,0.23303285241127014,0.32865485548973083,0.1356833130121231,0.24915289878845215,0.34903770685195923,0.19089294970035553,0.2240108996629715,0.2887320816516876,0.2027573138475418,0.1649574339389801],[0.35890334844589233,0.4172748327255249,0.3052622079849243,1.0,0.239524707198143,0.2764626741409302,0.3024175465106964,0.3103317618370056,0.2139042615890503,0.3103342652320862,0.4372868239879608,0.41721272468566895,0.2857389450073242,0.5299999117851257,0.26837483048439026,0.2792510390281677],[0.1584283709526062,0.2588593363761902,0.2970411777496338,0.239524707198143,1.0,0.4439500570297241,0.5780986547470093,0.4856274127960205,0.1792769730091095,0.3950444459915161,0.2904236614704132,0.3604815900325775,0.31544676423072815,0.2686319053173065,0.30545735359191895,0.41958287358283997],[0.3416496217250824,0.3397836685180664,0.1803220510482788,0.2764626741409302,0.4439500570297241,1.0000001192092896,0.4572312831878662,0.393917441368103,0.24587884545326233,0.3728955090045929,0.27925094962120056,0.34698566794395447,0.26934000849723816,0.2747436463832855,0.3625757694244385,0.3669739365577698],[0.14925654232501984,0.28215721249580383,0.23303285241127014,0.3024175465106964,0.5780986547470093,0.4572312831878662,1.0,0.5427053570747375,0.22475898265838623,0.3661884367465973,0.35154518485069275,0.3405519425868988,0.3205980062484741,0.29435622692108154,0.35064607858657837,0.41906407475471497],[0.20983387529850006,0.35117852687835693,0.32865485548973083,0.3103317618370056,0.4856274127960205,0.393917441368103,0.5427053570747375,1.0,0.4423418343067169,0.36069416999816895,0.4052787125110626,0.46764522790908813,0.3456117808818817,0.32646292448043823,0.512109100818634,0.4040156900882721],[0.11735042929649353,0.26194140315055847,0.1356833130121231,0.2139042615890503,0.1792769730091095,0.24587884545326233,0.22475898265838623,0.4423418343067169,1.0,0.241523876786232,0.40333545207977295,0.29584547877311707,0.3053782880306244,0.17941604554653168,0.7392491698265076,0.4951823651790619],[0.1829112470149994,0.26218822598457336,0.24915289878845215,0.3103342652320862,0.3950444459915161,0.3728955090045929,0.3661884367465973,0.36069416999816895,0.241523876786232,0.9999999403953552,0.2738099992275238,0.38772886991500854,0.38201600313186646,0.2885816991329193,0.30565112829208374,0.31361427903175354],[0.22417216002941132,0.35726603865623474,0.34903770685195923,0.4372868239879608,0.2904236614704132,0.27925094962120056,0.35154518485069275,0.4052787125110626,0.40333545207977295,0.2738099992275238,1.0,0.42010655999183655,0.3884131610393524,0.43484631180763245,0.40692535042762756,0.35353803634643555],[0.14490662515163422,0.30202242732048035,0.19089294970035553,0.41721272468566895,0.3604815900325775,0.34698566794395447,0.3405519425868988,0.46764522790908813,0.29584547877311707,0.38772886991500854,0.42010655999183655,1.0,0.25157883763313293,0.34512859582901,0.42304709553718567,0.3321731686592102],[0.15440993010997772,0.5775888562202454,0.2240108996629715,0.2857389450073242,0.31544676423072815,0.26934000849723816,0.3205980062484741,0.3456117808818817,0.3053782880306244,0.38201600313186646,0.3884131610393524,0.25157883763313293,1.0,0.2509762644767761,0.3763238191604614,0.34979012608528137],[0.32107481360435486,0.3537105321884155,0.2887320816516876,0.5299999117851257,0.2686319053173065,0.2747436463832855,0.29435622692108154,0.32646292448043823,0.17941604554653168,0.2885816991329193,0.43484631180763245,0.34512859582901,0.2509762644767761,1.0,0.23891645669937134,0.28892382979393005],[0.15920834243297577,0.3195521831512451,0.2027573138475418,0.26837483048439026,0.30545735359191895,0.3625757694244385,0.35064607858657837,0.512109100818634,0.7392491698265076,0.30565112829208374,0.40692535042762756,0.42304709553718567,0.3763238191604614,0.23891645669937134,1.0,0.5587500333786011],[0.16855549812316895,0.2985175848007202,0.1649574339389801,0.2792510390281677,0.41958287358283997,0.3669739365577698,0.41906407475471497,0.4040156900882721,0.4951823651790619,0.31361427903175354,0.35353803634643555,0.3321731686592102,0.34979012608528137,0.28892382979393005,0.5587500333786011,1.0]]}