{
  "game_number": 546,
  "words": [
    "ACTS",
    "JOB",
    "KINGS",
    "MARK",
    "FLAMES",
    "KRAKEN",
    "STARS",
    "WILD",
    "NAP",
    "PLANT",
    "RANGER",
    "TRIP",
    "CORN",
    "CUCUMBER",
    "PEPPER",
    "TOMATO"
  ],
  "adjacency_matrix": [
    [
      1.0,
      0.3757410943508148,
      0.40979403257369995,
      0.3320638835430145,
      0.3896941840648651,
      0.2732849717140198,
      0.42512819170951843,
      0.3600066602230072,
      0.13914917409420013,
      0.3581075966358185,
      0.2849724590778351,
      0.3430001139640808,
      0.2863290011882782,
      0.23326599597930908,
      0.23386844992637634,
      0.22683441638946533
    ],
    [
      0.3757410943508148,
      1.0,
      0.18413154780864716,
      0.34788352251052856,
      0.20416909456253052,
      0.08134711533784866,
      0.27070531249046326,
      0.28455331921577454,
      0.3506830334663391,
      0.4213387370109558,
      0.34738266468048096,
      0.4727042019367218,
      0.24751822650432587,
      0.18530549108982086,
      0.21107010543346405,
      0.2663632333278656
    ],
    [
      0.40979403257369995,
      0.18413154780864716,
      1.0,
      0.22627857327461243,
      0.308745801448822,
      0.34283745288848877,
      0.45434191823005676,
      0.27621251344680786,
      0.16743575036525726,
      0.20959922671318054,
      0.19997310638427734,
      0.23956198990345,
      0.24994711577892303,
      0.24020633101463318,
      0.24000592529773712,
      0.1600627601146698
    ],
    [
      0.3320638835430145,
      0.34788352251052856,
      0.22627857327461243,
      1.0,
      0.28978219628334045,
      0.22058521211147308,
      0.3643497824668884,
      0.3357757329940796,
      0.21461790800094604,
      0.3356057107448578,
      0.2958664894104004,
      0.35977473855018616,
      0.23165959119796753,
      0.1789570301771164,
      0.2891820967197418,
      0.2645714581012726
    ],
    [
      0.3896941840648651,
      0.20416909456253052,
      0.308745801448822,
      0.28978219628334045,
      1.0,
      0.27768805623054504,
      0.4189296364784241,
      0.4112694263458252,
      0.1471148282289505,
      0.2936679422855377,
      0.2362223118543625,
      0.27142977714538574,
      0.2885347306728363,
      0.2218228131532669,
      0.3297140598297119,
      0.2362179011106491
    ],
    [
      0.2732849717140198,
      0.08134711533784866,
      0.34283745288848877,
      0.22058521211147308,
      0.27768805623054504,
      1.0,
      0.25102654099464417,
      0.386386513710022,
      0.2545427083969116,
      0.29236313700675964,
      0.2703578472137451,
      0.26776954531669617,
      0.29077354073524475,
      0.35057681798934937,
      0.3349633514881134,
      0.2660941183567047
    ],
    [
      0.42512819170951843,
      0.27070531249046326,
      0.45434191823005676,
      0.3643497824668884,
      0.4189296364784241,
      0.25102654099464417,
      1.0000001192092896,
      0.2925258278846741,
      0.14907750487327576,
      0.3069005608558655,
      0.2834900915622711,
      0.2340943068265915,
      0.2567755877971649,
      0.24632905423641205,
      0.28162556886672974,
      0.24250300228595734
    ],
    [
      0.3600066602230072,
      0.28455331921577454,
      0.27621251344680786,
      0.3357757329940796,
      0.4112694263458252,
      0.386386513710022,
      0.2925258278846741,
      1.0,
      0.23276033997535706,
      0.43575039505958557,
      0.3573247492313385,
      0.4074392020702362,
      0.4176444709300995,
      0.34089067578315735,
      0.38296014070510864,
      0.3724845051765442
    ],
    [
      0.13914917409420013,
      0.3506830334663391,
      0.16743575036525726,
      0.21461790800094604,
      0.1471148282289505,
      0.2545427083969116,
      0.14907750487327576,
      0.23276033997535706,
      1.0,
      0.26142430305480957,
      0.19915713369846344,
      0.4148903787136078,
      0.2783527672290802,
      0.26969659328460693,
      0.20394128561019897,
      0.2835509777069092
    ],
    [
      0.3581075966358185,
      0.4213387370109558,
      0.20959922671318054,
      0.3356057107448578,
      0.2936679422855377,
      0.29236313700675964,
      0.3069005608558655,
      0.43575039505958557,
      0.26142430305480957,
      1.0,
      0.3661782443523407,
      0.3793489634990692,
      0.4627417325973511,
      0.40168240666389465,
      0.40047627687454224,
      0.5061548948287964
    ],
    [
      0.2849724590778351,
      0.34738266468048096,
      0.19997310638427734,
      0.2958664894104004,
      0.2362223118543625,
      0.2703578472137451,
      0.2834900915622711,
      0.3573247492313385,
      0.19915713369846344,
      0.3661782443523407,
      0.9999999403953552,
      0.34626495838165283,
      0.16185054183006287,
      0.18399938941001892,
      0.29235199093818665,
      0.22281953692436218
    ],
    [
      0.3430001139640808,
      0.4727042019367218,
      0.23956198990345,
      0.35977473855018616,
      0.27142977714538574,
      0.26776954531669617,
      0.2340943068265915,
      0.4074392020702362,
      0.4148903787136078,
      0.3793489634990692,
      0.34626495838165283,
      1.0,
      0.28042757511138916,
      0.19757050275802612,
      0.2370610386133194,
      0.2339114546775818
    ],
    [
      0.2863290011882782,
      0.24751822650432587,
      0.24994711577892303,
      0.23165959119796753,
      0.2885347306728363,
      0.29077354073524475,
      0.2567755877971649,
      0.4176444709300995,
      0.2783527672290802,
      0.4627417325973511,
      0.16185054183006287,
      0.28042757511138916,
      1.0,
      0.4451678693294525,
      0.4618273079395294,
      0.5060500502586365
    ],
    [
      0.23326599597930908,
      0.18530549108982086,
      0.24020633101463318,
      0.1789570301771164,
      0.2218228131532669,
      0.35057681798934937,
      0.24632905423641205,
      0.34089067578315735,
      0.26969659328460693,
      0.40168240666389465,
      0.18399938941001892,
      0.19757050275802612,
      0.4451678693294525,
      0.9999999403953552,
      0.5472371578216553,
      0.6937885880470276
    ],
    [
      0.23386844992637634,
      0.21107010543346405,
      0.24000592529773712,
      0.2891820967197418,
      0.3297140598297119,
      0.3349633514881134,
      0.28162556886672974,
      0.38296014070510864,
      0.20394128561019897,
      0.40047627687454224,
      0.29235199093818665,
      0.2370610386133194,
      0.4618273079395294,
      0.5472371578216553,
      1.0,
      0.5935689210891724
    ],
    [
      0.22683441638946533,
      0.2663632333278656,
      0.1600627601146698,
      0.2645714581012726,
      0.2362179011106491,
      0.2660941183567047,
      0.24250300228595734,
      0.3724845051765442,
      0.2835509777069092,
      0.5061548948287964,
      0.22281953692436218,
      0.2339114546775818,
      0.5060500502586365,
      0.6937885880470276,
      0.5935689210891724,
      1.0
    ]
  ]
}