{
  "game_number": 120,
  "words": [
    "BRICK",
    "CONCRETE",
    "METAL",
    "STONE",
    "FAVOR",
    "KINDNESS",
    "SERVICE",
    "SOLID",
    "ABRACADABRA",
    "CENTERFOLD",
    "MICKEY",
    "PHYSICAL",
    "ARTIFICIAL",
    "FAKE",
    "IMITATION",
    "MOCK"
  ],
  "adjacency_matrix": [
    [
      1.0000001192092896,
      0.6095572113990784,
      0.5010455250740051,
      0.7179248929023743,
      0.23114392161369324,
      0.2763408124446869,
      0.3271685540676117,
      0.50420743227005,
      0.30377212166786194,
      0.272172749042511,
      0.2804974615573883,
      0.42726385593414307,
      0.40811964869499207,
      0.39921051263809204,
      0.3858286440372467,
      0.3833615481853485
    ],
    [
      0.6095572113990784,
      1.0,
      0.5212092995643616,
      0.5897459387779236,
      0.2669735550880432,
      0.2191404551267624,
      0.339851975440979,
      0.6204596757888794,
      0.2875124514102936,
      0.2490076869726181,
      0.15890294313430786,
      0.5210450887680054,
      0.4993773400783539,
      0.3926407992839813,
      0.3377012610435486,
      0.3747343122959137
    ],
    [
      0.5010455250740051,
      0.5212092995643616,
      0.9999999403953552,
      0.558162271976471,
      0.24565932154655457,
      0.20325182378292084,
      0.36537444591522217,
      0.5086441040039062,
      0.28765663504600525,
      0.21441616117954254,
      0.322142630815506,
      0.47526246309280396,
      0.4653659462928772,
      0.4214492440223694,
      0.3533201515674591,
      0.3604552745819092
    ],
    [
      0.7179248929023743,
      0.5897459387779236,
      0.558162271976471,
      1.0,
      0.3141722083091736,
      0.2625483572483063,
      0.3315849304199219,
      0.4876667559146881,
      0.36949604749679565,
      0.2311304807662964,
      0.2877214252948761,
      0.3715864419937134,
      0.43756383657455444,
      0.3767794966697693,
      0.3549538552761078,
      0.38482704758644104
    ],
    [
      0.23114392161369324,
      0.2669735550880432,
      0.24565932154655457,
      0.3141722083091736,
      1.0,
      0.4223823845386505,
      0.3597045838832855,
      0.38177305459976196,
      0.32843977212905884,
      0.3231639862060547,
      0.18519027531147003,
      0.2493188977241516,
      0.31511950492858887,
      0.31101495027542114,
      0.3152216374874115,
      0.3834032118320465
    ],
    [
      0.2763408124446869,
      0.2191404551267624,
      0.20325182378292084,
      0.2625483572483063,
      0.4223823845386505,
      1.0,
      0.3876757025718689,
      0.2810201346874237,
      0.28546440601348877,
      0.13608217239379883,
      0.2816946506500244,
      0.36875149607658386,
      0.31251680850982666,
      0.25101226568222046,
      0.3641795516014099,
      0.309649258852005
    ],
    [
      0.3271685540676117,
      0.339851975440979,
      0.36537444591522217,
      0.3315849304199219,
      0.3597045838832855,
      0.3876757025718689,
      0.9999999403953552,
      0.3724822700023651,
      0.24428781867027283,
      0.25637173652648926,
      0.19702252745628357,
      0.45361030101776123,
      0.34503820538520813,
      0.3100726008415222,
      0.34889453649520874,
      0.3787890374660492
    ],
    [
      0.50420743227005,
      0.6204596757888794,
      0.5086441040039062,
      0.4876667559146881,
      0.38177305459976196,
      0.2810201346874237,
      0.3724822700023651,
      1.0,
      0.2536495625972748,
      0.29993516206741333,
      0.17420916259288788,
      0.4976375102996826,
      0.5046757459640503,
      0.4538002908229828,
      0.32874560356140137,
      0.3146084249019623
    ],
    [
      0.30377212166786194,
      0.2875124514102936,
      0.28765663504600525,
      0.36949604749679565,
      0.32843977212905884,
      0.28546440601348877,
      0.24428781867027283,
      0.2536495625972748,
      1.0,
      0.2595198452472687,
      0.24756373465061188,
      0.2667464315891266,
      0.3097701370716095,
      0.38290202617645264,
      0.32747557759284973,
      0.3992732763290405
    ],
    [
      0.272172749042511,
      0.2490076869726181,
      0.21441616117954254,
      0.2311304807662964,
      0.3231639862060547,
      0.13608217239379883,
      0.25637173652648926,
      0.29993516206741333,
      0.2595198452472687,
      1.0,
      0.20364639163017273,
      0.3198724389076233,
      0.24643291532993317,
      0.35176706314086914,
      0.2331961691379547,
      0.39234912395477295
    ],
    [
      0.2804974615573883,
      0.15890294313430786,
      0.322142630815506,
      0.2877214252948761,
      0.18519027531147003,
      0.2816946506500244,
      0.19702252745628357,
      0.17420916259288788,
      0.24756373465061188,
      0.20364639163017273,
      1.0,
      0.2336040586233139,
      0.292736679315567,
      0.38031116127967834,
      0.30556949973106384,
      0.34580734372138977
    ],
    [
      0.42726385593414307,
      0.5210450887680054,
      0.47526246309280396,
      0.3715864419937134,
      0.2493188977241516,
      0.36875149607658386,
      0.45361030101776123,
      0.4976375102996826,
      0.2667464315891266,
      0.3198724389076233,
      0.2336040586233139,
      0.9999999403953552,
      0.563936710357666,
      0.4522615671157837,
      0.3145063519477844,
      0.39354196190834045
    ],
    [
      0.40811964869499207,
      0.4993773400783539,
      0.4653659462928772,
      0.43756383657455444,
      0.31511950492858887,
      0.31251680850982666,
      0.34503820538520813,
      0.5046757459640503,
      0.3097701370716095,
      0.24643291532993317,
      0.292736679315567,
      0.563936710357666,
      1.0,
      0.5500490665435791,
      0.4770468771457672,
      0.44080695509910583
    ],
    [
      0.39921051263809204,
      0.3926407992839813,
      0.4214492440223694,
      0.3767794966697693,
      0.31101495027542114,
      0.25101226568222046,
      0.3100726008415222,
      0.4538002908229828,
      0.38290202617645264,
      0.35176706314086914,
      0.38031116127967834,
      0.4522615671157837,
      0.5500490665435791,
      1.0,
      0.46017175912857056,
      0.6145382523536682
    ],
    [
      0.3858286440372467,
      0.3377012610435486,
      0.3533201515674591,
      0.3549538552761078,
      0.3152216374874115,
      0.3641795516014099,
      0.34889453649520874,
      0.32874560356140137,
      0.32747557759284973,
      0.2331961691379547,
      0.30556949973106384,
      0.3145063519477844,
      0.4770468771457672,
      0.46017175912857056,
      1.0,
      0.4713612496852875
    ],
    [
      0.3833615481853485,
      0.3747343122959137,
      0.3604552745819092,
      0.38482704758644104,
      0.3834032118320465,
      0.309649258852005,
      0.3787890374660492,
      0.3146084249019623,
      0.3992732763290405,
      0.39234912395477295,
      0.34580734372138977,
      0.39354196190834045,
      0.44080695509910583,
      0.6145382523536682,
      0.4713612496852875,
      0.9999999403953552
    ]
  ]
}