{"game_number":261,"words":["BRASS","CHEEK","GALL","NERVE","COPPER","GOLD","NICKEL","SILVER","MERCURY","SKY","SPARKS","LIBERTY","CARS","ELEPHANTS","SWIMMERS","TREES"],"adjacency_matrix":[[1.0,0.361735075712204,0.36363527178764343,0.3730453848838806,0.5982696413993835,0.5160195231437683,0.5264737606048584,0.5709488391876221,0.41641417145729065,0.30708613991737366,0.3728291094303131,0.30709192156791687,0.3223617374897003,0.29598674178123474,0.24212175607681274,0.2751759886741638],[0.361735075712204,0.9999999403953552,0.486937552690506,0.4688730835914612,0.2853332757949829,0.26729249954223633,0.30557486414909363,0.2918652892112732,0.18025483191013336,0.26805606484413147,0.30320003628730774,0.33716118335723877,0.17760485410690308,0.20729239284992218,0.1311633586883545,0.2122604250907898],[0.36363527178764343,0.486937552690506,1.0000001192092896,0.4751482605934143,0.3078254163265228,0.21736223995685577,0.23468919098377228,0.25352203845977783,0.22169402241706848,0.19566312432289124,0.2503194212913513,0.2999681234359741,0.1674182116985321,0.19877833127975464,0.1055440753698349,0.28854653239250183],[0.3730453848838806,0.4688730835914612,0.4751482605934143,1.0,0.3844594657421112,0.28310221433639526,0.31783878803253174,0.28213781118392944,0.3213672637939453,0.15803281962871552,0.3606569468975067,0.365196168422699,0.3037019968032837,0.23119114339351654,0.23506265878677368,0.299742728471756],[0.5982696413993835,0.2853332757949829,0.3078254163265228,0.3844594657421112,1.0,0.6769309639930725,0.6367297172546387,0.6964263319969177,0.5794609189033508,0.3317969739437103,0.3590141832828522,0.2704727351665497,0.28963157534599304,0.34071019291877747,0.19779284298419952,0.31800347566604614],[0.5160195231437683,0.26729249954223633,0.21736223995685577,0.28310221433639526,0.6769309639930725,1.0,0.527113139629364,0.8747971057891846,0.4689348340034485,0.3860180377960205,0.3809148967266083,0.2616277039051056,0.32103660702705383,0.3213314414024353,0.24589893221855164,0.2925606369972229],[0.5264737606048584,0.30557486414909363,0.23468919098377228,0.31783878803253174,0.6367297172546387,0.527113139629364,1.0,0.5213663578033447,0.4465949535369873,0.2495315819978714,0.28540700674057007,0.2661508321762085,0.24785564839839935,0.1969299465417862,0.12308033555746078,0.17405028641223907],[0.5709488391876221,0.2918652892112732,0.25352203845977783,0.28213781118392944,0.6964263319969177,0.8747971057891846,0.5213663578033447,1.0,0.5044264197349548,0.358245849609375,0.34878212213516235,0.2591957151889801,0.35977715253829956,0.28957727551460266,0.2619648575782776,0.2765538692474365],[0.41641417145729065,0.18025483191013336,0.22169402241706848,0.3213672637939453,0.5794609189033508,0.4689348340034485,0.4465949535369873,0.5044264197349548,1.0,0.3674328923225403,0.3789837658405304,0.25731006264686584,0.27728334069252014,0.30003371834754944,0.23649625480175018,0.24502627551555634],[0.30708613991737366,0.26805606484413147,0.19566312432289124,0.15803281962871552,0.3317969739437103,0.3860180377960205,0.2495315819978714,0.358245849609375,0.3674328923225403,1.0,0.3405497074127197,0.23463074862957,0.27386611700057983,0.2453826516866684,0.18603846430778503,0.4062437117099762],[0.3728291094303131,0.30320003628730774,0.2503194212913513,0.3606569468975067,0.3590141832828522,0.3809148967266083,0.28540700674057007,0.34878212213516235,0.3789837658405304,0.3405497074127197,1.0,0.2744724750518799,0.43719786405563354,0.34533923864364624,0.25687962770462036,0.40415117144584656],[0.30709192156791687,0.33716118335723877,0.2999681234359741,0.365196168422699,0.2704727351665497,0.2616277039051056,0.2661508321762085,0.2591957151889801,0.25731006264686584,0.23463074862957,0.2744724750518799,1.0,0.2672378718852997,0.20684979856014252,0.18598511815071106,0.30071717500686646],[0.3223617374897003,0.17760485410690308,0.1674182116985321,0.3037019968032837,0.28963157534599304,0.32103660702705383,0.24785564839839935,0.35977715253829956,0.27728334069252014,0.27386611700057983,0.43719786405563354,0.2672378718852997,1.0,0.44244521856307983,0.3922198712825775,0.5179609060287476],[0.29598674178123474,0.20729239284992218,0.19877833127975464,0.23119114339351654,0.34071019291877747,0.3213314414024353,0.1969299465417862,0.28957727551460266,0.30003371834754944,0.2453826516866684,0.34533923864364624,0.20684979856014252,0.44244521856307983,1.0,0.35804247856140137,0.5149286389350891],[0.24212175607681274,0.1311633586883545,0.1055440753698349,0.23506265878677368,0.19779284298419952,0.24589893221855164,0.12308033555746078,0.2619648575782776,0.23649625480175018,0.18603846430778503,0.25687962770462036,0.18598511815071106,0.3922198712825775,0.35804247856140137,1.0,0.28414300084114075],[0.2751759886741638,0.2122604250907898,0.28854653239250183,0.299742728471756,0.31800347566604614,0.2925606369972229,0.17405028641223907,0.2765538692474365,0.24502627551555634,0.4062437117099762,0.40415117144584656,0.30071717500686646,0.5179609060287476,0.5149286389350891,0.28414300084114075,1.0]]}