{"game_number":86,"words":["BAR","CLUB","DISCO","LOUNGE","DITCH","DROP","LOSE","SHED","FATHOM","FOOT","LEAGUE","YARD","BAKE","CLEARANCE","GARAGE","SAMPLE"],"adjacency_matrix":[[1.0,0.43470126390457153,0.3449449837207794,0.5167738795280457,0.3420713543891907,0.3764086067676544,0.22065752744674683,0.25018012523651123,0.19958628714084625,0.3402869403362274,0.3478872776031494,0.2695515751838684,0.28989216685295105,0.3154084384441376,0.3611810505390167,0.3519495725631714],[0.43470126390457153,1.0,0.40054571628570557,0.4975723326206207,0.32354187965393066,0.33016130328178406,0.27912449836730957,0.27838072180747986,0.16121968626976013,0.34914886951446533,0.6801653504371643,0.36562126874923706,0.26465487480163574,0.32382506132125854,0.4854006767272949,0.2899949252605438],[0.3449449837207794,0.40054571628570557,1.0,0.47028177976608276,0.26701709628105164,0.3448830246925354,0.20727884769439697,0.2016887664794922,0.06504761427640915,0.198097825050354,0.22351577877998352,0.20618171989917755,0.2832202613353729,0.19712036848068237,0.42146480083465576,0.3010357618331909],[0.5167738795280457,0.4975723326206207,0.47028177976608276,1.0,0.3109998404979706,0.3315424621105194,0.22334516048431396,0.3149815499782562,0.06550036370754242,0.27920326590538025,0.33373111486434937,0.34015530347824097,0.24306197464466095,0.27721458673477173,0.47983601689338684,0.3151198625564575],[0.3420713543891907,0.32354187965393066,0.26701709628105164,0.3109998404979706,1.0,0.521731436252594,0.3956172466278076,0.4167327880859375,0.28468459844589233,0.41079244017601013,0.335445761680603,0.3937712013721466,0.2589315176010132,0.33199936151504517,0.4314816892147064,0.3441838324069977],[0.3764086067676544,0.33016130328178406,0.3448830246925354,0.3315424621105194,0.521731436252594,1.0,0.5730702877044678,0.47851821780204773,0.24394458532333374,0.41987529397010803,0.3444649875164032,0.2557957172393799,0.3905561566352844,0.3938695192337036,0.31051141023635864,0.44903478026390076],[0.22065752744674683,0.27912449836730957,0.20727884769439697,0.22334516048431396,0.3956172466278076,0.5730702877044678,1.0,0.47843876481056213,0.24373549222946167,0.2792230248451233,0.2941608130931854,0.20047080516815186,0.3528471887111664,0.3265063166618347,0.2154725193977356,0.27210915088653564],[0.25018012523651123,0.27838072180747986,0.2016887664794922,0.3149815499782562,0.4167327880859375,0.47851821780204773,0.47843876481056213,1.0,0.23036067187786102,0.34175825119018555,0.17572368681430817,0.41104868054389954,0.35618048906326294,0.28488194942474365,0.42642664909362793,0.34468382596969604],[0.19958628714084625,0.16121968626976013,0.06504761427640915,0.06550036370754242,0.28468459844589233,0.24394458532333374,0.24373549222946167,0.23036067187786102,1.0,0.3030633330345154,0.21612007915973663,0.16551068425178528,0.16713830828666687,0.21634626388549805,0.09280907362699509,0.2229018360376358],[0.3402869403362274,0.34914886951446533,0.198097825050354,0.27920326590538025,0.41079244017601013,0.41987529397010803,0.2792230248451233,0.34175825119018555,0.3030633330345154,1.0,0.3399152457714081,0.4776275157928467,0.2650262713432312,0.43379855155944824,0.3948850631713867,0.3243453800678253],[0.3478872776031494,0.6801653504371643,0.22351577877998352,0.33373111486434937,0.335445761680603,0.3444649875164032,0.2941608130931854,0.17572368681430817,0.21612007915973663,0.3399152457714081,1.0,0.3201107382774353,0.24474798142910004,0.31747519969940186,0.3552268147468567,0.2822538912296295],[0.2695515751838684,0.36562126874923706,0.20618171989917755,0.34015530347824097,0.3937712013721466,0.2557957172393799,0.20047080516815186,0.41104868054389954,0.16551068425178528,0.4776275157928467,0.3201107382774353,1.0,0.27766087651252747,0.36908605694770813,0.5216929316520691,0.25656813383102417],[0.28989216685295105,0.26465487480163574,0.2832202613353729,0.24306197464466095,0.2589315176010132,0.3905561566352844,0.3528471887111664,0.35618048906326294,0.16713830828666687,0.2650262713432312,0.24474798142910004,0.27766087651252747,1.0,0.24895761907100677,0.373800128698349,0.31605637073516846],[0.3154084384441376,0.32382506132125854,0.19712036848068237,0.27721458673477173,0.33199936151504517,0.3938695192337036,0.3265063166618347,0.28488194942474365,0.21634626388549805,0.43379855155944824,0.31747519969940186,0.36908605694770813,0.24895761907100677,0.9999999403953552,0.31588542461395264,0.33772504329681396],[0.3611810505390167,0.4854006767272949,0.42146480083465576,0.47983601689338684,0.4314816892147064,0.31051141023635864,0.2154725193977356,0.42642664909362793,0.09280907362699509,0.3948850631713867,0.3552268147468567,0.5216929316520691,0.373800128698349,0.31588542461395264,0.9999999403953552,0.31209293007850647],[0.3519495725631714,0.2899949252605438,0.3010357618331909,0.3151198625564575,0.3441838324069977,0.44903478026390076,0.27210915088653564,0.34468382596969604,0.2229018360376358,0.3243453800678253,0.2822538912296295,0.25656813383102417,0.31605637073516846,0.33772504329681396,0.31209293007850647,1.0]]}