{"game_number":239,"words":["PASTY","PIE","TART","TURNOVER","BOUQUET","PARFAIT","RAGOUT","RAPPORT","JAPAN","POLAND","TUNISIA","TURKEY","BIRD","CURRY","JAMES","JORDAN"],"adjacency_matrix":[[0.9999999403953552,0.47555217146873474,0.4862707555294037,0.33765432238578796,0.21064260601997375,0.40765076875686646,0.5311901569366455,0.2331041395664215,0.17786365747451782,0.30631065368652344,0.20680151879787445,0.4127712845802307,0.3306562304496765,0.466389000415802,0.2960229814052582,0.20307520031929016],[0.47555217146873474,1.0,0.5054038166999817,0.26799339056015015,0.3601206839084625,0.45535582304000854,0.44816818833351135,0.1778823286294937,0.17329871654510498,0.32048699259757996,0.24382063746452332,0.4046582281589508,0.3448673486709595,0.4313567280769348,0.31131649017333984,0.19913603365421295],[0.4862707555294037,0.5054038166999817,1.0,0.2297973781824112,0.4444769024848938,0.4635045528411865,0.48208677768707275,0.2880420386791229,0.10357457399368286,0.2219269573688507,0.2005300670862198,0.2991276681423187,0.23932230472564697,0.47257593274116516,0.31015604734420776,0.15439645946025848],[0.33765432238578796,0.26799339056015015,0.2297973781824112,1.0,0.24009402096271515,0.17696015536785126,0.23849307000637054,0.35848549008369446,0.12119989842176437,0.23251335322856903,0.16814178228378296,0.25741052627563477,0.2626899778842926,0.2813311517238617,0.15261584520339966,0.05792608857154846],[0.21064260601997375,0.3601206839084625,0.4444769024848938,0.24009402096271515,1.0,0.4535678029060364,0.36551597714424133,0.22054022550582886,0.09662792831659317,0.17261987924575806,0.24347321689128876,0.3068659007549286,0.32273513078689575,0.34508147835731506,0.20872724056243896,0.10988956689834595],[0.40765076875686646,0.45535582304000854,0.4635045528411865,0.17696015536785126,0.4535678029060364,1.0,0.5167062282562256,0.3011951148509979,0.15402880311012268,0.22975826263427734,0.24918867647647858,0.318448930978775,0.2910288870334625,0.33469974994659424,0.3049395978450775,0.2210795134305954],[0.5311901569366455,0.44816818833351135,0.48208677768707275,0.23849307000637054,0.36551597714424133,0.5167062282562256,1.0,0.2526158094406128,0.2545875608921051,0.2915372848510742,0.3307448625564575,0.43807557225227356,0.4167816638946533,0.5366665720939636,0.3609144389629364,0.23311297595500946],[0.2331041395664215,0.1778823286294937,0.2880420386791229,0.35848549008369446,0.22054022550582886,0.3011951148509979,0.2526158094406128,1.0,0.14375630021095276,0.22153803706169128,0.15506358444690704,0.20908710360527039,0.2088034301996231,0.30197635293006897,0.2772656977176666,0.1815403252840042],[0.17786365747451782,0.17329871654510498,0.10357457399368286,0.12119989842176437,0.09662792831659317,0.15402880311012268,0.2545875608921051,0.14375630021095276,1.0,0.5363528728485107,0.4101184606552124,0.2278451770544052,0.1633531004190445,0.27816519141197205,0.3750702440738678,0.43793556094169617],[0.30631065368652344,0.32048699259757996,0.2219269573688507,0.23251335322856903,0.17261987924575806,0.22975826263427734,0.2915372848510742,0.22153803706169128,0.5363528728485107,1.0000001192092896,0.5298224091529846,0.45065948367118835,0.27812501788139343,0.2863418757915497,0.4530606269836426,0.489307701587677],[0.20680151879787445,0.24382063746452332,0.2005300670862198,0.16814178228378296,0.24347321689128876,0.24918867647647858,0.3307448625564575,0.15506358444690704,0.4101184606552124,0.5298224091529846,1.0000001192092896,0.4060360789299011,0.287561297416687,0.21186716854572296,0.3456788659095764,0.4147394895553589],[0.4127712845802307,0.4046582281589508,0.2991276681423187,0.25741052627563477,0.3068659007549286,0.318448930978775,0.43807557225227356,0.20908710360527039,0.2278451770544052,0.45065948367118835,0.4060360789299011,1.0,0.5866565704345703,0.39967286586761475,0.336782842874527,0.3404117822647095],[0.3306562304496765,0.3448673486709595,0.23932230472564697,0.2626899778842926,0.32273513078689575,0.2910288870334625,0.4167816638946533,0.2088034301996231,0.1633531004190445,0.27812501788139343,0.287561297416687,0.5866565704345703,1.0,0.3237810730934143,0.22659878432750702,0.20391568541526794],[0.466389000415802,0.4313567280769348,0.47257593274116516,0.2813311517238617,0.34508147835731506,0.33469974994659424,0.5366665720939636,0.30197635293006897,0.27816519141197205,0.2863418757915497,0.21186716854572296,0.39967286586761475,0.3237810730934143,1.0,0.35608258843421936,0.2216321974992752],[0.2960229814052582,0.31131649017333984,0.31015604734420776,0.15261584520339966,0.20872724056243896,0.3049395978450775,0.3609144389629364,0.2772656977176666,0.3750702440738678,0.4530606269836426,0.3456788659095764,0.336782842874527,0.22659878432750702,0.35608258843421936,1.0,0.6286226511001587],[0.20307520031929016,0.19913603365421295,0.15439645946025848,0.05792608857154846,0.10988956689834595,0.2210795134305954,0.23311297595500946,0.1815403252840042,0.43793556094169617,0.489307701587677,0.4147394895553589,0.3404117822647095,0.20391568541526794,0.2216321974992752,0.6286226511001587,1.0]]}