{"game_number":241,"words":["CANINE","FANG","MOLAR","TUSK","CHIC","HIP","HOT","IN","FLOSS","ROBOT","VOGUE","WORM","LEECH","STRAW","VACUUM","VAMPIRE"],"adjacency_matrix":[[1.0,0.4176645874977112,0.4887591600418091,0.2888987064361572,0.33533936738967896,0.3598155975341797,0.3459049463272095,0.26835766434669495,0.30786964297294617,0.4834420084953308,0.1918567419052124,0.36633536219596863,0.3334231674671173,0.25528714060783386,0.32516083121299744,0.3954501152038574],[0.4176645874977112,1.0,0.3869675397872925,0.44291257858276367,0.2541835904121399,0.3154248595237732,0.31446850299835205,0.1753295361995697,0.3785252571105957,0.3586777150630951,0.16182444989681244,0.40923595428466797,0.5155482292175293,0.30149659514427185,0.26539313793182373,0.5004847049713135],[0.4887591600418091,0.3869675397872925,1.0,0.46198585629463196,0.21540141105651855,0.3392561078071594,0.3416554033756256,0.2465711236000061,0.3617345094680786,0.30311620235443115,0.11113039404153824,0.21908335387706757,0.2822020649909973,0.27229583263397217,0.37308087944984436,0.3138505518436432],[0.2888987064361572,0.44291257858276367,0.46198585629463196,1.0,0.08815352618694305,0.24680356681346893,0.12230805307626724,0.1273546814918518,0.3099672496318817,0.255329430103302,0.04258415102958679,0.2820332944393158,0.34460073709487915,0.26232507824897766,0.16082124412059784,0.25147745013237],[0.33533936738967896,0.2541835904121399,0.21540141105651855,0.08815352618694305,1.0,0.567814826965332,0.4594378173351288,0.24347835779190063,0.27485236525535583,0.29073336720466614,0.515142560005188,0.24253790080547333,0.2430991530418396,0.2231399416923523,0.2622489631175995,0.3673868179321289],[0.3598155975341797,0.3154248595237732,0.3392561078071594,0.24680356681346893,0.567814826965332,1.0,0.44001305103302,0.2562350630760193,0.2733283042907715,0.3302431106567383,0.4159832000732422,0.21294043958187103,0.31317442655563354,0.2761326730251312,0.22928334772586823,0.3289240002632141],[0.3459049463272095,0.31446850299835205,0.3416554033756256,0.12230805307626724,0.4594378173351288,0.44001305103302,1.0,0.38155871629714966,0.29700759053230286,0.270391583442688,0.4238172471523285,0.3027731478214264,0.29950782656669617,0.38560426235198975,0.39840152859687805,0.36076924204826355],[0.26835766434669495,0.1753295361995697,0.2465711236000061,0.1273546814918518,0.24347835779190063,0.2562350630760193,0.38155871629714966,1.0,0.2514904737472534,0.23020988702774048,0.39777401089668274,0.23505893349647522,0.15864165127277374,0.25396251678466797,0.3346949815750122,0.21313263475894928],[0.30786964297294617,0.3785252571105957,0.3617345094680786,0.3099672496318817,0.27485236525535583,0.2733283042907715,0.29700759053230286,0.2514904737472534,1.0,0.2692684233188629,0.2666705846786499,0.3451498746871948,0.3839574158191681,0.36319252848625183,0.3643683195114136,0.2282525897026062],[0.4834420084953308,0.3586777150630951,0.30311620235443115,0.255329430103302,0.29073336720466614,0.3302431106567383,0.270391583442688,0.23020988702774048,0.2692684233188629,1.0,0.13219279050827026,0.4358246922492981,0.2973991632461548,0.27209970355033875,0.31681203842163086,0.3582685589790344],[0.1918567419052124,0.16182444989681244,0.11113039404153824,0.04258415102958679,0.515142560005188,0.4159832000732422,0.4238172471523285,0.39777401089668274,0.2666705846786499,0.13219279050827026,1.0,0.15685902535915375,0.17719779908657074,0.22863337397575378,0.27928081154823303,0.26117411255836487],[0.36633536219596863,0.40923595428466797,0.21908335387706757,0.2820332944393158,0.24253790080547333,0.21294043958187103,0.3027731478214264,0.23505893349647522,0.3451498746871948,0.4358246922492981,0.15685902535915375,0.9999999403953552,0.5175148248672485,0.3737615942955017,0.29253727197647095,0.3828869163990021],[0.3334231674671173,0.5155482292175293,0.2822020649909973,0.34460073709487915,0.2430991530418396,0.31317442655563354,0.29950782656669617,0.15864165127277374,0.3839574158191681,0.2973991632461548,0.17719779908657074,0.5175148248672485,1.0,0.368795782327652,0.2630946934223175,0.48032957315444946],[0.25528714060783386,0.30149659514427185,0.27229583263397217,0.26232507824897766,0.2231399416923523,0.2761326730251312,0.38560426235198975,0.25396251678466797,0.36319252848625183,0.27209970355033875,0.22863337397575378,0.3737615942955017,0.368795782327652,1.0000001192092896,0.3435560166835785,0.254336416721344],[0.32516083121299744,0.26539313793182373,0.37308087944984436,0.16082124412059784,0.2622489631175995,0.22928334772586823,0.39840152859687805,0.3346949815750122,0.3643683195114136,0.31681203842163086,0.27928081154823303,0.29253727197647095,0.2630946934223175,0.3435560166835785,1.0,0.2603667378425598],[0.3954501152038574,0.5004847049713135,0.3138505518436432,0.25147745013237,0.3673868179321289,0.3289240002632141,0.36076924204826355,0.21313263475894928,0.2282525897026062,0.3582685589790344,0.26117411255836487,0.3828869163990021,0.48032957315444946,0.254336416721344,0.2603667378425598,1.0]]}