{"game_number":20,"words":["POINT","PRONG","TINE","TIP","FAIR","FINE","GOOD","MINT","BUSINESS","FIELD","LINE","TRADE","BRAZIL","BUTTER","DOUGH","PINE"],"adjacency_matrix":[[1.0000001192092896,0.39007139205932617,0.4293787181377411,0.4997332692146301,0.4212883412837982,0.47944098711013794,0.49695584177970886,0.23035719990730286,0.38221701979637146,0.4547556936740875,0.5855306386947632,0.3570939004421234,0.2416648119688034,0.2186499834060669,0.2880234718322754,0.24023285508155823],[0.39007139205932617,1.0,0.4721676707267761,0.36374807357788086,0.3572377562522888,0.3478129804134369,0.36596083641052246,0.19658245146274567,0.2170225828886032,0.2522931694984436,0.39634132385253906,0.22398023307323456,0.11353903263807297,0.22230026125907898,0.28865182399749756,0.19639870524406433],[0.4293787181377411,0.4721676707267761,1.0,0.4759639799594879,0.4020904302597046,0.49292808771133423,0.43521997332572937,0.395038366317749,0.2908322811126709,0.3844815790653229,0.4095381796360016,0.31535011529922485,0.3065973222255707,0.35388293862342834,0.4481407701969147,0.36190322041511536],[0.4997332692146301,0.36374807357788086,0.4759639799594879,0.9999999403953552,0.36103400588035583,0.4586797058582306,0.3759837746620178,0.31306886672973633,0.304228276014328,0.3018948435783386,0.43256956338882446,0.3424917161464691,0.23476728796958923,0.3026212453842163,0.3441507816314697,0.3085905611515045],[0.4212883412837982,0.3572377562522888,0.4020904302597046,0.36103400588035583,1.0,0.5595846772193909,0.673826277256012,0.2942753732204437,0.4094124138355255,0.3494845926761627,0.36970970034599304,0.4576144218444824,0.2524377107620239,0.31161901354789734,0.33829644322395325,0.22657309472560883],[0.47944098711013794,0.3478129804134369,0.49292808771133423,0.4586797058582306,0.5595846772193909,1.0,0.6694576144218445,0.40600553154945374,0.46213531494140625,0.429258793592453,0.49419036507606506,0.3948250114917755,0.24662208557128906,0.29135119915008545,0.3951044976711273,0.33599984645843506],[0.49695584177970886,0.36596083641052246,0.43521997332572937,0.3759837746620178,0.673826277256012,0.6694576144218445,1.0,0.33194470405578613,0.5355125069618225,0.4044839143753052,0.42436283826828003,0.44137266278266907,0.2787342369556427,0.32712507247924805,0.41025716066360474,0.27710163593292236],[0.23035719990730286,0.19658245146274567,0.395038366317749,0.31306886672973633,0.2942753732204437,0.40600553154945374,0.33194470405578613,1.0,0.3680952787399292,0.34035181999206543,0.34847769141197205,0.40894073247909546,0.33661288022994995,0.3848947584629059,0.3363656997680664,0.3774472773075104],[0.38221701979637146,0.2170225828886032,0.2908322811126709,0.304228276014328,0.4094124138355255,0.46213531494140625,0.5355125069618225,0.3680952787399292,1.0,0.5560498237609863,0.49391934275627136,0.6616775393486023,0.26812106370925903,0.29687970876693726,0.3502175211906433,0.30043619871139526],[0.4547556936740875,0.2522931694984436,0.3844815790653229,0.3018948435783386,0.3494845926761627,0.429258793592453,0.4044839143753052,0.34035181999206543,0.5560498237609863,0.9999999403953552,0.5537582635879517,0.4438115656375885,0.32782548666000366,0.21957094967365265,0.259359210729599,0.3456430733203888],[0.5855306386947632,0.39634132385253906,0.4095381796360016,0.43256956338882446,0.36970970034599304,0.49419036507606506,0.42436283826828003,0.34847769141197205,0.49391934275627136,0.5537582635879517,1.0,0.410597562789917,0.23218077421188354,0.3250825107097626,0.3261249363422394,0.36052682995796204],[0.3570939004421234,0.22398023307323456,0.31535011529922485,0.3424917161464691,0.4576144218444824,0.3948250114917755,0.44137266278266907,0.40894073247909546,0.6616775393486023,0.4438115656375885,0.410597562789917,1.0,0.33780577778816223,0.36485525965690613,0.24796977639198303,0.3239072263240814],[0.2416648119688034,0.11353903263807297,0.3065973222255707,0.23476728796958923,0.2524377107620239,0.24662208557128906,0.2787342369556427,0.33661288022994995,0.26812106370925903,0.32782548666000366,0.23218077421188354,0.33780577778816223,1.0,0.2802909314632416,0.24566203355789185,0.3971810042858124],[0.2186499834060669,0.22230026125907898,0.35388293862342834,0.3026212453842163,0.31161901354789734,0.29135119915008545,0.32712507247924805,0.3848947584629059,0.29687970876693726,0.21957094967365265,0.3250825107097626,0.36485525965690613,0.2802909314632416,1.0,0.590248167514801,0.3755607306957245],[0.2880234718322754,0.28865182399749756,0.4481407701969147,0.3441507816314697,0.33829644322395325,0.3951044976711273,0.41025716066360474,0.3363656997680664,0.3502175211906433,0.259359210729599,0.3261249363422394,0.24796977639198303,0.24566203355789185,0.590248167514801,0.9999999403953552,0.3040774464607239],[0.24023285508155823,0.19639870524406433,0.36190322041511536,0.3085905611515045,0.22657309472560883,0.33599984645843506,0.27710163593292236,0.3774472773075104,0.30043619871139526,0.3456430733203888,0.36052682995796204,0.3239072263240814,0.3971810042858124,0.3755607306957245,0.3040774464607239,1.0]]}