{"game_number":272,"words":["FRIDAY","SATURDAY","SUNDAY","THURSDAY","ROT","SOUR","SPOIL","TURN","FESTER","LURCH","THING","WEDNESDAY","CAT","CHANCE","LIP","TUESDAY"],"adjacency_matrix":[[1.0,0.7560434937477112,0.7531489729881287,0.750768780708313,0.22002562880516052,0.2542048394680023,0.3087654709815979,0.3327449560165405,0.2553098797798157,0.17533563077449799,0.3584805727005005,0.8254715204238892,0.3008743226528168,0.31665298342704773,0.1765613704919815,0.7773372530937195],[0.7560434937477112,0.9999999403953552,0.804314136505127,0.7897313237190247,0.20659740269184113,0.20924362540245056,0.2744082510471344,0.3633553087711334,0.15071551501750946,0.19766166806221008,0.36692729592323303,0.8222742676734924,0.197673037648201,0.3330947756767273,0.13257446885108948,0.7624174952507019],[0.7531489729881287,0.804314136505127,0.9999999403953552,0.7679784297943115,0.21615946292877197,0.2175862193107605,0.3107835352420807,0.2818557620048523,0.18345727026462555,0.15206651389598846,0.3718804717063904,0.8023024201393127,0.2448376715183258,0.2896605432033539,0.14835189282894135,0.7545608282089233],[0.750768780708313,0.7897313237190247,0.7679784297943115,0.9999999403953552,0.14172063767910004,0.20650240778923035,0.18404541909694672,0.2695091664791107,0.12843389809131622,0.16912928223609924,0.3063896894454956,0.8623095154762268,0.16232354938983917,0.2923479676246643,0.11755425482988358,0.8319434523582458],[0.22002562880516052,0.20659740269184113,0.21615946292877197,0.14172063767910004,1.0,0.44827544689178467,0.4422058165073395,0.3977913558483124,0.5569788217544556,0.426382452249527,0.35182029008865356,0.21613237261772156,0.2444336712360382,0.31167757511138916,0.2985420823097229,0.19675035774707794],[0.2542048394680023,0.20924362540245056,0.2175862193107605,0.20650240778923035,0.44827544689178467,1.0,0.4707346260547638,0.4687277376651764,0.43573516607284546,0.423801451921463,0.34902068972587585,0.23048697412014008,0.237695574760437,0.27959105372428894,0.34605762362480164,0.1947024166584015],[0.3087654709815979,0.2744082510471344,0.3107835352420807,0.18404541909694672,0.4422058165073395,0.4707346260547638,1.0,0.46106186509132385,0.36980268359184265,0.3087461292743683,0.4212990403175354,0.23176974058151245,0.2306026816368103,0.41706061363220215,0.30286169052124023,0.21337608993053436],[0.3327449560165405,0.3633553087711334,0.2818557620048523,0.2695091664791107,0.3977913558483124,0.4687277376651764,0.46106186509132385,1.0,0.3563176095485687,0.5226427912712097,0.5122990608215332,0.3077491223812103,0.27759116888046265,0.5229158997535706,0.31480497121810913,0.24603977799415588],[0.2553098797798157,0.15071551501750946,0.18345727026462555,0.12843389809131622,0.5569788217544556,0.43573516607284546,0.36980268359184265,0.3563176095485687,1.0,0.361947238445282,0.2203134000301361,0.1867702603340149,0.17189647257328033,0.23336738348007202,0.18058991432189941,0.1702064424753189],[0.17533563077449799,0.19766166806221008,0.15206651389598846,0.16912928223609924,0.426382452249527,0.423801451921463,0.3087461292743683,0.5226427912712097,0.361947238445282,0.9999999403953552,0.3926646411418915,0.17303363978862762,0.236922025680542,0.34800711274147034,0.26082292199134827,0.09841619431972504],[0.3584805727005005,0.36692729592323303,0.3718804717063904,0.3063896894454956,0.35182029008865356,0.34902068972587585,0.4212990403175354,0.5122990608215332,0.2203134000301361,0.3926646411418915,1.0,0.3367071747779846,0.35294827818870544,0.5200455188751221,0.281130313873291,0.32457563281059265],[0.8254715204238892,0.8222742676734924,0.8023024201393127,0.8623095154762268,0.21613237261772156,0.23048697412014008,0.23176974058151245,0.3077491223812103,0.1867702603340149,0.17303363978862762,0.3367071747779846,1.0,0.23070304095745087,0.28449809551239014,0.15125712752342224,0.8678370118141174],[0.3008743226528168,0.197673037648201,0.2448376715183258,0.16232354938983917,0.2444336712360382,0.237695574760437,0.2306026816368103,0.27759116888046265,0.17189647257328033,0.236922025680542,0.35294827818870544,0.23070304095745087,1.0,0.25533729791641235,0.28959494829177856,0.22884230315685272],[0.31665298342704773,0.3330947756767273,0.2896605432033539,0.2923479676246643,0.31167757511138916,0.27959105372428894,0.41706061363220215,0.5229158997535706,0.23336738348007202,0.34800711274147034,0.5200455188751221,0.28449809551239014,0.25533729791641235,0.9999999403953552,0.29653477668762207,0.24583204090595245],[0.1765613704919815,0.13257446885108948,0.14835189282894135,0.11755425482988358,0.2985420823097229,0.34605762362480164,0.30286169052124023,0.31480497121810913,0.18058991432189941,0.26082292199134827,0.281130313873291,0.15125712752342224,0.28959494829177856,0.29653477668762207,1.0,0.10027186572551727],[0.7773372530937195,0.7624174952507019,0.7545608282089233,0.8319434523582458,0.19675035774707794,0.1947024166584015,0.21337608993053436,0.24603977799415588,0.1702064424753189,0.09841619431972504,0.32457563281059265,0.8678370118141174,0.22884230315685272,0.24583204090595245,0.10027186572551727,1.0000001192092896]]}