{"game_number":4,"words":["HYPE","MARKET","PITCH","SELL","CAST","CHUCK","FLING","HURL","FICTION","HUMOR","ROMANCE","TRAVEL","ANKLE","CREW","SWEAT","TUBE"],"adjacency_matrix":[[1.0,0.42852362990379333,0.36108478903770447,0.3541680872440338,0.23678472638130188,0.31587690114974976,0.31905320286750793,0.2713863253593445,0.403747022151947,0.33216115832328796,0.42381131649017334,0.2851010262966156,0.1988392025232315,0.1612972915172577,0.3842296898365021,0.25178539752960205],[0.42852362990379333,1.0,0.43871715664863586,0.5594660043716431,0.33232831954956055,0.3078920543193817,0.3053869307041168,0.2006465643644333,0.3539714813232422,0.29502618312835693,0.37274622917175293,0.4277937412261963,0.25744059681892395,0.31253141164779663,0.3482498228549957,0.414533406496048],[0.36108478903770447,0.43871715664863586,1.0,0.44121214747428894,0.4004037082195282,0.4468904137611389,0.4320741891860962,0.4003683626651764,0.25727441906929016,0.3318186402320862,0.3389449417591095,0.4314365088939667,0.29794424772262573,0.3571130335330963,0.38054358959198,0.3996654450893402],[0.3541680872440338,0.5594660043716431,0.44121214747428894,1.0,0.3236613869667053,0.47821012139320374,0.37874066829681396,0.36567842960357666,0.312619686126709,0.2643504738807678,0.2693839371204376,0.42241665720939636,0.17925819754600525,0.23345749080181122,0.39674338698387146,0.28584229946136475],[0.23678472638130188,0.33232831954956055,0.4004037082195282,0.3236613869667053,1.0,0.4021086096763611,0.44003698229789734,0.2899790406227112,0.30371472239494324,0.30539971590042114,0.3349214196205139,0.32478708028793335,0.2742748558521271,0.5453374981880188,0.2920752763748169,0.3145982325077057],[0.31587690114974976,0.3078920543193817,0.4468904137611389,0.47821012139320374,0.4021086096763611,1.0,0.5654707551002502,0.5484248995780945,0.23691602051258087,0.3302164673805237,0.24265463650226593,0.3314802348613739,0.25839221477508545,0.31615686416625977,0.3998466432094574,0.36246559023857117],[0.31905320286750793,0.3053869307041168,0.4320741891860962,0.37874066829681396,0.44003698229789734,0.5654707551002502,1.0,0.6421778202056885,0.2745165526866913,0.3081321716308594,0.47266364097595215,0.3998880684375763,0.2720431387424469,0.26217156648635864,0.3710367977619171,0.26772281527519226],[0.2713863253593445,0.2006465643644333,0.4003683626651764,0.36567842960357666,0.2899790406227112,0.5484248995780945,0.6421778202056885,1.0,0.17341125011444092,0.2609882950782776,0.18193581700325012,0.306053102016449,0.16881588101387024,0.20497559010982513,0.3263600766658783,0.22987186908721924],[0.403747022151947,0.3539714813232422,0.25727441906929016,0.312619686126709,0.30371472239494324,0.23691602051258087,0.2745165526866913,0.17341125011444092,1.0,0.4983672499656677,0.5871302485466003,0.39616087079048157,0.17346112430095673,0.25503385066986084,0.22668689489364624,0.23796285688877106],[0.33216115832328796,0.29502618312835693,0.3318186402320862,0.2643504738807678,0.30539971590042114,0.3302164673805237,0.3081321716308594,0.2609882950782776,0.4983672499656677,1.0,0.5272185802459717,0.32593345642089844,0.22463199496269226,0.28769126534461975,0.383139044046402,0.23564088344573975],[0.42381131649017334,0.37274622917175293,0.3389449417591095,0.2693839371204376,0.3349214196205139,0.24265463650226593,0.47266364097595215,0.18193581700325012,0.5871302485466003,0.5272185802459717,1.0,0.4045645594596863,0.24823538959026337,0.2096729725599289,0.33198806643486023,0.21211744844913483],[0.2851010262966156,0.4277937412261963,0.4314365088939667,0.42241665720939636,0.32478708028793335,0.3314802348613739,0.3998880684375763,0.306053102016449,0.39616087079048157,0.32593345642089844,0.4045645594596863,0.9999999403953552,0.2580026388168335,0.3882747292518616,0.3167700171470642,0.36348995566368103],[0.1988392025232315,0.25744059681892395,0.29794424772262573,0.17925819754600525,0.2742748558521271,0.25839221477508545,0.2720431387424469,0.16881588101387024,0.17346112430095673,0.22463199496269226,0.24823538959026337,0.2580026388168335,0.9999999403953552,0.19819214940071106,0.32659652829170227,0.2871464192867279],[0.1612972915172577,0.31253141164779663,0.3571130335330963,0.23345749080181122,0.5453374981880188,0.31615686416625977,0.26217156648635864,0.20497559010982513,0.25503385066986084,0.28769126534461975,0.2096729725599289,0.3882747292518616,0.19819214940071106,1.0,0.2650611698627472,0.28881746530532837],[0.3842296898365021,0.3482498228549957,0.38054358959198,0.39674338698387146,0.2920752763748169,0.3998466432094574,0.3710367977619171,0.3263600766658783,0.22668689489364624,0.383139044046402,0.33198806643486023,0.3167700171470642,0.32659652829170227,0.2650611698627472,1.0,0.264911949634552],[0.25178539752960205,0.414533406496048,0.3996654450893402,0.28584229946136475,0.3145982325077057,0.36246559023857117,0.26772281527519226,0.22987186908721924,0.23796285688877106,0.23564088344573975,0.21211744844913483,0.36348995566368103,0.2871464192867279,0.28881746530532837,0.264911949634552,1.0]]}