{
  "game_number": 95,
  "words": [
    "FAT",
    "IRON",
    "PROTEIN",
    "SODIUM",
    "BOMBSHELL",
    "CURVEBALL",
    "TWIST",
    "WRENCH",
    "CELL",
    "COLUMN",
    "ROW",
    "SHEET",
    "CORKSCREW",
    "DNA",
    "FUSILLI",
    "SPRING"
  ],
  "adjacency_matrix": [
    [
      1.0,
      0.4149438440799713,
      0.5276605486869812,
      0.46116799116134644,
      0.4369175434112549,
      0.29257890582084656,
      0.29935869574546814,
      0.2626393735408783,
      0.34639641642570496,
      0.2665283679962158,
      0.2768276631832123,
      0.3377562463283539,
      0.2740289866924286,
      0.1745532751083374,
      0.32829520106315613,
      0.24204124510288239
    ],
    [
      0.4149438440799713,
      1.0000001192092896,
      0.46020373702049255,
      0.4812038838863373,
      0.2596031129360199,
      0.31729552149772644,
      0.30474013090133667,
      0.42975354194641113,
      0.37201929092407227,
      0.31864047050476074,
      0.3023732304573059,
      0.36641979217529297,
      0.3485965430736542,
      0.22075259685516357,
      0.30556920170783997,
      0.2909160554409027
    ],
    [
      0.5276605486869812,
      0.46020373702049255,
      1.0,
      0.47748079895973206,
      0.26487696170806885,
      0.28792625665664673,
      0.26727017760276794,
      0.21402862668037415,
      0.480522096157074,
      0.29681146144866943,
      0.27774450182914734,
      0.37818193435668945,
      0.3037516474723816,
      0.34347981214523315,
      0.2489299476146698,
      0.21826036274433136
    ],
    [
      0.46116799116134644,
      0.4812038838863373,
      0.47748079895973206,
      1.0,
      0.20690219104290009,
      0.1703396886587143,
      0.1936795711517334,
      0.19259171187877655,
      0.290540486574173,
      0.19779902696609497,
      0.20438359677791595,
      0.24776656925678253,
      0.27554449439048767,
      0.09851637482643127,
      0.27485278248786926,
      0.18379393219947815
    ],
    [
      0.4369175434112549,
      0.2596031129360199,
      0.26487696170806885,
      0.20690219104290009,
      1.0,
      0.4478776454925537,
      0.42308953404426575,
      0.3557772934436798,
      0.21625661849975586,
      0.3392718434333801,
      0.26261574029922485,
      0.28951600193977356,
      0.34382137656211853,
      0.1930500715970993,
      0.26864734292030334,
      0.3189671039581299
    ],
    [
      0.29257890582084656,
      0.31729552149772644,
      0.28792625665664673,
      0.1703396886587143,
      0.4478776454925537,
      1.0,
      0.49086958169937134,
      0.4501313269138336,
      0.26534274220466614,
      0.2435016632080078,
      0.21555960178375244,
      0.3350750803947449,
      0.45195671916007996,
      0.07725968956947327,
      0.3527069091796875,
      0.2974916100502014
    ],
    [
      0.29935869574546814,
      0.30474013090133667,
      0.26727017760276794,
      0.1936795711517334,
      0.42308953404426575,
      0.49086958169937134,
      0.9999999403953552,
      0.5301461815834045,
      0.2915324866771698,
      0.28169089555740356,
      0.37176138162612915,
      0.3594112694263458,
      0.5807949304580688,
      0.20011718571186066,
      0.38643595576286316,
      0.4069726765155792
    ],
    [
      0.2626393735408783,
      0.42975354194641113,
      0.21402862668037415,
      0.19259171187877655,
      0.3557772934436798,
      0.4501313269138336,
      0.5301461815834045,
      0.9999999403953552,
      0.2937503457069397,
      0.2395167201757431,
      0.29338571429252625,
      0.33063119649887085,
      0.478946715593338,
      0.13133054971694946,
      0.34738224744796753,
      0.3619990944862366
    ],
    [
      0.34639641642570496,
      0.37201929092407227,
      0.480522096157074,
      0.290540486574173,
      0.21625661849975586,
      0.26534274220466614,
      0.2915324866771698,
      0.2937503457069397,
      1.0,
      0.44362524151802063,
      0.5192970633506775,
      0.3815442621707916,
      0.36398202180862427,
      0.24606338143348694,
      0.26649045944213867,
      0.2631741762161255
    ],
    [
      0.2665283679962158,
      0.31864047050476074,
      0.29681146144866943,
      0.19779902696609497,
      0.3392718434333801,
      0.2435016632080078,
      0.28169089555740356,
      0.2395167201757431,
      0.44362524151802063,
      1.0,
      0.6343879103660583,
      0.49693381786346436,
      0.2450094223022461,
      0.08333199471235275,
      0.21578553318977356,
      0.3169574737548828
    ],
    [
      0.2768276631832123,
      0.3023732304573059,
      0.27774450182914734,
      0.20438359677791595,
      0.26261574029922485,
      0.21555960178375244,
      0.37176138162612915,
      0.29338571429252625,
      0.5192970633506775,
      0.6343879103660583,
      1.0,
      0.3855702877044678,
      0.3213683068752289,
      0.09642152488231659,
      0.23304857313632965,
      0.3549618721008301
    ],
    [
      0.3377562463283539,
      0.36641979217529297,
      0.37818193435668945,
      0.24776656925678253,
      0.28951600193977356,
      0.3350750803947449,
      0.3594112694263458,
      0.33063119649887085,
      0.3815442621707916,
      0.49693381786346436,
      0.3855702877044678,
      1.0000001192092896,
      0.351917564868927,
      0.1338007003068924,
      0.24256698787212372,
      0.3062002658843994
    ],
    [
      0.2740289866924286,
      0.3485965430736542,
      0.3037516474723816,
      0.27554449439048767,
      0.34382137656211853,
      0.45195671916007996,
      0.5807949304580688,
      0.478946715593338,
      0.36398202180862427,
      0.2450094223022461,
      0.3213683068752289,
      0.351917564868927,
      1.0,
      0.20293262600898743,
      0.41087421774864197,
      0.3458198010921478
    ],
    [
      0.1745532751083374,
      0.22075259685516357,
      0.34347981214523315,
      0.09851637482643127,
      0.1930500715970993,
      0.07725968956947327,
      0.20011718571186066,
      0.13133054971694946,
      0.24606338143348694,
      0.08333199471235275,
      0.09642152488231659,
      0.1338007003068924,
      0.20293262600898743,
      1.0,
      0.15840989351272583,
      0.017109455540776253
    ],
    [
      0.32829520106315613,
      0.30556920170783997,
      0.2489299476146698,
      0.27485278248786926,
      0.26864734292030334,
      0.3527069091796875,
      0.38643595576286316,
      0.34738224744796753,
      0.26649045944213867,
      0.21578553318977356,
      0.23304857313632965,
      0.24256698787212372,
      0.41087421774864197,
      0.15840989351272583,
      1.0,
      0.2984495460987091
    ],
    [
      0.24204124510288239,
      0.2909160554409027,
      0.21826036274433136,
      0.18379393219947815,
      0.3189671039581299,
      0.2974916100502014,
      0.4069726765155792,
      0.3619990944862366,
      0.2631741762161255,
      0.3169574737548828,
      0.3549618721008301,
      0.3062002658843994,
      0.3458198010921478,
      0.017109455540776253,
      0.2984495460987091,
      1.0
    ]
  ]
}