{
  "game_number": 117,
  "words": [
    "BRIDGE",
    "NECK",
    "PEG",
    "STRING",
    "CHARGE",
    "MOVE",
    "SERVE",
    "SUE",
    "MAY",
    "MIGHT",
    "TONIGHT",
    "WISH",
    "ASSESS",
    "CHARGE",
    "FINE",
    "LEVY"
  ],
  "adjacency_matrix": [
    [
      1.0,
      0.371848464012146,
      0.40399837493896484,
      0.38075459003448486,
      0.38897573947906494,
      0.3958362936973572,
      0.3922288417816162,
      0.2630106508731842,
      0.2176293432712555,
      0.26672109961509705,
      0.2657579481601715,
      0.23297785222530365,
      0.35548239946365356,
      0.38897573947906494,
      0.3995821475982666,
      0.3448937237262726
    ],
    [
      0.371848464012146,
      1.0,
      0.4112832248210907,
      0.46734949946403503,
      0.33604684472084045,
      0.2778394818305969,
      0.2531203627586365,
      0.2915171980857849,
      0.22371415793895721,
      0.24384453892707825,
      0.19820207357406616,
      0.2561149001121521,
      0.2837335169315338,
      0.33604684472084045,
      0.37175384163856506,
      0.25323542952537537
    ],
    [
      0.40399837493896484,
      0.4112832248210907,
      0.9999999403953552,
      0.4190608263015747,
      0.36024701595306396,
      0.393743097782135,
      0.30911847949028015,
      0.3068629205226898,
      0.2786126136779785,
      0.3383561670780182,
      0.2135590761899948,
      0.2769206464290619,
      0.3319675624370575,
      0.36024701595306396,
      0.3612695336341858,
      0.34907612204551697
    ],
    [
      0.38075459003448486,
      0.46734949946403503,
      0.4190608263015747,
      1.0,
      0.3377893567085266,
      0.365890234708786,
      0.2763521671295166,
      0.23804938793182373,
      0.2366897165775299,
      0.3148330748081207,
      0.21401198208332062,
      0.28455761075019836,
      0.24342645704746246,
      0.3377893567085266,
      0.4036462604999542,
      0.2730982303619385
    ],
    [
      0.38897573947906494,
      0.33604684472084045,
      0.36024701595306396,
      0.3377893567085266,
      1.0,
      0.46002718806266785,
      0.4421451687812805,
      0.39360472559928894,
      0.3244732618331909,
      0.35169705748558044,
      0.26922982931137085,
      0.37124237418174744,
      0.40948835015296936,
      1.0,
      0.5190607309341431,
      0.5657909512519836
    ],
    [
      0.3958362936973572,
      0.2778394818305969,
      0.393743097782135,
      0.365890234708786,
      0.46002718806266785,
      0.9999999403953552,
      0.46121227741241455,
      0.397193044424057,
      0.4404185712337494,
      0.5100522041320801,
      0.40199241042137146,
      0.4795021116733551,
      0.4358530342578888,
      0.46002718806266785,
      0.46112915873527527,
      0.37197640538215637
    ],
    [
      0.3922288417816162,
      0.2531203627586365,
      0.30911847949028015,
      0.2763521671295166,
      0.4421451687812805,
      0.46121227741241455,
      1.0,
      0.3384571969509125,
      0.5002387166023254,
      0.5117738246917725,
      0.3013366758823395,
      0.45415642857551575,
      0.45014259219169617,
      0.4421451687812805,
      0.42949169874191284,
      0.3668774664402008
    ],
    [
      0.2630106508731842,
      0.2915171980857849,
      0.3068629205226898,
      0.23804938793182373,
      0.39360472559928894,
      0.397193044424057,
      0.3384571969509125,
      1.0,
      0.3328137695789337,
      0.3839489817619324,
      0.24125505983829498,
      0.3976660668849945,
      0.4017674922943115,
      0.39360472559928894,
      0.3650686740875244,
      0.34688928723335266
    ],
    [
      0.2176293432712555,
      0.22371415793895721,
      0.2786126136779785,
      0.2366897165775299,
      0.3244732618331909,
      0.4404185712337494,
      0.5002387166023254,
      0.3328137695789337,
      0.9999999403953552,
      0.8285428285598755,
      0.3264847993850708,
      0.5757563710212708,
      0.40497851371765137,
      0.3244732618331909,
      0.35524189472198486,
      0.28415173292160034
    ],
    [
      0.26672109961509705,
      0.24384453892707825,
      0.3383561670780182,
      0.3148330748081207,
      0.35169705748558044,
      0.5100522041320801,
      0.5117738246917725,
      0.3839489817619324,
      0.8285428285598755,
      1.0,
      0.3707101047039032,
      0.6273860931396484,
      0.4477543830871582,
      0.35169705748558044,
      0.41622743010520935,
      0.28679123520851135
    ],
    [
      0.2657579481601715,
      0.19820207357406616,
      0.2135590761899948,
      0.21401198208332062,
      0.26922982931137085,
      0.40199241042137146,
      0.3013366758823395,
      0.24125505983829498,
      0.3264847993850708,
      0.3707101047039032,
      0.9999999403953552,
      0.3766763508319855,
      0.28093260526657104,
      0.26922982931137085,
      0.3821399509906769,
      0.20072107017040253
    ],
    [
      0.23297785222530365,
      0.2561149001121521,
      0.2769206464290619,
      0.28455761075019836,
      0.37124237418174744,
      0.4795021116733551,
      0.45415642857551575,
      0.3976660668849945,
      0.5757563710212708,
      0.6273860931396484,
      0.3766763508319855,
      1.0,
      0.37398022413253784,
      0.37124237418174744,
      0.4384877681732178,
      0.2868137061595917
    ],
    [
      0.35548239946365356,
      0.2837335169315338,
      0.3319675624370575,
      0.24342645704746246,
      0.40948835015296936,
      0.4358530342578888,
      0.45014259219169617,
      0.4017674922943115,
      0.40497851371765137,
      0.4477543830871582,
      0.28093260526657104,
      0.37398022413253784,
      1.0,
      0.40948835015296936,
      0.3557479679584503,
      0.42850807309150696
    ],
    [
      0.38897573947906494,
      0.33604684472084045,
      0.36024701595306396,
      0.3377893567085266,
      1.0,
      0.46002718806266785,
      0.4421451687812805,
      0.39360472559928894,
      0.3244732618331909,
      0.35169705748558044,
      0.26922982931137085,
      0.37124237418174744,
      0.40948835015296936,
      1.0,
      0.5190607309341431,
      0.5657909512519836
    ],
    [
      0.3995821475982666,
      0.37175384163856506,
      0.3612695336341858,
      0.4036462604999542,
      0.5190607309341431,
      0.46112915873527527,
      0.42949169874191284,
      0.3650686740875244,
      0.35524189472198486,
      0.41622743010520935,
      0.3821399509906769,
      0.4384877681732178,
      0.3557479679584503,
      0.5190607309341431,
      1.0,
      0.4315897822380066
    ],
    [
      0.3448937237262726,
      0.25323542952537537,
      0.34907612204551697,
      0.2730982303619385,
      0.5657909512519836,
      0.37197640538215637,
      0.3668774664402008,
      0.34688928723335266,
      0.28415173292160034,
      0.28679123520851135,
      0.20072107017040253,
      0.2868137061595917,
      0.42850807309150696,
      0.5657909512519836,
      0.4315897822380066,
      1.0
    ]
  ]
}