{"game_number":14,"words":["CAMPAIGN","CANVASS","ORGANIZE","STUMP","COMPOSITION","FABRIC","MAKEUP","STRUCTURE","CLAMP","FILE","LEVEL","SAW","LOG","MAX","MOD","TAN"],"adjacency_matrix":[[0.9999999403953552,0.5386740565299988,0.4537116587162018,0.4156574606895447,0.35846513509750366,0.3133419156074524,0.35825762152671814,0.38403502106666565,0.3045675456523895,0.3881603479385376,0.38484853506088257,0.3116690516471863,0.2790467143058777,0.2256908267736435,0.2968394458293915,0.24830789864063263],[0.5386740565299988,1.0,0.45580050349235535,0.36906319856643677,0.37124213576316833,0.353183776140213,0.37125709652900696,0.3588427007198334,0.32271525263786316,0.3836618661880493,0.29656267166137695,0.2862970232963562,0.3420771360397339,0.2271847426891327,0.2710195481777191,0.3494230806827545],[0.4537116587162018,0.45580050349235535,0.9999999403953552,0.3042603135108948,0.364391028881073,0.27032074332237244,0.30097562074661255,0.4912400543689728,0.34400007128715515,0.45152747631073,0.33921441435813904,0.354133278131485,0.33371618390083313,0.203566774725914,0.17637448012828827,0.23183473944664001],[0.4156574606895447,0.36906319856643677,0.3042603135108948,1.0,0.27869713306427,0.27910882234573364,0.2633187770843506,0.3952208161354065,0.415786474943161,0.37218719720840454,0.33903738856315613,0.31876108050346375,0.419651597738266,0.28575700521469116,0.20686151087284088,0.28436121344566345],[0.35846513509750366,0.37124213576316833,0.364391028881073,0.27869713306427,1.0,0.4162977933883667,0.5462629199028015,0.6716017723083496,0.29910150170326233,0.37806400656700134,0.4490875005722046,0.18844811618328094,0.2838593125343323,0.21810777485370636,0.23070576786994934,0.29121941328048706],[0.3133419156074524,0.353183776140213,0.27032074332237244,0.27910882234573364,0.4162977933883667,1.0,0.47171977162361145,0.5308805108070374,0.29607558250427246,0.261710524559021,0.3419743478298187,0.1878330260515213,0.24076397716999054,0.1564151495695114,0.25172340869903564,0.3134097158908844],[0.35825762152671814,0.37125709652900696,0.30097562074661255,0.2633187770843506,0.5462629199028015,0.47171977162361145,1.0,0.4937756657600403,0.2522476315498352,0.3244701325893402,0.3400791883468628,0.24647527933120728,0.21939194202423096,0.19751648604869843,0.2976546287536621,0.39606326818466187],[0.38403502106666565,0.3588427007198334,0.4912400543689728,0.3952208161354065,0.6716017723083496,0.5308805108070374,0.4937756657600403,1.0000001192092896,0.4446626305580139,0.49064263701438904,0.5711225867271423,0.2891809642314911,0.3823249638080597,0.2489272952079773,0.2950012683868408,0.275145024061203],[0.3045675456523895,0.32271525263786316,0.34400007128715515,0.415786474943161,0.29910150170326233,0.29607558250427246,0.2522476315498352,0.4446626305580139,1.0,0.3741283118724823,0.3072347640991211,0.2351643145084381,0.32180237770080566,0.28435179591178894,0.32020285725593567,0.2584649324417114],[0.3881603479385376,0.3836618661880493,0.45152747631073,0.37218719720840454,0.37806400656700134,0.261710524559021,0.3244701325893402,0.49064263701438904,0.3741283118724823,1.0,0.3800499737262726,0.3631100058555603,0.5186779499053955,0.33153384923934937,0.33179977536201477,0.28367215394973755],[0.38484853506088257,0.29656267166137695,0.33921441435813904,0.33903738856315613,0.4490875005722046,0.3419743478298187,0.3400791883468628,0.5711225867271423,0.3072347640991211,0.3800499737262726,1.0,0.2710326910018921,0.31361255049705505,0.4466073215007782,0.2846187353134155,0.2273382991552353],[0.3116690516471863,0.2862970232963562,0.354133278131485,0.31876108050346375,0.18844811618328094,0.1878330260515213,0.24647527933120728,0.2891809642314911,0.2351643145084381,0.3631100058555603,0.2710326910018921,1.0,0.3283776342868805,0.17656809091567993,0.18132947385311127,0.2206919640302658],[0.2790467143058777,0.3420771360397339,0.33371618390083313,0.419651597738266,0.2838593125343323,0.24076397716999054,0.21939194202423096,0.3823249638080597,0.32180237770080566,0.5186779499053955,0.31361255049705505,0.3283776342868805,1.0,0.27610480785369873,0.33437293767929077,0.24737894535064697],[0.2256908267736435,0.2271847426891327,0.203566774725914,0.28575700521469116,0.21810777485370636,0.1564151495695114,0.19751648604869843,0.2489272952079773,0.28435179591178894,0.33153384923934937,0.4466073215007782,0.17656809091567993,0.27610480785369873,1.0000001192092896,0.3905535340309143,0.3094552159309387],[0.2968394458293915,0.2710195481777191,0.17637448012828827,0.20686151087284088,0.23070576786994934,0.25172340869903564,0.2976546287536621,0.2950012683868408,0.32020285725593567,0.33179977536201477,0.2846187353134155,0.18132947385311127,0.33437293767929077,0.3905535340309143,1.0,0.3785730004310608],[0.24830789864063263,0.3494230806827545,0.23183473944664001,0.28436121344566345,0.29121941328048706,0.3134097158908844,0.39606326818466187,0.275145024061203,0.2584649324417114,0.28367215394973755,0.2273382991552353,0.2206919640302658,0.24737894535064697,0.3094552159309387,0.3785730004310608,1.0]]}