{
  "game_number": 97,
  "words": [
    "CORE",
    "MIDRIFF",
    "TORSO",
    "TRUNK",
    "CHEESE",
    "CRUST",
    "SAUCE",
    "TOPPINGS",
    "CASE",
    "FORTY",
    "GROWLER",
    "SIX-PACK",
    "BONDS",
    "MANTLE",
    "TROUT",
    "YOUNG"
  ],
  "adjacency_matrix": [
    [
      1.0,
      0.3307689130306244,
      0.3510720431804657,
      0.40518099069595337,
      0.3092759847640991,
      0.4671681523323059,
      0.3211440145969391,
      0.33072784543037415,
      0.4448148012161255,
      0.3108633756637573,
      0.3969329595565796,
      0.3881627917289734,
      0.3677496910095215,
      0.5135290622711182,
      0.2437944859266281,
      0.3719058632850647
    ],
    [
      0.3307689130306244,
      1.0,
      0.582568883895874,
      0.3937159776687622,
      0.19617384672164917,
      0.24972863495349884,
      0.2501676380634308,
      0.17184454202651978,
      0.25674813985824585,
      0.2248929888010025,
      0.3269481360912323,
      0.369363009929657,
      0.14525416493415833,
      0.35649117827415466,
      0.2634197771549225,
      0.2783786654472351
    ],
    [
      0.3510720431804657,
      0.582568883895874,
      0.9999999403953552,
      0.5023269057273865,
      0.2483033537864685,
      0.3228170871734619,
      0.3006032407283783,
      0.22542418539524078,
      0.3121905028820038,
      0.2209811955690384,
      0.29182037711143494,
      0.4212108850479126,
      0.15548105537891388,
      0.379306435585022,
      0.2559415400028229,
      0.301851749420166
    ],
    [
      0.40518099069595337,
      0.3937159776687622,
      0.5023269057273865,
      1.0,
      0.23311713337898254,
      0.29510265588760376,
      0.3201960027217865,
      0.18507929146289825,
      0.34823963046073914,
      0.2530188262462616,
      0.38238662481307983,
      0.3649049401283264,
      0.25621557235717773,
      0.4261026382446289,
      0.21786171197891235,
      0.28812211751937866
    ],
    [
      0.3092759847640991,
      0.19617384672164917,
      0.2483033537864685,
      0.23311713337898254,
      1.0,
      0.4429439902305603,
      0.5442929863929749,
      0.43688639998435974,
      0.23846925795078278,
      0.2526537775993347,
      0.418095201253891,
      0.32649946212768555,
      0.23646734654903412,
      0.2628746032714844,
      0.3740578591823578,
      0.2710479199886322
    ],
    [
      0.4671681523323059,
      0.24972863495349884,
      0.3228170871734619,
      0.29510265588760376,
      0.4429439902305603,
      1.0,
      0.4292038679122925,
      0.403267502784729,
      0.23371005058288574,
      0.23163071274757385,
      0.33085116744041443,
      0.25367748737335205,
      0.2708991765975952,
      0.5918099284172058,
      0.31502681970596313,
      0.30640336871147156
    ],
    [
      0.3211440145969391,
      0.2501676380634308,
      0.3006032407283783,
      0.3201960027217865,
      0.5442929863929749,
      0.4292038679122925,
      1.0,
      0.425285667181015,
      0.3397062420845032,
      0.17524953186511993,
      0.3845885097980499,
      0.30787333846092224,
      0.24069814383983612,
      0.2823214530944824,
      0.3490050137042999,
      0.1913416087627411
    ],
    [
      0.33072784543037415,
      0.17184454202651978,
      0.22542418539524078,
      0.18507929146289825,
      0.43688639998435974,
      0.403267502784729,
      0.425285667181015,
      0.9999999403953552,
      0.23229317367076874,
      0.24310773611068726,
      0.30365103483200073,
      0.3125680685043335,
      0.22413794696331024,
      0.21250639855861664,
      0.25343751907348633,
      0.21819250285625458
    ],
    [
      0.4448148012161255,
      0.25674813985824585,
      0.3121905028820038,
      0.34823963046073914,
      0.23846925795078278,
      0.23371005058288574,
      0.3397062420845032,
      0.23229317367076874,
      1.0,
      0.2535856366157532,
      0.3631903827190399,
      0.2740544378757477,
      0.29414308071136475,
      0.274296373128891,
      0.2555665373802185,
      0.3493744730949402
    ],
    [
      0.3108633756637573,
      0.2248929888010025,
      0.2209811955690384,
      0.2530188262462616,
      0.2526537775993347,
      0.23163071274757385,
      0.17524953186511993,
      0.24310773611068726,
      0.2535856366157532,
      1.0,
      0.25423553586006165,
      0.33008792996406555,
      0.19176636636257172,
      0.22981883585453033,
      0.2867300808429718,
      0.4880006015300751
    ],
    [
      0.3969329595565796,
      0.3269481360912323,
      0.29182037711143494,
      0.38238662481307983,
      0.418095201253891,
      0.33085116744041443,
      0.3845885097980499,
      0.30365103483200073,
      0.3631903827190399,
      0.25423553586006165,
      0.9999999403953552,
      0.4411766231060028,
      0.23339217901229858,
      0.34245726466178894,
      0.41170597076416016,
      0.4468264877796173
    ],
    [
      0.3881627917289734,
      0.369363009929657,
      0.4212108850479126,
      0.3649049401283264,
      0.32649946212768555,
      0.25367748737335205,
      0.30787333846092224,
      0.3125680685043335,
      0.2740544378757477,
      0.33008792996406555,
      0.4411766231060028,
      1.0000001192092896,
      0.22397392988204956,
      0.29915034770965576,
      0.31593823432922363,
      0.24089732766151428
    ],
    [
      0.3677496910095215,
      0.14525416493415833,
      0.15548105537891388,
      0.25621557235717773,
      0.23646734654903412,
      0.2708991765975952,
      0.24069814383983612,
      0.22413794696331024,
      0.29414308071136475,
      0.19176636636257172,
      0.23339217901229858,
      0.22397392988204956,
      1.0,
      0.23666082322597504,
      0.1705668419599533,
      0.23401957750320435
    ],
    [
      0.5135290622711182,
      0.35649117827415466,
      0.379306435585022,
      0.4261026382446289,
      0.2628746032714844,
      0.5918099284172058,
      0.2823214530944824,
      0.21250639855861664,
      0.274296373128891,
      0.22981883585453033,
      0.34245726466178894,
      0.29915034770965576,
      0.23666082322597504,
      1.0000001192092896,
      0.2930639386177063,
      0.3116416037082672
    ],
    [
      0.2437944859266281,
      0.2634197771549225,
      0.2559415400028229,
      0.21786171197891235,
      0.3740578591823578,
      0.31502681970596313,
      0.3490050137042999,
      0.25343751907348633,
      0.2555665373802185,
      0.2867300808429718,
      0.41170597076416016,
      0.31593823432922363,
      0.1705668419599533,
      0.2930639386177063,
      1.0,
      0.3598725199699402
    ],
    [
      0.3719058632850647,
      0.2783786654472351,
      0.301851749420166,
      0.28812211751937866,
      0.2710479199886322,
      0.30640336871147156,
      0.1913416087627411,
      0.21819250285625458,
      0.3493744730949402,
      0.4880006015300751,
      0.4468264877796173,
      0.24089732766151428,
      0.23401957750320435,
      0.3116416037082672,
      0.3598725199699402,
      0.9999999403953552
    ]
  ]
}