{
  "game_number": 468,
  "words": [
    "BUG",
    "MIKE",
    "TAP",
    "WIRE",
    "CHECK",
    "MARK",
    "TICK",
    "X",
    "40",
    "COLE",
    "PAIN",
    "TIP",
    "BREAD",
    "BACON",
    "LETTUCE",
    "TOMATO"
  ],
  "adjacency_matrix": [
    [
      0.9999999403953552,
      0.3142920434474945,
      0.3543260395526886,
      0.3538036644458771,
      0.39411336183547974,
      0.33582085371017456,
      0.4280201196670532,
      -0.03867389261722565,
      0.07040830701589584,
      0.30181464552879333,
      0.3400920331478119,
      0.45466500520706177,
      0.24799315631389618,
      0.3039857745170593,
      0.3212810456752777,
      0.3409460484981537
    ],
    [
      0.3142920434474945,
      1.0,
      0.3754514157772064,
      0.3563095033168793,
      0.31143495440483093,
      0.29013216495513916,
      0.27793097496032715,
      0.11504066735506058,
      0.16792242228984833,
      0.4392821192741394,
      0.19305212795734406,
      0.3052586019039154,
      0.2470545917749405,
      0.27687352895736694,
      0.2976173758506775,
      0.3198096752166748
    ],
    [
      0.3543260395526886,
      0.3754514157772064,
      1.0,
      0.42869871854782104,
      0.4857281744480133,
      0.38929110765457153,
      0.3392705023288727,
      0.013232920318841934,
      0.1370639055967331,
      0.24999533593654633,
      0.31320247054100037,
      0.4661032557487488,
      0.30649036169052124,
      0.1950330287218094,
      0.2280653566122055,
      0.2861003875732422
    ],
    [
      0.3538036644458771,
      0.3563095033168793,
      0.42869871854782104,
      1.0,
      0.37730440497398376,
      0.3559744358062744,
      0.37959209084510803,
      -0.044563259929418564,
      0.18758700788021088,
      0.2651216685771942,
      0.31236350536346436,
      0.44568806886672974,
      0.3704984486103058,
      0.3470165431499481,
      0.29496654868125916,
      0.2997502088546753
    ],
    [
      0.39411336183547974,
      0.31143495440483093,
      0.4857281744480133,
      0.37730440497398376,
      1.0,
      0.4581226706504822,
      0.43576446175575256,
      -0.04215928912162781,
      0.1193058043718338,
      0.23112821578979492,
      0.2753961980342865,
      0.48903658986091614,
      0.3171664774417877,
      0.2219405174255371,
      0.21144971251487732,
      0.1764369159936905
    ],
    [
      0.33582085371017456,
      0.29013216495513916,
      0.38929110765457153,
      0.3559744358062744,
      0.4581226706504822,
      1.0,
      0.49231839179992676,
      -0.024538250640034676,
      0.25503113865852356,
      0.29535973072052,
      0.30206620693206787,
      0.4295133948326111,
      0.3155727982521057,
      0.2452409267425537,
      0.1787191480398178,
      0.2645714581012726
    ],
    [
      0.4280201196670532,
      0.27793097496032715,
      0.3392705023288727,
      0.37959209084510803,
      0.43576446175575256,
      0.49231839179992676,
      1.0,
      0.016626473516225815,
      0.10694313794374466,
      0.21132342517375946,
      0.3350861668586731,
      0.3994152247905731,
      0.30422288179397583,
      0.27572789788246155,
      0.2523380219936371,
      0.31282466650009155
    ],
    [
      -0.03867389261722565,
      0.11504066735506058,
      0.013232920318841934,
      -0.044563259929418564,
      -0.04215928912162781,
      -0.024538250640034676,
      0.016626473516225815,
      1.0,
      0.27046269178390503,
      0.08046306669712067,
      -0.03599177300930023,
      -0.11003464460372925,
      0.05391422286629677,
      0.04604116082191467,
      0.04996466264128685,
      0.07272385060787201
    ],
    [
      0.07040830701589584,
      0.16792242228984833,
      0.1370639055967331,
      0.18758700788021088,
      0.1193058043718338,
      0.25503113865852356,
      0.10694313794374466,
      0.27046269178390503,
      1.0,
      0.1504548043012619,
      0.10383995622396469,
      0.13872577250003815,
      0.18325643241405487,
      0.18686242401599884,
      0.12948179244995117,
      0.14280113577842712
    ],
    [
      0.30181464552879333,
      0.4392821192741394,
      0.24999533593654633,
      0.2651216685771942,
      0.23112821578979492,
      0.29535973072052,
      0.21132342517375946,
      0.08046306669712067,
      0.1504548043012619,
      1.0,
      0.24700793623924255,
      0.21671156585216522,
      0.2413719743490219,
      0.33630138635635376,
      0.3964069187641144,
      0.44651418924331665
    ],
    [
      0.3400920331478119,
      0.19305212795734406,
      0.31320247054100037,
      0.31236350536346436,
      0.2753961980342865,
      0.30206620693206787,
      0.3350861668586731,
      -0.03599177300930023,
      0.10383995622396469,
      0.24700793623924255,
      1.0,
      0.27573347091674805,
      0.3414655327796936,
      0.3507991433143616,
      0.2599879205226898,
      0.3041617274284363
    ],
    [
      0.45466500520706177,
      0.3052586019039154,
      0.4661032557487488,
      0.44568806886672974,
      0.48903658986091614,
      0.4295133948326111,
      0.3994152247905731,
      -0.11003464460372925,
      0.13872577250003815,
      0.21671156585216522,
      0.27573347091674805,
      0.9999999403953552,
      0.26652950048446655,
      0.2661922574043274,
      0.3424120545387268,
      0.27950987219810486
    ],
    [
      0.24799315631389618,
      0.2470545917749405,
      0.30649036169052124,
      0.3704984486103058,
      0.3171664774417877,
      0.3155727982521057,
      0.30422288179397583,
      0.05391422286629677,
      0.18325643241405487,
      0.2413719743490219,
      0.3414655327796936,
      0.26652950048446655,
      1.0,
      0.5107533931732178,
      0.4058610796928406,
      0.40310898423194885
    ],
    [
      0.3039857745170593,
      0.27687352895736694,
      0.1950330287218094,
      0.3470165431499481,
      0.2219405174255371,
      0.2452409267425537,
      0.27572789788246155,
      0.04604116082191467,
      0.18686242401599884,
      0.33630138635635376,
      0.3507991433143616,
      0.2661922574043274,
      0.5107533931732178,
      1.0,
      0.4735059142112732,
      0.42296335101127625
    ],
    [
      0.3212810456752777,
      0.2976173758506775,
      0.2280653566122055,
      0.29496654868125916,
      0.21144971251487732,
      0.1787191480398178,
      0.2523380219936371,
      0.04996466264128685,
      0.12948179244995117,
      0.3964069187641144,
      0.2599879205226898,
      0.3424120545387268,
      0.4058610796928406,
      0.4735059142112732,
      1.0,
      0.6697249412536621
    ],
    [
      0.3409460484981537,
      0.3198096752166748,
      0.2861003875732422,
      0.2997502088546753,
      0.1764369159936905,
      0.2645714581012726,
      0.31282466650009155,
      0.07272385060787201,
      0.14280113577842712,
      0.44651418924331665,
      0.3041617274284363,
      0.27950987219810486,
      0.40310898423194885,
      0.42296335101127625,
      0.6697249412536621,
      1.0
    ]
  ]
}