{
  "game_number": 572,
  "words": [
    "FORGE",
    "FURNACE",
    "KILN",
    "OVEN",
    "CARP",
    "CATFISH",
    "FLOUNDER",
    "SMELT",
    "COLONEL",
    "SALMON",
    "WALK",
    "YOLK",
    "ESSENCE",
    "HEART",
    "SPIRIT",
    "SOUL"
  ],
  "adjacency_matrix": [
    [
      1.0000001192092896,
      0.4918023943901062,
      0.32007667422294617,
      0.3007223904132843,
      0.21720311045646667,
      0.21654553711414337,
      0.30116987228393555,
      0.3583267629146576,
      0.18447744846343994,
      0.267997682094574,
      0.32526451349258423,
      0.14764371514320374,
      0.34639549255371094,
      0.3830331265926361,
      0.37796804308891296,
      0.29863879084587097
    ],
    [
      0.4918023943901062,
      1.0000001192092896,
      0.627195417881012,
      0.5665371417999268,
      0.23620061576366425,
      0.27750828862190247,
      0.2568112313747406,
      0.4707595407962799,
      0.21386434137821198,
      0.26916518807411194,
      0.20554715394973755,
      0.20007696747779846,
      0.2546468675136566,
      0.39630892872810364,
      0.3228079080581665,
      0.3562740683555603
    ],
    [
      0.32007667422294617,
      0.627195417881012,
      1.0,
      0.4902881979942322,
      0.20635783672332764,
      0.21073459088802338,
      0.20814956724643707,
      0.32725393772125244,
      0.1324019730091095,
      0.24113646149635315,
      0.164092555642128,
      0.18545494973659515,
      0.1377520114183426,
      0.19096045196056366,
      0.1820065677165985,
      0.16732153296470642
    ],
    [
      0.3007223904132843,
      0.5665371417999268,
      0.4902881979942322,
      1.0,
      0.19260969758033752,
      0.2101673036813736,
      0.2141522467136383,
      0.3236040771007538,
      0.13886141777038574,
      0.2685590982437134,
      0.23880553245544434,
      0.25810539722442627,
      0.2579595148563385,
      0.3169749677181244,
      0.21232722699642181,
      0.25345852971076965
    ],
    [
      0.21720311045646667,
      0.23620061576366425,
      0.20635783672332764,
      0.19260969758033752,
      1.0,
      0.6009320616722107,
      0.4325728714466095,
      0.4204730987548828,
      0.1667919158935547,
      0.5459774136543274,
      0.24732963740825653,
      0.309370756149292,
      0.25762903690338135,
      0.2948839068412781,
      0.29014331102371216,
      0.2570357322692871
    ],
    [
      0.21654553711414337,
      0.27750828862190247,
      0.21073459088802338,
      0.2101673036813736,
      0.6009320616722107,
      1.0,
      0.45694494247436523,
      0.376896470785141,
      0.2171216756105423,
      0.5403777956962585,
      0.19651305675506592,
      0.2786003053188324,
      0.19314149022102356,
      0.2702450156211853,
      0.2531861662864685,
      0.3022126853466034
    ],
    [
      0.30116987228393555,
      0.2568112313747406,
      0.20814956724643707,
      0.2141522467136383,
      0.4325728714466095,
      0.45694494247436523,
      1.0,
      0.3263992965221405,
      0.1996772438287735,
      0.4662175476551056,
      0.2919948399066925,
      0.2970885932445526,
      0.2688397765159607,
      0.3321322500705719,
      0.24684755504131317,
      0.2715498208999634
    ],
    [
      0.3583267629146576,
      0.4707595407962799,
      0.32725393772125244,
      0.3236040771007538,
      0.4204730987548828,
      0.376896470785141,
      0.3263992965221405,
      1.0,
      0.24153801798820496,
      0.511641263961792,
      0.2777417302131653,
      0.25413978099823,
      0.31474944949150085,
      0.3816573917865753,
      0.31923243403434753,
      0.3237431049346924
    ],
    [
      0.18447744846343994,
      0.21386434137821198,
      0.1324019730091095,
      0.13886141777038574,
      0.1667919158935547,
      0.2171216756105423,
      0.1996772438287735,
      0.24153801798820496,
      1.0,
      0.10718700289726257,
      0.2028316706418991,
      0.10919465869665146,
      0.25261613726615906,
      0.20692093670368195,
      0.283260703086853,
      0.2521255910396576
    ],
    [
      0.267997682094574,
      0.26916518807411194,
      0.24113646149635315,
      0.2685590982437134,
      0.5459774136543274,
      0.5403777956962585,
      0.4662175476551056,
      0.511641263961792,
      0.10718700289726257,
      1.0,
      0.24279677867889404,
      0.32618987560272217,
      0.24264201521873474,
      0.29780253767967224,
      0.2884807288646698,
      0.2843376100063324
    ],
    [
      0.32526451349258423,
      0.20554715394973755,
      0.164092555642128,
      0.23880553245544434,
      0.24732963740825653,
      0.19651305675506592,
      0.2919948399066925,
      0.2777417302131653,
      0.2028316706418991,
      0.24279677867889404,
      1.0,
      0.1638362556695938,
      0.2563886046409607,
      0.41277557611465454,
      0.30941763520240784,
      0.30398446321487427
    ],
    [
      0.14764371514320374,
      0.20007696747779846,
      0.18545494973659515,
      0.25810539722442627,
      0.309370756149292,
      0.2786003053188324,
      0.2970885932445526,
      0.25413978099823,
      0.10919465869665146,
      0.32618987560272217,
      0.1638362556695938,
      1.0,
      0.25531694293022156,
      0.3041938543319702,
      0.22006483376026154,
      0.31631818413734436
    ],
    [
      0.34639549255371094,
      0.2546468675136566,
      0.1377520114183426,
      0.2579595148563385,
      0.25762903690338135,
      0.19314149022102356,
      0.2688397765159607,
      0.31474944949150085,
      0.25261613726615906,
      0.24264201521873474,
      0.2563886046409607,
      0.25531694293022156,
      1.0,
      0.5011537671089172,
      0.6579129099845886,
      0.5716079473495483
    ],
    [
      0.3830331265926361,
      0.39630892872810364,
      0.19096045196056366,
      0.3169749677181244,
      0.2948839068412781,
      0.2702450156211853,
      0.3321322500705719,
      0.3816573917865753,
      0.20692093670368195,
      0.29780253767967224,
      0.41277557611465454,
      0.3041938543319702,
      0.5011537671089172,
      1.0,
      0.5854765176773071,
      0.67289799451828
    ],
    [
      0.37796804308891296,
      0.3228079080581665,
      0.1820065677165985,
      0.21232722699642181,
      0.29014331102371216,
      0.2531861662864685,
      0.24684755504131317,
      0.31923243403434753,
      0.283260703086853,
      0.2884807288646698,
      0.30941763520240784,
      0.22006483376026154,
      0.6579129099845886,
      0.5854765176773071,
      1.0,
      0.6797912120819092
    ],
    [
      0.29863879084587097,
      0.3562740683555603,
      0.16732153296470642,
      0.25345852971076965,
      0.2570357322692871,
      0.3022126853466034,
      0.2715498208999634,
      0.3237431049346924,
      0.2521255910396576,
      0.2843376100063324,
      0.30398446321487427,
      0.31631818413734436,
      0.5716079473495483,
      0.67289799451828,
      0.6797912120819092,
      1.0
    ]
  ]
}