{"game_number":264,"words":["COLONY","HERD","PRIDE","SCHOOL","CRANNY","NICHE","NOOK","RECESS","CLASSIC","DEFINITIVE","MODEL","TEXTBOOK","BACKPACK","BIGWIG","DOWNTOWN","RAGTAG"],"adjacency_matrix":[[1.0,0.36951354146003723,0.30447858572006226,0.4469746947288513,0.3146854043006897,0.2887457013130188,0.31421032547950745,0.2632034122943878,0.25266677141189575,0.22370128333568573,0.3638269007205963,0.2245001196861267,0.27211952209472656,0.22820347547531128,0.3422664701938629,0.3410499095916748],[0.36951354146003723,1.0,0.3101915121078491,0.3608783185482025,0.31519266963005066,0.27872878313064575,0.21804948151111603,0.14964447915554047,0.3348138928413391,0.24373821914196014,0.3237343430519104,0.1903092861175537,0.2286481261253357,0.22648783028125763,0.2408151924610138,0.3831174075603485],[0.30447858572006226,0.3101915121078491,1.0,0.34998708963394165,0.26128533482551575,0.31237223744392395,0.2046344131231308,0.22118781507015228,0.3445526659488678,0.3271738290786743,0.2705517113208771,0.23149758577346802,0.27146095037460327,0.27802929282188416,0.3270265758037567,0.32187461853027344],[0.4469746947288513,0.3608783185482025,0.34998708963394165,0.9999999403953552,0.317111998796463,0.28725966811180115,0.3314317762851715,0.4549196660518646,0.36825576424598694,0.25652840733528137,0.4330311119556427,0.47222596406936646,0.42882055044174194,0.27313005924224854,0.49266913533210754,0.2892596423625946],[0.3146854043006897,0.31519266963005066,0.26128533482551575,0.317111998796463,1.0000001192092896,0.46395421028137207,0.744029700756073,0.35591816902160645,0.3346523642539978,0.2584696114063263,0.24189141392707825,0.23567728698253632,0.3873562216758728,0.27730873227119446,0.3642568588256836,0.35323894023895264],[0.2887457013130188,0.27872878313064575,0.31237223744392395,0.28725966811180115,0.46395421028137207,0.9999999403953552,0.4971323311328888,0.261830598115921,0.4554651379585266,0.39743101596832275,0.4285132884979248,0.284523606300354,0.2934038043022156,0.24181726574897766,0.3740603029727936,0.31971392035484314],[0.31421032547950745,0.21804948151111603,0.2046344131231308,0.3314317762851715,0.744029700756073,0.4971323311328888,0.9999999403953552,0.3546102046966553,0.2985725700855255,0.2529129385948181,0.23953308165073395,0.2843778431415558,0.36969295144081116,0.24132667481899261,0.38055118918418884,0.27964872121810913],[0.2632034122943878,0.14964447915554047,0.22118781507015228,0.4549196660518646,0.35591816902160645,0.261830598115921,0.3546102046966553,1.0000001192092896,0.2916826903820038,0.25669538974761963,0.2317812740802765,0.2670348882675171,0.2955266237258911,0.13991215825080872,0.30089110136032104,0.1323719024658203],[0.25266677141189575,0.3348138928413391,0.3445526659488678,0.36825576424598694,0.3346523642539978,0.4554651379585266,0.2985725700855255,0.2916826903820038,1.0000001192092896,0.5961740016937256,0.5533055067062378,0.5499864220619202,0.3345942199230194,0.2843194305896759,0.40070703625679016,0.4133645296096802],[0.22370128333568573,0.24373821914196014,0.3271738290786743,0.25652840733528137,0.2584696114063263,0.39743101596832275,0.2529129385948181,0.25669538974761963,0.5961740016937256,1.0,0.4656878709793091,0.4600520431995392,0.23889529705047607,0.21300864219665527,0.2558138370513916,0.2973332107067108],[0.3638269007205963,0.3237343430519104,0.2705517113208771,0.4330311119556427,0.24189141392707825,0.4285132884979248,0.23953308165073395,0.2317812740802765,0.5533055067062378,0.4656878709793091,1.0,0.49441254138946533,0.32710662484169006,0.2545262277126312,0.32198581099510193,0.2734203636646271],[0.2245001196861267,0.1903092861175537,0.23149758577346802,0.47222596406936646,0.23567728698253632,0.284523606300354,0.2843778431415558,0.2670348882675171,0.5499864220619202,0.4600520431995392,0.49441254138946533,1.0,0.3387095034122467,0.19135107100009918,0.2498236745595932,0.2546277642250061],[0.27211952209472656,0.2286481261253357,0.27146095037460327,0.42882055044174194,0.3873562216758728,0.2934038043022156,0.36969295144081116,0.2955266237258911,0.3345942199230194,0.23889529705047607,0.32710662484169006,0.3387095034122467,1.0,0.13955816626548767,0.34661298990249634,0.3344860076904297],[0.22820347547531128,0.22648783028125763,0.27802929282188416,0.27313005924224854,0.27730873227119446,0.24181726574897766,0.24132667481899261,0.13991215825080872,0.2843194305896759,0.21300864219665527,0.2545262277126312,0.19135107100009918,0.13955816626548767,0.9999999403953552,0.27023744583129883,0.39935410022735596],[0.3422664701938629,0.2408151924610138,0.3270265758037567,0.49266913533210754,0.3642568588256836,0.3740603029727936,0.38055118918418884,0.30089110136032104,0.40070703625679016,0.2558138370513916,0.32198581099510193,0.2498236745595932,0.34661298990249634,0.27023744583129883,1.0,0.2799552381038666],[0.3410499095916748,0.3831174075603485,0.32187461853027344,0.2892596423625946,0.35323894023895264,0.31971392035484314,0.27964872121810913,0.1323719024658203,0.4133645296096802,0.2973332107067108,0.2734203636646271,0.2546277642250061,0.3344860076904297,0.39935410022735596,0.2799552381038666,1.0]]}