{"game_number":1,"words":["BUDDY","CHAMP","SPORT","TIGER","AMENABLE","DOWN","GAME","WILLING","AARDVARK","EERIE","LLAMA","OOZE","BLUE","BRINY","DEEP","DRINK"],"adjacency_matrix":[[1.0,0.4828472137451172,0.37561389803886414,0.3831084072589874,0.2732864022254944,0.3340871334075928,0.3603813350200653,0.2877369523048401,0.30501237511634827,0.1563348025083542,0.344618558883667,0.19702740013599396,0.3442634046077728,0.26774924993515015,0.307595431804657,0.36222678422927856],[0.4828472137451172,1.0,0.4361950159072876,0.3686368763446808,0.18322832882404327,0.3060692250728607,0.4038359522819519,0.15912725031375885,0.21057139337062836,0.1322775036096573,0.21027407050132751,0.17724841833114624,0.2797607183456421,0.2482646107673645,0.2414756715297699,0.23569631576538086],[0.37561389803886414,0.4361950159072876,1.0,0.3777731657028198,0.2955077588558197,0.3004540503025055,0.5835122466087341,0.22293314337730408,0.18100868165493011,0.1543673276901245,0.23211422562599182,0.15006393194198608,0.34719914197921753,0.2557370960712433,0.32817158102989197,0.43473950028419495],[0.3831084072589874,0.3686368763446808,0.3777731657028198,1.0,0.1744948923587799,0.31104031205177307,0.3677027225494385,0.21466588973999023,0.4236607551574707,0.17923660576343536,0.4045157730579376,0.2240377962589264,0.4536300003528595,0.2565556466579437,0.29414770007133484,0.3010760545730591],[0.2732864022254944,0.18322832882404327,0.2955077588558197,0.1744948923587799,1.0,0.2616439461708069,0.2416800707578659,0.5660089254379272,0.13531699776649475,0.19427821040153503,0.10675692558288574,0.1648513376712799,0.2319682091474533,0.3667563199996948,0.375050812959671,0.24567246437072754],[0.3340871334075928,0.3060692250728607,0.3004540503025055,0.31104031205177307,0.2616439461708069,1.0,0.37647563219070435,0.3450058698654175,0.13848789036273956,0.1673222929239273,0.18209651112556458,0.2947103679180145,0.37334299087524414,0.3766384422779083,0.4909290671348572,0.3489719331264496],[0.3603813350200653,0.4038359522819519,0.5835122466087341,0.3677027225494385,0.2416800707578659,0.37647563219070435,1.0,0.17307156324386597,0.17243477702140808,0.2107210010290146,0.2168237864971161,0.17327985167503357,0.2841152548789978,0.18687957525253296,0.31193289160728455,0.3702927529811859],[0.2877369523048401,0.15912725031375885,0.22293314337730408,0.21466588973999023,0.5660089254379272,0.3450058698654175,0.17307156324386597,1.0,0.09494122862815857,0.05220964923501015,0.11098946630954742,0.18257130682468414,0.25057128071784973,0.2837828993797302,0.2983361482620239,0.2823677659034729],[0.30501237511634827,0.21057139337062836,0.18100868165493011,0.4236607551574707,0.13531699776649475,0.13848789036273956,0.17243477702140808,0.09494122862815857,1.0,0.2204694151878357,0.43420714139938354,0.23304365575313568,0.3415684998035431,0.20385105907917023,0.17920270562171936,0.17191675305366516],[0.1563348025083542,0.1322775036096573,0.1543673276901245,0.17923660576343536,0.19427821040153503,0.1673222929239273,0.2107210010290146,0.05220964923501015,0.2204694151878357,1.0,0.16371014714241028,0.35397475957870483,0.33990323543548584,0.3634244203567505,0.37479037046432495,0.13186098635196686],[0.344618558883667,0.21027407050132751,0.23211422562599182,0.4045157730579376,0.10675692558288574,0.18209651112556458,0.2168237864971161,0.11098946630954742,0.43420714139938354,0.16371014714241028,1.0,0.17324316501617432,0.24713599681854248,0.18125806748867035,0.14860665798187256,0.24906998872756958],[0.19702740013599396,0.17724841833114624,0.15006393194198608,0.2240377962589264,0.1648513376712799,0.2947103679180145,0.17327985167503357,0.18257130682468414,0.23304365575313568,0.35397475957870483,0.17324316501617432,0.9999999403953552,0.3713797628879547,0.495831698179245,0.4015364348888397,0.3292802572250366],[0.3442634046077728,0.2797607183456421,0.34719914197921753,0.4536300003528595,0.2319682091474533,0.37334299087524414,0.2841152548789978,0.25057128071784973,0.3415684998035431,0.33990323543548584,0.24713599681854248,0.3713797628879547,1.0,0.4369877576828003,0.4467766582965851,0.35000085830688477],[0.26774924993515015,0.2482646107673645,0.2557370960712433,0.2565556466579437,0.3667563199996948,0.3766384422779083,0.18687957525253296,0.2837828993797302,0.20385105907917023,0.3634244203567505,0.18125806748867035,0.495831698179245,0.4369877576828003,1.0,0.601881742477417,0.3896879255771637],[0.307595431804657,0.2414756715297699,0.32817158102989197,0.29414770007133484,0.375050812959671,0.4909290671348572,0.31193289160728455,0.2983361482620239,0.17920270562171936,0.37479037046432495,0.14860665798187256,0.4015364348888397,0.4467766582965851,0.601881742477417,1.0,0.29186731576919556],[0.36222678422927856,0.23569631576538086,0.43473950028419495,0.3010760545730591,0.24567246437072754,0.3489719331264496,0.3702927529811859,0.2823677659034729,0.17191675305366516,0.13186098635196686,0.24906998872756958,0.3292802572250366,0.35000085830688477,0.3896879255771637,0.29186731576919556,0.9999999403953552]]}