{"game_number":301,"words":["IRIS","LENS","PUPIL","RETINA","BOGUS","FAKE","PHONY","SHAM","COPY","OUT","OVER","ROGER","ALEJANDRO","LOLA","MICHELLE","STAN"],"adjacency_matrix":[[1.0,0.4400525987148285,0.42021629214286804,0.533378005027771,0.22952431440353394,0.31819412112236023,0.22057904303073883,0.23377640545368195,0.2086329162120819,0.16255013644695282,0.19296689331531525,0.27084678411483765,0.2785058915615082,0.33398666977882385,0.3429914712905884,0.2713800072669983],[0.4400525987148285,0.9999999403953552,0.3526991009712219,0.48984792828559875,0.19707074761390686,0.2760455012321472,0.2773793935775757,0.3178282380104065,0.29062917828559875,0.2979695200920105,0.3006557524204254,0.10740777850151062,0.17926914989948273,0.1902839094400406,0.1989063024520874,0.18833565711975098],[0.42021629214286804,0.3526991009712219,1.0,0.35261642932891846,0.12722177803516388,0.17802079021930695,0.17073160409927368,0.19877499341964722,0.3124961853027344,0.23476430773735046,0.24506188929080963,0.2306828647851944,0.2271472066640854,0.28302741050720215,0.25830161571502686,0.1944648176431656],[0.533378005027771,0.48984792828559875,0.35261642932891846,0.9999999403953552,0.1707947552204132,0.24187077581882477,0.21826232969760895,0.22098122537136078,0.2968885004520416,0.26153191924095154,0.25079768896102905,0.12260759621858597,0.28573179244995117,0.2044387012720108,0.18299654126167297,0.20187948644161224],[0.22952431440353394,0.19707074761390686,0.12722177803516388,0.1707947552204132,1.0,0.7949001789093018,0.7656336426734924,0.6063700318336487,0.3694702684879303,0.38963595032691956,0.35961681604385376,0.31123480200767517,0.2464563548564911,0.2119714468717575,0.23126371204853058,0.317587673664093],[0.31819412112236023,0.2760455012321472,0.17802079021930695,0.24187077581882477,0.7949001789093018,1.0,0.7463721632957458,0.6263538599014282,0.4300787150859833,0.408511757850647,0.3607423007488251,0.3218015432357788,0.3383530080318451,0.34856143593788147,0.3462022840976715,0.39257752895355225],[0.22057904303073883,0.2773793935775757,0.17073160409927368,0.21826232969760895,0.7656336426734924,0.7463721632957458,1.0,0.6805135011672974,0.33484190702438354,0.32283952832221985,0.2627485394477844,0.31528863310813904,0.29073113203048706,0.23322077095508575,0.28625303506851196,0.3152109384536743],[0.23377640545368195,0.3178282380104065,0.19877499341964722,0.22098122537136078,0.6063700318336487,0.6263538599014282,0.6805135011672974,1.0,0.2541104853153229,0.30834949016571045,0.3196822702884674,0.26830634474754333,0.25782510638237,0.2549586892127991,0.268989235162735,0.3307753801345825],[0.2086329162120819,0.29062917828559875,0.3124961853027344,0.2968885004520416,0.3694702684879303,0.4300787150859833,0.33484190702438354,0.2541104853153229,1.0,0.43088486790657043,0.34302836656570435,0.2794046700000763,0.2544204294681549,0.2316773533821106,0.2249530404806137,0.291390061378479],[0.16255013644695282,0.2979695200920105,0.23476430773735046,0.26153191924095154,0.38963595032691956,0.408511757850647,0.32283952832221985,0.30834949016571045,0.43088486790657043,0.9999999403953552,0.6489222049713135,0.2900693416595459,0.287164568901062,0.297374427318573,0.2712840437889099,0.35668259859085083],[0.19296689331531525,0.3006557524204254,0.24506188929080963,0.25079768896102905,0.35961681604385376,0.3607423007488251,0.2627485394477844,0.3196822702884674,0.34302836656570435,0.6489222049713135,1.0,0.16931922733783722,0.260712593793869,0.23146666586399078,0.19379474222660065,0.3111976385116577],[0.27084678411483765,0.10740777850151062,0.2306828647851944,0.12260759621858597,0.31123480200767517,0.3218015432357788,0.31528863310813904,0.26830634474754333,0.2794046700000763,0.2900693416595459,0.16931922733783722,0.9999999403953552,0.37443795800209045,0.4213905334472656,0.6258498430252075,0.4739533066749573],[0.2785058915615082,0.17926914989948273,0.2271472066640854,0.28573179244995117,0.2464563548564911,0.3383530080318451,0.29073113203048706,0.25782510638237,0.2544204294681549,0.287164568901062,0.260712593793869,0.37443795800209045,1.0,0.5592803359031677,0.4723318815231323,0.36366814374923706],[0.33398666977882385,0.1902839094400406,0.28302741050720215,0.2044387012720108,0.2119714468717575,0.34856143593788147,0.23322077095508575,0.2549586892127991,0.2316773533821106,0.297374427318573,0.23146666586399078,0.4213905334472656,0.5592803359031677,1.0,0.6807655096054077,0.4659039378166199],[0.3429914712905884,0.1989063024520874,0.25830161571502686,0.18299654126167297,0.23126371204853058,0.3462022840976715,0.28625303506851196,0.268989235162735,0.2249530404806137,0.2712840437889099,0.19379474222660065,0.6258498430252075,0.4723318815231323,0.6807655096054077,1.0,0.5160377621650696],[0.2713800072669983,0.18833565711975098,0.1944648176431656,0.20187948644161224,0.317587673664093,0.39257752895355225,0.3152109384536743,0.3307753801345825,0.291390061378479,0.35668259859085083,0.3111976385116577,0.4739533066749573,0.36366814374923706,0.4659039378166199,0.5160377621650696,0.9999999403953552]]}