{"game_number":297,"words":["BOOKMARK","HISTORY","TAB","WINDOW","BUTTON","COLLAR","CUFF","POCKET","BOND","LINK","RELATION","TIE","DOZEN","JOKE","LAUNDRY","MARTINI"],"adjacency_matrix":[[1.0,0.41056695580482483,0.48283129930496216,0.45484277606010437,0.471964955329895,0.2999524772167206,0.3137212097644806,0.3653050661087036,0.3706333637237549,0.504264771938324,0.2780565917491913,0.41789042949676514,0.2063285857439041,0.35229793190956116,0.2848464548587799,0.319303035736084],[0.41056695580482483,1.0,0.3805648386478424,0.3860664665699005,0.28971385955810547,0.25625208020210266,0.24890585243701935,0.3398761749267578,0.35742396116256714,0.42004746198654175,0.5613966584205627,0.4028216600418091,0.2153538465499878,0.3992932438850403,0.32808393239974976,0.23020128905773163],[0.48283129930496216,0.3805648386478424,0.9999999403953552,0.4929552674293518,0.6061058044433594,0.34630995988845825,0.32763808965682983,0.4284803569316864,0.22438617050647736,0.45986834168434143,0.2723327577114105,0.3424498438835144,0.182518869638443,0.24338191747665405,0.26587527990341187,0.22111839056015015],[0.45484277606010437,0.3860664665699005,0.4929552674293518,1.0,0.48175477981567383,0.35488662123680115,0.2804461419582367,0.41287246346473694,0.29313963651657104,0.3661143183708191,0.3679347336292267,0.3145184814929962,0.22300493717193604,0.3270564079284668,0.3634189963340759,0.2906557619571686],[0.471964955329895,0.28971385955810547,0.6061058044433594,0.48175477981567383,1.0,0.43077322840690613,0.3841373026371002,0.38440442085266113,0.20801404118537903,0.4071137309074402,0.2727486491203308,0.33614519238471985,0.22604598104953766,0.2934141457080841,0.20885036885738373,0.24412435293197632],[0.2999524772167206,0.25625208020210266,0.34630995988845825,0.35488662123680115,0.43077322840690613,1.0,0.5439266562461853,0.4640136659145355,0.38686591386795044,0.3622280955314636,0.3516843318939209,0.4996545910835266,0.23663721978664398,0.2980073094367981,0.33915576338768005,0.32228684425354004],[0.3137212097644806,0.24890585243701935,0.32763808965682983,0.2804461419582367,0.3841373026371002,0.5439266562461853,0.9999999403953552,0.4518910050392151,0.2604837119579315,0.2949507236480713,0.2504652142524719,0.4104882478713989,0.17486721277236938,0.365585595369339,0.24129413068294525,0.28409942984580994],[0.3653050661087036,0.3398761749267578,0.4284803569316864,0.41287246346473694,0.38440442085266113,0.4640136659145355,0.4518910050392151,1.0,0.32242971658706665,0.3104182779788971,0.3006618618965149,0.39405378699302673,0.3015821874141693,0.314371794462204,0.39546719193458557,0.3192910850048065],[0.3706333637237549,0.35742396116256714,0.22438617050647736,0.29313963651657104,0.20801404118537903,0.38686591386795044,0.2604837119579315,0.32242971658706665,1.0,0.3831090033054352,0.49790242314338684,0.47999343276023865,0.10599209368228912,0.33752310276031494,0.25572022795677185,0.3007044792175293],[0.504264771938324,0.42004746198654175,0.45986834168434143,0.3661143183708191,0.4071137309074402,0.3622280955314636,0.2949507236480713,0.3104182779788971,0.3831090033054352,1.0,0.513360321521759,0.5305373668670654,0.2260051965713501,0.40704405307769775,0.25801482796669006,0.21580980718135834],[0.2780565917491913,0.5613966584205627,0.2723327577114105,0.3679347336292267,0.2727486491203308,0.3516843318939209,0.2504652142524719,0.3006618618965149,0.49790242314338684,0.513360321521759,1.0,0.4749848544597626,0.1576186865568161,0.4059087634086609,0.30262523889541626,0.23864838480949402],[0.41789042949676514,0.4028216600418091,0.3424498438835144,0.3145184814929962,0.33614519238471985,0.4996545910835266,0.4104882478713989,0.39405378699302673,0.47999343276023865,0.5305373668670654,0.4749848544597626,1.0,0.21092818677425385,0.35249853134155273,0.2847919464111328,0.27007365226745605],[0.2063285857439041,0.2153538465499878,0.182518869638443,0.22300493717193604,0.22604598104953766,0.23663721978664398,0.17486721277236938,0.3015821874141693,0.10599209368228912,0.2260051965713501,0.1576186865568161,0.21092818677425385,1.0,0.25647300481796265,0.23558309674263,0.22278986871242523],[0.35229793190956116,0.3992932438850403,0.24338191747665405,0.3270564079284668,0.2934141457080841,0.2980073094367981,0.365585595369339,0.314371794462204,0.33752310276031494,0.40704405307769775,0.4059087634086609,0.35249853134155273,0.25647300481796265,1.0,0.3756081163883209,0.302093505859375],[0.2848464548587799,0.32808393239974976,0.26587527990341187,0.3634189963340759,0.20885036885738373,0.33915576338768005,0.24129413068294525,0.39546719193458557,0.25572022795677185,0.25801482796669006,0.30262523889541626,0.2847919464111328,0.23558309674263,0.3756081163883209,0.9999999403953552,0.26661378145217896],[0.319303035736084,0.23020128905773163,0.22111839056015015,0.2906557619571686,0.24412435293197632,0.32228684425354004,0.28409942984580994,0.3192910850048065,0.3007044792175293,0.21580980718135834,0.23864838480949402,0.27007365226745605,0.22278986871242523,0.302093505859375,0.26661378145217896,1.0]]}