{
  "game_number": 551,
  "words": [
    "BLATHER",
    "CHAT",
    "JABBER",
    "GAB",
    "CONVERSE",
    "JORDAN",
    "PUMA",
    "VANS",
    "LEAD",
    "SPEECH",
    "TRIAL",
    "WATER",
    "BOW",
    "KNEEL",
    "SALUTE",
    "STAND"
  ],
  "adjacency_matrix": [
    [
      1.0,
      0.3662731647491455,
      0.5260933041572571,
      0.22159788012504578,
      0.33682504296302795,
      0.19809328019618988,
      0.16479896008968353,
      0.1996268779039383,
      0.3130120038986206,
      0.3648015260696411,
      0.25525426864624023,
      0.26251286268234253,
      0.2890549898147583,
      0.1901116669178009,
      0.33446088433265686,
      0.34731683135032654
    ],
    [
      0.3662731647491455,
      1.0,
      0.5879652500152588,
      0.38399380445480347,
      0.47118422389030457,
      0.19529961049556732,
      0.20822390913963318,
      0.18989697098731995,
      0.28751927614212036,
      0.379061758518219,
      0.3273194432258606,
      0.2768251597881317,
      0.28590142726898193,
      0.25374311208724976,
      0.2970079481601715,
      0.36461517214775085
    ],
    [
      0.5260933041572571,
      0.5879652500152588,
      1.0,
      0.3752133250236511,
      0.39012619853019714,
      0.19407448172569275,
      0.2599532902240753,
      0.23828907310962677,
      0.20590254664421082,
      0.3984358012676239,
      0.2134804129600525,
      0.2504620850086212,
      0.315411776304245,
      0.2172381430864334,
      0.27861374616622925,
      0.2512786388397217
    ],
    [
      0.22159788012504578,
      0.38399380445480347,
      0.3752133250236511,
      1.0,
      0.18720175325870514,
      0.2573429346084595,
      0.05606964975595474,
      0.11884645372629166,
      0.008831475861370564,
      0.18141669034957886,
      -0.009299256838858128,
      0.10855254530906677,
      0.21689879894256592,
      0.12659001350402832,
      0.14644812047481537,
      0.080976702272892
    ],
    [
      0.33682504296302795,
      0.47118422389030457,
      0.39012619853019714,
      0.18720175325870514,
      1.0,
      0.1261245608329773,
      0.18111896514892578,
      0.16451923549175262,
      0.3272501230239868,
      0.2950413227081299,
      0.29081520438194275,
      0.23461785912513733,
      0.27820348739624023,
      0.3434826731681824,
      0.29369309544563293,
      0.41083434224128723
    ],
    [
      0.19809328019618988,
      0.19529961049556732,
      0.19407448172569275,
      0.2573429346084595,
      0.1261245608329773,
      1.0,
      0.34043964743614197,
      0.16174474358558655,
      0.11996012181043625,
      0.07238686829805374,
      0.1158708930015564,
      0.25964632630348206,
      0.13956674933433533,
      0.11625611782073975,
      0.09192214906215668,
      0.08077453821897507
    ],
    [
      0.16479896008968353,
      0.20822390913963318,
      0.2599532902240753,
      0.05606964975595474,
      0.18111896514892578,
      0.34043964743614197,
      1.0,
      0.27421578764915466,
      0.22993887960910797,
      0.2351159155368805,
      0.1918388456106186,
      0.30962514877319336,
      0.24237370491027832,
      0.19635921716690063,
      0.1816321313381195,
      0.22714486718177795
    ],
    [
      0.1996268779039383,
      0.18989697098731995,
      0.23828907310962677,
      0.11884645372629166,
      0.16451923549175262,
      0.16174474358558655,
      0.27421578764915466,
      0.9999999403953552,
      0.23664222657680511,
      0.17519843578338623,
      0.2244768589735031,
      0.2840613126754761,
      0.19547519087791443,
      0.2142438143491745,
      0.21457356214523315,
      0.296050488948822
    ],
    [
      0.3130120038986206,
      0.28751927614212036,
      0.20590254664421082,
      0.008831475861370564,
      0.3272501230239868,
      0.11996012181043625,
      0.22993887960910797,
      0.23664222657680511,
      1.0,
      0.3418276906013489,
      0.3839151859283447,
      0.3791118562221527,
      0.3875106871128082,
      0.3268851041793823,
      0.38425058126449585,
      0.5266276001930237
    ],
    [
      0.3648015260696411,
      0.379061758518219,
      0.3984358012676239,
      0.18141669034957886,
      0.2950413227081299,
      0.07238686829805374,
      0.2351159155368805,
      0.17519843578338623,
      0.3418276906013489,
      1.0000001192092896,
      0.41666242480278015,
      0.2892959713935852,
      0.2848550081253052,
      0.21724171936511993,
      0.3848477900028229,
      0.3778389096260071
    ],
    [
      0.25525426864624023,
      0.3273194432258606,
      0.2134804129600525,
      -0.009299256838858128,
      0.29081520438194275,
      0.1158708930015564,
      0.1918388456106186,
      0.2244768589735031,
      0.3839151859283447,
      0.41666242480278015,
      1.0,
      0.2879914939403534,
      0.24029073119163513,
      0.2657148241996765,
      0.297600656747818,
      0.48902463912963867
    ],
    [
      0.26251286268234253,
      0.2768251597881317,
      0.2504620850086212,
      0.10855254530906677,
      0.23461785912513733,
      0.25964632630348206,
      0.30962514877319336,
      0.2840613126754761,
      0.3791118562221527,
      0.2892959713935852,
      0.2879914939403534,
      0.9999999403953552,
      0.38430437445640564,
      0.29442670941352844,
      0.30564141273498535,
      0.3565133213996887
    ],
    [
      0.2890549898147583,
      0.28590142726898193,
      0.315411776304245,
      0.21689879894256592,
      0.27820348739624023,
      0.13956674933433533,
      0.24237370491027832,
      0.19547519087791443,
      0.3875106871128082,
      0.2848550081253052,
      0.24029073119163513,
      0.38430437445640564,
      1.0,
      0.5176780223846436,
      0.5547339916229248,
      0.4900990128517151
    ],
    [
      0.1901116669178009,
      0.25374311208724976,
      0.2172381430864334,
      0.12659001350402832,
      0.3434826731681824,
      0.11625611782073975,
      0.19635921716690063,
      0.2142438143491745,
      0.3268851041793823,
      0.21724171936511993,
      0.2657148241996765,
      0.29442670941352844,
      0.5176780223846436,
      1.0,
      0.44780176877975464,
      0.5910911560058594
    ],
    [
      0.33446088433265686,
      0.2970079481601715,
      0.27861374616622925,
      0.14644812047481537,
      0.29369309544563293,
      0.09192214906215668,
      0.1816321313381195,
      0.21457356214523315,
      0.38425058126449585,
      0.3848477900028229,
      0.297600656747818,
      0.30564141273498535,
      0.5547339916229248,
      0.44780176877975464,
      1.0,
      0.4706144332885742
    ],
    [
      0.34731683135032654,
      0.36461517214775085,
      0.2512786388397217,
      0.080976702272892,
      0.41083434224128723,
      0.08077453821897507,
      0.22714486718177795,
      0.296050488948822,
      0.5266276001930237,
      0.3778389096260071,
      0.48902463912963867,
      0.3565133213996887,
      0.4900990128517151,
      0.5910911560058594,
      0.4706144332885742,
      1.0
    ]
  ]
}