{"game_number":345,"words":["FURIOUS","INCENSED","IRATE","LIVID","BANANA","CANARY","SCHOOLBUS","SUNFLOWER","BOOBY","GULL","PELICAN","PUFFIN","BEACH","BEASTIE","HARDY","LOST"],"adjacency_matrix":[[1.0,0.6653805375099182,0.6230319142341614,0.6291046142578125,0.2532624304294586,0.24350370466709137,0.20104213058948517,0.1351121962070465,0.2647639513015747,0.3200802206993103,0.2429606318473816,0.25232797861099243,0.22460082173347473,0.39309605956077576,0.38821569085121155,0.40548190474510193],[0.6653805375099182,0.9999999403953552,0.6881303787231445,0.6502519249916077,0.1740831583738327,0.22623802721500397,0.1860453188419342,0.1725534349679947,0.16917850077152252,0.2551351487636566,0.2162269800901413,0.1851503551006317,0.19549411535263062,0.28649404644966125,0.3085585832595825,0.46220123767852783],[0.6230319142341614,0.6881303787231445,1.0,0.5404639840126038,0.24038152396678925,0.23433616757392883,0.2233707457780838,0.16125516593456268,0.19780996441841125,0.32418063282966614,0.2530967891216278,0.21581774950027466,0.1721569150686264,0.3263378441333771,0.3499341607093811,0.3320108950138092],[0.6291046142578125,0.6502519249916077,0.5404639840126038,1.0,0.22186821699142456,0.22192266583442688,0.2196563184261322,0.17816323041915894,0.21539561450481415,0.22007869184017181,0.16786307096481323,0.177699476480484,0.2006732076406479,0.28603395819664,0.31711888313293457,0.3552311360836029],[0.2532624304294586,0.1740831583738327,0.24038152396678925,0.22186821699142456,0.9999999403953552,0.40993183851242065,0.3279029428958893,0.475073903799057,0.35032087564468384,0.31171688437461853,0.3454420268535614,0.3603685200214386,0.3848995268344879,0.40069714188575745,0.31610047817230225,0.29429808259010315],[0.24350370466709137,0.22623802721500397,0.23433616757392883,0.22192266583442688,0.40993183851242065,1.0,0.3344358205795288,0.361568808555603,0.40689387917518616,0.4555187225341797,0.47902774810791016,0.42690417170524597,0.3210245668888092,0.42418909072875977,0.35591793060302734,0.30116361379623413],[0.20104213058948517,0.1860453188419342,0.2233707457780838,0.2196563184261322,0.3279029428958893,0.3344358205795288,0.9999999403953552,0.37843742966651917,0.2949976623058319,0.37516704201698303,0.4075275659561157,0.29099351167678833,0.3930754065513611,0.3754507303237915,0.23348265886306763,0.19618181884288788],[0.1351121962070465,0.1725534349679947,0.16125516593456268,0.17816323041915894,0.475073903799057,0.361568808555603,0.37843742966651917,1.0,0.2631857395172119,0.38349416851997375,0.4241074323654175,0.39190688729286194,0.29438966512680054,0.3097449839115143,0.35250017046928406,0.24373921751976013],[0.2647639513015747,0.16917850077152252,0.19780996441841125,0.21539561450481415,0.35032087564468384,0.40689387917518616,0.2949976623058319,0.2631857395172119,1.0,0.4836665987968445,0.39557525515556335,0.45315101742744446,0.29668959975242615,0.43143513798713684,0.2773359715938568,0.23767176270484924],[0.3200802206993103,0.2551351487636566,0.32418063282966614,0.22007869184017181,0.31171688437461853,0.4555187225341797,0.37516704201698303,0.38349416851997375,0.4836665987968445,1.0,0.6011325120925903,0.6575864553451538,0.37257519364356995,0.49428027868270874,0.33979398012161255,0.2513106167316437],[0.2429606318473816,0.2162269800901413,0.2530967891216278,0.16786307096481323,0.3454420268535614,0.47902774810791016,0.4075275659561157,0.4241074323654175,0.39557525515556335,0.6011325120925903,1.0,0.5564571619033813,0.39676886796951294,0.4639744758605957,0.2711344063282013,0.2604995369911194],[0.25232797861099243,0.1851503551006317,0.21581774950027466,0.177699476480484,0.3603685200214386,0.42690417170524597,0.29099351167678833,0.39190688729286194,0.45315101742744446,0.6575864553451538,0.5564571619033813,1.0,0.34983840584754944,0.5337812900543213,0.3587256669998169,0.2754218280315399],[0.22460082173347473,0.19549411535263062,0.1721569150686264,0.2006732076406479,0.3848995268344879,0.3210245668888092,0.3930754065513611,0.29438966512680054,0.29668959975242615,0.37257519364356995,0.39676886796951294,0.34983840584754944,0.9999999403953552,0.36183056235313416,0.2631469666957855,0.3014598488807678],[0.39309605956077576,0.28649404644966125,0.3263378441333771,0.28603395819664,0.40069714188575745,0.42418909072875977,0.3754507303237915,0.3097449839115143,0.43143513798713684,0.49428027868270874,0.4639744758605957,0.5337812900543213,0.36183056235313416,1.0,0.4876523017883301,0.29438239336013794],[0.38821569085121155,0.3085585832595825,0.3499341607093811,0.31711888313293457,0.31610047817230225,0.35591793060302734,0.23348265886306763,0.35250017046928406,0.2773359715938568,0.33979398012161255,0.2711344063282013,0.3587256669998169,0.2631469666957855,0.4876523017883301,1.0,0.286905974149704],[0.40548190474510193,0.46220123767852783,0.3320108950138092,0.3552311360836029,0.29429808259010315,0.30116361379623413,0.19618181884288788,0.24373921751976013,0.23767176270484924,0.2513106167316437,0.2604995369911194,0.2754218280315399,0.3014598488807678,0.29438239336013794,0.286905974149704,1.0]]}