{"game_number":327,"words":["GAS","LIQUID","PLASMA","SOLID","JUICE","SPIRIT","STEAM","VIGOR","AIR","EARTH","FIRE","WATER","CIRCUS","SATURN","TREE","WEDDING"],"adjacency_matrix":[[0.9999999403953552,0.5944470763206482,0.527569591999054,0.38361871242523193,0.4318767488002777,0.2805769741535187,0.5410383939743042,0.212971493601799,0.5589702725410461,0.3593394160270691,0.45171529054641724,0.5864284038543701,0.3460116386413574,0.27596646547317505,0.3076598644256592,0.289499968290329],[0.5944470763206482,1.0,0.5360279083251953,0.5935763716697693,0.5562201738357544,0.3398849070072174,0.4739372134208679,0.24751971662044525,0.5110609531402588,0.4064119756221771,0.3538151979446411,0.6449357867240906,0.2821769416332245,0.35054537653923035,0.25153905153274536,0.2497098296880722],[0.527569591999054,0.5360279083251953,1.0,0.37924623489379883,0.3552415072917938,0.30811670422554016,0.37963417172431946,0.23772455751895905,0.38983410596847534,0.36067119240760803,0.3516356647014618,0.4538387954235077,0.22880204021930695,0.34666043519973755,0.2439042180776596,0.17554835975170135],[0.38361871242523193,0.5935763716697693,0.37924623489379883,1.0,0.33443906903266907,0.388054758310318,0.37540391087532043,0.348063588142395,0.42594924569129944,0.3974708020687103,0.31790289282798767,0.4003121554851532,0.2844955027103424,0.3764897286891937,0.29885879158973694,0.24477902054786682],[0.4318767488002777,0.5562201738357544,0.3552415072917938,0.33443906903266907,1.0,0.37286117672920227,0.45091602206230164,0.36076441407203674,0.38023561239242554,0.2883182168006897,0.3341069519519806,0.5270039439201355,0.28085774183273315,0.30004051327705383,0.37421345710754395,0.21544545888900757],[0.2805769741535187,0.3398849070072174,0.30811670422554016,0.388054758310318,0.37286117672920227,1.0,0.3378896713256836,0.5870025753974915,0.4307819604873657,0.4279271066188812,0.3958543539047241,0.4225958287715912,0.33417773246765137,0.3446718156337738,0.3746071457862854,0.2877430319786072],[0.5410383939743042,0.4739372134208679,0.37963417172431946,0.37540391087532043,0.45091602206230164,0.3378896713256836,1.0,0.3535776138305664,0.48177334666252136,0.29733845591545105,0.4755091667175293,0.5601678490638733,0.33827778697013855,0.27190154790878296,0.2633364498615265,0.227162703871727],[0.212971493601799,0.24751971662044525,0.23772455751895905,0.348063588142395,0.36076441407203674,0.5870025753974915,0.3535776138305664,1.0,0.3661711513996124,0.27054646611213684,0.3253059983253479,0.33577480912208557,0.22867436707019806,0.18150411546230316,0.3185640573501587,0.11493270099163055],[0.5589702725410461,0.5110609531402588,0.38983410596847534,0.42594924569129944,0.38023561239242554,0.4307819604873657,0.48177334666252136,0.3661711513996124,1.0,0.5062605142593384,0.5164955854415894,0.6301933526992798,0.3469153046607971,0.3284353017807007,0.35833677649497986,0.3476831614971161],[0.3593394160270691,0.4064119756221771,0.36067119240760803,0.3974708020687103,0.2883182168006897,0.4279271066188812,0.29733845591545105,0.27054646611213684,0.5062605142593384,1.0,0.39524030685424805,0.54532390832901,0.31597185134887695,0.4726337194442749,0.4398878216743469,0.22865673899650574],[0.45171529054641724,0.3538151979446411,0.3516356647014618,0.31790289282798767,0.3341069519519806,0.3958543539047241,0.4755091667175293,0.3253059983253479,0.5164955854415894,0.39524030685424805,1.0,0.48342955112457275,0.3338412940502167,0.3092174828052521,0.44163185358047485,0.3673640489578247],[0.5864284038543701,0.6449357867240906,0.4538387954235077,0.4003121554851532,0.5270039439201355,0.4225958287715912,0.5601678490638733,0.33577480912208557,0.6301933526992798,0.54532390832901,0.48342955112457275,0.9999999403953552,0.28598451614379883,0.33684805035591125,0.4229559898376465,0.3253108859062195],[0.3460116386413574,0.2821769416332245,0.22880204021930695,0.2844955027103424,0.28085774183273315,0.33417773246765137,0.33827778697013855,0.22867436707019806,0.3469153046607971,0.31597185134887695,0.3338412940502167,0.28598451614379883,0.9999999403953552,0.32605263590812683,0.3593316674232483,0.4126720726490021],[0.27596646547317505,0.35054537653923035,0.34666043519973755,0.3764897286891937,0.30004051327705383,0.3446718156337738,0.27190154790878296,0.18150411546230316,0.3284353017807007,0.4726337194442749,0.3092174828052521,0.33684805035591125,0.32605263590812683,1.0,0.3653471767902374,0.2839334011077881],[0.3076598644256592,0.25153905153274536,0.2439042180776596,0.29885879158973694,0.37421345710754395,0.3746071457862854,0.2633364498615265,0.3185640573501587,0.35833677649497986,0.4398878216743469,0.44163185358047485,0.4229559898376465,0.3593316674232483,0.3653471767902374,1.0,0.3446654975414276],[0.289499968290329,0.2497098296880722,0.17554835975170135,0.24477902054786682,0.21544545888900757,0.2877430319786072,0.227162703871727,0.11493270099163055,0.3476831614971161,0.22865673899650574,0.3673640489578247,0.3253108859062195,0.4126720726490021,0.2839334011077881,0.3446654975414276,1.0]]}