{"game_number":156,"words":["GRAZE","NIBBLE","PECK","SNACK","HUNT","TRACK","TRAIL","STALK","BEANS","PASTA","STOCK","VEGETABLES","BROAD","FORE","POD","TYPE"],"adjacency_matrix":[[1.0,0.4830280840396881,0.47554734349250793,0.3723905086517334,0.46915605664253235,0.3980003297328949,0.3333987891674042,0.36032646894454956,0.3175206482410431,0.21559354662895203,0.4209500551223755,0.369793564081192,0.26617807149887085,0.375022828578949,0.30790039896965027,0.2719302475452423],[0.4830280840396881,1.0,0.5694032311439514,0.5287158489227295,0.4070970118045807,0.23914103209972382,0.29580143094062805,0.323395699262619,0.33720266819000244,0.304117351770401,0.2656591236591339,0.33991771936416626,0.28898465633392334,0.2586906850337982,0.24526849389076233,0.22233794629573822],[0.47554734349250793,0.5694032311439514,0.9999999403953552,0.35492298007011414,0.5100955963134766,0.3203456401824951,0.2592465579509735,0.3720582127571106,0.36804434657096863,0.22134128212928772,0.28426647186279297,0.26535099744796753,0.26156583428382874,0.3458617031574249,0.3212810158729553,0.3163873851299286],[0.3723905086517334,0.5287158489227295,0.35492298007011414,1.0,0.39178770780563354,0.3998577892780304,0.43943366408348083,0.2848784029483795,0.3839057981967926,0.4645653963088989,0.42923662066459656,0.4224581718444824,0.3216778337955475,0.24810385704040527,0.3664991855621338,0.42528796195983887],[0.46915605664253235,0.4070970118045807,0.5100955963134766,0.39178770780563354,1.0,0.47310009598731995,0.522367000579834,0.4543984830379486,0.2940119504928589,0.22472739219665527,0.35491612553596497,0.2842818796634674,0.29149726033210754,0.43670716881752014,0.29728376865386963,0.36645039916038513],[0.3980003297328949,0.23914103209972382,0.3203456401824951,0.3998577892780304,0.47310009598731995,1.0,0.6034024953842163,0.4107391834259033,0.2480379343032837,0.21346284449100494,0.449591726064682,0.23349066078662872,0.41921916604042053,0.4224231243133545,0.2853323221206665,0.4285832643508911],[0.3333987891674042,0.29580143094062805,0.2592465579509735,0.43943366408348083,0.522367000579834,0.6034024953842163,1.0,0.39134708046913147,0.24205432832241058,0.2585623562335968,0.3602255582809448,0.28405147790908813,0.3854309618473053,0.3806910514831543,0.26057401299476624,0.4026859700679779],[0.36032646894454956,0.323395699262619,0.3720582127571106,0.2848784029483795,0.4543984830379486,0.4107391834259033,0.39134708046913147,1.0,0.2782154381275177,0.24001343548297882,0.2782849669456482,0.30266815423965454,0.22310692071914673,0.2873317003250122,0.34952521324157715,0.2891562879085541],[0.3175206482410431,0.33720266819000244,0.36804434657096863,0.3839057981967926,0.2940119504928589,0.2480379343032837,0.24205432832241058,0.2782154381275177,0.9999999403953552,0.4324296712875366,0.3257599472999573,0.5650560855865479,0.2454831600189209,0.2531343102455139,0.4205985367298126,0.30567777156829834],[0.21559354662895203,0.304117351770401,0.22134128212928772,0.4645653963088989,0.22472739219665527,0.21346284449100494,0.2585623562335968,0.24001343548297882,0.4324296712875366,1.0,0.3088352084159851,0.4639217257499695,0.2615189552307129,0.1882838010787964,0.2662458121776581,0.3316933214664459],[0.4209500551223755,0.2656591236591339,0.28426647186279297,0.42923662066459656,0.35491612553596497,0.449591726064682,0.3602255582809448,0.2782849669456482,0.3257599472999573,0.3088352084159851,0.9999999403953552,0.3979690968990326,0.3623228371143341,0.35051512718200684,0.32981619238853455,0.478249192237854],[0.369793564081192,0.33991771936416626,0.26535099744796753,0.4224581718444824,0.2842818796634674,0.23349066078662872,0.28405147790908813,0.30266815423965454,0.5650560855865479,0.4639217257499695,0.3979690968990326,1.0,0.2940509021282196,0.25190597772598267,0.283291220664978,0.29203885793685913],[0.26617807149887085,0.28898465633392334,0.26156583428382874,0.3216778337955475,0.29149726033210754,0.41921916604042053,0.3854309618473053,0.22310692071914673,0.2454831600189209,0.2615189552307129,0.3623228371143341,0.2940509021282196,1.0,0.44375351071357727,0.17121395468711853,0.42443662881851196],[0.375022828578949,0.2586906850337982,0.3458617031574249,0.24810385704040527,0.43670716881752014,0.4224231243133545,0.3806910514831543,0.2873317003250122,0.2531343102455139,0.1882838010787964,0.35051512718200684,0.25190597772598267,0.44375351071357727,1.0,0.362000048160553,0.36988288164138794],[0.30790039896965027,0.24526849389076233,0.3212810158729553,0.3664991855621338,0.29728376865386963,0.2853323221206665,0.26057401299476624,0.34952521324157715,0.4205985367298126,0.2662458121776581,0.32981619238853455,0.283291220664978,0.17121395468711853,0.362000048160553,1.0,0.3439580798149109],[0.2719302475452423,0.22233794629573822,0.3163873851299286,0.42528796195983887,0.36645039916038513,0.4285832643508911,0.4026859700679779,0.2891562879085541,0.30567777156829834,0.3316933214664459,0.478249192237854,0.29203885793685913,0.42443662881851196,0.36988288164138794,0.3439580798149109,1.0000001192092896]]}