{"game_number":110,"words":["EXTENT","RANGE","REACH","SCOPE","BRUSH","COMB","DRYER","IRON","ARMS","COAT","CREST","SHIELD","EAR","KETTLE","OIL","STEEL"],"adjacency_matrix":[[1.0,0.5275759696960449,0.476887047290802,0.6070078015327454,0.3330477476119995,0.2458835393190384,0.2017391324043274,0.3148031234741211,0.2561511993408203,0.20878197252750397,0.29840773344039917,0.3280293047428131,0.3117012083530426,0.21876125037670135,0.28761419653892517,0.24169771373271942],[0.5275759696960449,1.0000001192092896,0.5451810359954834,0.6075424551963806,0.4041960835456848,0.3304145336151123,0.3180449604988098,0.3041498064994812,0.3289901912212372,0.2959718406200409,0.38517045974731445,0.36023369431495667,0.38313066959381104,0.2745000422000885,0.2859194874763489,0.2872456908226013],[0.476887047290802,0.5451810359954834,1.0,0.5163499712944031,0.37742879986763,0.3594149351119995,0.260345458984375,0.30794447660446167,0.35047832131385803,0.29651913046836853,0.3829389810562134,0.3930439352989197,0.39134764671325684,0.2333383411169052,0.2154974490404129,0.2543319761753082],[0.6070078015327454,0.6075424551963806,0.5163499712944031,1.0,0.36585861444473267,0.28524941205978394,0.22104501724243164,0.2611103951931,0.3249434232711792,0.25979140400886536,0.3006742596626282,0.32447168231010437,0.27657514810562134,0.2452179193496704,0.2229117453098297,0.26663556694984436],[0.3330477476119995,0.4041960835456848,0.37742879986763,0.36585861444473267,0.9999999403953552,0.5493144392967224,0.42446810007095337,0.3340175449848175,0.3097791075706482,0.47820839285850525,0.3649909198284149,0.40413719415664673,0.37437042593955994,0.35068613290786743,0.4374302625656128,0.3560333549976349],[0.2458835393190384,0.3304145336151123,0.3594149351119995,0.28524941205978394,0.5493144392967224,1.0,0.38413500785827637,0.3476714491844177,0.31373822689056396,0.44762712717056274,0.3421999216079712,0.3916493356227875,0.4310126006603241,0.31639376282691956,0.33882761001586914,0.3685854375362396],[0.2017391324043274,0.3180449604988098,0.260345458984375,0.22104501724243164,0.42446810007095337,0.38413500785827637,1.0,0.3766286373138428,0.21233639121055603,0.3957561254501343,0.22857163846492767,0.2177358716726303,0.3126301169395447,0.3793661892414093,0.30028390884399414,0.3274368345737457],[0.3148031234741211,0.3041498064994812,0.30794447660446167,0.2611103951931,0.3340175449848175,0.3476714491844177,0.3766286373138428,1.0000001192092896,0.428828626871109,0.429320752620697,0.30416443943977356,0.43018484115600586,0.3058449625968933,0.42447954416275024,0.39420655369758606,0.7059487104415894],[0.2561511993408203,0.3289901912212372,0.35047832131385803,0.3249434232711792,0.3097791075706482,0.31373822689056396,0.21233639121055603,0.428828626871109,1.0,0.5907188653945923,0.4687555432319641,0.5387486219406128,0.3128143548965454,0.25737252831459045,0.3913167715072632,0.42567679286003113],[0.20878197252750397,0.2959718406200409,0.29651913046836853,0.25979140400886536,0.47820839285850525,0.44762712717056274,0.3957561254501343,0.429320752620697,0.5907188653945923,1.0,0.5003140568733215,0.5359857678413391,0.32256683707237244,0.3319374620914459,0.4047645926475525,0.4029912054538727],[0.29840773344039917,0.38517045974731445,0.3829389810562134,0.3006742596626282,0.3649909198284149,0.3421999216079712,0.22857163846492767,0.30416443943977356,0.4687555432319641,0.5003140568733215,1.0,0.5707785487174988,0.34407559037208557,0.29042938351631165,0.2161593735218048,0.3400683104991913],[0.3280293047428131,0.36023369431495667,0.3930439352989197,0.32447168231010437,0.40413719415664673,0.3916493356227875,0.2177358716726303,0.43018484115600586,0.5387486219406128,0.5359857678413391,0.5707785487174988,1.0,0.3573334515094757,0.2588079869747162,0.3166221082210541,0.47834643721580505],[0.3117012083530426,0.38313066959381104,0.39134764671325684,0.27657514810562134,0.37437042593955994,0.4310126006603241,0.3126301169395447,0.3058449625968933,0.3128143548965454,0.32256683707237244,0.34407559037208557,0.3573334515094757,1.0,0.2702973186969757,0.25844669342041016,0.3163698613643646],[0.21876125037670135,0.2745000422000885,0.2333383411169052,0.2452179193496704,0.35068613290786743,0.31639376282691956,0.3793661892414093,0.42447954416275024,0.25737252831459045,0.3319374620914459,0.29042938351631165,0.2588079869747162,0.2702973186969757,1.0,0.3484736680984497,0.3625359535217285],[0.28761419653892517,0.2859194874763489,0.2154974490404129,0.2229117453098297,0.4374302625656128,0.33882761001586914,0.30028390884399414,0.39420655369758606,0.3913167715072632,0.4047645926475525,0.2161593735218048,0.3166221082210541,0.25844669342041016,0.3484736680984497,1.0,0.43817493319511414],[0.24169771373271942,0.2872456908226013,0.2543319761753082,0.26663556694984436,0.3560333549976349,0.3685854375362396,0.3274368345737457,0.7059487104415894,0.42567679286003113,0.4029912054538727,0.3400683104991913,0.47834643721580505,0.3163698613643646,0.3625359535217285,0.43817493319511414,1.0000001192092896]]}