{
  "game_number": 193,
  "words": [
    "CHEAT",
    "CON",
    "FAKE",
    "QUACK",
    "BOLT",
    "DOWN",
    "GOBBLE",
    "SCARF",
    "FAT",
    "GIVING",
    "SUPER",
    "TACO",
    "BUGGY",
    "ERRATIC",
    "GLITCHY",
    "SPOTTY"
  ],
  "adjacency_matrix": [
    [
      0.9999999403953552,
      0.46213603019714355,
      0.5521382689476013,
      0.3576020896434784,
      0.2960691452026367,
      0.35156306624412537,
      0.3211846351623535,
      0.3244995176792145,
      0.4063057601451874,
      0.30202245712280273,
      0.35453730821609497,
      0.24014262855052948,
      0.35348331928253174,
      0.31222397089004517,
      0.36754411458969116,
      0.2312953770160675
    ],
    [
      0.46213603019714355,
      1.0,
      0.41884616017341614,
      0.32622477412223816,
      0.2620428204536438,
      0.260595440864563,
      0.16771212220191956,
      0.21444718539714813,
      0.30343952775001526,
      0.27691781520843506,
      0.39729878306388855,
      0.35146814584732056,
      0.17775584757328033,
      0.17522773146629333,
      0.19067826867103577,
      0.17292971909046173
    ],
    [
      0.5521382689476013,
      0.41884616017341614,
      1.0,
      0.48507532477378845,
      0.288856565952301,
      0.3269965350627899,
      0.2504429519176483,
      0.44285842776298523,
      0.4247269928455353,
      0.4200178384780884,
      0.4202476441860199,
      0.28228849172592163,
      0.3015352487564087,
      0.3443598449230194,
      0.4527799189090729,
      0.3444235920906067
    ],
    [
      0.3576020896434784,
      0.32622477412223816,
      0.48507532477378845,
      1.0,
      0.24803951382637024,
      0.26554495096206665,
      0.26110053062438965,
      0.28196781873703003,
      0.3561002314090729,
      0.2428005486726761,
      0.34434249997138977,
      0.26000699400901794,
      0.2644743323326111,
      0.3261496126651764,
      0.29786407947540283,
      0.29782789945602417
    ],
    [
      0.2960691452026367,
      0.2620428204536438,
      0.288856565952301,
      0.24803951382637024,
      1.0,
      0.43118950724601746,
      0.32007360458374023,
      0.3920738101005554,
      0.2861167788505554,
      0.23200249671936035,
      0.2889830470085144,
      0.33840212225914,
      0.3882025182247162,
      0.33880293369293213,
      0.2830754816532135,
      0.2378462702035904
    ],
    [
      0.35156306624412537,
      0.260595440864563,
      0.3269965350627899,
      0.26554495096206665,
      0.43118950724601746,
      1.0,
      0.3942863941192627,
      0.33107057213783264,
      0.3562963604927063,
      0.36832359433174133,
      0.26313257217407227,
      0.22823892533779144,
      0.32687798142433167,
      0.3215183615684509,
      0.2824931740760803,
      0.32047680020332336
    ],
    [
      0.3211846351623535,
      0.16771212220191956,
      0.2504429519176483,
      0.26110053062438965,
      0.32007360458374023,
      0.3942863941192627,
      1.0,
      0.24757912755012512,
      0.37216830253601074,
      0.2968102693557739,
      0.2091236561536789,
      0.2675904333591461,
      0.2534646987915039,
      0.24546405673027039,
      0.2697177529335022,
      0.22811302542686462
    ],
    [
      0.3244995176792145,
      0.21444718539714813,
      0.44285842776298523,
      0.28196781873703003,
      0.3920738101005554,
      0.33107057213783264,
      0.24757912755012512,
      0.9999999403953552,
      0.3654135763645172,
      0.2924513518810272,
      0.2956903576850891,
      0.28400540351867676,
      0.2874293923377991,
      0.2527811825275421,
      0.26504838466644287,
      0.29360231757164
    ],
    [
      0.4063057601451874,
      0.30343952775001526,
      0.4247269928455353,
      0.3561002314090729,
      0.2861167788505554,
      0.3562963604927063,
      0.37216830253601074,
      0.3654135763645172,
      1.0,
      0.28096240758895874,
      0.48445722460746765,
      0.35021358728408813,
      0.25533685088157654,
      0.31397348642349243,
      0.27211886644363403,
      0.34538543224334717
    ],
    [
      0.30202245712280273,
      0.27691781520843506,
      0.4200178384780884,
      0.2428005486726761,
      0.23200249671936035,
      0.36832359433174133,
      0.2968102693557739,
      0.2924513518810272,
      0.28096240758895874,
      1.0,
      0.34013831615448,
      0.2279607504606247,
      0.18678592145442963,
      0.2609407901763916,
      0.2507195770740509,
      0.3129788935184479
    ],
    [
      0.35453730821609497,
      0.39729878306388855,
      0.4202476441860199,
      0.34434249997138977,
      0.2889830470085144,
      0.26313257217407227,
      0.2091236561536789,
      0.2956903576850891,
      0.48445722460746765,
      0.34013831615448,
      1.0,
      0.3028044104576111,
      0.26643088459968567,
      0.32700544595718384,
      0.3823251724243164,
      0.3438069820404053
    ],
    [
      0.24014262855052948,
      0.35146814584732056,
      0.28228849172592163,
      0.26000699400901794,
      0.33840212225914,
      0.22823892533779144,
      0.2675904333591461,
      0.28400540351867676,
      0.35021358728408813,
      0.2279607504606247,
      0.3028044104576111,
      1.0,
      0.3169797658920288,
      0.13679318130016327,
      0.21402166783809662,
      0.22544792294502258
    ],
    [
      0.35348331928253174,
      0.17775584757328033,
      0.3015352487564087,
      0.2644743323326111,
      0.3882025182247162,
      0.32687798142433167,
      0.2534646987915039,
      0.2874293923377991,
      0.25533685088157654,
      0.18678592145442963,
      0.26643088459968567,
      0.3169797658920288,
      1.0,
      0.4852140545845032,
      0.5294161438941956,
      0.43008875846862793
    ],
    [
      0.31222397089004517,
      0.17522773146629333,
      0.3443598449230194,
      0.3261496126651764,
      0.33880293369293213,
      0.3215183615684509,
      0.24546405673027039,
      0.2527811825275421,
      0.31397348642349243,
      0.2609407901763916,
      0.32700544595718384,
      0.13679318130016327,
      0.4852140545845032,
      0.9999999403953552,
      0.5739677548408508,
      0.6390402317047119
    ],
    [
      0.36754411458969116,
      0.19067826867103577,
      0.4527799189090729,
      0.29786407947540283,
      0.2830754816532135,
      0.2824931740760803,
      0.2697177529335022,
      0.26504838466644287,
      0.27211886644363403,
      0.2507195770740509,
      0.3823251724243164,
      0.21402166783809662,
      0.5294161438941956,
      0.5739677548408508,
      1.0,
      0.529708981513977
    ],
    [
      0.2312953770160675,
      0.17292971909046173,
      0.3444235920906067,
      0.29782789945602417,
      0.2378462702035904,
      0.32047680020332336,
      0.22811302542686462,
      0.29360231757164,
      0.34538543224334717,
      0.3129788935184479,
      0.3438069820404053,
      0.22544792294502258,
      0.43008875846862793,
      0.6390402317047119,
      0.529708981513977,
      1.0
    ]
  ]
}