{"game_number":138,"words":["DOWN","INHALE","SCARF","WOLF","CONCENTRATION","DEGREE","MAJOR","MINOR","BLANKET","BROAD","GENERAL","SWEEPING","BAR","CADET","HEATER","STATION"],"adjacency_matrix":[[1.0,0.2288365662097931,0.33107057213783264,0.27983492612838745,0.3248315155506134,0.2734394371509552,0.342475026845932,0.275981068611145,0.339015930891037,0.41262030601501465,0.31670403480529785,0.4311869144439697,0.4045555591583252,0.20017312467098236,0.34661996364593506,0.32302138209342957],[0.2288365662097931,1.0,0.26806551218032837,0.15022265911102295,0.30335405468940735,0.20615701377391815,0.12172267585992813,0.15440140664577484,0.24209025502204895,0.17635245621204376,0.10783819854259491,0.19032835960388184,0.14971989393234253,0.1504102498292923,0.21416626870632172,0.11779337376356125],[0.33107057213783264,0.26806551218032837,0.9999999403953552,0.3690304160118103,0.2423502653837204,0.3559953272342682,0.2557188868522644,0.27662116289138794,0.5412114858627319,0.3488277792930603,0.29096487164497375,0.30494534969329834,0.3347504138946533,0.29972347617149353,0.39292803406715393,0.3082248568534851],[0.27983492612838745,0.15022265911102295,0.3690304160118103,1.0,0.2316049337387085,0.20657241344451904,0.24222230911254883,0.24253134429454803,0.3146093487739563,0.23107850551605225,0.22887903451919556,0.20210780203342438,0.18077979981899261,0.22448387742042542,0.28698503971099854,0.24625371396541595],[0.3248315155506134,0.30335405468940735,0.2423502653837204,0.2316049337387085,1.0,0.577466607093811,0.4702260494232178,0.4317173361778259,0.33840814232826233,0.43215182423591614,0.44392329454421997,0.35015836358070374,0.2669766843318939,0.2498868852853775,0.3476678133010864,0.33315280079841614],[0.2734394371509552,0.20615701377391815,0.3559953272342682,0.20657241344451904,0.577466607093811,1.0,0.5042140483856201,0.47544604539871216,0.3442207872867584,0.4742622673511505,0.5191965699195862,0.34047695994377136,0.29758360981941223,0.23124565184116364,0.28283458948135376,0.2662724554538727],[0.342475026845932,0.12172267585992813,0.2557188868522644,0.24222230911254883,0.4702260494232178,0.5042140483856201,1.0,0.8017178177833557,0.3354433476924896,0.5558704137802124,0.655107319355011,0.46137869358062744,0.24081161618232727,0.31735268235206604,0.26771530508995056,0.35002419352531433],[0.275981068611145,0.15440140664577484,0.27662116289138794,0.24253134429454803,0.4317173361778259,0.47544604539871216,0.8017178177833557,1.0,0.3008372187614441,0.4734549820423126,0.5405390858650208,0.40909290313720703,0.25144168734550476,0.29618507623672485,0.2915266156196594,0.27448758482933044],[0.339015930891037,0.24209025502204895,0.5412114858627319,0.3146093487739563,0.33840814232826233,0.3442207872867584,0.3354433476924896,0.3008372187614441,1.0,0.5381340980529785,0.4274137318134308,0.5997298955917358,0.25301265716552734,0.20835356414318085,0.45991456508636475,0.302108496427536],[0.41262030601501465,0.17635245621204376,0.3488277792930603,0.23107850551605225,0.43215182423591614,0.4742622673511505,0.5558704137802124,0.4734549820423126,0.5381340980529785,1.0,0.6390296220779419,0.6392059922218323,0.28576716780662537,0.17791055142879486,0.2514549195766449,0.2786693871021271],[0.31670403480529785,0.10783819854259491,0.29096487164497375,0.22887903451919556,0.44392329454421997,0.5191965699195862,0.655107319355011,0.5405390858650208,0.4274137318134308,0.6390296220779419,1.0,0.4643789231777191,0.3405872881412506,0.3744058609008789,0.2867618799209595,0.3781273066997528],[0.4311869144439697,0.19032835960388184,0.30494534969329834,0.20210780203342438,0.35015836358070374,0.34047695994377136,0.46137869358062744,0.40909290313720703,0.5997298955917358,0.6392059922218323,0.4643789231777191,0.9999999403953552,0.23675400018692017,0.13940076529979706,0.2717536389827728,0.2708582878112793],[0.4045555591583252,0.14971989393234253,0.3347504138946533,0.18077979981899261,0.2669766843318939,0.29758360981941223,0.24081161618232727,0.25144168734550476,0.25301265716552734,0.28576716780662537,0.3405872881412506,0.23675400018692017,1.0,0.32239097356796265,0.3401750326156616,0.34800639748573303],[0.20017312467098236,0.1504102498292923,0.29972347617149353,0.22448387742042542,0.2498868852853775,0.23124565184116364,0.31735268235206604,0.29618507623672485,0.20835356414318085,0.17791055142879486,0.3744058609008789,0.13940076529979706,0.32239097356796265,1.0,0.21967273950576782,0.36822307109832764],[0.34661996364593506,0.21416626870632172,0.39292803406715393,0.28698503971099854,0.3476678133010864,0.28283458948135376,0.26771530508995056,0.2915266156196594,0.45991456508636475,0.2514549195766449,0.2867618799209595,0.2717536389827728,0.3401750326156616,0.21967273950576782,1.0,0.42583420872688293],[0.32302138209342957,0.11779337376356125,0.3082248568534851,0.24625371396541595,0.33315280079841614,0.2662724554538727,0.35002419352531433,0.27448758482933044,0.302108496427536,0.2786693871021271,0.3781273066997528,0.2708582878112793,0.34800639748573303,0.36822307109832764,0.42583420872688293,1.0]]}