{
  "game_number": 200,
  "words": [
    "FACE",
    "FINGERPRINT",
    "PASSWORD",
    "PIN",
    "EAR",
    "ELBOW",
    "RIBBON",
    "WHEEL",
    "AGENT",
    "DRIBBLE",
    "JEOPARDY",
    "STANDARD",
    "COMB",
    "DRYER",
    "HAIRSPRAY",
    "ROLLERS"
  ],
  "adjacency_matrix": [
    [
      1.0,
      0.3523506820201874,
      0.3042909502983093,
      0.4246434271335602,
      0.43872228264808655,
      0.43376636505126953,
      0.3076041638851166,
      0.36856648325920105,
      0.3507007360458374,
      0.3685757517814636,
      0.4167546033859253,
      0.4076831340789795,
      0.44113829731941223,
      0.2871997654438019,
      0.3345407545566559,
      0.34853845834732056
    ],
    [
      0.3523506820201874,
      1.0,
      0.42465201020240784,
      0.36339759826660156,
      0.2807736098766327,
      0.24336272478103638,
      0.261007159948349,
      0.26494187116622925,
      0.30422788858413696,
      0.2747526466846466,
      0.11818893998861313,
      0.37399137020111084,
      0.4070996940135956,
      0.2902240455150604,
      0.35194531083106995,
      0.2945995628833771
    ],
    [
      0.3042909502983093,
      0.42465201020240784,
      1.0000001192092896,
      0.33168333768844604,
      0.2124374955892563,
      0.20107749104499817,
      0.25860121846199036,
      0.2652503252029419,
      0.2371940314769745,
      0.22884945571422577,
      0.21770910918712616,
      0.3275189697742462,
      0.15298224985599518,
      0.20895414054393768,
      0.2453330159187317,
      0.11343024671077728
    ],
    [
      0.4246434271335602,
      0.36339759826660156,
      0.33168333768844604,
      0.9999999403953552,
      0.3756343424320221,
      0.4007803797721863,
      0.5517682433128357,
      0.46058389544487,
      0.2490333467721939,
      0.34308531880378723,
      0.26063650846481323,
      0.3935496509075165,
      0.4749825596809387,
      0.33315831422805786,
      0.3739379942417145,
      0.4228091537952423
    ],
    [
      0.43872228264808655,
      0.2807736098766327,
      0.2124374955892563,
      0.3756343424320221,
      1.0,
      0.4455195963382721,
      0.26302865147590637,
      0.3408602774143219,
      0.32391512393951416,
      0.3341599106788635,
      0.25243493914604187,
      0.3225463032722473,
      0.4310126006603241,
      0.3126301169395447,
      0.2558823227882385,
      0.29918742179870605
    ],
    [
      0.43376636505126953,
      0.24336272478103638,
      0.20107749104499817,
      0.4007803797721863,
      0.4455195963382721,
      1.0,
      0.3320271372795105,
      0.4293125569820404,
      0.23828326165676117,
      0.42355161905288696,
      0.2571920156478882,
      0.2844197452068329,
      0.3286207914352417,
      0.2782270908355713,
      0.27930429577827454,
      0.30981066823005676
    ],
    [
      0.3076041638851166,
      0.261007159948349,
      0.25860121846199036,
      0.5517682433128357,
      0.26302865147590637,
      0.3320271372795105,
      1.0,
      0.39102762937545776,
      0.22587992250919342,
      0.32135245203971863,
      0.18220984935760498,
      0.4007677435874939,
      0.4011757969856262,
      0.28200387954711914,
      0.35482946038246155,
      0.3226982653141022
    ],
    [
      0.36856648325920105,
      0.26494187116622925,
      0.2652503252029419,
      0.46058389544487,
      0.3408602774143219,
      0.4293125569820404,
      0.39102762937545776,
      1.0,
      0.29013150930404663,
      0.3390539586544037,
      0.25534525513648987,
      0.37849560379981995,
      0.3156138062477112,
      0.32972317934036255,
      0.2699697017669678,
      0.506604015827179
    ],
    [
      0.3507007360458374,
      0.30422788858413696,
      0.2371940314769745,
      0.2490333467721939,
      0.32391512393951416,
      0.23828326165676117,
      0.22587992250919342,
      0.29013150930404663,
      1.0,
      0.24465753138065338,
      0.2097712606191635,
      0.3594370186328888,
      0.3081235885620117,
      0.20223379135131836,
      0.2981138527393341,
      0.2865731716156006
    ],
    [
      0.3685757517814636,
      0.2747526466846466,
      0.22884945571422577,
      0.34308531880378723,
      0.3341599106788635,
      0.42355161905288696,
      0.32135245203971863,
      0.3390539586544037,
      0.24465753138065338,
      1.0000001192092896,
      0.15575040876865387,
      0.2841217815876007,
      0.3838992714881897,
      0.2711043655872345,
      0.35658368468284607,
      0.34556564688682556
    ],
    [
      0.4167546033859253,
      0.11818893998861313,
      0.21770910918712616,
      0.26063650846481323,
      0.25243493914604187,
      0.2571920156478882,
      0.18220984935760498,
      0.25534525513648987,
      0.2097712606191635,
      0.15575040876865387,
      1.0,
      0.32027924060821533,
      0.1440199464559555,
      0.19292257726192474,
      0.17728640139102936,
      0.19441315531730652
    ],
    [
      0.4076831340789795,
      0.37399137020111084,
      0.3275189697742462,
      0.3935496509075165,
      0.3225463032722473,
      0.2844197452068329,
      0.4007677435874939,
      0.37849560379981995,
      0.3594370186328888,
      0.2841217815876007,
      0.32027924060821533,
      1.0,
      0.30655959248542786,
      0.3144165277481079,
      0.295605331659317,
      0.32967597246170044
    ],
    [
      0.44113829731941223,
      0.4070996940135956,
      0.15298224985599518,
      0.4749825596809387,
      0.4310126006603241,
      0.3286207914352417,
      0.4011757969856262,
      0.3156138062477112,
      0.3081235885620117,
      0.3838992714881897,
      0.1440199464559555,
      0.30655959248542786,
      1.0,
      0.38413500785827637,
      0.46931204199790955,
      0.41999930143356323
    ],
    [
      0.2871997654438019,
      0.2902240455150604,
      0.20895414054393768,
      0.33315831422805786,
      0.3126301169395447,
      0.2782270908355713,
      0.28200387954711914,
      0.32972317934036255,
      0.20223379135131836,
      0.2711043655872345,
      0.19292257726192474,
      0.3144165277481079,
      0.38413500785827637,
      1.0,
      0.45972907543182373,
      0.3670710325241089
    ],
    [
      0.3345407545566559,
      0.35194531083106995,
      0.2453330159187317,
      0.3739379942417145,
      0.2558823227882385,
      0.27930429577827454,
      0.35482946038246155,
      0.2699697017669678,
      0.2981138527393341,
      0.35658368468284607,
      0.17728640139102936,
      0.295605331659317,
      0.46931204199790955,
      0.45972907543182373,
      1.0,
      0.3722638487815857
    ],
    [
      0.34853845834732056,
      0.2945995628833771,
      0.11343024671077728,
      0.4228091537952423,
      0.29918742179870605,
      0.30981066823005676,
      0.3226982653141022,
      0.506604015827179,
      0.2865731716156006,
      0.34556564688682556,
      0.19441315531730652,
      0.32967597246170044,
      0.41999930143356323,
      0.3670710325241089,
      0.3722638487815857,
      1.0
    ]
  ]
}