{"game_number":143,"words":["HALL","LIBRARY","LOUNGE","STUDY","ASSOCIATE","FELLOW","PARTNER","PEER","BUNNY","EGG","JELLYBEAN","PEEP","ANIMAL","BIRTHMARK","SPY","UNIT"],"adjacency_matrix":[[1.0,0.5441842675209045,0.6275579929351807,0.38296014070510864,0.3658272624015808,0.32497739791870117,0.3086481988430023,0.34737342596054077,0.2602251470088959,0.2598905563354492,0.29814183712005615,0.351663202047348,0.3301748037338257,0.16067546606063843,0.2423832267522812,0.4397938847541809],[0.5441842675209045,1.0,0.4820278584957123,0.42454248666763306,0.36613303422927856,0.30853304266929626,0.36445751786231995,0.39178043603897095,0.21432766318321228,0.2012348175048828,0.30237945914268494,0.24838928878307343,0.3500339686870575,0.1854405552148819,0.3540806174278259,0.4335465133190155],[0.6275579929351807,0.4820278584957123,1.0,0.3643835484981537,0.3401104509830475,0.3420051336288452,0.32578855752944946,0.38802793622016907,0.2890279293060303,0.20969387888908386,0.37941035628318787,0.3201805055141449,0.23846057057380676,0.13335978984832764,0.35919296741485596,0.3415929973125458],[0.38296014070510864,0.42454248666763306,0.3643835484981537,1.0,0.46180057525634766,0.3532503545284271,0.3931376338005066,0.4340655505657196,0.1526985466480255,0.19214759767055511,0.19953185319900513,0.3175331652164459,0.38282474875450134,0.24270997941493988,0.27879399061203003,0.4508414566516876],[0.3658272624015808,0.36613303422927856,0.3401104509830475,0.46180057525634766,0.9999999403953552,0.5927883982658386,0.5865427851676941,0.41910120844841003,0.27854931354522705,0.22529278695583344,0.27686822414398193,0.2883361577987671,0.4327433705329895,0.2682204246520996,0.3511373996734619,0.42974647879600525],[0.32497739791870117,0.30853304266929626,0.3420051336288452,0.3532503545284271,0.5927883982658386,1.0,0.5375850200653076,0.4072774052619934,0.29555055499076843,0.17365606129169464,0.2723076343536377,0.2651432454586029,0.3810632526874542,0.1701352894306183,0.3881564438343048,0.3685860335826874],[0.3086481988430023,0.36445751786231995,0.32578855752944946,0.3931376338005066,0.5865427851676941,0.5375850200653076,1.0,0.46368294954299927,0.2864426374435425,0.27791664004325867,0.2318047732114792,0.2286762297153473,0.3513765037059784,0.2143157720565796,0.3884200155735016,0.4407036304473877],[0.34737342596054077,0.39178043603897095,0.38802793622016907,0.4340655505657196,0.41910120844841003,0.4072774052619934,0.46368294954299927,1.0,0.21615561842918396,0.25253719091415405,0.23534022271633148,0.3771666884422302,0.34770962595939636,0.18569780886173248,0.34367161989212036,0.34058383107185364],[0.2602251470088959,0.21432766318321228,0.2890279293060303,0.1526985466480255,0.27854931354522705,0.29555055499076843,0.2864426374435425,0.21615561842918396,1.0,0.5275444388389587,0.45264092087745667,0.3483159840106964,0.4325980544090271,0.33965858817100525,0.3562602400779724,0.27464860677719116],[0.2598905563354492,0.2012348175048828,0.20969387888908386,0.19214759767055511,0.22529278695583344,0.17365606129169464,0.27791664004325867,0.25253719091415405,0.5275444388389587,1.0,0.49000084400177,0.2652943432331085,0.42490458488464355,0.34218838810920715,0.2584785521030426,0.2333086133003235],[0.29814183712005615,0.30237945914268494,0.37941035628318787,0.19953185319900513,0.27686822414398193,0.2723076343536377,0.2318047732114792,0.23534022271633148,0.45264092087745667,0.49000084400177,1.0,0.3107723295688629,0.37273168563842773,0.36936014890670776,0.29540327191352844,0.2373812049627304],[0.351663202047348,0.24838928878307343,0.3201805055141449,0.3175331652164459,0.2883361577987671,0.2651432454586029,0.2286762297153473,0.3771666884422302,0.3483159840106964,0.2652943432331085,0.3107723295688629,1.0,0.2987777590751648,0.25098007917404175,0.426689475774765,0.18906933069229126],[0.3301748037338257,0.3500339686870575,0.23846057057380676,0.38282474875450134,0.4327433705329895,0.3810632526874542,0.3513765037059784,0.34770962595939636,0.4325980544090271,0.42490458488464355,0.37273168563842773,0.2987777590751648,0.9999998807907104,0.3547655940055847,0.31471118330955505,0.43598732352256775],[0.16067546606063843,0.1854405552148819,0.13335978984832764,0.24270997941493988,0.2682204246520996,0.1701352894306183,0.2143157720565796,0.18569780886173248,0.33965858817100525,0.34218838810920715,0.36936014890670776,0.25098007917404175,0.3547655940055847,1.0,0.2604261636734009,0.23593296110630035],[0.2423832267522812,0.3540806174278259,0.35919296741485596,0.27879399061203003,0.3511373996734619,0.3881564438343048,0.3884200155735016,0.34367161989212036,0.3562602400779724,0.2584785521030426,0.29540327191352844,0.426689475774765,0.31471118330955505,0.2604261636734009,0.9999999403953552,0.34052449464797974],[0.4397938847541809,0.4335465133190155,0.3415929973125458,0.4508414566516876,0.42974647879600525,0.3685860335826874,0.4407036304473877,0.34058383107185364,0.27464860677719116,0.2333086133003235,0.2373812049627304,0.18906933069229126,0.43598732352256775,0.23593296110630035,0.34052449464797974,0.9999999403953552]]}