{"game_number":204,"words":["ORCA","PANDA","SKUNK","ZEBRA","CHAIN","SERIES","STRING","TRAIN","BASS","DOVE","DESERT","WIND","BEAR","SAND","SPEED","TOURIST"],"adjacency_matrix":[[1.0,0.3729078769683838,0.3451892137527466,0.35012876987457275,0.1742478758096695,0.17497564852237701,0.22186700999736786,0.2044324427843094,0.28397706151008606,0.36870405077934265,0.18902944028377533,0.19472922384738922,0.2698044180870056,0.17524828016757965,0.12464611977338791,0.3354663848876953],[0.3729078769683838,1.0,0.38702815771102905,0.42422086000442505,0.27644848823547363,0.2607106566429138,0.2897910177707672,0.34066298604011536,0.24494871497154236,0.339462012052536,0.3038066327571869,0.16683615744113922,0.45783868432044983,0.2121727019548416,0.2381371706724167,0.362540066242218],[0.3451892137527466,0.38702815771102905,1.0,0.4395630657672882,0.24240490794181824,0.20020687580108643,0.2640175223350525,0.290431946516037,0.3357565402984619,0.4103187024593353,0.32795998454093933,0.3321082293987274,0.3411570191383362,0.34810757637023926,0.23235026001930237,0.2863231897354126],[0.35012876987457275,0.42422086000442505,0.4395630657672882,1.0,0.28469792008399963,0.1753033846616745,0.25250035524368286,0.278480589389801,0.3464844226837158,0.33995574712753296,0.300041526556015,0.20522651076316833,0.26414617896080017,0.36223867535591125,0.23284019529819489,0.2762173116207123],[0.1742478758096695,0.27644848823547363,0.24240490794181824,0.28469792008399963,1.0,0.3575628995895386,0.45597895979881287,0.37109410762786865,0.3192763030529022,0.2639544606208801,0.34530651569366455,0.32761943340301514,0.3545224368572235,0.32223445177078247,0.3437710702419281,0.3550178110599518],[0.17497564852237701,0.2607106566429138,0.20020687580108643,0.1753033846616745,0.3575628995895386,0.9999999403953552,0.3954385817050934,0.37040823698043823,0.228513702750206,0.206014022231102,0.31410956382751465,0.2550695538520813,0.31826603412628174,0.23428191244602203,0.296345591545105,0.2799781560897827],[0.22186700999736786,0.2897910177707672,0.2640175223350525,0.25250035524368286,0.45597895979881287,0.3954385817050934,1.0,0.3607611060142517,0.4109150469303131,0.3219228684902191,0.29109901189804077,0.4270698130130768,0.32803356647491455,0.4020169973373413,0.3124694228172302,0.31563708186149597],[0.2044324427843094,0.34066298604011536,0.290431946516037,0.278480589389801,0.37109410762786865,0.37040823698043823,0.3607611060142517,1.0,0.304583340883255,0.28157827258110046,0.40485066175460815,0.37832796573638916,0.4024292230606079,0.3803073763847351,0.4605426490306854,0.4618380665779114],[0.28397706151008606,0.24494871497154236,0.3357565402984619,0.3464844226837158,0.3192763030529022,0.228513702750206,0.4109150469303131,0.304583340883255,1.0,0.35746026039123535,0.24962109327316284,0.3151523768901825,0.24158160388469696,0.3679109811782837,0.3233126103878021,0.3585600256919861],[0.36870405077934265,0.339462012052536,0.4103187024593353,0.33995574712753296,0.2639544606208801,0.206014022231102,0.3219228684902191,0.28157827258110046,0.35746026039123535,1.0,0.3239404559135437,0.3562334179878235,0.3490670919418335,0.3934204876422882,0.2542567253112793,0.24958859384059906],[0.18902944028377533,0.3038066327571869,0.32795998454093933,0.300041526556015,0.34530651569366455,0.31410956382751465,0.29109901189804077,0.40485066175460815,0.24962109327316284,0.3239404559135437,1.0,0.427092581987381,0.3578356206417084,0.533661425113678,0.31660085916519165,0.3812044858932495],[0.19472922384738922,0.16683615744113922,0.3321082293987274,0.20522651076316833,0.32761943340301514,0.2550695538520813,0.4270698130130768,0.37832796573638916,0.3151523768901825,0.3562334179878235,0.427092581987381,1.0000001192092896,0.3757598400115967,0.5105758905410767,0.5332202911376953,0.34355664253234863],[0.2698044180870056,0.45783868432044983,0.3411570191383362,0.26414617896080017,0.3545224368572235,0.31826603412628174,0.32803356647491455,0.4024292230606079,0.24158160388469696,0.3490670919418335,0.3578356206417084,0.3757598400115967,0.9999999403953552,0.3157184422016144,0.32852622866630554,0.33443671464920044],[0.17524828016757965,0.2121727019548416,0.34810757637023926,0.36223867535591125,0.32223445177078247,0.23428191244602203,0.4020169973373413,0.3803073763847351,0.3679109811782837,0.3934204876422882,0.533661425113678,0.5105758905410767,0.3157184422016144,1.0,0.31975528597831726,0.3276638090610504],[0.12464611977338791,0.2381371706724167,0.23235026001930237,0.23284019529819489,0.3437710702419281,0.296345591545105,0.3124694228172302,0.4605426490306854,0.3233126103878021,0.2542567253112793,0.31660085916519165,0.5332202911376953,0.32852622866630554,0.31975528597831726,1.0,0.295899361371994],[0.3354663848876953,0.362540066242218,0.2863231897354126,0.2762173116207123,0.3550178110599518,0.2799781560897827,0.31563708186149597,0.4618380665779114,0.3585600256919861,0.24958859384059906,0.3812044858932495,0.34355664253234863,0.33443671464920044,0.3276638090610504,0.295899361371994,1.0]]}