{"game_number":162,"words":["DROP","ECHO","FREEZE","LAG","MIME","PRISONER","REFEREE","SAILOR","GENIE","MONKEY","PARROT","PRINCESS","APOLLO","CANDLES","FANTASTIC","SAMURAI"],"adjacency_matrix":[[1.0,0.41609644889831543,0.5529413819313049,0.4225614666938782,0.2820541262626648,0.2673390507698059,0.30951598286628723,0.2673391103744507,0.2967253029346466,0.34835466742515564,0.2895810008049011,0.3361986577510834,0.30161961913108826,0.3038366734981537,0.3664645552635193,0.18569636344909668],[0.41609644889831543,1.0,0.28776654601097107,0.3382717967033386,0.28897562623023987,0.1864711344242096,0.18135328590869904,0.2677627503871918,0.2632793188095093,0.24918580055236816,0.3642072379589081,0.27579641342163086,0.3719131052494049,0.20025816559791565,0.36715975403785706,0.18485817313194275],[0.5529413819313049,0.28776654601097107,1.0,0.4098643660545349,0.26842865347862244,0.3067357540130615,0.20919184386730194,0.1742551177740097,0.33644041419029236,0.247846320271492,0.23523294925689697,0.2767614722251892,0.2633189857006073,0.24541451036930084,0.3351055383682251,0.18604694306850433],[0.4225614666938782,0.3382717967033386,0.4098643660545349,1.0,0.1804739385843277,0.24775591492652893,0.1825367510318756,0.175326868891716,0.25409629940986633,0.29902249574661255,0.173221156001091,0.26986265182495117,0.26121166348457336,0.11849763989448547,0.29035601019859314,0.18784478306770325],[0.2820541262626648,0.28897562623023987,0.26842865347862244,0.1804739385843277,1.0,0.2553020119667053,0.313238263130188,0.2990567088127136,0.28270769119262695,0.4452017545700073,0.41774624586105347,0.3027157485485077,0.32882359623908997,0.2414924055337906,0.28501543402671814,0.2424062192440033],[0.2673390507698059,0.1864711344242096,0.3067357540130615,0.24775591492652893,0.2553020119667053,1.0,0.33213359117507935,0.4635624885559082,0.301933228969574,0.37571465969085693,0.36189302802085876,0.44771644473075867,0.19460637867450714,0.14851638674736023,0.2547953128814697,0.2597774565219879],[0.30951598286628723,0.18135328590869904,0.20919184386730194,0.1825367510318756,0.313238263130188,0.33213359117507935,1.0,0.3341444730758667,0.22168265283107758,0.30315497517585754,0.2682318687438965,0.277584046125412,0.16819246113300323,0.16079272329807281,0.2319680154323578,0.15799105167388916],[0.2673391103744507,0.2677627503871918,0.1742551177740097,0.175326868891716,0.2990567088127136,0.4635624885559082,0.3341444730758667,0.9999999403953552,0.27493929862976074,0.3657025694847107,0.3446449935436249,0.4520011246204376,0.26643431186676025,0.16678746044635773,0.2386675924062729,0.4056533873081207],[0.2967253029346466,0.2632793188095093,0.33644041419029236,0.25409629940986633,0.28270769119262695,0.301933228969574,0.22168265283107758,0.27493929862976074,0.9999999403953552,0.40734899044036865,0.3153810501098633,0.4323747456073761,0.2511031925678253,0.2637188732624054,0.3102685511112213,0.21031947433948517],[0.34835466742515564,0.24918580055236816,0.247846320271492,0.29902249574661255,0.4452017545700073,0.37571465969085693,0.30315497517585754,0.3657025694847107,0.40734899044036865,0.9999999403953552,0.5955865383148193,0.4961022436618805,0.3797186315059662,0.2146679162979126,0.3479064702987671,0.31826069951057434],[0.2895810008049011,0.3642072379589081,0.23523294925689697,0.173221156001091,0.41774624586105347,0.36189302802085876,0.2682318687438965,0.3446449935436249,0.3153810501098633,0.5955865383148193,1.0,0.4402598738670349,0.3376472294330597,0.22253693640232086,0.29377326369285583,0.16898728907108307],[0.3361986577510834,0.27579641342163086,0.2767614722251892,0.26986265182495117,0.3027157485485077,0.44771644473075867,0.277584046125412,0.4520011246204376,0.4323747456073761,0.4961022436618805,0.4402598738670349,0.9999999403953552,0.2812649607658386,0.20003876090049744,0.36777883768081665,0.36548662185668945],[0.30161961913108826,0.3719131052494049,0.2633189857006073,0.26121166348457336,0.32882359623908997,0.19460637867450714,0.16819246113300323,0.26643431186676025,0.2511031925678253,0.3797186315059662,0.3376472294330597,0.2812649607658386,1.0,0.1654023826122284,0.32344818115234375,0.1348167210817337],[0.3038366734981537,0.20025816559791565,0.24541451036930084,0.11849763989448547,0.2414924055337906,0.14851638674736023,0.16079272329807281,0.16678746044635773,0.2637188732624054,0.2146679162979126,0.22253693640232086,0.20003876090049744,0.1654023826122284,0.9999999403953552,0.24537935853004456,0.14529524743556976],[0.3664645552635193,0.36715975403785706,0.3351055383682251,0.29035601019859314,0.28501543402671814,0.2547953128814697,0.2319680154323578,0.2386675924062729,0.3102685511112213,0.3479064702987671,0.29377326369285583,0.36777883768081665,0.32344818115234375,0.24537935853004456,0.9999999403953552,0.23825426399707794],[0.18569636344909668,0.18485817313194275,0.18604694306850433,0.18784478306770325,0.2424062192440033,0.2597774565219879,0.15799105167388916,0.4056533873081207,0.21031947433948517,0.31826069951057434,0.16898728907108307,0.36548662185668945,0.1348167210817337,0.14529524743556976,0.23825426399707794,1.0]]}