{
  "game_number": 566,
  "words": [
    "ALASKA",
    "FRONTIER",
    "SOUTHWEST",
    "SPIRIT",
    "COWBOY",
    "DRIFTER",
    "OUTLAW",
    "SHERIFF",
    "LASSO",
    "MARS",
    "ROGERS",
    "SMART",
    "APRICOT",
    "FIG",
    "GRAPE",
    "LIME"
  ],
  "adjacency_matrix": [
    [
      1.0,
      0.3535652458667755,
      0.4167931377887726,
      0.21700836718082428,
      0.2656613886356354,
      0.2806072235107422,
      0.21008259057998657,
      0.3009034991264343,
      0.24540264904499054,
      0.36278054118156433,
      0.37399888038635254,
      0.23693914711475372,
      0.2149214744567871,
      0.16869904100894928,
      0.21778987348079681,
      0.2790030539035797
    ],
    [
      0.3535652458667755,
      1.0,
      0.5013954639434814,
      0.4125472605228424,
      0.4750986099243164,
      0.3276556432247162,
      0.4296111464500427,
      0.35496601462364197,
      0.30346235632896423,
      0.33596271276474,
      0.17357563972473145,
      0.3297063112258911,
      0.20556780695915222,
      0.18814930319786072,
      0.34875813126564026,
      0.2496509552001953
    ],
    [
      0.4167931377887726,
      0.5013954639434814,
      1.0,
      0.2532670199871063,
      0.24779407680034637,
      0.25260457396507263,
      0.2493038773536682,
      0.32438191771507263,
      0.20872507989406586,
      0.30086734890937805,
      0.14680935442447662,
      0.1231938973069191,
      0.20416861772537231,
      0.1713075041770935,
      0.2746342122554779,
      0.24557273089885712
    ],
    [
      0.21700836718082428,
      0.4125472605228424,
      0.2532670199871063,
      1.0,
      0.4146576523780823,
      0.2705252170562744,
      0.40708667039871216,
      0.3101657032966614,
      0.2594093978404999,
      0.3425714373588562,
      0.2466142773628235,
      0.34672310948371887,
      0.23162095248699188,
      0.2176569551229477,
      0.31240519881248474,
      0.2677501142024994
    ],
    [
      0.2656613886356354,
      0.4750986099243164,
      0.24779407680034637,
      0.4146576523780823,
      1.0,
      0.4522521197795868,
      0.5919499397277832,
      0.4715909957885742,
      0.4529561996459961,
      0.24691592156887054,
      0.37371110916137695,
      0.3663487434387207,
      0.26548242568969727,
      0.224669948220253,
      0.3186674416065216,
      0.18430857360363007
    ],
    [
      0.2806072235107422,
      0.3276556432247162,
      0.25260457396507263,
      0.2705252170562744,
      0.4522521197795868,
      1.0,
      0.37141284346580505,
      0.308594673871994,
      0.29749274253845215,
      0.20782238245010376,
      0.21316520869731903,
      0.3380511999130249,
      0.10757115483283997,
      0.16367489099502563,
      0.27399584650993347,
      0.1900089979171753
    ],
    [
      0.21008259057998657,
      0.4296111464500427,
      0.2493038773536682,
      0.40708667039871216,
      0.5919499397277832,
      0.37141284346580505,
      0.9999999403953552,
      0.4361991882324219,
      0.35834211111068726,
      0.26258352398872375,
      0.287391722202301,
      0.3631891906261444,
      0.11359964311122894,
      0.11541710048913956,
      0.2644902169704437,
      0.18299639225006104
    ],
    [
      0.3009034991264343,
      0.35496601462364197,
      0.32438191771507263,
      0.3101657032966614,
      0.4715909957885742,
      0.308594673871994,
      0.4361991882324219,
      0.9999999403953552,
      0.22865554690361023,
      0.2144673764705658,
      0.2635253965854645,
      0.23275309801101685,
      0.07036630809307098,
      0.09553978592157364,
      0.24052438139915466,
      0.20914258062839508
    ],
    [
      0.24540264904499054,
      0.30346235632896423,
      0.20872507989406586,
      0.2594093978404999,
      0.4529561996459961,
      0.29749274253845215,
      0.35834211111068726,
      0.22865554690361023,
      1.0,
      0.22218894958496094,
      0.2385052889585495,
      0.32899439334869385,
      0.18848395347595215,
      0.262158066034317,
      0.31722772121429443,
      0.21378031373023987
    ],
    [
      0.36278054118156433,
      0.33596271276474,
      0.30086734890937805,
      0.3425714373588562,
      0.24691592156887054,
      0.20782238245010376,
      0.26258352398872375,
      0.2144673764705658,
      0.22218894958496094,
      1.0,
      0.4142746031284332,
      0.22103528678417206,
      0.22206994891166687,
      0.27391791343688965,
      0.2556210160255432,
      0.31413158774375916
    ],
    [
      0.37399888038635254,
      0.17357563972473145,
      0.14680935442447662,
      0.2466142773628235,
      0.37371110916137695,
      0.21316520869731903,
      0.287391722202301,
      0.2635253965854645,
      0.2385052889585495,
      0.4142746031284332,
      0.9999999403953552,
      0.3288704752922058,
      0.23851200938224792,
      0.18703697621822357,
      0.2500566244125366,
      0.2709972858428955
    ],
    [
      0.23693914711475372,
      0.3297063112258911,
      0.1231938973069191,
      0.34672310948371887,
      0.3663487434387207,
      0.3380511999130249,
      0.3631891906261444,
      0.23275309801101685,
      0.32899439334869385,
      0.22103528678417206,
      0.3288704752922058,
      1.0,
      0.17334015667438507,
      0.16644173860549927,
      0.23581448197364807,
      0.2663538455963135
    ],
    [
      0.2149214744567871,
      0.20556780695915222,
      0.20416861772537231,
      0.23162095248699188,
      0.26548242568969727,
      0.10757115483283997,
      0.11359964311122894,
      0.07036630809307098,
      0.18848395347595215,
      0.22206994891166687,
      0.23851200938224792,
      0.17334015667438507,
      1.0,
      0.3810405731201172,
      0.5420379638671875,
      0.5121247172355652
    ],
    [
      0.16869904100894928,
      0.18814930319786072,
      0.1713075041770935,
      0.2176569551229477,
      0.224669948220253,
      0.16367489099502563,
      0.11541710048913956,
      0.09553978592157364,
      0.262158066034317,
      0.27391791343688965,
      0.18703697621822357,
      0.16644173860549927,
      0.3810405731201172,
      0.9999999403953552,
      0.38850343227386475,
      0.33076024055480957
    ],
    [
      0.21778987348079681,
      0.34875813126564026,
      0.2746342122554779,
      0.31240519881248474,
      0.3186674416065216,
      0.27399584650993347,
      0.2644902169704437,
      0.24052438139915466,
      0.31722772121429443,
      0.2556210160255432,
      0.2500566244125366,
      0.23581448197364807,
      0.5420379638671875,
      0.38850343227386475,
      1.0000001192092896,
      0.49003708362579346
    ],
    [
      0.2790030539035797,
      0.2496509552001953,
      0.24557273089885712,
      0.2677501142024994,
      0.18430857360363007,
      0.1900089979171753,
      0.18299639225006104,
      0.20914258062839508,
      0.21378031373023987,
      0.31413158774375916,
      0.2709972858428955,
      0.2663538455963135,
      0.5121247172355652,
      0.33076024055480957,
      0.49003708362579346,
      1.0
    ]
  ]
}