{
  "game_number": 79,
  "words": [
    "DRAW",
    "PULL",
    "SUCK",
    "WICK",
    "HYPER",
    "KILO",
    "META",
    "NEO",
    "BABE",
    "BOLT",
    "DUMBO",
    "TED",
    "GNOME",
    "KNEE",
    "MNEMONIC",
    "PSYCHE"
  ],
  "adjacency_matrix": [
    [
      0.9999999403953552,
      0.6309741735458374,
      0.47491154074668884,
      0.3355914354324341,
      0.22612102329730988,
      0.17142866551876068,
      0.26030752062797546,
      0.08785777539014816,
      0.19577769935131073,
      0.34911128878593445,
      0.2752892076969147,
      0.18770873546600342,
      0.2334272861480713,
      0.2575182318687439,
      0.2102028727531433,
      0.1990256905555725
    ],
    [
      0.6309741735458374,
      1.0,
      0.571139395236969,
      0.3698413372039795,
      0.36044636368751526,
      0.28077608346939087,
      0.3656628429889679,
      0.1765560358762741,
      0.26041582226753235,
      0.5424404740333557,
      0.37921133637428284,
      0.24897487461566925,
      0.28432705998420715,
      0.3678613305091858,
      0.18807730078697205,
      0.28864026069641113
    ],
    [
      0.47491154074668884,
      0.571139395236969,
      0.9999999403953552,
      0.3876228928565979,
      0.37617769837379456,
      0.18556496500968933,
      0.27022507786750793,
      0.21628893911838531,
      0.41875559091567993,
      0.36568087339401245,
      0.5007964372634888,
      0.29982441663742065,
      0.2921001613140106,
      0.2880217134952545,
      0.20246084034442902,
      0.3267781138420105
    ],
    [
      0.3355914354324341,
      0.3698413372039795,
      0.3876228928565979,
      1.0,
      0.2114899605512619,
      0.16851958632469177,
      0.27848172187805176,
      0.17039519548416138,
      0.31896302103996277,
      0.33922120928764343,
      0.25818967819213867,
      0.23013503849506378,
      0.2586503028869629,
      0.3015080988407135,
      0.23166577517986298,
      0.2222299724817276
    ],
    [
      0.22612102329730988,
      0.36044636368751526,
      0.37617769837379456,
      0.2114899605512619,
      1.0,
      0.25502708554267883,
      0.4005337357521057,
      0.4004300832748413,
      0.3120723366737366,
      0.23720790445804596,
      0.4281357228755951,
      0.3544473946094513,
      0.2730787396430969,
      0.3156682252883911,
      0.26509928703308105,
      0.3571331799030304
    ],
    [
      0.17142866551876068,
      0.28077608346939087,
      0.18556496500968933,
      0.16851958632469177,
      0.25502708554267883,
      1.0,
      0.2283518761396408,
      0.15745973587036133,
      0.2058219462633133,
      0.23378679156303406,
      0.24265475571155548,
      0.22059854865074158,
      0.12532643973827362,
      0.15902462601661682,
      0.12450741231441498,
      0.10408519953489304
    ],
    [
      0.26030752062797546,
      0.3656628429889679,
      0.27022507786750793,
      0.27848172187805176,
      0.4005337357521057,
      0.2283518761396408,
      1.0,
      0.2991787791252136,
      0.26677462458610535,
      0.24316717684268951,
      0.34677383303642273,
      0.3169846534729004,
      0.37679868936538696,
      0.26828333735466003,
      0.31003209948539734,
      0.2884456515312195
    ],
    [
      0.08785777539014816,
      0.1765560358762741,
      0.21628893911838531,
      0.17039519548416138,
      0.4004300832748413,
      0.15745973587036133,
      0.2991787791252136,
      1.0,
      0.30168417096138,
      0.20270836353302002,
      0.4214935898780823,
      0.2883884906768799,
      0.22163814306259155,
      0.17402751743793488,
      0.18416978418827057,
      0.31816190481185913
    ],
    [
      0.19577769935131073,
      0.26041582226753235,
      0.41875559091567993,
      0.31896302103996277,
      0.3120723366737366,
      0.2058219462633133,
      0.26677462458610535,
      0.30168417096138,
      1.0,
      0.28304237127304077,
      0.4406084418296814,
      0.3457927703857422,
      0.3423204720020294,
      0.2999294698238373,
      0.18154974281787872,
      0.279720276594162
    ],
    [
      0.34911128878593445,
      0.5424404740333557,
      0.36568087339401245,
      0.33922120928764343,
      0.23720790445804596,
      0.23378679156303406,
      0.24316717684268951,
      0.20270836353302002,
      0.28304237127304077,
      1.0,
      0.36312589049339294,
      0.24595093727111816,
      0.32316386699676514,
      0.34832870960235596,
      0.15685950219631195,
      0.29916292428970337
    ],
    [
      0.2752892076969147,
      0.37921133637428284,
      0.5007964372634888,
      0.25818967819213867,
      0.4281357228755951,
      0.24265475571155548,
      0.34677383303642273,
      0.4214935898780823,
      0.4406084418296814,
      0.36312589049339294,
      0.9999999403953552,
      0.44400131702423096,
      0.35803014039993286,
      0.283782422542572,
      0.26266878843307495,
      0.32784488797187805
    ],
    [
      0.18770873546600342,
      0.24897487461566925,
      0.29982441663742065,
      0.23013503849506378,
      0.3544473946094513,
      0.22059854865074158,
      0.3169846534729004,
      0.2883884906768799,
      0.3457927703857422,
      0.24595093727111816,
      0.44400131702423096,
      0.9999999403953552,
      0.27203255891799927,
      0.27772170305252075,
      0.2183462530374527,
      0.1805494725704193
    ],
    [
      0.2334272861480713,
      0.28432705998420715,
      0.2921001613140106,
      0.2586503028869629,
      0.2730787396430969,
      0.12532643973827362,
      0.37679868936538696,
      0.22163814306259155,
      0.3423204720020294,
      0.32316386699676514,
      0.35803014039993286,
      0.27203255891799927,
      1.0,
      0.2290671169757843,
      0.22396418452262878,
      0.21160949766635895
    ],
    [
      0.2575182318687439,
      0.3678613305091858,
      0.2880217134952545,
      0.3015080988407135,
      0.3156682252883911,
      0.15902462601661682,
      0.26828333735466003,
      0.17402751743793488,
      0.2999294698238373,
      0.34832870960235596,
      0.283782422542572,
      0.27772170305252075,
      0.2290671169757843,
      0.9999999403953552,
      0.13687671720981598,
      0.2857780158519745
    ],
    [
      0.2102028727531433,
      0.18807730078697205,
      0.20246084034442902,
      0.23166577517986298,
      0.26509928703308105,
      0.12450741231441498,
      0.31003209948539734,
      0.18416978418827057,
      0.18154974281787872,
      0.15685950219631195,
      0.26266878843307495,
      0.2183462530374527,
      0.22396418452262878,
      0.13687671720981598,
      1.0,
      0.2583789527416229
    ],
    [
      0.1990256905555725,
      0.28864026069641113,
      0.3267781138420105,
      0.2222299724817276,
      0.3571331799030304,
      0.10408519953489304,
      0.2884456515312195,
      0.31816190481185913,
      0.279720276594162,
      0.29916292428970337,
      0.32784488797187805,
      0.1805494725704193,
      0.21160949766635895,
      0.2857780158519745,
      0.2583789527416229,
      1.0
    ]
  ]
}