{"game_number":270,"words":["BORE","DRAG","SNOOZE","YAWN","BREEZE","DRAFT","GUST","PUFF","BITE","KICK","TANG","ZIP","BOXER","GOGGLE","PANT","TONG"],"adjacency_matrix":[[0.9999999403953552,0.48639851808547974,0.3000663220882416,0.37284308671951294,0.3887619376182556,0.24974092841148376,0.3378223180770874,0.3272138833999634,0.4887217879295349,0.3856198191642761,0.4525543749332428,0.3309573531150818,0.2826468050479889,0.2823394238948822,0.42348113656044006,0.3563365042209625],[0.48639851808547974,1.0,0.3588574528694153,0.31552499532699585,0.47128626704216003,0.31964632868766785,0.3432803750038147,0.345293253660202,0.41696467995643616,0.5266469717025757,0.37237176299095154,0.4250314235687256,0.2828034460544586,0.30049487948417664,0.4210243225097656,0.3503631055355072],[0.3000663220882416,0.3588574528694153,1.0,0.5554561018943787,0.40972548723220825,0.22275178134441376,0.2855333983898163,0.3613826632499695,0.4012821316719055,0.4380025565624237,0.3285787105560303,0.31774652004241943,0.19496023654937744,0.339868426322937,0.45772889256477356,0.23819500207901],[0.37284308671951294,0.31552499532699585,0.5554561018943787,1.0,0.35096505284309387,0.16148346662521362,0.2776350677013397,0.3812161982059479,0.4301469326019287,0.3614650368690491,0.2650461196899414,0.2533637285232544,0.1651119440793991,0.332055926322937,0.4440871775150299,0.1727571040391922],[0.3887619376182556,0.47128626704216003,0.40972548723220825,0.35096505284309387,1.0,0.26794761419296265,0.5671214461326599,0.4793270230293274,0.3806626498699188,0.4076942801475525,0.45349830389022827,0.3649664521217346,0.20026634633541107,0.30991730093955994,0.428727388381958,0.30337169766426086],[0.24974092841148376,0.31964632868766785,0.22275178134441376,0.16148346662521362,0.26794761419296265,1.0,0.175353541970253,0.28555184602737427,0.2399599701166153,0.31481480598449707,0.22299665212631226,0.19982486963272095,0.2850213050842285,0.21596205234527588,0.23772530257701874,0.2602527439594269],[0.3378223180770874,0.3432803750038147,0.2855333983898163,0.2776350677013397,0.5671214461326599,0.175353541970253,1.0,0.40704259276390076,0.32228416204452515,0.3174220025539398,0.34967106580734253,0.3345324993133545,0.1711636483669281,0.2540064752101898,0.33378785848617554,0.2934856116771698],[0.3272138833999634,0.345293253660202,0.3613826632499695,0.3812161982059479,0.4793270230293274,0.28555184602737427,0.40704259276390076,1.0,0.4317606985569,0.42281925678253174,0.38420090079307556,0.3471694886684418,0.22317539155483246,0.3081485331058502,0.47694727778434753,0.33714282512664795],[0.4887217879295349,0.41696467995643616,0.4012821316719055,0.4301469326019287,0.3806626498699188,0.2399599701166153,0.32228416204452515,0.4317606985569,1.0,0.5604269504547119,0.4191276431083679,0.3471769094467163,0.22352106869220734,0.2810021936893463,0.40257176756858826,0.3487740755081177],[0.3856198191642761,0.5266469717025757,0.4380025565624237,0.3614650368690491,0.4076942801475525,0.31481480598449707,0.3174220025539398,0.42281925678253174,0.5604269504547119,1.0,0.3904734253883362,0.3723441958427429,0.3394761085510254,0.3306340277194977,0.4584754407405853,0.3796382546424866],[0.4525543749332428,0.37237176299095154,0.3285787105560303,0.2650461196899414,0.45349830389022827,0.22299665212631226,0.34967106580734253,0.38420090079307556,0.4191276431083679,0.3904734253883362,1.0,0.30894818902015686,0.3034765124320984,0.31794100999832153,0.4229426085948944,0.6212033033370972],[0.3309573531150818,0.4250314235687256,0.31774652004241943,0.2533637285232544,0.3649664521217346,0.19982486963272095,0.3345324993133545,0.3471694886684418,0.3471769094467163,0.3723441958427429,0.30894818902015686,1.0,0.19828198850154877,0.2904359698295593,0.41970592737197876,0.28902918100357056],[0.2826468050479889,0.2828034460544586,0.19496023654937744,0.1651119440793991,0.20026634633541107,0.2850213050842285,0.1711636483669281,0.22317539155483246,0.22352106869220734,0.3394761085510254,0.3034765124320984,0.19828198850154877,1.0,0.30962398648262024,0.3108077049255371,0.3439941108226776],[0.2823394238948822,0.30049487948417664,0.339868426322937,0.332055926322937,0.30991730093955994,0.21596205234527588,0.2540064752101898,0.3081485331058502,0.2810021936893463,0.3306340277194977,0.31794100999832153,0.2904359698295593,0.30962398648262024,1.0,0.46593669056892395,0.25368639826774597],[0.42348113656044006,0.4210243225097656,0.45772889256477356,0.4440871775150299,0.428727388381958,0.23772530257701874,0.33378785848617554,0.47694727778434753,0.40257176756858826,0.4584754407405853,0.4229426085948944,0.41970592737197876,0.3108077049255371,0.46593669056892395,1.0,0.3617802858352661],[0.3563365042209625,0.3503631055355072,0.23819500207901,0.1727571040391922,0.30337169766426086,0.2602527439594269,0.2934856116771698,0.33714282512664795,0.3487740755081177,0.3796382546424866,0.6212033033370972,0.28902918100357056,0.3439941108226776,0.25368639826774597,0.3617802858352661,1.0]]}