{"game_number":235,"words":["HUM","SING","SCAT","WHISTLE","COUNT","GROSS","SUM","TOTAL","LIME","MINT","RUM","SODA","GLUE","GUM","TAPE","STICK"],"adjacency_matrix":[[0.9999999403953552,0.44900739192962646,0.3716759979724884,0.4682517945766449,0.27111074328422546,0.2364548146724701,0.21927428245544434,0.17772150039672852,0.18090608716011047,0.2550060451030731,0.2675660252571106,0.23053598403930664,0.20897401869297028,0.24449706077575684,0.270856112241745,0.24430005252361298],[0.44900739192962646,1.0,0.3997964859008789,0.4498614966869354,0.3233674168586731,0.1642298549413681,0.2407570332288742,0.14066429436206818,0.22711879014968872,0.22456663846969604,0.2356538027524948,0.2386789172887802,0.21546950936317444,0.2011149376630783,0.3138352930545807,0.3237738609313965],[0.3716759979724884,0.3997964859008789,1.0000001192092896,0.41278523206710815,0.37977567315101624,0.3030635416507721,0.22531668841838837,0.30397212505340576,0.2547726631164551,0.2308790236711502,0.28125664591789246,0.2599782347679138,0.30741220712661743,0.3344866931438446,0.37623703479766846,0.37742534279823303],[0.4682517945766449,0.4498614966869354,0.41278523206710815,1.0,0.3331017792224884,0.1850409358739853,0.258102685213089,0.21145251393318176,0.2419281154870987,0.3321232795715332,0.27773556113243103,0.29361099004745483,0.2734125852584839,0.3260903060436249,0.31154128909111023,0.46109986305236816],[0.27111074328422546,0.3233674168586731,0.37977567315101624,0.3331017792224884,1.0,0.39317193627357483,0.48089414834976196,0.5503638386726379,0.26576635241508484,0.3126329779624939,0.21138493716716766,0.228600412607193,0.21138609945774078,0.14913305640220642,0.3401121497154236,0.4326202869415283],[0.2364548146724701,0.1642298549413681,0.3030635416507721,0.1850409358739853,0.39317193627357483,0.9999999403953552,0.48819488286972046,0.633394181728363,0.2583615183830261,0.21296167373657227,0.2499808818101883,0.2336382418870926,0.2708108723163605,0.19331584870815277,0.22958379983901978,0.3060055375099182],[0.21927428245544434,0.2407570332288742,0.22531668841838837,0.258102685213089,0.48089414834976196,0.48819488286972046,1.0,0.5947561860084534,0.2840212285518646,0.32248616218566895,0.2750248312950134,0.24990147352218628,0.3017195463180542,0.21877652406692505,0.25580349564552307,0.3415415287017822],[0.17772150039672852,0.14066429436206818,0.30397212505340576,0.21145251393318176,0.5503638386726379,0.633394181728363,0.5947561860084534,1.0000001192092896,0.3060225546360016,0.25705665349960327,0.22512894868850708,0.24794869124889374,0.25567740201950073,0.19298741221427917,0.28032025694847107,0.25309956073760986],[0.18090608716011047,0.22711879014968872,0.2547726631164551,0.2419281154870987,0.26576635241508484,0.2583615183830261,0.2840212285518646,0.3060225546360016,1.0,0.4429638683795929,0.47782453894615173,0.5130655169487,0.38344666361808777,0.3839988708496094,0.3416081666946411,0.3642396032810211],[0.2550060451030731,0.22456663846969604,0.2308790236711502,0.3321232795715332,0.3126329779624939,0.21296167373657227,0.32248616218566895,0.25705665349960327,0.4429638683795929,1.0,0.3988472819328308,0.3966967463493347,0.3444474935531616,0.4309847354888916,0.2874930202960968,0.3257603347301483],[0.2675660252571106,0.2356538027524948,0.28125664591789246,0.27773556113243103,0.21138493716716766,0.2499808818101883,0.2750248312950134,0.22512894868850708,0.47782453894615173,0.3988472819328308,1.0,0.5164502263069153,0.3488067388534546,0.3971865475177765,0.292998731136322,0.3351137936115265],[0.23053598403930664,0.2386789172887802,0.2599782347679138,0.29361099004745483,0.228600412607193,0.2336382418870926,0.24990147352218628,0.24794869124889374,0.5130655169487,0.3966967463493347,0.5164502263069153,1.0000001192092896,0.3811878263950348,0.5431758165359497,0.32030507922172546,0.34332048892974854],[0.20897401869297028,0.21546950936317444,0.30741220712661743,0.2734125852584839,0.21138609945774078,0.2708108723163605,0.3017195463180542,0.25567740201950073,0.38344666361808777,0.3444474935531616,0.3488067388534546,0.3811878263950348,1.0,0.5064936876296997,0.49660953879356384,0.544758141040802],[0.24449706077575684,0.2011149376630783,0.3344866931438446,0.3260903060436249,0.14913305640220642,0.19331584870815277,0.21877652406692505,0.19298741221427917,0.3839988708496094,0.4309847354888916,0.3971865475177765,0.5431758165359497,0.5064936876296997,1.0,0.3680514991283417,0.41546687483787537],[0.270856112241745,0.3138352930545807,0.37623703479766846,0.31154128909111023,0.3401121497154236,0.22958379983901978,0.25580349564552307,0.28032025694847107,0.3416081666946411,0.2874930202960968,0.292998731136322,0.32030507922172546,0.49660953879356384,0.3680514991283417,1.0000001192092896,0.4426896572113037],[0.24430005252361298,0.3237738609313965,0.37742534279823303,0.46109986305236816,0.4326202869415283,0.3060055375099182,0.3415415287017822,0.25309956073760986,0.3642396032810211,0.3257603347301483,0.3351137936115265,0.34332048892974854,0.544758141040802,0.41546687483787537,0.4426896572113037,1.0]]}