{
  "game_number": 149,
  "words": [
    "BEER",
    "DIP",
    "PIZZA",
    "WINGS",
    "DWELL",
    "HARP",
    "INSIST",
    "LINGER",
    "BERNIE",
    "PARISH",
    "RIGATONI",
    "ROMEO",
    "BORE",
    "HAD",
    "HELD",
    "POSSESSED"
  ],
  "adjacency_matrix": [
    [
      1.0,
      0.3456909954547882,
      0.586475670337677,
      0.3282036781311035,
      0.26848986744880676,
      0.28257495164871216,
      0.2452058345079422,
      0.3345896899700165,
      0.37972310185432434,
      0.2598147392272949,
      0.3440813422203064,
      0.28245866298675537,
      0.3163612186908722,
      0.2900194525718689,
      0.3345688581466675,
      0.29236364364624023
    ],
    [
      0.3456909954547882,
      1.0,
      0.3544698655605316,
      0.32387205958366394,
      0.3118472397327423,
      0.24406161904335022,
      0.2345815896987915,
      0.3366211950778961,
      0.29272913932800293,
      0.264469712972641,
      0.34569716453552246,
      0.23134206235408783,
      0.3880186378955841,
      0.25956782698631287,
      0.265537828207016,
      0.16687199473381042
    ],
    [
      0.586475670337677,
      0.3544698655605316,
      1.0,
      0.2994452118873596,
      0.1918976902961731,
      0.1805962771177292,
      0.22097298502922058,
      0.21149004995822906,
      0.38390448689460754,
      0.18656034767627716,
      0.5844547748565674,
      0.33767586946487427,
      0.25453799962997437,
      0.20530764758586884,
      0.21881286799907684,
      0.16340409219264984
    ],
    [
      0.3282036781311035,
      0.32387205958366394,
      0.2994452118873596,
      1.0,
      0.35095417499542236,
      0.3237597942352295,
      0.24995499849319458,
      0.3221951127052307,
      0.3750831186771393,
      0.2909145653247833,
      0.3408535420894623,
      0.2646986246109009,
      0.3213346600532532,
      0.287164568901062,
      0.2740083932876587,
      0.2808109223842621
    ],
    [
      0.26848986744880676,
      0.3118472397327423,
      0.1918976902961731,
      0.35095417499542236,
      1.0,
      0.3421913683414459,
      0.4118909239768982,
      0.5549307465553284,
      0.2912804186344147,
      0.31102457642555237,
      0.19430136680603027,
      0.19610124826431274,
      0.4441933035850525,
      0.3255399167537689,
      0.3644171357154846,
      0.3250752091407776
    ],
    [
      0.28257495164871216,
      0.24406161904335022,
      0.1805962771177292,
      0.3237597942352295,
      0.3421913683414459,
      1.0,
      0.2980979382991791,
      0.2542319595813751,
      0.3324677646160126,
      0.2310362160205841,
      0.2607097327709198,
      0.26324543356895447,
      0.4521820843219757,
      0.2633596658706665,
      0.3012459874153137,
      0.2933866083621979
    ],
    [
      0.2452058345079422,
      0.2345815896987915,
      0.22097298502922058,
      0.24995499849319458,
      0.4118909239768982,
      0.2980979382991791,
      1.0,
      0.41854166984558105,
      0.2829970121383667,
      0.23389819264411926,
      0.30519047379493713,
      0.19723506271839142,
      0.34002426266670227,
      0.32440271973609924,
      0.3998108506202698,
      0.3016832172870636
    ],
    [
      0.3345896899700165,
      0.3366211950778961,
      0.21149004995822906,
      0.3221951127052307,
      0.5549307465553284,
      0.2542319595813751,
      0.41854166984558105,
      1.0,
      0.1959211677312851,
      0.22498132288455963,
      0.2133135199546814,
      0.14667963981628418,
      0.3284122347831726,
      0.24853333830833435,
      0.29170623421669006,
      0.17123329639434814
    ],
    [
      0.37972310185432434,
      0.29272913932800293,
      0.38390448689460754,
      0.3750831186771393,
      0.2912804186344147,
      0.3324677646160126,
      0.2829970121383667,
      0.1959211677312851,
      1.0,
      0.2466392070055008,
      0.4283926784992218,
      0.5552953481674194,
      0.37466296553611755,
      0.32477661967277527,
      0.2691747546195984,
      0.2728516459465027
    ],
    [
      0.2598147392272949,
      0.264469712972641,
      0.18656034767627716,
      0.2909145653247833,
      0.31102457642555237,
      0.2310362160205841,
      0.23389819264411926,
      0.22498132288455963,
      0.2466392070055008,
      1.0000001192092896,
      0.21317091584205627,
      0.21631266176700592,
      0.31802406907081604,
      0.2890319228172302,
      0.3470843434333801,
      0.28681349754333496
    ],
    [
      0.3440813422203064,
      0.34569716453552246,
      0.5844547748565674,
      0.3408535420894623,
      0.19430136680603027,
      0.2607097327709198,
      0.30519047379493713,
      0.2133135199546814,
      0.4283926784992218,
      0.21317091584205627,
      1.0,
      0.3998284637928009,
      0.3111363649368286,
      0.25148698687553406,
      0.19518212974071503,
      0.20060870051383972
    ],
    [
      0.28245866298675537,
      0.23134206235408783,
      0.33767586946487427,
      0.2646986246109009,
      0.19610124826431274,
      0.26324543356895447,
      0.19723506271839142,
      0.14667963981628418,
      0.5552953481674194,
      0.21631266176700592,
      0.3998284637928009,
      1.0,
      0.3130035102367401,
      0.2074844241142273,
      0.14299128949642181,
      0.15984787046909332
    ],
    [
      0.3163612186908722,
      0.3880186378955841,
      0.25453799962997437,
      0.3213346600532532,
      0.4441933035850525,
      0.4521820843219757,
      0.34002426266670227,
      0.3284122347831726,
      0.37466296553611755,
      0.31802406907081604,
      0.3111363649368286,
      0.3130035102367401,
      0.9999999403953552,
      0.454009473323822,
      0.38079404830932617,
      0.421246737241745
    ],
    [
      0.2900194525718689,
      0.25956782698631287,
      0.20530764758586884,
      0.287164568901062,
      0.3255399167537689,
      0.2633596658706665,
      0.32440271973609924,
      0.24853333830833435,
      0.32477661967277527,
      0.2890319228172302,
      0.25148698687553406,
      0.2074844241142273,
      0.454009473323822,
      1.0,
      0.5768870711326599,
      0.6443402767181396
    ],
    [
      0.3345688581466675,
      0.265537828207016,
      0.21881286799907684,
      0.2740083932876587,
      0.3644171357154846,
      0.3012459874153137,
      0.3998108506202698,
      0.29170623421669006,
      0.2691747546195984,
      0.3470843434333801,
      0.19518212974071503,
      0.14299128949642181,
      0.38079404830932617,
      0.5768870711326599,
      0.9999999403953552,
      0.6055275201797485
    ],
    [
      0.29236364364624023,
      0.16687199473381042,
      0.16340409219264984,
      0.2808109223842621,
      0.3250752091407776,
      0.2933866083621979,
      0.3016832172870636,
      0.17123329639434814,
      0.2728516459465027,
      0.28681349754333496,
      0.20060870051383972,
      0.15984787046909332,
      0.421246737241745,
      0.6443402767181396,
      0.6055275201797485,
      1.0
    ]
  ]
}