{"game_number":376,"words":["HULU","NETFLIX","PEACOCK","PRIME","KETCHUP","MAYO","RELISH","TARTAR","BLUE","DOWN","GLUM","LOW","GREEN","MUSTARD","PLUM","SCARLET"],"adjacency_matrix":[[1.0000001192092896,0.5796051621437073,0.2806851863861084,0.2548685371875763,0.2420070320367813,0.2686726450920105,0.18088825047016144,0.30928096175193787,0.3403211534023285,0.21685005724430084,0.18411394953727722,0.20300360023975372,0.29876258969306946,0.2157203108072281,0.3793118894100189,0.252044141292572],[0.5796051621437073,1.0,0.21692270040512085,0.25630220770835876,0.2807147800922394,0.25806382298469543,0.2638404071331024,0.22793342173099518,0.29090145230293274,0.24935011565685272,0.1670256108045578,0.23172684013843536,0.29107508063316345,0.2378741055727005,0.24971705675125122,0.22828412055969238],[0.2806851863861084,0.21692270040512085,1.0,0.2941235899925232,0.23803192377090454,0.28677767515182495,0.3278058171272278,0.3140051066875458,0.4397280514240265,0.2702568769454956,0.2449733316898346,0.2709740698337555,0.4094550907611847,0.29359200596809387,0.41142696142196655,0.4309816062450409],[0.2548685371875763,0.25630220770835876,0.2941235899925232,1.0,0.20812663435935974,0.1405930519104004,0.40832313895225525,0.24144309759140015,0.3084406852722168,0.23902897536754608,0.22363851964473724,0.391361802816391,0.390325129032135,0.26240748167037964,0.4207424819469452,0.23350338637828827],[0.2420070320367813,0.2807147800922394,0.23803192377090454,0.20812663435935974,1.0000001192092896,0.4895106256008148,0.3497719168663025,0.43012481927871704,0.3707906901836395,0.23225058615207672,0.1252133846282959,0.17910178005695343,0.34837886691093445,0.5355738401412964,0.35372909903526306,0.30933576822280884],[0.2686726450920105,0.25806382298469543,0.28677767515182495,0.1405930519104004,0.4895106256008148,1.0,0.2641361355781555,0.4161543846130371,0.332476943731308,0.2354808896780014,0.1676037460565567,0.2554822862148285,0.3096197545528412,0.44088640809059143,0.3161194324493408,0.26696059107780457],[0.18088825047016144,0.2638404071331024,0.3278058171272278,0.40832313895225525,0.3497719168663025,0.2641361355781555,1.0,0.3559742271900177,0.26479610800743103,0.3001861870288849,0.3699494004249573,0.38471850752830505,0.3155916929244995,0.401094526052475,0.38908135890960693,0.3571375608444214],[0.30928096175193787,0.22793342173099518,0.3140051066875458,0.24144309759140015,0.43012481927871704,0.4161543846130371,0.3559742271900177,1.0,0.3382466435432434,0.23704315721988678,0.17008495330810547,0.2332916408777237,0.3473990261554718,0.435560017824173,0.4110063910484314,0.3228926956653595],[0.3403211534023285,0.29090145230293274,0.4397280514240265,0.3084406852722168,0.3707906901836395,0.332476943731308,0.26479610800743103,0.3382466435432434,1.0,0.37334299087524414,0.2957409918308258,0.41879579424858093,0.8072766661643982,0.4300583600997925,0.45608654618263245,0.6498861908912659],[0.21685005724430084,0.24935011565685272,0.2702568769454956,0.23902897536754608,0.23225058615207672,0.2354808896780014,0.3001861870288849,0.23704315721988678,0.37334299087524414,1.0,0.2782682180404663,0.5273195505142212,0.36662307381629944,0.3031446635723114,0.25821319222450256,0.3220737874507904],[0.18411394953727722,0.1670256108045578,0.2449733316898346,0.22363851964473724,0.1252133846282959,0.1676037460565567,0.3699494004249573,0.17008495330810547,0.2957409918308258,0.2782682180404663,1.0,0.3485456109046936,0.33814334869384766,0.1799769103527069,0.25814375281333923,0.2613971531391144],[0.20300360023975372,0.23172684013843536,0.2709740698337555,0.391361802816391,0.17910178005695343,0.2554822862148285,0.38471850752830505,0.2332916408777237,0.41879579424858093,0.5273195505142212,0.3485456109046936,1.0,0.44563332200050354,0.28567925095558167,0.30404186248779297,0.3547467589378357],[0.29876258969306946,0.29107508063316345,0.4094550907611847,0.390325129032135,0.34837886691093445,0.3096197545528412,0.3155916929244995,0.3473990261554718,0.8072766661643982,0.36662307381629944,0.33814334869384766,0.44563332200050354,1.0,0.44380810856819153,0.47987428307533264,0.5987511277198792],[0.2157203108072281,0.2378741055727005,0.29359200596809387,0.26240748167037964,0.5355738401412964,0.44088640809059143,0.401094526052475,0.435560017824173,0.4300583600997925,0.3031446635723114,0.1799769103527069,0.28567925095558167,0.44380810856819153,1.0,0.4392319619655609,0.4744519889354706],[0.3793118894100189,0.24971705675125122,0.41142696142196655,0.4207424819469452,0.35372909903526306,0.3161194324493408,0.38908135890960693,0.4110063910484314,0.45608654618263245,0.25821319222450256,0.25814375281333923,0.30404186248779297,0.47987428307533264,0.4392319619655609,1.0,0.47806140780448914],[0.252044141292572,0.22828412055969238,0.4309816062450409,0.23350338637828827,0.30933576822280884,0.26696059107780457,0.3571375608444214,0.3228926956653595,0.6498861908912659,0.3220737874507904,0.2613971531391144,0.3547467589378357,0.5987511277198792,0.4744519889354706,0.47806140780448914,1.0]]}