{
  "game_number": 616,
  "words": [
    "CLUE",
    "RISK",
    "SORRY",
    "TROUBLE",
    "BOND",
    "HUNT",
    "RYAN",
    "SMART",
    "BAND",
    "CEMENT",
    "DUCKIE",
    "SOUL",
    "CUCUMBER",
    "EGGPLANT",
    "PEPPER",
    "TOMATO"
  ],
  "adjacency_matrix": [
    [
      1.0,
      0.39490658044815063,
      0.3879616856575012,
      0.4958161413669586,
      0.28025996685028076,
      0.389046847820282,
      0.1444116234779358,
      0.39167240262031555,
      0.26977303624153137,
      0.27621990442276,
      0.29211434721946716,
      0.3436787724494934,
      0.1703987717628479,
      0.1706731617450714,
      0.24034936726093292,
      0.22787153720855713
    ],
    [
      0.39490658044815063,
      1.0000001192092896,
      0.3447607159614563,
      0.5710596442222595,
      0.3740731477737427,
      0.3324434757232666,
      0.0901215448975563,
      0.3615414500236511,
      0.2589398920536041,
      0.27192193269729614,
      0.2193470448255539,
      0.3168250322341919,
      0.21546676754951477,
      0.2578900158405304,
      0.2064949870109558,
      0.2774336338043213
    ],
    [
      0.3879616856575012,
      0.3447607159614563,
      1.0,
      0.5333651304244995,
      0.18280526995658875,
      0.2747448980808258,
      0.28312116861343384,
      0.42810219526290894,
      0.22928152978420258,
      0.19133687019348145,
      0.33270639181137085,
      0.3044039309024811,
      0.18783552944660187,
      0.1667708307504654,
      0.15552474558353424,
      0.19013401865959167
    ],
    [
      0.4958161413669586,
      0.5710596442222595,
      0.5333651304244995,
      1.0,
      0.3293880820274353,
      0.4164111912250519,
      0.1761178970336914,
      0.4059116840362549,
      0.2827815115451813,
      0.30158117413520813,
      0.29153409600257874,
      0.36618170142173767,
      0.17436346411705017,
      0.19244015216827393,
      0.24689264595508575,
      0.21478596329689026
    ],
    [
      0.28025996685028076,
      0.3740731477737427,
      0.18280526995658875,
      0.3293880820274353,
      1.0,
      0.3234385550022125,
      0.1647641956806183,
      0.3388744592666626,
      0.37588024139404297,
      0.4970760643482208,
      0.31299182772636414,
      0.36685577034950256,
      0.220962256193161,
      0.20333686470985413,
      0.26168087124824524,
      0.25033482909202576
    ],
    [
      0.389046847820282,
      0.3324434757232666,
      0.2747448980808258,
      0.4164111912250519,
      0.3234385550022125,
      1.0,
      0.24640217423439026,
      0.3299790024757385,
      0.3926403522491455,
      0.248024582862854,
      0.4323342740535736,
      0.34947502613067627,
      0.22293266654014587,
      0.2568592131137848,
      0.3296642303466797,
      0.2224557101726532
    ],
    [
      0.1444116234779358,
      0.0901215448975563,
      0.28312116861343384,
      0.1761178970336914,
      0.1647641956806183,
      0.24640217423439026,
      1.0,
      0.2764275372028351,
      0.29046905040740967,
      0.13460497558116913,
      0.3496997058391571,
      0.2384006232023239,
      0.2528625726699829,
      0.15680944919586182,
      0.24272234737873077,
      0.21035782992839813
    ],
    [
      0.39167240262031555,
      0.3615414500236511,
      0.42810219526290894,
      0.4059116840362549,
      0.3388744592666626,
      0.3299790024757385,
      0.2764275372028351,
      1.0,
      0.2830467224121094,
      0.29406434297561646,
      0.35987183451652527,
      0.3455023765563965,
      0.260255366563797,
      0.28524264693260193,
      0.2706815302371979,
      0.25097596645355225
    ],
    [
      0.26977303624153137,
      0.2589398920536041,
      0.22928152978420258,
      0.2827815115451813,
      0.37588024139404297,
      0.3926403522491455,
      0.29046905040740967,
      0.2830467224121094,
      0.9999999403953552,
      0.3041832149028778,
      0.351444274187088,
      0.3809097409248352,
      0.24913042783737183,
      0.21325957775115967,
      0.27726808190345764,
      0.2357814759016037
    ],
    [
      0.27621990442276,
      0.27192193269729614,
      0.19133687019348145,
      0.30158117413520813,
      0.4970760643482208,
      0.248024582862854,
      0.13460497558116913,
      0.29406434297561646,
      0.3041832149028778,
      1.0,
      0.39658933877944946,
      0.28479909896850586,
      0.2611945867538452,
      0.23946760594844818,
      0.3319539427757263,
      0.31440964341163635
    ],
    [
      0.29211434721946716,
      0.2193470448255539,
      0.33270639181137085,
      0.29153409600257874,
      0.31299182772636414,
      0.4323342740535736,
      0.3496997058391571,
      0.35987183451652527,
      0.351444274187088,
      0.39658933877944946,
      1.0000001192092896,
      0.3018706738948822,
      0.43378856778144836,
      0.3956533372402191,
      0.3902599811553955,
      0.3657929599285126
    ],
    [
      0.3436787724494934,
      0.3168250322341919,
      0.3044039309024811,
      0.36618170142173767,
      0.36685577034950256,
      0.34947502613067627,
      0.2384006232023239,
      0.3455023765563965,
      0.3809097409248352,
      0.28479909896850586,
      0.3018706738948822,
      1.0,
      0.30926570296287537,
      0.26416847109794617,
      0.23775267601013184,
      0.2901751697063446
    ],
    [
      0.1703987717628479,
      0.21546676754951477,
      0.18783552944660187,
      0.17436346411705017,
      0.220962256193161,
      0.22293266654014587,
      0.2528625726699829,
      0.260255366563797,
      0.24913042783737183,
      0.2611945867538452,
      0.43378856778144836,
      0.30926570296287537,
      0.9999999403953552,
      0.6118133068084717,
      0.5472371578216553,
      0.6937885880470276
    ],
    [
      0.1706731617450714,
      0.2578900158405304,
      0.1667708307504654,
      0.19244015216827393,
      0.20333686470985413,
      0.2568592131137848,
      0.15680944919586182,
      0.28524264693260193,
      0.21325957775115967,
      0.23946760594844818,
      0.3956533372402191,
      0.26416847109794617,
      0.6118133068084717,
      1.0000001192092896,
      0.5717469453811646,
      0.6527729630470276
    ],
    [
      0.24034936726093292,
      0.2064949870109558,
      0.15552474558353424,
      0.24689264595508575,
      0.26168087124824524,
      0.3296642303466797,
      0.24272234737873077,
      0.2706815302371979,
      0.27726808190345764,
      0.3319539427757263,
      0.3902599811553955,
      0.23775267601013184,
      0.5472371578216553,
      0.5717469453811646,
      1.0,
      0.5935689210891724
    ],
    [
      0.22787153720855713,
      0.2774336338043213,
      0.19013401865959167,
      0.21478596329689026,
      0.25033482909202576,
      0.2224557101726532,
      0.21035782992839813,
      0.25097596645355225,
      0.2357814759016037,
      0.31440964341163635,
      0.3657929599285126,
      0.2901751697063446,
      0.6937885880470276,
      0.6527729630470276,
      0.5935689210891724,
      1.0
    ]
  ]
}