{
  "game_number": 593,
  "words": [
    "CATCH",
    "NOTICE",
    "OBSERVE",
    "SEE",
    "BAIT",
    "CHUM",
    "FLY",
    "SINKER",
    "BONE",
    "REX",
    "SHIRT",
    "STORM",
    "BUCKLE",
    "BUTTON",
    "SNAP",
    "ZIP"
  ],
  "adjacency_matrix": [
    [
      1.0000001192092896,
      0.5048249959945679,
      0.5220276117324829,
      0.5066313743591309,
      0.5909809470176697,
      0.4357496201992035,
      0.5620099902153015,
      0.47340747714042664,
      0.3598273992538452,
      0.07556504756212234,
      0.32953283190727234,
      0.4094267785549164,
      0.3944019377231598,
      0.3007197082042694,
      0.5877835750579834,
      0.3376723825931549
    ],
    [
      0.5048249959945679,
      1.0,
      0.5100780725479126,
      0.5622590780258179,
      0.3560393452644348,
      0.24660608172416687,
      0.26620692014694214,
      0.241106316447258,
      0.2772188186645508,
      0.019022490829229355,
      0.32398849725723267,
      0.3548523783683777,
      0.37289413809776306,
      0.32788094878196716,
      0.4125223755836487,
      0.24461744725704193
    ],
    [
      0.5220276117324829,
      0.5100780725479126,
      1.0,
      0.6235435605049133,
      0.311369389295578,
      0.230890154838562,
      0.41565507650375366,
      0.1593359261751175,
      0.2557421922683716,
      -0.02185758762061596,
      0.22355780005455017,
      0.3116677403450012,
      0.32307758927345276,
      0.24190181493759155,
      0.38503971695899963,
      0.18495653569698334
    ],
    [
      0.5066313743591309,
      0.5622590780258179,
      0.6235435605049133,
      1.0,
      0.2824403643608093,
      0.23730197548866272,
      0.4016803503036499,
      0.14171220362186432,
      0.2604677379131317,
      0.04908636957406998,
      0.2347894161939621,
      0.2787359654903412,
      0.3143696188926697,
      0.29705753922462463,
      0.3594842553138733,
      0.1820489466190338
    ],
    [
      0.5909809470176697,
      0.3560393452644348,
      0.311369389295578,
      0.2824403643608093,
      0.9999999403953552,
      0.4151518642902374,
      0.4220590889453888,
      0.5023068189620972,
      0.35107848048210144,
      0.15829573571681976,
      0.29757753014564514,
      0.3222211003303528,
      0.3040107488632202,
      0.34856516122817993,
      0.4204931855201721,
      0.26199066638946533
    ],
    [
      0.4357496201992035,
      0.24660608172416687,
      0.230890154838562,
      0.23730197548866272,
      0.4151518642902374,
      1.0,
      0.3009892702102661,
      0.3576814532279968,
      0.2599491477012634,
      0.24912063777446747,
      0.27880412340164185,
      0.20858211815357208,
      0.2254490703344345,
      0.12451985478401184,
      0.28584182262420654,
      0.22915972769260406
    ],
    [
      0.5620099902153015,
      0.26620692014694214,
      0.41565507650375366,
      0.4016803503036499,
      0.4220590889453888,
      0.3009892702102661,
      1.0,
      0.3107093572616577,
      0.3196602165699005,
      0.13979914784431458,
      0.2967197000980377,
      0.34188786149024963,
      0.33308351039886475,
      0.3204686641693115,
      0.43832504749298096,
      0.37845832109451294
    ],
    [
      0.47340747714042664,
      0.241106316447258,
      0.1593359261751175,
      0.14171220362186432,
      0.5023068189620972,
      0.3576814532279968,
      0.3107093572616577,
      1.0,
      0.330949991941452,
      0.10888256877660751,
      0.2558766007423401,
      0.27731800079345703,
      0.351444274187088,
      0.26578816771507263,
      0.3646795153617859,
      0.2090722918510437
    ],
    [
      0.3598273992538452,
      0.2772188186645508,
      0.2557421922683716,
      0.2604677379131317,
      0.35107848048210144,
      0.2599491477012634,
      0.3196602165699005,
      0.330949991941452,
      1.0,
      0.23578836023807526,
      0.31988823413848877,
      0.273266464471817,
      0.39938884973526,
      0.31269001960754395,
      0.3883446753025055,
      0.2816799581050873
    ],
    [
      0.07556504756212234,
      0.019022490829229355,
      -0.02185758762061596,
      0.04908636957406998,
      0.15829573571681976,
      0.24912063777446747,
      0.13979914784431458,
      0.10888256877660751,
      0.23578836023807526,
      1.0,
      0.03164926916360855,
      0.042095847427845,
      0.13910694420337677,
      0.12368714809417725,
      0.15383502840995789,
      0.10475616157054901
    ],
    [
      0.32953283190727234,
      0.32398849725723267,
      0.22355780005455017,
      0.2347894161939621,
      0.29757753014564514,
      0.27880412340164185,
      0.2967197000980377,
      0.2558766007423401,
      0.31988823413848877,
      0.03164926916360855,
      1.0,
      0.28119924664497375,
      0.406287282705307,
      0.45540711283683777,
      0.31430181860923767,
      0.38112014532089233
    ],
    [
      0.4094267785549164,
      0.3548523783683777,
      0.3116677403450012,
      0.2787359654903412,
      0.3222211003303528,
      0.20858211815357208,
      0.34188786149024963,
      0.27731800079345703,
      0.273266464471817,
      0.042095847427845,
      0.28119924664497375,
      1.0,
      0.33608388900756836,
      0.22893384099006653,
      0.4266955554485321,
      0.24266305565834045
    ],
    [
      0.3944019377231598,
      0.37289413809776306,
      0.32307758927345276,
      0.3143696188926697,
      0.3040107488632202,
      0.2254490703344345,
      0.33308351039886475,
      0.351444274187088,
      0.39938884973526,
      0.13910694420337677,
      0.406287282705307,
      0.33608388900756836,
      1.0,
      0.40866711735725403,
      0.5228781700134277,
      0.4074183404445648
    ],
    [
      0.3007197082042694,
      0.32788094878196716,
      0.24190181493759155,
      0.29705753922462463,
      0.34856516122817993,
      0.12451985478401184,
      0.3204686641693115,
      0.26578816771507263,
      0.31269001960754395,
      0.12368714809417725,
      0.45540711283683777,
      0.22893384099006653,
      0.40866711735725403,
      1.0,
      0.3769427239894867,
      0.3820992708206177
    ],
    [
      0.5877835750579834,
      0.4125223755836487,
      0.38503971695899963,
      0.3594842553138733,
      0.4204931855201721,
      0.28584182262420654,
      0.43832504749298096,
      0.3646795153617859,
      0.3883446753025055,
      0.15383502840995789,
      0.31430181860923767,
      0.4266955554485321,
      0.5228781700134277,
      0.3769427239894867,
      0.9999998807907104,
      0.3909892737865448
    ],
    [
      0.3376723825931549,
      0.24461744725704193,
      0.18495653569698334,
      0.1820489466190338,
      0.26199066638946533,
      0.22915972769260406,
      0.37845832109451294,
      0.2090722918510437,
      0.2816799581050873,
      0.10475616157054901,
      0.38112014532089233,
      0.24266305565834045,
      0.4074183404445648,
      0.3820992708206177,
      0.3909892737865448,
      1.0
    ]
  ]
}