{
  "game_number": 163,
  "words": [
    "MEETING",
    "PERIOD",
    "SESSION",
    "SITTING",
    "BODY",
    "FLASH",
    "LENS",
    "STRAP",
    "CROWD",
    "GULLY",
    "PUFFING",
    "SWANK",
    "COACH",
    "GUIDE",
    "SCHOOL",
    "TRAIN"
  ],
  "adjacency_matrix": [
    [
      1.0,
      0.34437325596809387,
      0.6359366178512573,
      0.47571244835853577,
      0.3398984670639038,
      0.26076120138168335,
      0.21694284677505493,
      0.2536301612854004,
      0.4209620952606201,
      0.1982647180557251,
      0.19933438301086426,
      0.3635532259941101,
      0.3076794147491455,
      0.3993526101112366,
      0.45055142045021057,
      0.4144420325756073
    ],
    [
      0.34437325596809387,
      1.0,
      0.4809434413909912,
      0.28950440883636475,
      0.3252270817756653,
      0.29453593492507935,
      0.27542126178741455,
      0.23509913682937622,
      0.21610525250434875,
      0.22900764644145966,
      0.12463689595460892,
      0.19180311262607574,
      0.24144978821277618,
      0.2928251624107361,
      0.40137678384780884,
      0.29449179768562317
    ],
    [
      0.6359366178512573,
      0.4809434413909912,
      1.0,
      0.4302152991294861,
      0.3482004702091217,
      0.3034265339374542,
      0.2550312578678131,
      0.22746910154819489,
      0.32319340109825134,
      0.22652733325958252,
      0.16412027180194855,
      0.3029363751411438,
      0.31924518942832947,
      0.355312705039978,
      0.4253883957862854,
      0.40313029289245605
    ],
    [
      0.47571244835853577,
      0.28950440883636475,
      0.4302152991294861,
      1.0,
      0.3667490482330322,
      0.29950594902038574,
      0.2504318356513977,
      0.3266424834728241,
      0.36595746874809265,
      0.2771603763103485,
      0.4132267236709595,
      0.3514833152294159,
      0.34877997636795044,
      0.2912062108516693,
      0.3650747239589691,
      0.34360671043395996
    ],
    [
      0.3398984670639038,
      0.3252270817756653,
      0.3482004702091217,
      0.3667490482330322,
      1.0,
      0.337723970413208,
      0.3667033612728119,
      0.38416674733161926,
      0.3151247501373291,
      0.2732367217540741,
      0.23580440878868103,
      0.3004986345767975,
      0.3697934150695801,
      0.41115903854370117,
      0.4078255891799927,
      0.4273892343044281
    ],
    [
      0.26076120138168335,
      0.29453593492507935,
      0.3034265339374542,
      0.29950594902038574,
      0.337723970413208,
      1.0,
      0.44578641653060913,
      0.4145142436027527,
      0.3786044716835022,
      0.32824599742889404,
      0.3403142988681793,
      0.3593117892742157,
      0.23794147372245789,
      0.3658818006515503,
      0.26495909690856934,
      0.3763560354709625
    ],
    [
      0.21694284677505493,
      0.27542126178741455,
      0.2550312578678131,
      0.2504318356513977,
      0.3667033612728119,
      0.44578641653060913,
      0.9999999403953552,
      0.3835717439651489,
      0.24301500618457794,
      0.31166261434555054,
      0.12417005747556686,
      0.25068017840385437,
      0.2092743217945099,
      0.351310133934021,
      0.3354737162590027,
      0.2712399661540985
    ],
    [
      0.2536301612854004,
      0.23509913682937622,
      0.22746910154819489,
      0.3266424834728241,
      0.38416674733161926,
      0.4145142436027527,
      0.3835717439651489,
      1.0,
      0.24809783697128296,
      0.3669184446334839,
      0.3185681998729706,
      0.33063411712646484,
      0.2660176157951355,
      0.4094032347202301,
      0.2880185842514038,
      0.4445308446884155
    ],
    [
      0.4209620952606201,
      0.21610525250434875,
      0.32319340109825134,
      0.36595746874809265,
      0.3151247501373291,
      0.3786044716835022,
      0.24301500618457794,
      0.24809783697128296,
      0.9999999403953552,
      0.25703129172325134,
      0.30284368991851807,
      0.43637615442276,
      0.3015146851539612,
      0.2735602557659149,
      0.35814139246940613,
      0.36851930618286133
    ],
    [
      0.1982647180557251,
      0.22900764644145966,
      0.22652733325958252,
      0.2771603763103485,
      0.2732367217540741,
      0.32824599742889404,
      0.31166261434555054,
      0.3669184446334839,
      0.25703129172325134,
      1.0,
      0.20404328405857086,
      0.33330702781677246,
      0.22116509079933167,
      0.3060767650604248,
      0.2921328842639923,
      0.29530856013298035
    ],
    [
      0.19933438301086426,
      0.12463689595460892,
      0.16412027180194855,
      0.4132267236709595,
      0.23580440878868103,
      0.3403142988681793,
      0.12417005747556686,
      0.3185681998729706,
      0.30284368991851807,
      0.20404328405857086,
      1.0,
      0.35111188888549805,
      0.1764935553073883,
      0.25405243039131165,
      0.1872718185186386,
      0.30111393332481384
    ],
    [
      0.3635532259941101,
      0.19180311262607574,
      0.3029363751411438,
      0.3514833152294159,
      0.3004986345767975,
      0.3593117892742157,
      0.25068017840385437,
      0.33063411712646484,
      0.43637615442276,
      0.33330702781677246,
      0.35111188888549805,
      1.0,
      0.24171343445777893,
      0.2826452851295471,
      0.37372860312461853,
      0.33951956033706665
    ],
    [
      0.3076794147491455,
      0.24144978821277618,
      0.31924518942832947,
      0.34877997636795044,
      0.3697934150695801,
      0.23794147372245789,
      0.2092743217945099,
      0.2660176157951355,
      0.3015146851539612,
      0.22116509079933167,
      0.1764935553073883,
      0.24171343445777893,
      1.0,
      0.4761863648891449,
      0.49849632382392883,
      0.5498150587081909
    ],
    [
      0.3993526101112366,
      0.2928251624107361,
      0.355312705039978,
      0.2912062108516693,
      0.41115903854370117,
      0.3658818006515503,
      0.351310133934021,
      0.4094032347202301,
      0.2735602557659149,
      0.3060767650604248,
      0.25405243039131165,
      0.2826452851295471,
      0.4761863648891449,
      0.9999999403953552,
      0.37628549337387085,
      0.527492344379425
    ],
    [
      0.45055142045021057,
      0.40137678384780884,
      0.4253883957862854,
      0.3650747239589691,
      0.4078255891799927,
      0.26495909690856934,
      0.3354737162590027,
      0.2880185842514038,
      0.35814139246940613,
      0.2921328842639923,
      0.1872718185186386,
      0.37372860312461853,
      0.49849632382392883,
      0.37628549337387085,
      0.9999999403953552,
      0.46307823061943054
    ],
    [
      0.4144420325756073,
      0.29449179768562317,
      0.40313029289245605,
      0.34360671043395996,
      0.4273892343044281,
      0.3763560354709625,
      0.2712399661540985,
      0.4445308446884155,
      0.36851930618286133,
      0.29530856013298035,
      0.30111393332481384,
      0.33951956033706665,
      0.5498150587081909,
      0.527492344379425,
      0.46307823061943054,
      1.0
    ]
  ]
}