{"game_number":167,"words":["CRAB","RAY","SPONGE","SQUID","CIRCLE","DIAMOND","SQUARE","TRIANGLE","BOB","CROSS","HOOK","WEAVE","FEAST","FREE","PANTS","THAT"],"adjacency_matrix":[[1.0,0.4287230968475342,0.5452480912208557,0.6020347476005554,0.3378489911556244,0.3519509434700012,0.34351614117622375,0.39187315106391907,0.3533437252044678,0.36129996180534363,0.3798249661922455,0.27439701557159424,0.4234462082386017,0.3149011433124542,0.3362102806568146,0.26125645637512207],[0.4287230968475342,1.0,0.41158801317214966,0.4084864556789398,0.36512455344200134,0.3923376500606537,0.29757213592529297,0.42563214898109436,0.3588033616542816,0.333467960357666,0.23694948852062225,0.26366353034973145,0.2173202633857727,0.28757286071777344,0.21401387453079224,0.2071596086025238],[0.5452480912208557,0.41158801317214966,0.9999999403953552,0.49553918838500977,0.3729710280895233,0.39981234073638916,0.34181851148605347,0.41294336318969727,0.318703830242157,0.3269745707511902,0.42136475443840027,0.3708779215812683,0.3036643862724304,0.3852207660675049,0.3602275550365448,0.3113827407360077],[0.6020347476005554,0.4084864556789398,0.49553918838500977,1.0,0.22332999110221863,0.28075453639030457,0.2820771038532257,0.2895997166633606,0.3620764911174774,0.2926838994026184,0.3585152328014374,0.26565149426460266,0.3490091562271118,0.24266040325164795,0.3082540035247803,0.25830334424972534],[0.3378489911556244,0.36512455344200134,0.3729710280895233,0.22332999110221863,1.0,0.4085439145565033,0.569777250289917,0.6594417095184326,0.20805923640727997,0.47545650601387024,0.35801318287849426,0.38491129875183105,0.3156234622001648,0.32846903800964355,0.2658574879169464,0.3083631098270416],[0.3519509434700012,0.3923376500606537,0.39981234073638916,0.28075453639030457,0.4085439145565033,1.0,0.41076406836509705,0.46674805879592896,0.2889326512813568,0.41722607612609863,0.33426132798194885,0.34411123394966125,0.24890834093093872,0.3255397081375122,0.28203561902046204,0.3179287016391754],[0.34351614117622375,0.29757213592529297,0.34181851148605347,0.2820771038532257,0.569777250289917,0.41076406836509705,1.0,0.606200635433197,0.2744137644767761,0.45033571124076843,0.3028396666049957,0.32060861587524414,0.2901330590248108,0.3705616593360901,0.3377092480659485,0.3263768255710602],[0.39187315106391907,0.42563214898109436,0.41294336318969727,0.2895997166633606,0.6594417095184326,0.46674805879592896,0.606200635433197,1.0,0.2808244526386261,0.5123186111450195,0.3934577703475952,0.39969372749328613,0.24052469432353973,0.3295280635356903,0.33389174938201904,0.3585864007472992],[0.3533437252044678,0.3588033616542816,0.318703830242157,0.3620764911174774,0.20805923640727997,0.2889326512813568,0.2744137644767761,0.2808244526386261,1.0,0.22592221200466156,0.33810415863990784,0.39312222599983215,0.15820764005184174,0.1932811141014099,0.31532022356987,0.16785375773906708],[0.36129996180534363,0.333467960357666,0.3269745707511902,0.2926838994026184,0.47545650601387024,0.41722607612609863,0.45033571124076843,0.5123186111450195,0.22592221200466156,1.0,0.43666744232177734,0.48084700107574463,0.3806145191192627,0.4244735538959503,0.33317163586616516,0.39462465047836304],[0.3798249661922455,0.23694948852062225,0.42136475443840027,0.3585152328014374,0.35801318287849426,0.33426132798194885,0.3028396666049957,0.3934577703475952,0.33810415863990784,0.43666744232177734,1.0,0.415648877620697,0.3628789186477661,0.38699522614479065,0.33317238092422485,0.3943224549293518],[0.27439701557159424,0.26366353034973145,0.3708779215812683,0.26565149426460266,0.38491129875183105,0.34411123394966125,0.32060861587524414,0.39969372749328613,0.39312222599983215,0.48084700107574463,0.415648877620697,1.0,0.2864360213279724,0.3576739430427551,0.37991657853126526,0.3408936858177185],[0.4234462082386017,0.2173202633857727,0.3036643862724304,0.3490091562271118,0.3156234622001648,0.24890834093093872,0.2901330590248108,0.24052469432353973,0.15820764005184174,0.3806145191192627,0.3628789186477661,0.2864360213279724,1.0,0.3398202061653137,0.20500285923480988,0.32006046175956726],[0.3149011433124542,0.28757286071777344,0.3852207660675049,0.24266040325164795,0.32846903800964355,0.3255397081375122,0.3705616593360901,0.3295280635356903,0.1932811141014099,0.4244735538959503,0.38699522614479065,0.3576739430427551,0.3398202061653137,1.0000001192092896,0.34360069036483765,0.44444864988327026],[0.3362102806568146,0.21401387453079224,0.3602275550365448,0.3082540035247803,0.2658574879169464,0.28203561902046204,0.3377092480659485,0.33389174938201904,0.31532022356987,0.33317163586616516,0.33317238092422485,0.37991657853126526,0.20500285923480988,0.34360069036483765,1.0,0.3680664896965027],[0.26125645637512207,0.2071596086025238,0.3113827407360077,0.25830334424972534,0.3083631098270416,0.3179287016391754,0.3263768255710602,0.3585864007472992,0.16785375773906708,0.39462465047836304,0.3943224549293518,0.3408936858177185,0.32006046175956726,0.44444864988327026,0.3680664896965027,1.0]]}