{"game_number":257,"words":["DAISY","ROSE","TULIP","VIOLET","BARN","CHICKEN","FARMER","TRACTOR","ASTER","CARPENTER","CRAVEN","WAN","DUST","LIFE","SPORTS","YELLOW"],"adjacency_matrix":[[1.0,0.3680671155452728,0.5297618508338928,0.44223952293395996,0.27656543254852295,0.34389400482177734,0.2859695553779602,0.2926883101463318,0.4780426025390625,0.2733416259288788,0.23917561769485474,0.2996932864189148,0.2916392385959625,0.23896050453186035,0.16757608950138092,0.40838825702667236],[0.3680671155452728,1.0,0.41762882471084595,0.48151713609695435,0.2748902142047882,0.3251193165779114,0.24675115942955017,0.26354700326919556,0.36315053701400757,0.3197972774505615,0.21994231641292572,0.3753390610218048,0.33142995834350586,0.2801036834716797,0.2684268057346344,0.4399176836013794],[0.5297618508338928,0.41762882471084595,1.0000001192092896,0.44689780473709106,0.2858111560344696,0.36057665944099426,0.2683391273021698,0.2963618338108063,0.45085009932518005,0.2539682984352112,0.1625831574201584,0.23737668991088867,0.28253740072250366,0.2487163543701172,0.16012558341026306,0.44761645793914795],[0.44223952293395996,0.48151713609695435,0.44689780473709106,1.0,0.21256719529628754,0.30356600880622864,0.1898953765630722,0.1817370504140854,0.45322564244270325,0.23097345232963562,0.26002228260040283,0.39167454838752747,0.3047024607658386,0.2501024603843689,0.25800320506095886,0.6338860392570496],[0.27656543254852295,0.2748902142047882,0.2858111560344696,0.21256719529628754,1.0,0.469391793012619,0.44574326276779175,0.5088332891464233,0.3318793475627899,0.4425278902053833,0.19934841990470886,0.2335454523563385,0.36397743225097656,0.31947746872901917,0.2872917056083679,0.34266769886016846],[0.34389400482177734,0.3251193165779114,0.36057665944099426,0.30356600880622864,0.469391793012619,1.0,0.44939759373664856,0.37243780493736267,0.29950830340385437,0.3362634778022766,0.3102450370788574,0.31762591004371643,0.3485845923423767,0.34005028009414673,0.3341825306415558,0.45082005858421326],[0.2859695553779602,0.24675115942955017,0.2683391273021698,0.1898953765630722,0.44574326276779175,0.44939759373664856,1.0,0.5269188284873962,0.28581181168556213,0.573278546333313,0.23948553204536438,0.2474510371685028,0.26590821146965027,0.3895297646522522,0.3013491630554199,0.27413973212242126],[0.2926883101463318,0.26354700326919556,0.2963618338108063,0.1817370504140854,0.5088332891464233,0.37243780493736267,0.5269188284873962,0.9999999403953552,0.32988569140434265,0.40730270743370056,0.14771594107151031,0.2034105360507965,0.33988308906555176,0.2820426821708679,0.339212566614151,0.3537366986274719],[0.4780426025390625,0.36315053701400757,0.45085009932518005,0.45322564244270325,0.3318793475627899,0.29950830340385437,0.28581181168556213,0.32988569140434265,1.0,0.2760155498981476,0.27445143461227417,0.35747799277305603,0.32615217566490173,0.26154825091362,0.22813419997692108,0.4623048007488251],[0.2733416259288788,0.3197972774505615,0.2539682984352112,0.23097345232963562,0.4425278902053833,0.3362634778022766,0.573278546333313,0.40730270743370056,0.2760155498981476,1.0,0.18877334892749786,0.27267587184906006,0.23262548446655273,0.3733695447444916,0.28474828600883484,0.2833675742149353],[0.23917561769485474,0.21994231641292572,0.1625831574201584,0.26002228260040283,0.19934841990470886,0.3102450370788574,0.23948553204536438,0.14771594107151031,0.27445143461227417,0.18877334892749786,1.0,0.4815421998500824,0.21397490799427032,0.29031452536582947,0.26430222392082214,0.29123443365097046],[0.2996932864189148,0.3753390610218048,0.23737668991088867,0.39167454838752747,0.2335454523563385,0.31762591004371643,0.2474510371685028,0.2034105360507965,0.35747799277305603,0.27267587184906006,0.4815421998500824,1.0,0.2473921924829483,0.27959004044532776,0.17760324478149414,0.35863810777664185],[0.2916392385959625,0.33142995834350586,0.28253740072250366,0.3047024607658386,0.36397743225097656,0.3485845923423767,0.26590821146965027,0.33988308906555176,0.32615217566490173,0.23262548446655273,0.21397490799427032,0.2473921924829483,1.0,0.34133094549179077,0.26969560980796814,0.4380124807357788],[0.23896050453186035,0.2801036834716797,0.2487163543701172,0.2501024603843689,0.31947746872901917,0.34005028009414673,0.3895297646522522,0.2820426821708679,0.26154825091362,0.3733695447444916,0.29031452536582947,0.27959004044532776,0.34133094549179077,1.0,0.5043209195137024,0.27771976590156555],[0.16757608950138092,0.2684268057346344,0.16012558341026306,0.25800320506095886,0.2872917056083679,0.3341825306415558,0.3013491630554199,0.339212566614151,0.22813419997692108,0.28474828600883484,0.26430222392082214,0.17760324478149414,0.26969560980796814,0.5043209195137024,1.0,0.3540182411670685],[0.40838825702667236,0.4399176836013794,0.44761645793914795,0.6338860392570496,0.34266769886016846,0.45082005858421326,0.27413973212242126,0.3537366986274719,0.4623048007488251,0.2833675742149353,0.29123443365097046,0.35863810777664185,0.4380124807357788,0.27771976590156555,0.3540182411670685,1.0]]}