{"game_number":298,"words":["BRIGHT","CLEVER","QUICK","SHARP","ALASKA","FRONTIER","SOUTHWEST","SPIRIT","COWBOY","DRIFTER","OUTLAW","SHERIFF","LASSO","MARS","ROGERS","SMART"],"adjacency_matrix":[[0.9999999403953552,0.5599266290664673,0.46040716767311096,0.6076841950416565,0.21944798529148102,0.32095152139663696,0.28089284896850586,0.39202821254730225,0.2623714208602905,0.31245312094688416,0.2643256187438965,0.14949817955493927,0.22745534777641296,0.30806735157966614,0.21904635429382324,0.6208682060241699],[0.5599266290664673,0.9999999403953552,0.5919913053512573,0.5255354642868042,0.11246362328529358,0.27904659509658813,0.11531812697649002,0.3555452823638916,0.3309723734855652,0.283003032207489,0.3759783208370209,0.2078002393245697,0.3452386260032654,0.20539897680282593,0.2805880606174469,0.7850513458251953],[0.46040716767311096,0.5919913053512573,0.9999998807907104,0.5843915343284607,0.11970887333154678,0.24380441009998322,0.1838841736316681,0.26015934348106384,0.23990856111049652,0.23309949040412903,0.30784034729003906,0.21590334177017212,0.2735758125782013,0.2133026123046875,0.23121830821037292,0.5726361274719238],[0.6076841950416565,0.5255354642868042,0.5843915343284607,1.0,0.13386552035808563,0.26308003067970276,0.2187800109386444,0.3553183972835541,0.23426412045955658,0.2597697079181671,0.2593235671520233,0.11768550425767899,0.24951370060443878,0.2064121961593628,0.18675456941127777,0.5100744962692261],[0.21944798529148102,0.11246362328529358,0.11970887333154678,0.13386552035808563,1.0,0.3535652458667755,0.4167931377887726,0.21700836718082428,0.2656613886356354,0.2806072235107422,0.21008259057998657,0.3009034991264343,0.24540264904499054,0.36278054118156433,0.37399888038635254,0.23693914711475372],[0.32095152139663696,0.27904659509658813,0.24380441009998322,0.26308003067970276,0.3535652458667755,1.0,0.5013954639434814,0.4125472605228424,0.4750986099243164,0.3276556432247162,0.4296111464500427,0.35496601462364197,0.30346235632896423,0.33596271276474,0.17357563972473145,0.3297063112258911],[0.28089284896850586,0.11531812697649002,0.1838841736316681,0.2187800109386444,0.4167931377887726,0.5013954639434814,1.0,0.2532670199871063,0.24779407680034637,0.25260457396507263,0.2493038773536682,0.32438191771507263,0.20872507989406586,0.30086734890937805,0.14680935442447662,0.1231938973069191],[0.39202821254730225,0.3555452823638916,0.26015934348106384,0.3553183972835541,0.21700836718082428,0.4125472605228424,0.2532670199871063,1.0,0.4146576523780823,0.2705252170562744,0.40708667039871216,0.3101657032966614,0.2594093978404999,0.3425714373588562,0.2466142773628235,0.34672310948371887],[0.2623714208602905,0.3309723734855652,0.23990856111049652,0.23426412045955658,0.2656613886356354,0.4750986099243164,0.24779407680034637,0.4146576523780823,1.0,0.4522521197795868,0.5919499397277832,0.4715909957885742,0.4529561996459961,0.24691592156887054,0.37371110916137695,0.3663487434387207],[0.31245312094688416,0.283003032207489,0.23309949040412903,0.2597697079181671,0.2806072235107422,0.3276556432247162,0.25260457396507263,0.2705252170562744,0.4522521197795868,1.0,0.37141284346580505,0.308594673871994,0.29749274253845215,0.20782238245010376,0.21316520869731903,0.3380511999130249],[0.2643256187438965,0.3759783208370209,0.30784034729003906,0.2593235671520233,0.21008259057998657,0.4296111464500427,0.2493038773536682,0.40708667039871216,0.5919499397277832,0.37141284346580505,0.9999999403953552,0.4361991882324219,0.35834211111068726,0.26258352398872375,0.287391722202301,0.3631891906261444],[0.14949817955493927,0.2078002393245697,0.21590334177017212,0.11768550425767899,0.3009034991264343,0.35496601462364197,0.32438191771507263,0.3101657032966614,0.4715909957885742,0.308594673871994,0.4361991882324219,0.9999999403953552,0.22865554690361023,0.2144673764705658,0.2635253965854645,0.23275309801101685],[0.22745534777641296,0.3452386260032654,0.2735758125782013,0.24951370060443878,0.24540264904499054,0.30346235632896423,0.20872507989406586,0.2594093978404999,0.4529561996459961,0.29749274253845215,0.35834211111068726,0.22865554690361023,1.0,0.22218894958496094,0.2385052889585495,0.32899439334869385],[0.30806735157966614,0.20539897680282593,0.2133026123046875,0.2064121961593628,0.36278054118156433,0.33596271276474,0.30086734890937805,0.3425714373588562,0.24691592156887054,0.20782238245010376,0.26258352398872375,0.2144673764705658,0.22218894958496094,1.0,0.4142746031284332,0.22103528678417206],[0.21904635429382324,0.2805880606174469,0.23121830821037292,0.18675456941127777,0.37399888038635254,0.17357563972473145,0.14680935442447662,0.2466142773628235,0.37371110916137695,0.21316520869731903,0.287391722202301,0.2635253965854645,0.2385052889585495,0.4142746031284332,0.9999999403953552,0.3288704752922058],[0.6208682060241699,0.7850513458251953,0.5726361274719238,0.5100744962692261,0.23693914711475372,0.3297063112258911,0.1231938973069191,0.34672310948371887,0.3663487434387207,0.3380511999130249,0.3631891906261444,0.23275309801101685,0.32899439334869385,0.22103528678417206,0.3288704752922058,1.0]]}