{"game_number":98,"words":["EXAMPLE","IDEAL","MODEL","SYMBOL","CAR","CONDUCTOR","STATION","TRACK","CYMBAL","SCIMITAR","SIMMER","SYMPHONY","DRUM","MARK","WAX","WIG"],"adjacency_matrix":[[0.9999999403953552,0.5484844446182251,0.5424348711967468,0.4393710792064667,0.2937159836292267,0.3080917000770569,0.31496661901474,0.35831418633461,0.1425188183784485,0.25780245661735535,0.14145521819591522,0.2747063934803009,0.21120049059391022,0.39715415239334106,0.0943269431591034,0.13563352823257446],[0.5484844446182251,1.0,0.5762980580329895,0.41982176899909973,0.3489128351211548,0.3122537434101105,0.33266791701316833,0.38349050283432007,0.12658733129501343,0.28024986386299133,0.21917742490768433,0.3773406445980072,0.20092768967151642,0.38697391748428345,0.23627369105815887,0.15757383406162262],[0.5424348711967468,0.5762980580329895,1.0,0.4102542996406555,0.4958113431930542,0.3355977237224579,0.40654540061950684,0.4235382378101349,0.2152099311351776,0.31549128890037537,0.12699197232723236,0.2988465130329132,0.3721897006034851,0.32809582352638245,0.28634509444236755,0.2357010394334793],[0.4393710792064667,0.41982176899909973,0.4102542996406555,1.0,0.2999061942100525,0.2393360733985901,0.34815579652786255,0.28628331422805786,0.25524479150772095,0.4351552426815033,0.11434879899024963,0.27352282404899597,0.34994688630104065,0.5165214538574219,0.22579482197761536,0.2706755995750427],[0.2937159836292267,0.3489128351211548,0.4958113431930542,0.2999061942100525,1.0,0.3856509029865265,0.4564605951309204,0.5107946991920471,0.3046388030052185,0.2713164985179901,0.19124191999435425,0.3828519582748413,0.36997219920158386,0.35342884063720703,0.27689895033836365,0.27712735533714294],[0.3080917000770569,0.3122537434101105,0.3355977237224579,0.2393360733985901,0.3856509029865265,1.0,0.40753400325775146,0.3176461160182953,0.24150793254375458,0.19780977070331573,0.20963838696479797,0.5444835424423218,0.32869791984558105,0.2661392390727997,0.18916097283363342,0.22686167061328888],[0.31496661901474,0.33266791701316833,0.40654540061950684,0.34815579652786255,0.4564605951309204,0.40753400325775146,1.0,0.47521746158599854,0.1320941150188446,0.220656618475914,0.17827056348323822,0.30904537439346313,0.3158731460571289,0.3677496910095215,0.08681465685367584,0.12611772119998932],[0.35831418633461,0.38349050283432007,0.4235382378101349,0.28628331422805786,0.5107946991920471,0.3176461160182953,0.47521746158599854,1.0,0.2413852959871292,0.2184821516275406,0.31465232372283936,0.30281609296798706,0.4327322840690613,0.505840539932251,0.23163831233978271,0.16361117362976074],[0.1425188183784485,0.12658733129501343,0.2152099311351776,0.25524479150772095,0.3046388030052185,0.24150793254375458,0.1320941150188446,0.2413852959871292,1.0,0.37067660689353943,0.2542495131492615,0.35180753469467163,0.6143769025802612,0.23159204423427582,0.33227649331092834,0.22911936044692993],[0.25780245661735535,0.28024986386299133,0.31549128890037537,0.4351552426815033,0.2713164985179901,0.19780977070331573,0.220656618475914,0.2184821516275406,0.37067660689353943,1.0,0.22426828742027283,0.26373517513275146,0.3814551532268524,0.2658159136772156,0.3170734941959381,0.31257274746894836],[0.14145521819591522,0.21917742490768433,0.12699197232723236,0.11434879899024963,0.19124191999435425,0.20963838696479797,0.17827056348323822,0.31465232372283936,0.2542495131492615,0.22426828742027283,1.0,0.2179369479417801,0.25383612513542175,0.25222569704055786,0.23014624416828156,0.10032280534505844],[0.2747063934803009,0.3773406445980072,0.2988465130329132,0.27352282404899597,0.3828519582748413,0.5444835424423218,0.30904537439346313,0.30281609296798706,0.35180753469467163,0.26373517513275146,0.2179369479417801,1.0,0.3429127037525177,0.26650792360305786,0.24068152904510498,0.22576522827148438],[0.21120049059391022,0.20092768967151642,0.3721897006034851,0.34994688630104065,0.36997219920158386,0.32869791984558105,0.3158731460571289,0.4327322840690613,0.6143769025802612,0.3814551532268524,0.25383612513542175,0.3429127037525177,1.0,0.29833969473838806,0.3472418487071991,0.27511051297187805],[0.39715415239334106,0.38697391748428345,0.32809582352638245,0.5165214538574219,0.35342884063720703,0.2661392390727997,0.3677496910095215,0.505840539932251,0.23159204423427582,0.2658159136772156,0.25222569704055786,0.26650792360305786,0.29833969473838806,1.0,0.27130982279777527,0.20487292110919952],[0.0943269431591034,0.23627369105815887,0.28634509444236755,0.22579482197761536,0.27689895033836365,0.18916097283363342,0.08681465685367584,0.23163831233978271,0.33227649331092834,0.3170734941959381,0.23014624416828156,0.24068152904510498,0.3472418487071991,0.27130982279777527,1.0,0.42832261323928833],[0.13563352823257446,0.15757383406162262,0.2357010394334793,0.2706755995750427,0.27712735533714294,0.22686167061328888,0.12611772119998932,0.16361117362976074,0.22911936044692993,0.31257274746894836,0.10032280534505844,0.22576522827148438,0.27511051297187805,0.20487292110919952,0.42832261323928833,0.9999999403953552]]}