{"game_number":151,"words":["FACTORY","MILL","PLANT","SHOP","WIND","WINE","WING","WINK","CORE","RIND","SEED","STEM","FEATHER","HEAVY","LIGHT","MIDDLE"],"adjacency_matrix":[[1.0,0.6472152471542358,0.6254563331604004,0.6320347785949707,0.3425047695636749,0.3298775255680084,0.36694538593292236,0.23331496119499207,0.4277307689189911,0.31873437762260437,0.3644479215145111,0.31104913353919983,0.3092222511768341,0.31878402829170227,0.35683515667915344,0.4010986089706421],[0.6472152471542358,1.0,0.5304661393165588,0.5682083368301392,0.4064827859401703,0.3007866144180298,0.3406408429145813,0.23927858471870422,0.3878108859062195,0.32492220401763916,0.3877706229686737,0.29098260402679443,0.32659298181533813,0.2880042791366577,0.3315271735191345,0.35147160291671753],[0.6254563331604004,0.5304661393165588,1.0,0.5006463527679443,0.43241599202156067,0.36722129583358765,0.4023093581199646,0.20543473958969116,0.4184977412223816,0.3776039779186249,0.6182201504707336,0.5179576277732849,0.31571489572525024,0.3250522315502167,0.4052732288837433,0.3473803699016571],[0.6320347785949707,0.5682083368301392,0.5006463527679443,1.0,0.3351227641105652,0.4118620753288269,0.40584802627563477,0.2775762379169464,0.3310732841491699,0.3222982585430145,0.34804439544677734,0.25265708565711975,0.23665831983089447,0.2359471172094345,0.31681180000305176,0.3566475212574005],[0.3425047695636749,0.4064827859401703,0.43241599202156067,0.3351227641105652,1.0000001192092896,0.3480742275714874,0.4535951018333435,0.338342547416687,0.3669995665550232,0.3715346157550812,0.42408278584480286,0.44829609990119934,0.3967989385128021,0.43290260434150696,0.49907663464546204,0.32965555787086487],[0.3298775255680084,0.3007866144180298,0.36722129583358765,0.4118620753288269,0.3480742275714874,1.0,0.3140394687652588,0.28589877486228943,0.3088812828063965,0.38607949018478394,0.35850441455841064,0.27764180302619934,0.2365070879459381,0.3552791476249695,0.3778243064880371,0.2565547227859497],[0.36694538593292236,0.3406408429145813,0.4023093581199646,0.40584802627563477,0.4535951018333435,0.3140394687652588,1.0,0.2687123715877533,0.43886545300483704,0.27925461530685425,0.3278746008872986,0.41981241106987,0.48093530535697937,0.32349687814712524,0.37299975752830505,0.4556766748428345],[0.23331496119499207,0.23927858471870422,0.20543473958969116,0.2775762379169464,0.338342547416687,0.28589877486228943,0.2687123715877533,1.0,0.21958868205547333,0.2161940187215805,0.2021847665309906,0.21541789174079895,0.25750067830085754,0.2585129737854004,0.3766098618507385,0.25224369764328003],[0.4277307689189911,0.3878108859062195,0.4184977412223816,0.3310732841491699,0.3669995665550232,0.3088812828063965,0.43886545300483704,0.21958868205547333,1.0,0.4313453435897827,0.41531693935394287,0.44642218947410583,0.3273942172527313,0.41504740715026855,0.39018046855926514,0.5107842683792114],[0.31873437762260437,0.32492220401763916,0.3776039779186249,0.3222982585430145,0.3715346157550812,0.38607949018478394,0.27925461530685425,0.2161940187215805,0.4313453435897827,0.9999999403953552,0.4260503649711609,0.47081005573272705,0.34580299258232117,0.31453102827072144,0.36250537633895874,0.34440988302230835],[0.3644479215145111,0.3877706229686737,0.6182201504707336,0.34804439544677734,0.42408278584480286,0.35850441455841064,0.3278746008872986,0.2021847665309906,0.41531693935394287,0.4260503649711609,1.0,0.4655741751194,0.32631537318229675,0.3415384590625763,0.38203299045562744,0.3130342364311218],[0.31104913353919983,0.29098260402679443,0.5179576277732849,0.25265708565711975,0.44829609990119934,0.27764180302619934,0.41981241106987,0.21541789174079895,0.44642218947410583,0.47081005573272705,0.4655741751194,1.0,0.3632591664791107,0.35180866718292236,0.3775818943977356,0.3596239686012268],[0.3092222511768341,0.32659298181533813,0.31571489572525024,0.23665831983089447,0.3967989385128021,0.2365070879459381,0.48093530535697937,0.25750067830085754,0.3273942172527313,0.34580299258232117,0.32631537318229675,0.3632591664791107,0.9999999403953552,0.31810784339904785,0.3311624825000763,0.3045174181461334],[0.31878402829170227,0.2880042791366577,0.3250522315502167,0.2359471172094345,0.43290260434150696,0.3552791476249695,0.32349687814712524,0.2585129737854004,0.41504740715026855,0.31453102827072144,0.3415384590625763,0.35180866718292236,0.31810784339904785,1.0,0.5663598775863647,0.36345869302749634],[0.35683515667915344,0.3315271735191345,0.4052732288837433,0.31681180000305176,0.49907663464546204,0.3778243064880371,0.37299975752830505,0.3766098618507385,0.39018046855926514,0.36250537633895874,0.38203299045562744,0.3775818943977356,0.3311624825000763,0.5663598775863647,1.0,0.3642192780971527],[0.4010986089706421,0.35147160291671753,0.3473803699016571,0.3566475212574005,0.32965555787086487,0.2565547227859497,0.4556766748428345,0.25224369764328003,0.5107842683792114,0.34440988302230835,0.3130342364311218,0.3596239686012268,0.3045174181461334,0.36345869302749634,0.3642192780971527,1.0]]}