{"game_number":60,"words":["BODY","CANON","OEUVRE","WORKS","FUJI","HOOD","OLYMPUS","WHITNEY","INSERT","JACKET","RECORD","SLEEVE","HANDS","MARACA","POLAROID","SNOWGLOBE"],"adjacency_matrix":[[1.0,0.3488568663597107,0.2360289990901947,0.4309849143028259,0.0977584570646286,0.41056403517723083,0.2216445356607437,0.3216964900493622,0.3130512237548828,0.3708024024963379,0.35782957077026367,0.33140623569488525,0.4708697199821472,0.35942772030830383,0.31126096844673157,0.40850308537483215],[0.3488568663597107,1.0,0.3909400701522827,0.4378524720668793,0.18795514106750488,0.3480087220668793,0.2662658095359802,0.2888582646846771,0.2907314896583557,0.2741612493991852,0.27996233105659485,0.2526315450668335,0.22853980958461761,0.3007603585720062,0.30396753549575806,0.3441546559333801],[0.2360289990901947,0.3909400701522827,1.0,0.414387047290802,0.052953094244003296,0.1951359659433365,0.04460129514336586,0.16377663612365723,0.13416998088359833,0.2602521479129791,0.21286872029304504,0.25555965304374695,0.11083713918924332,0.1979278028011322,0.23809568583965302,0.2421673685312271],[0.4309849143028259,0.4378524720668793,0.414387047290802,1.0,0.09978384524583817,0.35179728269577026,0.18147236108779907,0.31503352522850037,0.37117743492126465,0.33297252655029297,0.4017689526081085,0.36920350790023804,0.4919881820678711,0.32596147060394287,0.3311944007873535,0.33042165637016296],[0.0977584570646286,0.18795514106750488,0.052953094244003296,0.09978384524583817,1.0,0.16309571266174316,0.4482535421848297,0.28472012281417847,0.09842348098754883,0.12256414443254471,0.08398833125829697,0.11433825641870499,0.09131164848804474,0.28408342599868774,0.3759517967700958,0.25931933522224426],[0.41056403517723083,0.3480087220668793,0.1951359659433365,0.35179728269577026,0.16309571266174316,0.9999999403953552,0.28302764892578125,0.4068588614463806,0.30473124980926514,0.5908263325691223,0.32359060645103455,0.5508532524108887,0.35255011916160583,0.37237417697906494,0.35449954867362976,0.36732596158981323],[0.2216445356607437,0.2662658095359802,0.04460129514336586,0.18147236108779907,0.4482535421848297,0.28302764892578125,1.0,0.3253243565559387,0.17345383763313293,0.2246183604001999,0.25960463285446167,0.20237958431243896,0.14899539947509766,0.334210067987442,0.3830755949020386,0.4388132393360138],[0.3216964900493622,0.2888582646846771,0.16377663612365723,0.31503352522850037,0.28472012281417847,0.4068588614463806,0.3253243565559387,1.0,0.34471753239631653,0.3646929860115051,0.32704055309295654,0.31438878178596497,0.26188209652900696,0.3999549150466919,0.42241668701171875,0.41247326135635376],[0.3130512237548828,0.2907314896583557,0.13416998088359833,0.37117743492126465,0.09842348098754883,0.30473124980926514,0.17345383763313293,0.34471753239631653,1.0,0.335138738155365,0.3574156165122986,0.4034762680530548,0.2988317012786865,0.32961374521255493,0.33002373576164246,0.2741851806640625],[0.3708024024963379,0.2741612493991852,0.2602521479129791,0.33297252655029297,0.12256414443254471,0.5908263325691223,0.2246183604001999,0.3646929860115051,0.335138738155365,1.0,0.37257975339889526,0.658406674861908,0.3479059338569641,0.33829978108406067,0.4376707375049591,0.4076325297355652],[0.35782957077026367,0.27996233105659485,0.21286872029304504,0.4017689526081085,0.08398833125829697,0.32359060645103455,0.25960463285446167,0.32704055309295654,0.3574156165122986,0.37257975339889526,1.0,0.44505226612091064,0.3694949746131897,0.32392892241477966,0.33646160364151,0.2814810276031494],[0.33140623569488525,0.2526315450668335,0.25555965304374695,0.36920350790023804,0.11433825641870499,0.5508532524108887,0.20237958431243896,0.31438878178596497,0.4034762680530548,0.658406674861908,0.44505226612091064,1.0,0.42861121892929077,0.3446820080280304,0.3905657231807709,0.35858702659606934],[0.4708697199821472,0.22853980958461761,0.11083713918924332,0.4919881820678711,0.09131164848804474,0.35255011916160583,0.14899539947509766,0.26188209652900696,0.2988317012786865,0.3479059338569641,0.3694949746131897,0.42861121892929077,1.0,0.39538735151290894,0.30800768733024597,0.30518242716789246],[0.35942772030830383,0.3007603585720062,0.1979278028011322,0.32596147060394287,0.28408342599868774,0.37237417697906494,0.334210067987442,0.3999549150466919,0.32961374521255493,0.33829978108406067,0.32392892241477966,0.3446820080280304,0.39538735151290894,1.0,0.41562420129776,0.48335346579551697],[0.31126096844673157,0.30396753549575806,0.23809568583965302,0.3311944007873535,0.3759517967700958,0.35449954867362976,0.3830755949020386,0.42241668701171875,0.33002373576164246,0.4376707375049591,0.33646160364151,0.3905657231807709,0.30800768733024597,0.41562420129776,0.9999999403953552,0.5011293292045593],[0.40850308537483215,0.3441546559333801,0.2421673685312271,0.33042165637016296,0.25931933522224426,0.36732596158981323,0.4388132393360138,0.41247326135635376,0.2741851806640625,0.4076325297355652,0.2814810276031494,0.35858702659606934,0.30518242716789246,0.48335346579551697,0.5011293292045593,1.0]]}