{
  "game_number": 498,
  "words": [
    "BAND",
    "CIRCLE",
    "HOOP",
    "RING",
    "CAP",
    "CHECK",
    "CURB",
    "LIMIT",
    "NBA",
    "PAPER",
    "PEARL",
    "TRAFFIC",
    "MALL",
    "MARKET",
    "OUTLET",
    "STORE"
  ],
  "adjacency_matrix": [
    [
      0.9999999403953552,
      0.40817153453826904,
      0.291081964969635,
      0.3468848168849945,
      0.29966607689857483,
      0.26828986406326294,
      0.23940730094909668,
      0.29086384177207947,
      0.10831733047962189,
      0.3242453336715698,
      0.29922062158584595,
      0.31801897287368774,
      0.37301918864250183,
      0.4038945138454437,
      0.3813605308532715,
      0.3593488335609436
    ],
    [
      0.40817153453826904,
      1.0,
      0.44743791222572327,
      0.5149224996566772,
      0.3843895494937897,
      0.33476096391677856,
      0.34978020191192627,
      0.41503608226776123,
      0.10292606055736542,
      0.33354154229164124,
      0.30906862020492554,
      0.3474941849708557,
      0.3238539397716522,
      0.3960188627243042,
      0.3603804409503937,
      0.2454661726951599
    ],
    [
      0.291081964969635,
      0.44743791222572327,
      1.0,
      0.4049808084964752,
      0.36391374468803406,
      0.25884509086608887,
      0.2945966422557831,
      0.276482492685318,
      0.29698073863983154,
      0.2524668276309967,
      0.3578040897846222,
      0.2369590848684311,
      0.28433191776275635,
      0.30746859312057495,
      0.25952428579330444,
      0.20813828706741333
    ],
    [
      0.3468848168849945,
      0.5149224996566772,
      0.4049808084964752,
      1.0,
      0.3867146670818329,
      0.40095028281211853,
      0.3690030574798584,
      0.35920143127441406,
      0.13093671202659607,
      0.3591952323913574,
      0.39623960852622986,
      0.3433348536491394,
      0.3692599833011627,
      0.399752140045166,
      0.3561532199382782,
      0.39192795753479004
    ],
    [
      0.29966607689857483,
      0.3843895494937897,
      0.36391374468803406,
      0.3867146670818329,
      0.9999998807907104,
      0.2817670404911041,
      0.431282639503479,
      0.5379894375801086,
      0.2022491693496704,
      0.30642077326774597,
      0.3538036644458771,
      0.28114861249923706,
      0.25194284319877625,
      0.38650670647621155,
      0.3038889467716217,
      0.3175450265407562
    ],
    [
      0.26828986406326294,
      0.33476096391677856,
      0.25884509086608887,
      0.40095028281211853,
      0.2817670404911041,
      1.0,
      0.4030812084674835,
      0.4589514136314392,
      0.1147320419549942,
      0.39185112714767456,
      0.19813713431358337,
      0.3268788158893585,
      0.2792801260948181,
      0.3258543908596039,
      0.34698405861854553,
      0.4465118646621704
    ],
    [
      0.23940730094909668,
      0.34978020191192627,
      0.2945966422557831,
      0.3690030574798584,
      0.431282639503479,
      0.4030812084674835,
      1.0,
      0.5784186124801636,
      0.03307877480983734,
      0.28295430541038513,
      0.177830770611763,
      0.4451354444026947,
      0.3542186915874481,
      0.43656840920448303,
      0.3129638433456421,
      0.352896124124527
    ],
    [
      0.29086384177207947,
      0.41503608226776123,
      0.276482492685318,
      0.35920143127441406,
      0.5379894375801086,
      0.4589514136314392,
      0.5784186124801636,
      0.9999999403953552,
      0.022433096542954445,
      0.33320352435112,
      0.2203238606452942,
      0.3738120496273041,
      0.281394898891449,
      0.40722131729125977,
      0.357110857963562,
      0.4023033082485199
    ],
    [
      0.10831733047962189,
      0.10292606055736542,
      0.29698073863983154,
      0.13093671202659607,
      0.2022491693496704,
      0.1147320419549942,
      0.03307877480983734,
      0.022433096542954445,
      1.0000001192092896,
      0.035159945487976074,
      0.16584400832653046,
      0.0366753414273262,
      0.1490711122751236,
      0.06234104186296463,
      0.09664244949817657,
      0.04752792418003082
    ],
    [
      0.3242453336715698,
      0.33354154229164124,
      0.2524668276309967,
      0.3591952323913574,
      0.30642077326774597,
      0.39185112714767456,
      0.28295430541038513,
      0.33320352435112,
      0.035159945487976074,
      1.0,
      0.2302069514989853,
      0.29879096150398254,
      0.29143786430358887,
      0.40545299649238586,
      0.40290239453315735,
      0.3936520516872406
    ],
    [
      0.29922062158584595,
      0.30906862020492554,
      0.3578040897846222,
      0.39623960852622986,
      0.3538036644458771,
      0.19813713431358337,
      0.177830770611763,
      0.2203238606452942,
      0.16584400832653046,
      0.2302069514989853,
      1.0,
      0.2261500507593155,
      0.2533964514732361,
      0.3172079026699066,
      0.23045045137405396,
      0.30069926381111145
    ],
    [
      0.31801897287368774,
      0.3474941849708557,
      0.2369590848684311,
      0.3433348536491394,
      0.28114861249923706,
      0.3268788158893585,
      0.4451354444026947,
      0.3738120496273041,
      0.0366753414273262,
      0.29879096150398254,
      0.2261500507593155,
      1.0,
      0.38501954078674316,
      0.4946209192276001,
      0.35835152864456177,
      0.3889293074607849
    ],
    [
      0.37301918864250183,
      0.3238539397716522,
      0.28433191776275635,
      0.3692599833011627,
      0.25194284319877625,
      0.2792801260948181,
      0.3542186915874481,
      0.281394898891449,
      0.1490711122751236,
      0.29143786430358887,
      0.2533964514732361,
      0.38501954078674316,
      1.0,
      0.44772788882255554,
      0.4779256284236908,
      0.5904030203819275
    ],
    [
      0.4038945138454437,
      0.3960188627243042,
      0.30746859312057495,
      0.399752140045166,
      0.38650670647621155,
      0.3258543908596039,
      0.43656840920448303,
      0.40722131729125977,
      0.06234104186296463,
      0.40545299649238586,
      0.3172079026699066,
      0.4946209192276001,
      0.44772788882255554,
      1.0,
      0.5155279040336609,
      0.5284409523010254
    ],
    [
      0.3813605308532715,
      0.3603804409503937,
      0.25952428579330444,
      0.3561532199382782,
      0.3038889467716217,
      0.34698405861854553,
      0.3129638433456421,
      0.357110857963562,
      0.09664244949817657,
      0.40290239453315735,
      0.23045045137405396,
      0.35835152864456177,
      0.4779256284236908,
      0.5155279040336609,
      0.9999999403953552,
      0.5395615696907043
    ],
    [
      0.3593488335609436,
      0.2454661726951599,
      0.20813828706741333,
      0.39192795753479004,
      0.3175450265407562,
      0.4465118646621704,
      0.352896124124527,
      0.4023033082485199,
      0.04752792418003082,
      0.3936520516872406,
      0.30069926381111145,
      0.3889293074607849,
      0.5904030203819275,
      0.5284409523010254,
      0.5395615696907043,
      1.0
    ]
  ]
}