{
  "game_number": 61,
  "words": [
    "PASTE",
    "PRINT",
    "QUIT",
    "SAVE",
    "BOOK",
    "ORDER",
    "REQUEST",
    "RESERVE",
    "CREW",
    "FAMILY",
    "RING",
    "SYNDICATE",
    "GENUS",
    "GOO",
    "MAZING",
    "SLID"
  ],
  "adjacency_matrix": [
    [
      1.0,
      0.451965868473053,
      0.3292131721973419,
      0.3888600766658783,
      0.3216846287250519,
      0.29220032691955566,
      0.35222235321998596,
      0.29540491104125977,
      0.16774949431419373,
      0.19289721548557281,
      0.2556793987751007,
      0.24118861556053162,
      0.1997455656528473,
      0.4060451090335846,
      0.20003077387809753,
      0.31700628995895386
    ],
    [
      0.451965868473053,
      1.0,
      0.35603803396224976,
      0.457090824842453,
      0.5597327351570129,
      0.4556686580181122,
      0.39200451970100403,
      0.4426686465740204,
      0.26727110147476196,
      0.333231657743454,
      0.3397797644138336,
      0.39152640104293823,
      0.23301814496517181,
      0.25371089577674866,
      0.2627539038658142,
      0.34540170431137085
    ],
    [
      0.3292131721973419,
      0.35603803396224976,
      1.0,
      0.4798026382923126,
      0.3124667704105377,
      0.36750707030296326,
      0.39620187878608704,
      0.333387166261673,
      0.3768109381198883,
      0.3598286509513855,
      0.33124667406082153,
      0.3126727044582367,
      0.146271213889122,
      0.2143818587064743,
      0.28881707787513733,
      0.33758944272994995
    ],
    [
      0.3888600766658783,
      0.457090824842453,
      0.4798026382923126,
      1.0,
      0.3758416175842285,
      0.45533037185668945,
      0.45596230030059814,
      0.5334063768386841,
      0.35928377509117126,
      0.34555068612098694,
      0.33561626076698303,
      0.3343467712402344,
      0.1890244036912918,
      0.26368945837020874,
      0.2616485357284546,
      0.32493364810943604
    ],
    [
      0.3216846287250519,
      0.5597327351570129,
      0.3124667704105377,
      0.3758416175842285,
      0.9999999403953552,
      0.4552561938762665,
      0.4078870117664337,
      0.3790643513202667,
      0.2635268568992615,
      0.38324472308158875,
      0.35775986313819885,
      0.34765833616256714,
      0.3451695442199707,
      0.1734037548303604,
      0.3514016270637512,
      0.30477944016456604
    ],
    [
      0.29220032691955566,
      0.4556686580181122,
      0.36750707030296326,
      0.45533037185668945,
      0.4552561938762665,
      1.0,
      0.5602168440818787,
      0.47905123233795166,
      0.3180833160877228,
      0.40062209963798523,
      0.4044201672077179,
      0.3553375005722046,
      0.29233452677726746,
      0.17464180290699005,
      0.2794436514377594,
      0.3028469383716583
    ],
    [
      0.35222235321998596,
      0.39200451970100403,
      0.39620187878608704,
      0.45596230030059814,
      0.4078870117664337,
      0.5602168440818787,
      1.0,
      0.4620668292045593,
      0.3140454888343811,
      0.32987847924232483,
      0.2897370457649231,
      0.28003257513046265,
      0.18232497572898865,
      0.11088761687278748,
      0.21646994352340698,
      0.2759617269039154
    ],
    [
      0.29540491104125977,
      0.4426686465740204,
      0.333387166261673,
      0.5334063768386841,
      0.3790643513202667,
      0.47905123233795166,
      0.4620668292045593,
      1.0,
      0.36194029450416565,
      0.3981892764568329,
      0.39051178097724915,
      0.33982738852500916,
      0.28239381313323975,
      0.16871123015880585,
      0.20639024674892426,
      0.3145924508571625
    ],
    [
      0.16774949431419373,
      0.26727110147476196,
      0.3768109381198883,
      0.35928377509117126,
      0.2635268568992615,
      0.3180833160877228,
      0.3140454888343811,
      0.36194029450416565,
      1.0,
      0.4742410182952881,
      0.2943711280822754,
      0.377366304397583,
      0.25826966762542725,
      0.19250963628292084,
      0.23004618287086487,
      0.26803115010261536
    ],
    [
      0.19289721548557281,
      0.333231657743454,
      0.3598286509513855,
      0.34555068612098694,
      0.38324472308158875,
      0.40062209963798523,
      0.32987847924232483,
      0.3981892764568329,
      0.4742410182952881,
      1.0,
      0.3658166825771332,
      0.40125519037246704,
      0.4150586724281311,
      0.09346398711204529,
      0.29654350876808167,
      0.2315853387117386
    ],
    [
      0.2556793987751007,
      0.3397797644138336,
      0.33124667406082153,
      0.33561626076698303,
      0.35775986313819885,
      0.4044201672077179,
      0.2897370457649231,
      0.39051178097724915,
      0.2943711280822754,
      0.3658166825771332,
      1.0,
      0.341627836227417,
      0.2704203426837921,
      0.22990213334560394,
      0.32635897397994995,
      0.31035053730010986
    ],
    [
      0.24118861556053162,
      0.39152640104293823,
      0.3126727044582367,
      0.3343467712402344,
      0.34765833616256714,
      0.3553375005722046,
      0.28003257513046265,
      0.33982738852500916,
      0.377366304397583,
      0.40125519037246704,
      0.341627836227417,
      1.0,
      0.23346717655658722,
      0.13502360880374908,
      0.23197247087955475,
      0.2433437705039978
    ],
    [
      0.1997455656528473,
      0.23301814496517181,
      0.146271213889122,
      0.1890244036912918,
      0.3451695442199707,
      0.29233452677726746,
      0.18232497572898865,
      0.28239381313323975,
      0.25826966762542725,
      0.4150586724281311,
      0.2704203426837921,
      0.23346717655658722,
      1.0,
      0.13058079779148102,
      0.179499089717865,
      0.13603603839874268
    ],
    [
      0.4060451090335846,
      0.25371089577674866,
      0.2143818587064743,
      0.26368945837020874,
      0.1734037548303604,
      0.17464180290699005,
      0.11088761687278748,
      0.16871123015880585,
      0.19250963628292084,
      0.09346398711204529,
      0.22990213334560394,
      0.13502360880374908,
      0.13058079779148102,
      1.0,
      0.36364319920539856,
      0.3182436227798462
    ],
    [
      0.20003077387809753,
      0.2627539038658142,
      0.28881707787513733,
      0.2616485357284546,
      0.3514016270637512,
      0.2794436514377594,
      0.21646994352340698,
      0.20639024674892426,
      0.23004618287086487,
      0.29654350876808167,
      0.32635897397994995,
      0.23197247087955475,
      0.179499089717865,
      0.36364319920539856,
      0.9999999403953552,
      0.35000845789909363
    ],
    [
      0.31700628995895386,
      0.34540170431137085,
      0.33758944272994995,
      0.32493364810943604,
      0.30477944016456604,
      0.3028469383716583,
      0.2759617269039154,
      0.3145924508571625,
      0.26803115010261536,
      0.2315853387117386,
      0.31035053730010986,
      0.2433437705039978,
      0.13603603839874268,
      0.3182436227798462,
      0.35000845789909363,
      1.0
    ]
  ]
}