{
  "game_number": 624,
  "words": [
    "CHROME",
    "EDGE",
    "OPERA",
    "SAFARI",
    "AMY",
    "BETH",
    "JO",
    "MEG",
    "BABY",
    "JON",
    "KIM",
    "WAYNE",
    "BARLEY",
    "OAT",
    "RYE",
    "SPELT"
  ],
  "adjacency_matrix": [
    [
      1.0,
      0.29975879192352295,
      0.3173057436943054,
      0.42278555035591125,
      0.22095245122909546,
      0.16738270223140717,
      0.08240406215190887,
      0.127863347530365,
      0.275732159614563,
      0.20625710487365723,
      0.1871839314699173,
      0.26216500997543335,
      0.20245762169361115,
      0.22795447707176208,
      0.17741475999355316,
      0.21766817569732666
    ],
    [
      0.29975879192352295,
      0.9999999403953552,
      0.25198614597320557,
      0.27203288674354553,
      0.16172413527965546,
      0.32364484667778015,
      0.059555165469646454,
      0.14776195585727692,
      0.30073297023773193,
      0.16388873755931854,
      0.13549736142158508,
      0.29726043343544006,
      0.22395165264606476,
      0.2807193398475647,
      0.1661769598722458,
      0.20235463976860046
    ],
    [
      0.3173057436943054,
      0.25198614597320557,
      1.0,
      0.3853693902492523,
      0.17681162059307098,
      0.25798463821411133,
      0.08884534239768982,
      0.14940650761127472,
      0.29271039366722107,
      0.15519264340400696,
      0.1327211856842041,
      0.22585850954055786,
      0.21852310001850128,
      0.22712589800357819,
      0.14521779119968414,
      0.23520350456237793
    ],
    [
      0.42278555035591125,
      0.27203288674354553,
      0.3853693902492523,
      1.0,
      0.17657634615898132,
      0.21200339496135712,
      0.12898565828800201,
      0.14810827374458313,
      0.3122725486755371,
      0.23982714116573334,
      0.1901281177997589,
      0.266141414642334,
      0.11287529766559601,
      0.1761721670627594,
      0.06425953656435013,
      0.18128307163715363
    ],
    [
      0.22095245122909546,
      0.16172413527965546,
      0.17681162059307098,
      0.17657634615898132,
      1.0,
      0.4807097017765045,
      0.47140243649482727,
      0.32203638553619385,
      0.2511173486709595,
      0.6052852869033813,
      0.5668380260467529,
      0.5253388285636902,
      0.2505909502506256,
      0.2506476640701294,
      0.18375317752361298,
      0.2952427566051483
    ],
    [
      0.16738270223140717,
      0.32364484667778015,
      0.25798463821411133,
      0.21200339496135712,
      0.4807097017765045,
      0.9999999403953552,
      0.388232946395874,
      0.34157201647758484,
      0.33464545011520386,
      0.4638367295265198,
      0.4020783603191376,
      0.5566760897636414,
      0.3447737395763397,
      0.25340062379837036,
      0.18995746970176697,
      0.35778477787971497
    ],
    [
      0.08240406215190887,
      0.059555165469646454,
      0.08884534239768982,
      0.12898565828800201,
      0.47140243649482727,
      0.388232946395874,
      1.0,
      0.43222466111183167,
      0.1463940590620041,
      0.6267610192298889,
      0.5193873643875122,
      0.31152454018592834,
      0.23020698130130768,
      0.15825454890727997,
      0.24867869913578033,
      0.21017195284366608
    ],
    [
      0.127863347530365,
      0.14776195585727692,
      0.14940650761127472,
      0.14810827374458313,
      0.32203638553619385,
      0.34157201647758484,
      0.43222466111183167,
      1.0,
      0.1677522510290146,
      0.4147087335586548,
      0.36298465728759766,
      0.24961812794208527,
      0.2902666926383972,
      0.20222336053848267,
      0.23372866213321686,
      0.1783047765493393
    ],
    [
      0.275732159614563,
      0.30073297023773193,
      0.29271039366722107,
      0.3122725486755371,
      0.2511173486709595,
      0.33464545011520386,
      0.1463940590620041,
      0.1677522510290146,
      1.0,
      0.24974988400936127,
      0.3416026830673218,
      0.35693278908729553,
      0.3412550687789917,
      0.3000378906726837,
      0.22414278984069824,
      0.28294479846954346
    ],
    [
      0.20625710487365723,
      0.16388873755931854,
      0.15519264340400696,
      0.23982714116573334,
      0.6052852869033813,
      0.4638367295265198,
      0.6267610192298889,
      0.4147087335586548,
      0.24974988400936127,
      1.0,
      0.6027447581291199,
      0.552596390247345,
      0.265374094247818,
      0.21905755996704102,
      0.25134798884391785,
      0.2537015974521637
    ],
    [
      0.1871839314699173,
      0.13549736142158508,
      0.1327211856842041,
      0.1901281177997589,
      0.5668380260467529,
      0.4020783603191376,
      0.5193873643875122,
      0.36298465728759766,
      0.3416026830673218,
      0.6027447581291199,
      0.9999999403953552,
      0.47441115975379944,
      0.24790026247501373,
      0.21226723492145538,
      0.15224899351596832,
      0.2628440856933594
    ],
    [
      0.26216500997543335,
      0.29726043343544006,
      0.22585850954055786,
      0.266141414642334,
      0.5253388285636902,
      0.5566760897636414,
      0.31152454018592834,
      0.24961812794208527,
      0.35693278908729553,
      0.552596390247345,
      0.47441115975379944,
      1.0,
      0.3141714632511139,
      0.24473735690116882,
      0.21092766523361206,
      0.29464951157569885
    ],
    [
      0.20245762169361115,
      0.22395165264606476,
      0.21852310001850128,
      0.11287529766559601,
      0.2505909502506256,
      0.3447737395763397,
      0.23020698130130768,
      0.2902666926383972,
      0.3412550687789917,
      0.265374094247818,
      0.24790026247501373,
      0.3141714632511139,
      1.0,
      0.6684731841087341,
      0.6366757750511169,
      0.3652883768081665
    ],
    [
      0.22795447707176208,
      0.2807193398475647,
      0.22712589800357819,
      0.1761721670627594,
      0.2506476640701294,
      0.25340062379837036,
      0.15825454890727997,
      0.20222336053848267,
      0.3000378906726837,
      0.21905755996704102,
      0.21226723492145538,
      0.24473735690116882,
      0.6684731841087341,
      1.0,
      0.6012340784072876,
      0.30553165078163147
    ],
    [
      0.17741475999355316,
      0.1661769598722458,
      0.14521779119968414,
      0.06425953656435013,
      0.18375317752361298,
      0.18995746970176697,
      0.24867869913578033,
      0.23372866213321686,
      0.22414278984069824,
      0.25134798884391785,
      0.15224899351596832,
      0.21092766523361206,
      0.6366757750511169,
      0.6012340784072876,
      1.0,
      0.3097800612449646
    ],
    [
      0.21766817569732666,
      0.20235463976860046,
      0.23520350456237793,
      0.18128307163715363,
      0.2952427566051483,
      0.35778477787971497,
      0.21017195284366608,
      0.1783047765493393,
      0.28294479846954346,
      0.2537015974521637,
      0.2628440856933594,
      0.29464951157569885,
      0.3652883768081665,
      0.30553165078163147,
      0.3097800612449646,
      1.0
    ]
  ]
}