{"game_number":142,"words":["GRANDE","MARS","STYLES","SWIFT","CHANNEL","MEANS","MEDIUM","VEHICLE","OUTSIDE","REMOTE","SLIM","SMALL","LARGE","LEGEND","PROOF","ROOM"],"adjacency_matrix":[[0.9999999403953552,0.3088061809539795,0.20950523018836975,0.3334483802318573,0.2604253590106964,0.25765907764434814,0.296188622713089,0.1921057403087616,0.1682899445295334,0.26724371314048767,0.32607734203338623,0.3434690833091736,0.3535672724246979,0.2233095020055771,0.2143845558166504,0.309880793094635],[0.3088061809539795,1.0,0.2540721595287323,0.22354796528816223,0.29197388887405396,0.2986684739589691,0.23616288602352142,0.3811662793159485,0.3313034474849701,0.36066919565200806,0.22788602113723755,0.2687627375125885,0.2506430447101593,0.30453941226005554,0.28732621669769287,0.3063291907310486],[0.20950523018836975,0.2540721595287323,1.0,0.19729365408420563,0.27308300137519836,0.3639248013496399,0.358574241399765,0.34440991282463074,0.3608693480491638,0.27153730392456055,0.24031923711299896,0.28249236941337585,0.29129281640052795,0.34316450357437134,0.2757663130760193,0.3372293710708618],[0.3334483802318573,0.22354796528816223,0.19729365408420563,0.9999999403953552,0.30351170897483826,0.4117030203342438,0.3423694670200348,0.2677122950553894,0.20684443414211273,0.393122136592865,0.39203616976737976,0.44411441683769226,0.4804200828075409,0.22506816685199738,0.3819434642791748,0.24319228529930115],[0.2604253590106964,0.29197388887405396,0.27308300137519836,0.30351170897483826,1.0,0.44202011823654175,0.4747547209262848,0.400134801864624,0.3742952048778534,0.3825345039367676,0.221910297870636,0.322629451751709,0.3050331175327301,0.3268330693244934,0.32847702503204346,0.3994903564453125],[0.25765907764434814,0.2986684739589691,0.3639248013496399,0.4117030203342438,0.44202011823654175,1.0,0.500033438205719,0.45802852511405945,0.3949868083000183,0.4481157660484314,0.3159642517566681,0.4146799147129059,0.39786818623542786,0.33496272563934326,0.49677789211273193,0.3577570915222168],[0.296188622713089,0.23616288602352142,0.358574241399765,0.3423694670200348,0.4747547209262848,0.500033438205719,1.0,0.46260225772857666,0.3750312924385071,0.42573282122612,0.3135736882686615,0.5362789630889893,0.5165032148361206,0.31210193037986755,0.32247471809387207,0.3723872900009155],[0.1921057403087616,0.3811662793159485,0.34440991282463074,0.2677122950553894,0.400134801864624,0.45802852511405945,0.46260225772857666,1.0,0.4139951467514038,0.3972633183002472,0.18328449130058289,0.3360607922077179,0.3146916627883911,0.3207581341266632,0.3562834858894348,0.3958432972431183],[0.1682899445295334,0.3313034474849701,0.3608693480491638,0.20684443414211273,0.3742952048778534,0.3949868083000183,0.3750312924385071,0.4139951467514038,1.0,0.5383058190345764,0.24658118188381195,0.5035039186477661,0.4930906891822815,0.3322230279445648,0.3197633624076843,0.533649742603302],[0.26724371314048767,0.36066919565200806,0.27153730392456055,0.393122136592865,0.3825345039367676,0.4481157660484314,0.42573282122612,0.3972633183002472,0.5383058190345764,1.0,0.4153169095516205,0.5609985589981079,0.5302795767784119,0.3190922737121582,0.33799511194229126,0.4214378595352173],[0.32607734203338623,0.22788602113723755,0.24031923711299896,0.39203616976737976,0.221910297870636,0.3159642517566681,0.3135736882686615,0.18328449130058289,0.24658118188381195,0.4153169095516205,1.0,0.565098226070404,0.5255081653594971,0.30024319887161255,0.29475870728492737,0.262717068195343],[0.3434690833091736,0.2687627375125885,0.28249236941337585,0.44411441683769226,0.322629451751709,0.4146799147129059,0.5362789630889893,0.3360607922077179,0.5035039186477661,0.5609985589981079,0.565098226070404,1.0,0.9005426168441772,0.3114226758480072,0.3182452619075775,0.4158168435096741],[0.3535672724246979,0.2506430447101593,0.29129281640052795,0.4804200828075409,0.3050331175327301,0.39786818623542786,0.5165032148361206,0.3146916627883911,0.4930906891822815,0.5302795767784119,0.5255081653594971,0.9005426168441772,1.0,0.32098251581192017,0.35534077882766724,0.39254552125930786],[0.2233095020055771,0.30453941226005554,0.34316450357437134,0.22506816685199738,0.3268330693244934,0.33496272563934326,0.31210193037986755,0.3207581341266632,0.3322230279445648,0.3190922737121582,0.30024319887161255,0.3114226758480072,0.32098251581192017,1.0000001192092896,0.4544004201889038,0.2489250898361206],[0.2143845558166504,0.28732621669769287,0.2757663130760193,0.3819434642791748,0.32847702503204346,0.49677789211273193,0.32247471809387207,0.3562834858894348,0.3197633624076843,0.33799511194229126,0.29475870728492737,0.3182452619075775,0.35534077882766724,0.4544004201889038,1.0,0.32311075925827026],[0.309880793094635,0.3063291907310486,0.3372293710708618,0.24319228529930115,0.3994903564453125,0.3577570915222168,0.3723872900009155,0.3958432972431183,0.533649742603302,0.4214378595352173,0.262717068195343,0.4158168435096741,0.39254552125930786,0.2489250898361206,0.32311075925827026,0.9999999403953552]]}