{"game_number":220,"words":["BUNKER","FAIRWAY","GREEN","ROUGH","ENOUGH","MERCY","STOP","UNCLE","BAWDY","BLUE","COARSE","RISQUE","BOUGH","COUGH","DOUGH","TOUGH"],"adjacency_matrix":[[1.0,0.4943878650665283,0.41467446088790894,0.380412220954895,0.2663452625274658,0.23823069036006927,0.28102079033851624,0.2691176235675812,0.14774586260318756,0.3219880163669586,0.243411585688591,0.22601313889026642,0.15434107184410095,0.18553127348423004,0.28274405002593994,0.33913177251815796],[0.4943878650665283,1.0,0.45135387778282166,0.4507629871368408,0.2702551782131195,0.2595030665397644,0.2489604651927948,0.18641027808189392,0.18963538110256195,0.35339316725730896,0.3017790913581848,0.220919668674469,0.19566211104393005,0.1972193717956543,0.22468771040439606,0.3433902859687805],[0.41467446088790894,0.45135387778282166,1.0,0.4247629642486572,0.3731933832168579,0.3349485993385315,0.33947768807411194,0.27889570593833923,0.1617475152015686,0.8072766661643982,0.38580483198165894,0.3079642653465271,0.30303892493247986,0.2486186921596527,0.3227701485157013,0.4165413975715637],[0.380412220954895,0.4507629871368408,0.4247629642486572,1.0,0.4654555022716522,0.3497399687767029,0.32870036363601685,0.24400576949119568,0.3978487253189087,0.3989022374153137,0.6344315409660339,0.4263281226158142,0.3213622272014618,0.3043459951877594,0.4162777364253998,0.6637997031211853],[0.2663452625274658,0.2702551782131195,0.3731933832168579,0.4654555022716522,1.0,0.32315728068351746,0.4531037509441376,0.19965402781963348,0.18484632670879364,0.3088880181312561,0.4029792845249176,0.359510213136673,0.2558622658252716,0.3547247648239136,0.4272421896457672,0.536745011806488],[0.23823069036006927,0.2595030665397644,0.3349485993385315,0.3497399687767029,0.32315728068351746,1.0,0.41006964445114136,0.3872013986110687,0.18642005324363708,0.34897568821907043,0.3210701048374176,0.2232769876718521,0.19959448277950287,0.19269782304763794,0.2801768481731415,0.35959669947624207],[0.28102079033851624,0.2489604651927948,0.33947768807411194,0.32870036363601685,0.4531037509441376,0.41006964445114136,1.0,0.2934473752975464,0.10448397696018219,0.3122573494911194,0.30873337388038635,0.30098196864128113,0.18823428452014923,0.34571319818496704,0.2940804362297058,0.41622427105903625],[0.2691176235675812,0.18641027808189392,0.27889570593833923,0.24400576949119568,0.19965402781963348,0.3872013986110687,0.2934473752975464,1.0,0.2391311079263687,0.30291947722435,0.2640365660190582,0.22441816329956055,0.22810465097427368,0.2721865773200989,0.2437131404876709,0.3166464567184448],[0.14774586260318756,0.18963538110256195,0.1617475152015686,0.3978487253189087,0.18484632670879364,0.18642005324363708,0.10448397696018219,0.2391311079263687,1.0,0.20011797547340393,0.4770663380622864,0.6201539039611816,0.11608633399009705,0.22739842534065247,0.19332638382911682,0.3170284628868103],[0.3219880163669586,0.35339316725730896,0.8072766661643982,0.3989022374153137,0.3088880181312561,0.34897568821907043,0.3122573494911194,0.30291947722435,0.20011797547340393,1.0,0.3617701828479767,0.30925223231315613,0.2822664678096771,0.26995551586151123,0.2621455192565918,0.34478703141212463],[0.243411585688591,0.3017790913581848,0.38580483198165894,0.6344315409660339,0.4029792845249176,0.3210701048374176,0.30873337388038635,0.2640365660190582,0.4770663380622864,0.3617701828479767,1.0,0.5042738914489746,0.20108969509601593,0.32548272609710693,0.3639198839664459,0.5143441557884216],[0.22601313889026642,0.220919668674469,0.3079642653465271,0.4263281226158142,0.359510213136673,0.2232769876718521,0.30098196864128113,0.22441816329956055,0.6201539039611816,0.30925223231315613,0.5042738914489746,0.9999999403953552,0.1477922946214676,0.2530726492404938,0.26148614287376404,0.4550420045852661],[0.15434107184410095,0.19566211104393005,0.30303892493247986,0.3213622272014618,0.2558622658252716,0.19959448277950287,0.18823428452014923,0.22810465097427368,0.11608633399009705,0.2822664678096771,0.20108969509601593,0.1477922946214676,1.0,0.35240480303764343,0.336584210395813,0.24310296773910522],[0.18553127348423004,0.1972193717956543,0.2486186921596527,0.3043459951877594,0.3547247648239136,0.19269782304763794,0.34571319818496704,0.2721865773200989,0.22739842534065247,0.26995551586151123,0.32548272609710693,0.2530726492404938,0.35240480303764343,1.0,0.3689565658569336,0.3006480038166046],[0.28274405002593994,0.22468771040439606,0.3227701485157013,0.4162777364253998,0.4272421896457672,0.2801768481731415,0.2940804362297058,0.2437131404876709,0.19332638382911682,0.2621455192565918,0.3639198839664459,0.26148614287376404,0.336584210395813,0.3689565658569336,0.9999999403953552,0.40442389249801636],[0.33913177251815796,0.3433902859687805,0.4165413975715637,0.6637997031211853,0.536745011806488,0.35959669947624207,0.41622427105903625,0.3166464567184448,0.3170284628868103,0.34478703141212463,0.5143441557884216,0.4550420045852661,0.24310296773910522,0.3006480038166046,0.40442389249801636,1.0]]}