{"game_number":218,"words":["CRAB","CRANK","GROUCH","GRUMP","CROUCH","DUCK","SQUAT","STOOP","ANTHEM","FLAG","MOTTO","SEAL","CHEAT","CROOK","QUACK","SHARK"],"adjacency_matrix":[[1.0,0.4022224247455597,0.31145232915878296,0.34326839447021484,0.33557233214378357,0.4440140426158905,0.39404264092445374,0.256134957075119,0.2295992523431778,0.33150583505630493,0.16308973729610443,0.3786819875240326,0.3473213315010071,0.3509238660335541,0.32451528310775757,0.5343926548957825],[0.4022224247455597,1.0,0.4572490155696869,0.4602592885494232,0.3234626054763794,0.34916698932647705,0.394626647233963,0.34131425619125366,0.19143734872341156,0.2985468804836273,0.18531058728694916,0.29517289996147156,0.34374064207077026,0.46753230690956116,0.5197245478630066,0.3614828288555145],[0.31145232915878296,0.4572490155696869,1.0,0.6932696104049683,0.5574008226394653,0.42901811003685,0.37075066566467285,0.4333551824092865,0.3190746307373047,0.3051876723766327,0.30599069595336914,0.3279038667678833,0.3666461110115051,0.43472588062286377,0.433799684047699,0.29700303077697754],[0.34326839447021484,0.4602592885494232,0.6932696104049683,1.0,0.3694687783718109,0.4322202503681183,0.39084675908088684,0.36391308903694153,0.2747505307197571,0.27976536750793457,0.22620873153209686,0.2626335024833679,0.357750803232193,0.41901522874832153,0.4521864652633667,0.3156706392765045],[0.33557233214378357,0.3234626054763794,0.5574008226394653,0.3694687783718109,1.0,0.4730278253555298,0.5502537488937378,0.6187002062797546,0.19382445514202118,0.30076298117637634,0.22036513686180115,0.30030933022499084,0.39079737663269043,0.3968128561973572,0.30466586351394653,0.30749136209487915],[0.4440140426158905,0.34916698932647705,0.42901811003685,0.4322202503681183,0.4730278253555298,0.9999999403953552,0.3355976343154907,0.3654521703720093,0.24157069623470306,0.36894524097442627,0.22043493390083313,0.4120029807090759,0.40128886699676514,0.40358731150627136,0.5754097104072571,0.42706745862960815],[0.39404264092445374,0.394626647233963,0.37075066566467285,0.39084675908088684,0.5502537488937378,0.3355976343154907,1.0,0.499215692281723,0.2185841202735901,0.2586170732975006,0.2160072922706604,0.27994346618652344,0.2985813617706299,0.36740240454673767,0.30521124601364136,0.2814316749572754],[0.256134957075119,0.34131425619125366,0.4333551824092865,0.36391308903694153,0.6187002062797546,0.3654521703720093,0.499215692281723,1.0,0.12894757091999054,0.2806863486766815,0.21490496397018433,0.22353078424930573,0.35203081369400024,0.39512088894844055,0.24106131494045258,0.2153581827878952],[0.2295992523431778,0.19143734872341156,0.3190746307373047,0.2747505307197571,0.19382445514202118,0.24157069623470306,0.2185841202735901,0.12894757091999054,1.0,0.5730504393577576,0.5184004902839661,0.353193074464798,0.2558276057243347,0.2074373960494995,0.2474428117275238,0.1591326892375946],[0.33150583505630493,0.2985468804836273,0.3051876723766327,0.27976536750793457,0.30076298117637634,0.36894524097442627,0.2586170732975006,0.2806863486766815,0.5730504393577576,1.0,0.5106355547904968,0.4934655725955963,0.31883522868156433,0.23661907017230988,0.22987547516822815,0.2934408187866211],[0.16308973729610443,0.18531058728694916,0.30599069595336914,0.22620873153209686,0.22036513686180115,0.22043493390083313,0.2160072922706604,0.21490496397018433,0.5184004902839661,0.5106355547904968,1.0,0.43786558508872986,0.2869475483894348,0.2435571700334549,0.22251033782958984,0.21337398886680603],[0.3786819875240326,0.29517289996147156,0.3279038667678833,0.2626335024833679,0.30030933022499084,0.4120029807090759,0.27994346618652344,0.22353078424930573,0.353193074464798,0.4934655725955963,0.43786558508872986,1.0,0.3692643642425537,0.3137657940387726,0.28105661273002625,0.4238128960132599],[0.3473213315010071,0.34374064207077026,0.3666461110115051,0.357750803232193,0.39079737663269043,0.40128886699676514,0.2985813617706299,0.35203081369400024,0.2558276057243347,0.31883522868156433,0.2869475483894348,0.3692643642425537,0.9999999403953552,0.44440335035324097,0.3576020896434784,0.32485905289649963],[0.3509238660335541,0.46753230690956116,0.43472588062286377,0.41901522874832153,0.3968128561973572,0.40358731150627136,0.36740240454673767,0.39512088894844055,0.2074373960494995,0.23661907017230988,0.2435571700334549,0.3137657940387726,0.44440335035324097,1.0,0.4392634928226471,0.3650827705860138],[0.32451528310775757,0.5197245478630066,0.433799684047699,0.4521864652633667,0.30466586351394653,0.5754097104072571,0.30521124601364136,0.24106131494045258,0.2474428117275238,0.22987547516822815,0.22251033782958984,0.28105661273002625,0.3576020896434784,0.4392634928226471,1.0,0.3727841377258301],[0.5343926548957825,0.3614828288555145,0.29700303077697754,0.3156706392765045,0.30749136209487915,0.42706745862960815,0.2814316749572754,0.2153581827878952,0.1591326892375946,0.2934408187866211,0.21337398886680603,0.4238128960132599,0.32485905289649963,0.3650827705860138,0.3727841377258301,1.0]]}