{"game_number":186,"words":["MEAN","MEDIAN","MODE","RANGE","BASE","BOND","ELEMENT","SOLUTION","AWFUL","PRETTY","RATHER","REAL","GLASS","GROSS","KING","STERN"],"adjacency_matrix":[[1.0,0.4799608886241913,0.3615020513534546,0.4269169270992279,0.38381248712539673,0.2855701446533203,0.3828545808792114,0.33699849247932434,0.4486866295337677,0.45003440976142883,0.5131794214248657,0.48908141255378723,0.22738592326641083,0.3674216568470001,0.33301806449890137,0.37303274869918823],[0.4799608886241913,1.0,0.3589213192462921,0.4473758935928345,0.45602551102638245,0.28974300622940063,0.32867875695228577,0.29587820172309875,0.22779063880443573,0.19684459269046783,0.28176623582839966,0.38502880930900574,0.2872840464115143,0.3349696397781372,0.25828275084495544,0.3053813576698303],[0.3615020513534546,0.3589213192462921,1.0,0.43212857842445374,0.403607577085495,0.3220151364803314,0.550540030002594,0.4465879201889038,0.3274266719818115,0.25666216015815735,0.3872150182723999,0.40713751316070557,0.2795654535293579,0.2992628216743469,0.3075798451900482,0.3388651907444],[0.4269169270992279,0.4473758935928345,0.43212857842445374,1.0000001192092896,0.5154483914375305,0.29522132873535156,0.4423556923866272,0.3348979949951172,0.3404715359210968,0.31738513708114624,0.3675318956375122,0.4420802891254425,0.3118037283420563,0.4239940941333771,0.21840879321098328,0.33996036648750305],[0.38381248712539673,0.45602551102638245,0.403607577085495,0.5154483914375305,1.0,0.43464410305023193,0.5087794661521912,0.4217063784599304,0.2660563886165619,0.30331453680992126,0.43558770418167114,0.48017919063568115,0.31749168038368225,0.3965001106262207,0.3133801221847534,0.3713858723640442],[0.2855701446533203,0.28974300622940063,0.3220151364803314,0.29522132873535156,0.43464410305023193,1.0,0.44781413674354553,0.3684483468532562,0.2443104237318039,0.23414407670497894,0.3030703365802765,0.4092285633087158,0.3494071066379547,0.3282998502254486,0.2953028082847595,0.3265335261821747],[0.3828545808792114,0.32867875695228577,0.550540030002594,0.4423556923866272,0.5087794661521912,0.44781413674354553,1.0,0.4736156463623047,0.37536656856536865,0.2808031141757965,0.4047243893146515,0.4732785224914551,0.3583695590496063,0.32668405771255493,0.3539588451385498,0.36502623558044434],[0.33699849247932434,0.29587820172309875,0.4465879201889038,0.3348979949951172,0.4217063784599304,0.3684483468532562,0.4736156463623047,1.0,0.3274959325790405,0.2877112030982971,0.3842458128929138,0.4832592308521271,0.35544848442077637,0.2440997213125229,0.3052060604095459,0.316034197807312],[0.4486866295337677,0.22779063880443573,0.3274266719818115,0.3404715359210968,0.2660563886165619,0.2443104237318039,0.37536656856536865,0.3274959325790405,1.0,0.6571030616760254,0.5193991661071777,0.5838879346847534,0.28606030344963074,0.5135367512702942,0.28873690962791443,0.47066378593444824],[0.45003440976142883,0.19684459269046783,0.25666216015815735,0.31738513708114624,0.30331453680992126,0.23414407670497894,0.2808031141757965,0.2877112030982971,0.6571030616760254,1.0,0.6249386668205261,0.5247491598129272,0.2586553990840912,0.3769420087337494,0.2737165093421936,0.3901360332965851],[0.5131794214248657,0.28176623582839966,0.3872150182723999,0.3675318956375122,0.43558770418167114,0.3030703365802765,0.4047243893146515,0.3842458128929138,0.5193991661071777,0.6249386668205261,1.0,0.5096932649612427,0.31400471925735474,0.3922278583049774,0.3308545649051666,0.40887320041656494],[0.48908141255378723,0.38502880930900574,0.40713751316070557,0.4420802891254425,0.48017919063568115,0.4092285633087158,0.4732785224914551,0.4832592308521271,0.5838879346847534,0.5247491598129272,0.5096932649612427,0.9999998807907104,0.358009934425354,0.49898070096969604,0.3985191881656647,0.4159095287322998],[0.22738592326641083,0.2872840464115143,0.2795654535293579,0.3118037283420563,0.31749168038368225,0.3494071066379547,0.3583695590496063,0.35544848442077637,0.28606030344963074,0.2586553990840912,0.31400471925735474,0.358009934425354,1.0,0.2842732071876526,0.2604385018348694,0.3395066261291504],[0.3674216568470001,0.3349696397781372,0.2992628216743469,0.4239940941333771,0.3965001106262207,0.3282998502254486,0.32668405771255493,0.2440997213125229,0.5135367512702942,0.3769420087337494,0.3922278583049774,0.49898070096969604,0.2842732071876526,0.9999999403953552,0.23300868272781372,0.39034318923950195],[0.33301806449890137,0.25828275084495544,0.3075798451900482,0.21840879321098328,0.3133801221847534,0.2953028082847595,0.3539588451385498,0.3052060604095459,0.28873690962791443,0.2737165093421936,0.3308545649051666,0.3985191881656647,0.2604385018348694,0.23300868272781372,1.0,0.3251175582408905],[0.37303274869918823,0.3053813576698303,0.3388651907444,0.33996036648750305,0.3713858723640442,0.3265335261821747,0.36502623558044434,0.316034197807312,0.47066378593444824,0.3901360332965851,0.40887320041656494,0.4159095287322998,0.3395066261291504,0.39034318923950195,0.3251175582408905,0.9999999403953552]]}