{"game_number":271,"words":["BOO","HISS","JEER","RASPBERRY","BOMB","DUD","FLOP","LEMON","DESERT","GHOST","IGNORE","JILT","BOTTOM","CANDY","GARDEN","STAR"],"adjacency_matrix":[[1.0,0.6464541554450989,0.7037938237190247,0.34140509366989136,0.28667151927948,0.41588491201400757,0.3794328272342682,0.2754966616630554,0.23327507078647614,0.341279536485672,0.41016751527786255,0.3981761336326599,0.214060977101326,0.30053475499153137,0.20172740519046783,0.3232751786708832],[0.6464541554450989,1.0,0.6149744391441345,0.38122129440307617,0.27441760897636414,0.3386572003364563,0.3092891573905945,0.31088554859161377,0.261020690202713,0.3789266347885132,0.37963876128196716,0.31804871559143066,0.23064911365509033,0.24442753195762634,0.19696615636348724,0.2811505198478699],[0.7037938237190247,0.6149744391441345,1.0,0.3298077881336212,0.25601819157600403,0.28311604261398315,0.30928632616996765,0.2295171171426773,0.24766762554645538,0.28480327129364014,0.4463011622428894,0.4114360809326172,0.1654401272535324,0.24956896901130676,0.20894235372543335,0.2607058882713318],[0.34140509366989136,0.38122129440307617,0.3298077881336212,1.0000001192092896,0.3889094293117523,0.3092098832130432,0.30372652411460876,0.6022695899009705,0.28953084349632263,0.35835695266723633,0.26049163937568665,0.3258616626262665,0.25258415937423706,0.4738551676273346,0.3987540900707245,0.288646936416626],[0.28667151927948,0.27441760897636414,0.25601819157600403,0.3889094293117523,1.0,0.44123756885528564,0.37212949991226196,0.32668501138687134,0.33109501004219055,0.3382861912250519,0.2918144762516022,0.2845171093940735,0.29086312651634216,0.3756934106349945,0.3914336860179901,0.3570671081542969],[0.41588491201400757,0.3386572003364563,0.28311604261398315,0.3092098832130432,0.44123756885528564,1.0,0.5475924015045166,0.3353883922100067,0.235857293009758,0.34630000591278076,0.2608957886695862,0.298622727394104,0.18168984353542328,0.28015175461769104,0.14914187788963318,0.39688995480537415],[0.3794328272342682,0.3092891573905945,0.30928632616996765,0.30372652411460876,0.37212949991226196,0.5475924015045166,1.0,0.2808891832828522,0.31954988837242126,0.3065347969532013,0.33190491795539856,0.35986220836639404,0.39157161116600037,0.28548362851142883,0.29118749499320984,0.4486158490180969],[0.2754966616630554,0.31088554859161377,0.2295171171426773,0.6022695899009705,0.32668501138687134,0.3353883922100067,0.2808891832828522,1.0,0.32900094985961914,0.3462154269218445,0.1574162244796753,0.3304959535598755,0.24797417223453522,0.5002246499061584,0.37056711316108704,0.27823424339294434],[0.23327507078647614,0.261020690202713,0.24766762554645538,0.28953084349632263,0.33109501004219055,0.235857293009758,0.31954988837242126,0.32900094985961914,1.0,0.3741450011730194,0.349087655544281,0.2561987340450287,0.30960768461227417,0.26796603202819824,0.44317328929901123,0.3656891882419586],[0.341279536485672,0.3789266347885132,0.28480327129364014,0.35835695266723633,0.3382861912250519,0.34630000591278076,0.3065347969532013,0.3462154269218445,0.3741450011730194,1.0,0.3026174008846283,0.42557454109191895,0.31884220242500305,0.30456626415252686,0.338025838136673,0.4598454236984253],[0.41016751527786255,0.37963876128196716,0.4463011622428894,0.26049163937568665,0.2918144762516022,0.2608957886695862,0.33190491795539856,0.1574162244796753,0.349087655544281,0.3026174008846283,1.0,0.2868099808692932,0.3024120628833771,0.23145492374897003,0.2304917275905609,0.2652871012687683],[0.3981761336326599,0.31804871559143066,0.4114360809326172,0.3258616626262665,0.2845171093940735,0.298622727394104,0.35986220836639404,0.3304959535598755,0.2561987340450287,0.42557454109191895,0.2868099808692932,1.0,0.21505206823349,0.3145984709262848,0.3122278153896332,0.3996705412864685],[0.214060977101326,0.23064911365509033,0.1654401272535324,0.25258415937423706,0.29086312651634216,0.18168984353542328,0.39157161116600037,0.24797417223453522,0.30960768461227417,0.31884220242500305,0.3024120628833771,0.21505206823349,1.0,0.2483944147825241,0.32199281454086304,0.3472997546195984],[0.30053475499153137,0.24442753195762634,0.24956896901130676,0.4738551676273346,0.3756934106349945,0.28015175461769104,0.28548362851142883,0.5002246499061584,0.26796603202819824,0.30456626415252686,0.23145492374897003,0.3145984709262848,0.2483944147825241,1.0,0.3031926453113556,0.3773823082447052],[0.20172740519046783,0.19696615636348724,0.20894235372543335,0.3987540900707245,0.3914336860179901,0.14914187788963318,0.29118749499320984,0.37056711316108704,0.44317328929901123,0.338025838136673,0.2304917275905609,0.3122278153896332,0.32199281454086304,0.3031926453113556,1.0000001192092896,0.32009220123291016],[0.3232751786708832,0.2811505198478699,0.2607058882713318,0.288646936416626,0.3570671081542969,0.39688995480537415,0.4486158490180969,0.27823424339294434,0.3656891882419586,0.4598454236984253,0.2652871012687683,0.3996705412864685,0.3472997546195984,0.3773823082447052,0.32009220123291016,1.0]]}