{"game_number":136,"words":["BABY","MOTHER","PAMPER","SPOIL","BOOTY","BUM","CAN","REAR","ROBE","SLIPPERS","TOWEL","WASHCLOTH","CRADLE","EYE","MEOW","PAJAMAS"],"adjacency_matrix":[[1.0,0.7046975493431091,0.43399369716644287,0.40920671820640564,0.35924962162971497,0.4355468153953552,0.29009300470352173,0.3942626714706421,0.3379656672477722,0.3913652300834656,0.3990844190120697,0.455106258392334,0.5311764478683472,0.3589703440666199,0.2508048713207245,0.36897706985473633],[0.7046975493431091,0.9999999403953552,0.36115580797195435,0.3192596137523651,0.2750236392021179,0.3385116159915924,0.28875359892845154,0.39442333579063416,0.3042518198490143,0.35864272713661194,0.2368653118610382,0.37218257784843445,0.4391690790653229,0.3753613531589508,0.11225095391273499,0.251792848110199],[0.43399369716644287,0.36115580797195435,1.0,0.48071610927581787,0.30370032787323,0.4050551950931549,0.3291694223880768,0.31804630160331726,0.2844202220439911,0.3505236506462097,0.27916157245635986,0.33953365683555603,0.30323755741119385,0.3073102533817291,0.18833403289318085,0.29707783460617065],[0.40920671820640564,0.3192596137523651,0.48071610927581787,1.0,0.46325191855430603,0.33613139390945435,0.4043947160243988,0.3876681625843048,0.2316298484802246,0.28860169649124146,0.273176908493042,0.29788997769355774,0.32487261295318604,0.2835923731327057,0.07561326771974564,0.12996958196163177],[0.35924962162971497,0.2750236392021179,0.30370032787323,0.46325191855430603,1.0,0.4823438227176666,0.20117232203483582,0.30944371223449707,0.31382930278778076,0.31768667697906494,0.2886800169944763,0.28783929347991943,0.31268584728240967,0.22045309841632843,0.14123286306858063,0.21659713983535767],[0.4355468153953552,0.3385116159915924,0.4050551950931549,0.33613139390945435,0.4823438227176666,1.0,0.229010209441185,0.3385040760040283,0.3309844434261322,0.3786325454711914,0.39081013202667236,0.3588348627090454,0.23600603640079498,0.32860445976257324,0.29579395055770874,0.2747724652290344],[0.29009300470352173,0.28875359892845154,0.3291694223880768,0.4043947160243988,0.20117232203483582,0.229010209441185,1.0,0.2907841205596924,0.22954615950584412,0.272000253200531,0.15699447691440582,0.2727833688259125,0.2678476572036743,0.2965530455112457,0.18241019546985626,0.1701013296842575],[0.3942626714706421,0.39442333579063416,0.31804630160331726,0.3876681625843048,0.30944371223449707,0.3385040760040283,0.2907841205596924,1.0,0.23922371864318848,0.27857330441474915,0.2608390152454376,0.28522494435310364,0.42823493480682373,0.40085384249687195,0.07951681315898895,0.15787078440189362],[0.3379656672477722,0.3042518198490143,0.2844202220439911,0.2316298484802246,0.31382930278778076,0.3309844434261322,0.22954615950584412,0.23922371864318848,1.0,0.5497960448265076,0.4643462598323822,0.49380436539649963,0.34585264325141907,0.2772273123264313,0.06278429925441742,0.47778040170669556],[0.3913652300834656,0.35864272713661194,0.3505236506462097,0.28860169649124146,0.31768667697906494,0.3786325454711914,0.272000253200531,0.27857330441474915,0.5497960448265076,1.0,0.39921337366104126,0.4125291407108307,0.2953962981700897,0.22582946717739105,0.18213355541229248,0.6282827258110046],[0.3990844190120697,0.2368653118610382,0.27916157245635986,0.273176908493042,0.2886800169944763,0.39081013202667236,0.15699447691440582,0.2608390152454376,0.4643462598323822,0.39921337366104126,0.9999999403953552,0.6550339460372925,0.358636736869812,0.25511807203292847,0.07891726493835449,0.34585559368133545],[0.455106258392334,0.37218257784843445,0.33953365683555603,0.29788997769355774,0.28783929347991943,0.3588348627090454,0.2727833688259125,0.28522494435310364,0.49380436539649963,0.4125291407108307,0.6550339460372925,0.9999999403953552,0.3700650930404663,0.3282584249973297,0.14840297400951385,0.42102816700935364],[0.5311764478683472,0.4391690790653229,0.30323755741119385,0.32487261295318604,0.31268584728240967,0.23600603640079498,0.2678476572036743,0.42823493480682373,0.34585264325141907,0.2953962981700897,0.358636736869812,0.3700650930404663,0.9999999403953552,0.25101640820503235,0.0891815572977066,0.18808788061141968],[0.3589703440666199,0.3753613531589508,0.3073102533817291,0.2835923731327057,0.22045309841632843,0.32860445976257324,0.2965530455112457,0.40085384249687195,0.2772273123264313,0.22582946717739105,0.25511807203292847,0.3282584249973297,0.25101640820503235,1.0,0.19445423781871796,0.18943116068840027],[0.2508048713207245,0.11225095391273499,0.18833403289318085,0.07561326771974564,0.14123286306858063,0.29579395055770874,0.18241019546985626,0.07951681315898895,0.06278429925441742,0.18213355541229248,0.07891726493835449,0.14840297400951385,0.0891815572977066,0.19445423781871796,1.0,0.24849438667297363],[0.36897706985473633,0.251792848110199,0.29707783460617065,0.12996958196163177,0.21659713983535767,0.2747724652290344,0.1701013296842575,0.15787078440189362,0.47778040170669556,0.6282827258110046,0.34585559368133545,0.42102816700935364,0.18808788061141968,0.18943116068840027,0.24849438667297363,1.0]]}