{
  "game_number": 493,
  "words": [
    "PURE",
    "SHEER",
    "TOTAL",
    "UTTER",
    "AIR",
    "SPEAK",
    "STATE",
    "VOICE",
    "BANNER",
    "PRINCE",
    "STARK",
    "WAYNE",
    "HI",
    "LA",
    "MA",
    "OK"
  ],
  "adjacency_matrix": [
    [
      1.0,
      0.5607539415359497,
      0.5139227509498596,
      0.4759535491466522,
      0.4624314308166504,
      0.36416390538215637,
      0.42784202098846436,
      0.41827571392059326,
      0.3183753788471222,
      0.37171369791030884,
      0.501910924911499,
      0.33543190360069275,
      0.21681112051010132,
      0.19765770435333252,
      0.10688752681016922,
      0.3998955190181732
    ],
    [
      0.5607539415359497,
      1.0,
      0.515308141708374,
      0.5735737085342407,
      0.3585093915462494,
      0.2774125933647156,
      0.2985322177410126,
      0.33513936400413513,
      0.3120446503162384,
      0.2608669698238373,
      0.5067581534385681,
      0.30020859837532043,
      0.21508216857910156,
      0.2361120730638504,
      0.14937712252140045,
      0.21698477864265442
    ],
    [
      0.5139227509498596,
      0.515308141708374,
      1.0000001192092896,
      0.43960002064704895,
      0.42822906374931335,
      0.2912842333316803,
      0.4719424843788147,
      0.3710988759994507,
      0.3056112229824066,
      0.2787784934043884,
      0.3420427739620209,
      0.2574863135814667,
      0.1534731239080429,
      0.14437611401081085,
      0.02511690929532051,
      0.24397622048854828
    ],
    [
      0.4759535491466522,
      0.5735737085342407,
      0.43960002064704895,
      1.0000001192092896,
      0.33346298336982727,
      0.5234062671661377,
      0.32897698879241943,
      0.41609951853752136,
      0.2860362231731415,
      0.27995848655700684,
      0.4284704625606537,
      0.35133451223373413,
      0.22424732148647308,
      0.17535781860351562,
      0.18408715724945068,
      0.26157698035240173
    ],
    [
      0.4624314308166504,
      0.3585093915462494,
      0.42822906374931335,
      0.33346298336982727,
      1.0,
      0.373187392950058,
      0.4045887887477875,
      0.46785983443260193,
      0.361075222492218,
      0.3243021070957184,
      0.3037428855895996,
      0.23909103870391846,
      0.15393131971359253,
      0.1290503889322281,
      0.035379596054553986,
      0.22994399070739746
    ],
    [
      0.36416390538215637,
      0.2774125933647156,
      0.2912842333316803,
      0.5234062671661377,
      0.373187392950058,
      0.9999999403953552,
      0.47457584738731384,
      0.5513330101966858,
      0.29654088616371155,
      0.38187074661254883,
      0.34107157588005066,
      0.33499807119369507,
      0.27853089570999146,
      0.05762490630149841,
      0.08916495740413666,
      0.334982305765152
    ],
    [
      0.42784202098846436,
      0.2985322177410126,
      0.4719424843788147,
      0.32897698879241943,
      0.4045887887477875,
      0.47457584738731384,
      1.0,
      0.43008074164390564,
      0.3932892084121704,
      0.4610065221786499,
      0.34039610624313354,
      0.33280646800994873,
      0.10274632275104523,
      0.0907755047082901,
      -0.019803859293460846,
      0.2863609194755554
    ],
    [
      0.41827571392059326,
      0.33513936400413513,
      0.3710988759994507,
      0.41609951853752136,
      0.46785983443260193,
      0.5513330101966858,
      0.43008074164390564,
      1.0,
      0.3636328876018524,
      0.37876951694488525,
      0.36864373087882996,
      0.29931744933128357,
      0.23072127997875214,
      0.14869165420532227,
      0.0502735860645771,
      0.21680061519145966
    ],
    [
      0.3183753788471222,
      0.3120446503162384,
      0.3056112229824066,
      0.2860362231731415,
      0.361075222492218,
      0.29654088616371155,
      0.3932892084121704,
      0.3636328876018524,
      1.0,
      0.3219178020954132,
      0.29422760009765625,
      0.2784350514411926,
      0.15634477138519287,
      0.1286572366952896,
      0.01600317284464836,
      0.28713059425354004
    ],
    [
      0.37171369791030884,
      0.2608669698238373,
      0.2787784934043884,
      0.27995848655700684,
      0.3243021070957184,
      0.38187074661254883,
      0.4610065221786499,
      0.37876951694488525,
      0.3219178020954132,
      1.0,
      0.21663405001163483,
      0.4084269106388092,
      0.2605704069137573,
      0.17538239061832428,
      0.1168382316827774,
      0.2814764380455017
    ],
    [
      0.501910924911499,
      0.5067581534385681,
      0.3420427739620209,
      0.4284704625606537,
      0.3037428855895996,
      0.34107157588005066,
      0.34039610624313354,
      0.36864373087882996,
      0.29422760009765625,
      0.21663405001163483,
      1.0,
      0.27688056230545044,
      0.18530122935771942,
      0.11217115819454193,
      0.05785949155688286,
      0.2537165582180023
    ],
    [
      0.33543190360069275,
      0.30020859837532043,
      0.2574863135814667,
      0.35133451223373413,
      0.23909103870391846,
      0.33499807119369507,
      0.33280646800994873,
      0.29931744933128357,
      0.2784350514411926,
      0.4084269106388092,
      0.27688056230545044,
      1.0,
      0.37622594833374023,
      0.24494625627994537,
      0.204496368765831,
      0.40436607599258423
    ],
    [
      0.21681112051010132,
      0.21508216857910156,
      0.1534731239080429,
      0.22424732148647308,
      0.15393131971359253,
      0.27853089570999146,
      0.10274632275104523,
      0.23072127997875214,
      0.15634477138519287,
      0.2605704069137573,
      0.18530122935771942,
      0.37622594833374023,
      1.0,
      0.30261459946632385,
      0.46663549542427063,
      0.4605235457420349
    ],
    [
      0.19765770435333252,
      0.2361120730638504,
      0.14437611401081085,
      0.17535781860351562,
      0.1290503889322281,
      0.05762490630149841,
      0.0907755047082901,
      0.14869165420532227,
      0.1286572366952896,
      0.17538239061832428,
      0.11217115819454193,
      0.24494625627994537,
      0.30261459946632385,
      1.0,
      0.505394458770752,
      0.16529013216495514
    ],
    [
      0.10688752681016922,
      0.14937712252140045,
      0.02511690929532051,
      0.18408715724945068,
      0.035379596054553986,
      0.08916495740413666,
      -0.019803859293460846,
      0.0502735860645771,
      0.01600317284464836,
      0.1168382316827774,
      0.05785949155688286,
      0.204496368765831,
      0.46663549542427063,
      0.505394458770752,
      1.0,
      0.24728360772132874
    ],
    [
      0.3998955190181732,
      0.21698477864265442,
      0.24397622048854828,
      0.26157698035240173,
      0.22994399070739746,
      0.334982305765152,
      0.2863609194755554,
      0.21680061519145966,
      0.28713059425354004,
      0.2814764380455017,
      0.2537165582180023,
      0.40436607599258423,
      0.4605235457420349,
      0.16529013216495514,
      0.24728360772132874,
      0.9999999403953552
    ]
  ]
}