{"game_number":240,"words":["CANYON","GULCH","PASS","RAVINE","GORGE","GULP","SCARF","WOLF","APPLE","BASHFUL","MIRROR","QUEEN","CHEN","CLARK","COWL","CRAVEN"],"adjacency_matrix":[[1.0,0.6647801995277405,0.337769091129303,0.6253304481506348,0.6580095887184143,0.275544673204422,0.2747683525085449,0.3742360472679138,0.24269138276576996,0.18463827669620514,0.2989904284477234,0.243163600564003,0.3114147484302521,0.3114941418170929,0.3109889030456543,0.1979895830154419],[0.6647801995277405,1.0,0.30199041962623596,0.5893497467041016,0.5588307976722717,0.34930527210235596,0.23974139988422394,0.3509964048862457,0.3207757771015167,0.2525523602962494,0.2508067786693573,0.2305149883031845,0.30440083146095276,0.3717152774333954,0.32472604513168335,0.2539544403553009],[0.337769091129303,0.30199041962623596,1.0,0.2939998209476471,0.4240352213382721,0.37436336278915405,0.34289246797561646,0.2652055323123932,0.3349149525165558,0.30534932017326355,0.44552403688430786,0.2806473970413208,0.2576049864292145,0.2897631525993347,0.28843003511428833,0.2888734042644501],[0.6253304481506348,0.5893497467041016,0.2939998209476471,1.0,0.674871027469635,0.24917076528072357,0.22769701480865479,0.34284502267837524,0.2412819266319275,0.23410740494728088,0.250114381313324,0.2507358193397522,0.24930588901042938,0.22406215965747833,0.2728407382965088,0.22104158997535706],[0.6580095887184143,0.5588307976722717,0.4240352213382721,0.674871027469635,1.0,0.39044851064682007,0.33168795704841614,0.36086562275886536,0.31719961762428284,0.2704964280128479,0.28919023275375366,0.2481817901134491,0.3121408224105835,0.2891498804092407,0.26666659116744995,0.3184555470943451],[0.275544673204422,0.34930527210235596,0.37436336278915405,0.24917076528072357,0.39044851064682007,0.9999999403953552,0.23230214416980743,0.25707218050956726,0.25058823823928833,0.36529842019081116,0.24235618114471436,0.18529905378818512,0.21381700038909912,0.14008407294750214,0.24578043818473816,0.2902022898197174],[0.2747683525085449,0.23974139988422394,0.34289246797561646,0.22769701480865479,0.33168795704841614,0.23230214416980743,0.9999999403953552,0.3690304160118103,0.3443073332309723,0.2983313798904419,0.3955053687095642,0.28638046979904175,0.33156707882881165,0.26620399951934814,0.5797763466835022,0.24976639449596405],[0.3742360472679138,0.3509964048862457,0.2652055323123932,0.34284502267837524,0.36086562275886536,0.25707218050956726,0.3690304160118103,1.0,0.29952457547187805,0.28296414017677307,0.2566455602645874,0.2817217707633972,0.31265494227409363,0.28365358710289,0.3867233097553253,0.315854549407959],[0.24269138276576996,0.3207757771015167,0.3349149525165558,0.2412819266319275,0.31719961762428284,0.25058823823928833,0.3443073332309723,0.29952457547187805,1.0,0.2339809089899063,0.30588310956954956,0.37588778138160706,0.37020236253738403,0.332423597574234,0.2166804075241089,0.2747575640678406],[0.18463827669620514,0.2525523602962494,0.30534932017326355,0.23410740494728088,0.2704964280128479,0.36529842019081116,0.2983313798904419,0.28296414017677307,0.2339809089899063,0.9999999403953552,0.3328417241573334,0.36387717723846436,0.3178093135356903,0.3258329927921295,0.325406014919281,0.4411410391330719],[0.2989904284477234,0.2508067786693573,0.44552403688430786,0.250114381313324,0.28919023275375366,0.24235618114471436,0.3955053687095642,0.2566455602645874,0.30588310956954956,0.3328417241573334,1.0,0.3208831548690796,0.31304168701171875,0.2674165666103363,0.4354068636894226,0.2901729941368103],[0.243163600564003,0.2305149883031845,0.2806473970413208,0.2507358193397522,0.2481817901134491,0.18529905378818512,0.28638046979904175,0.2817217707633972,0.37588778138160706,0.36387717723846436,0.3208831548690796,1.0,0.260785847902298,0.35301366448402405,0.2388903647661209,0.3196259140968323],[0.3114147484302521,0.30440083146095276,0.2576049864292145,0.24930588901042938,0.3121408224105835,0.21381700038909912,0.33156707882881165,0.31265494227409363,0.37020236253738403,0.3178093135356903,0.31304168701171875,0.260785847902298,1.0,0.5084324479103088,0.2969817817211151,0.29216769337654114],[0.3114941418170929,0.3717152774333954,0.2897631525993347,0.22406215965747833,0.2891498804092407,0.14008407294750214,0.26620399951934814,0.28365358710289,0.332423597574234,0.3258329927921295,0.2674165666103363,0.35301366448402405,0.5084324479103088,1.0,0.3081100583076477,0.31679660081863403],[0.3109889030456543,0.32472604513168335,0.28843003511428833,0.2728407382965088,0.26666659116744995,0.24578043818473816,0.5797763466835022,0.3867233097553253,0.2166804075241089,0.325406014919281,0.4354068636894226,0.2388903647661209,0.2969817817211151,0.3081100583076477,0.9999999403953552,0.2378394454717636],[0.1979895830154419,0.2539544403553009,0.2888734042644501,0.22104158997535706,0.3184555470943451,0.2902022898197174,0.24976639449596405,0.315854549407959,0.2747575640678406,0.4411410391330719,0.2901729941368103,0.3196259140968323,0.29216769337654114,0.31679660081863403,0.2378394454717636,1.0]]}