{"game_number":316,"words":["BREAST","DRUMSTICK","TENDER","WING","DRIVER","EAGLE","HOLE","STROKE","CYMBAL","KICK","SNARE","TOM","INFANT","PUB","SWIMMING","TICKER"],"adjacency_matrix":[[1.0,0.3808388113975525,0.38297343254089355,0.3606801927089691,0.24225114285945892,0.42055413126945496,0.3447920083999634,0.3753929138183594,0.19726891815662384,0.3658236861228943,0.3245641887187958,0.26381027698516846,0.5219526290893555,0.22357270121574402,0.35152488946914673,0.27510595321655273],[0.3808388113975525,1.0,0.3049701154232025,0.3694230020046234,0.30077916383743286,0.3174913823604584,0.3851456940174103,0.33943015336990356,0.5969328284263611,0.4493158459663391,0.4857843220233917,0.4918214678764343,0.31470656394958496,0.24491415917873383,0.2575986385345459,0.34736698865890503],[0.38297343254089355,0.3049701154232025,1.0,0.3075829744338989,0.3360576629638672,0.22709578275680542,0.25748908519744873,0.3007923662662506,0.2081305831670761,0.29329419136047363,0.3037876784801483,0.28949859738349915,0.36387744545936584,0.2023896872997284,0.30260372161865234,0.2775443196296692],[0.3606801927089691,0.3694230020046234,0.3075829744338989,1.0,0.28481629490852356,0.4349290132522583,0.37464797496795654,0.3381139934062958,0.19237321615219116,0.39112794399261475,0.29756250977516174,0.3026834726333618,0.351132333278656,0.27760177850723267,0.34166067838668823,0.28299200534820557],[0.24225114285945892,0.30077916383743286,0.3360576629638672,0.28481629490852356,1.0,0.23672762513160706,0.3636999726295471,0.3173934519290924,0.2825467586517334,0.33062946796417236,0.28198161721229553,0.2717008590698242,0.3717995584011078,0.3527711033821106,0.31245067715644836,0.3006467819213867],[0.42055413126945496,0.3174913823604584,0.22709578275680542,0.4349290132522583,0.23672762513160706,1.0,0.37063661217689514,0.2955905497074127,0.23014332354068756,0.2984564006328583,0.3697592616081238,0.31408408284187317,0.39871370792388916,0.1869366616010666,0.30256685614585876,0.3026219606399536],[0.3447920083999634,0.3851456940174103,0.25748908519744873,0.37464797496795654,0.3636999726295471,0.37063661217689514,0.9999999403953552,0.43609753251075745,0.2548251748085022,0.4133605659008026,0.4357527494430542,0.3805655539035797,0.27620044350624084,0.32701870799064636,0.34589776396751404,0.23469363152980804],[0.3753929138183594,0.33943015336990356,0.3007923662662506,0.3381139934062958,0.3173934519290924,0.2955905497074127,0.43609753251075745,1.0,0.3136158287525177,0.40835943818092346,0.33716243505477905,0.2342880666255951,0.30465084314346313,0.18989647924900055,0.40553805232048035,0.3101574182510376],[0.19726891815662384,0.5969328284263611,0.2081305831670761,0.19237321615219116,0.2825467586517334,0.23014332354068756,0.2548251748085022,0.3136158287525177,1.0,0.29787972569465637,0.4219040274620056,0.399966835975647,0.20828783512115479,0.15347370505332947,0.18260344862937927,0.2664831280708313],[0.3658236861228943,0.4493158459663391,0.29329419136047363,0.39112794399261475,0.33062946796417236,0.2984564006328583,0.4133605659008026,0.40835943818092346,0.29787972569465637,1.0,0.49807313084602356,0.42818328738212585,0.2168186604976654,0.313031405210495,0.34588268399238586,0.2972412705421448],[0.3245641887187958,0.4857843220233917,0.3037876784801483,0.29756250977516174,0.28198161721229553,0.3697592616081238,0.4357527494430542,0.33716243505477905,0.4219040274620056,0.49807313084602356,1.0,0.39736253023147583,0.28832030296325684,0.1568661481142044,0.28637295961380005,0.26510104537010193],[0.26381027698516846,0.4918214678764343,0.28949859738349915,0.3026834726333618,0.2717008590698242,0.31408408284187317,0.3805655539035797,0.2342880666255951,0.399966835975647,0.42818328738212585,0.39736253023147583,1.0,0.20589014887809753,0.3107415735721588,0.20788757503032684,0.2714232802391052],[0.5219526290893555,0.31470656394958496,0.36387744545936584,0.351132333278656,0.3717995584011078,0.39871370792388916,0.27620044350624084,0.30465084314346313,0.20828783512115479,0.2168186604976654,0.28832030296325684,0.20589014887809753,1.0,0.2263617366552353,0.3957533836364746,0.20951607823371887],[0.22357270121574402,0.24491415917873383,0.2023896872997284,0.27760177850723267,0.3527711033821106,0.1869366616010666,0.32701870799064636,0.18989647924900055,0.15347370505332947,0.313031405210495,0.1568661481142044,0.3107415735721588,0.2263617366552353,1.0,0.31635618209838867,0.24156983196735382],[0.35152488946914673,0.2575986385345459,0.30260372161865234,0.34166067838668823,0.31245067715644836,0.30256685614585876,0.34589776396751404,0.40553805232048035,0.18260344862937927,0.34588268399238586,0.28637295961380005,0.20788757503032684,0.3957533836364746,0.31635618209838867,1.0,0.2755776643753052],[0.27510595321655273,0.34736698865890503,0.2775443196296692,0.28299200534820557,0.3006467819213867,0.3026219606399536,0.23469363152980804,0.3101574182510376,0.2664831280708313,0.2972412705421448,0.26510104537010193,0.2714232802391052,0.20951607823371887,0.24156983196735382,0.2755776643753052,1.0]]}