{"game_number":48,"words":["APPRECIATE","DIG","FANCY","LIKE","HIT","SENSATION","SMASH","SUCCESS","BUTTON","HAT","SHIRT","STICKER","CAT","EDITOR","PASTE","THAT"],"adjacency_matrix":[[1.0,0.3891962468624115,0.4074750244617462,0.5670451521873474,0.2609938681125641,0.2817331552505493,0.2636183500289917,0.43404778838157654,0.17140595614910126,0.29086077213287354,0.18086013197898865,0.297588050365448,0.20166201889514923,0.32404789328575134,0.2198302298784256,0.4962257742881775],[0.3891962468624115,1.0,0.33342161774635315,0.3768167793750763,0.42468976974487305,0.1707981824874878,0.4566057026386261,0.2177443504333496,0.2772679626941681,0.26292145252227783,0.26557669043540955,0.2802824378013611,0.2444470375776291,0.21876056492328644,0.3434268832206726,0.29088670015335083],[0.4074750244617462,0.33342161774635315,0.9999999403953552,0.5390692949295044,0.359406977891922,0.40669503808021545,0.3793772757053375,0.35770800709724426,0.3413383960723877,0.4223805367946625,0.37567004561424255,0.2893785834312439,0.37406784296035767,0.2938588261604309,0.3318420350551605,0.4024218022823334],[0.5670451521873474,0.3768167793750763,0.5390692949295044,0.9999999403953552,0.3726401925086975,0.3285049796104431,0.3574935495853424,0.358319491147995,0.24496358633041382,0.32021966576576233,0.27239739894866943,0.3011092245578766,0.3355795741081238,0.3304671049118042,0.30030226707458496,0.591755747795105],[0.2609938681125641,0.42468976974487305,0.359406977891922,0.3726401925086975,1.0,0.40360844135284424,0.7188817858695984,0.4232328534126282,0.43164360523223877,0.30233460664749146,0.2964579164981842,0.37757882475852966,0.30317431688308716,0.2632003128528595,0.32176631689071655,0.3499387204647064],[0.2817331552505493,0.1707981824874878,0.40669503808021545,0.3285049796104431,0.40360844135284424,1.0,0.343733012676239,0.41365277767181396,0.33726784586906433,0.25554177165031433,0.28888532519340515,0.30363211035728455,0.34106889367103577,0.3113662004470825,0.23668839037418365,0.3806884288787842],[0.2636183500289917,0.4566057026386261,0.3793772757053375,0.3574935495853424,0.7188817858695984,0.343733012676239,1.0,0.37807685136795044,0.36972787976264954,0.3018605411052704,0.27022749185562134,0.39802488684654236,0.30345240235328674,0.18665732443332672,0.38078823685646057,0.299879252910614],[0.43404778838157654,0.2177443504333496,0.35770800709724426,0.358319491147995,0.4232328534126282,0.41365277767181396,0.37807685136795044,1.0,0.24531899392604828,0.2725938856601715,0.23180292546749115,0.29019635915756226,0.22016143798828125,0.290969580411911,0.21641045808792114,0.49214252829551697],[0.17140595614910126,0.2772679626941681,0.3413383960723877,0.24496358633041382,0.43164360523223877,0.33726784586906433,0.36972787976264954,0.24531899392604828,1.0,0.39221182465553284,0.45540711283683777,0.39442065358161926,0.2758391797542572,0.29658982157707214,0.4032162129878998,0.29539650678634644],[0.29086077213287354,0.26292145252227783,0.4223805367946625,0.32021966576576233,0.30233460664749146,0.25554177165031433,0.3018605411052704,0.2725938856601715,0.39221182465553284,1.0,0.5920683741569519,0.40554213523864746,0.38026753067970276,0.2937202751636505,0.31999823451042175,0.3583914041519165],[0.18086013197898865,0.26557669043540955,0.37567004561424255,0.27239739894866943,0.2964579164981842,0.28888532519340515,0.27022749185562134,0.23180292546749115,0.45540711283683777,0.5920683741569519,1.0,0.48621082305908203,0.2899434566497803,0.22816753387451172,0.32822760939598083,0.30733662843704224],[0.297588050365448,0.2802824378013611,0.2893785834312439,0.3011092245578766,0.37757882475852966,0.30363211035728455,0.39802488684654236,0.29019635915756226,0.39442065358161926,0.40554213523864746,0.48621082305908203,1.0,0.3069055378437042,0.29364314675331116,0.3012949526309967,0.32742610573768616],[0.20166201889514923,0.2444470375776291,0.37406784296035767,0.3355795741081238,0.30317431688308716,0.34106889367103577,0.30345240235328674,0.22016143798828125,0.2758391797542572,0.38026753067970276,0.2899434566497803,0.3069055378437042,1.0,0.3102518320083618,0.2636967897415161,0.2852957844734192],[0.32404789328575134,0.21876056492328644,0.2938588261604309,0.3304671049118042,0.2632003128528595,0.3113662004470825,0.18665732443332672,0.290969580411911,0.29658982157707214,0.2937202751636505,0.22816753387451172,0.29364314675331116,0.3102518320083618,1.0,0.24446065723896027,0.3508056104183197],[0.2198302298784256,0.3434268832206726,0.3318420350551605,0.30030226707458496,0.32176631689071655,0.23668839037418365,0.38078823685646057,0.21641045808792114,0.4032162129878998,0.31999823451042175,0.32822760939598083,0.3012949526309967,0.2636967897415161,0.24446065723896027,1.0,0.2724337577819824],[0.4962257742881775,0.29088670015335083,0.4024218022823334,0.591755747795105,0.3499387204647064,0.3806884288787842,0.299879252910614,0.49214252829551697,0.29539650678634644,0.3583914041519165,0.30733662843704224,0.32742610573768616,0.2852957844734192,0.3508056104183197,0.2724337577819824,1.0]]}