{
  "game_number": 127,
  "words": [
    "BELT",
    "HORN",
    "MIRROR",
    "WHEEL",
    "ATOM",
    "CELL",
    "ORGAN",
    "TISSUE",
    "BIGFOOT",
    "COMPOUND",
    "INSTAGRAM",
    "THERMOMETER",
    "CHARGE",
    "COST",
    "PRICE",
    "RATE"
  ],
  "adjacency_matrix": [
    [
      0.9999999403953552,
      0.3526250422000885,
      0.388370156288147,
      0.4509798586368561,
      0.21050730347633362,
      0.28968873620033264,
      0.21906359493732452,
      0.29112762212753296,
      0.16510900855064392,
      0.30264267325401306,
      0.26140016317367554,
      0.2759036123752594,
      0.28737738728523254,
      0.26733076572418213,
      0.28103604912757874,
      0.3495348393917084
    ],
    [
      0.3526250422000885,
      1.0,
      0.3628983497619629,
      0.4455295205116272,
      0.2732464075088501,
      0.3448941111564636,
      0.5046369433403015,
      0.3781961500644684,
      0.29787155985832214,
      0.34544628858566284,
      0.21461889147758484,
      0.32166391611099243,
      0.32482025027275085,
      0.2630169689655304,
      0.3098341226577759,
      0.27032479643821716
    ],
    [
      0.388370156288147,
      0.3628983497619629,
      1.0,
      0.4813033938407898,
      0.3046064078807831,
      0.3607698380947113,
      0.3142136335372925,
      0.30946189165115356,
      0.307077020406723,
      0.38792261481285095,
      0.35176342725753784,
      0.3562692105770111,
      0.37537652254104614,
      0.33227550983428955,
      0.36422085762023926,
      0.3648998439311981
    ],
    [
      0.4509798586368561,
      0.4455295205116272,
      0.4813033938407898,
      1.0,
      0.3427761495113373,
      0.3974504768848419,
      0.35155510902404785,
      0.28648895025253296,
      0.24326878786087036,
      0.35255494713783264,
      0.25442051887512207,
      0.3628098666667938,
      0.3406132459640503,
      0.3627680838108063,
      0.35944822430610657,
      0.3593966066837311
    ],
    [
      0.21050730347633362,
      0.2732464075088501,
      0.3046064078807831,
      0.3427761495113373,
      0.9999999403953552,
      0.3947194516658783,
      0.3303128480911255,
      0.334984689950943,
      0.18130791187286377,
      0.45286282896995544,
      0.23016807436943054,
      0.31176382303237915,
      0.337169885635376,
      0.2530575692653656,
      0.29033949971199036,
      0.3373316526412964
    ],
    [
      0.28968873620033264,
      0.3448941111564636,
      0.3607698380947113,
      0.3974504768848419,
      0.3947194516658783,
      1.0,
      0.4423988163471222,
      0.5836946964263916,
      0.2028352916240692,
      0.46346262097358704,
      0.20719915628433228,
      0.3075830042362213,
      0.409021258354187,
      0.30852288007736206,
      0.30403727293014526,
      0.3753657341003418
    ],
    [
      0.21906359493732452,
      0.5046369433403015,
      0.3142136335372925,
      0.35155510902404785,
      0.3303128480911255,
      0.4423988163471222,
      1.0,
      0.5871906876564026,
      0.1588089019060135,
      0.3482907712459564,
      0.1996297389268875,
      0.3481876850128174,
      0.30698007345199585,
      0.3243411183357239,
      0.31296679377555847,
      0.3206665813922882
    ],
    [
      0.29112762212753296,
      0.3781961500644684,
      0.30946189165115356,
      0.28648895025253296,
      0.334984689950943,
      0.5836946964263916,
      0.5871906876564026,
      1.0,
      0.27560701966285706,
      0.39023739099502563,
      0.21229983866214752,
      0.34807074069976807,
      0.3191235363483429,
      0.36048346757888794,
      0.30411458015441895,
      0.3923659026622772
    ],
    [
      0.16510900855064392,
      0.29787155985832214,
      0.307077020406723,
      0.24326878786087036,
      0.18130791187286377,
      0.2028352916240692,
      0.1588089019060135,
      0.27560701966285706,
      1.0,
      0.22386428713798523,
      0.27681687474250793,
      0.1899099498987198,
      0.20744368433952332,
      0.2238655984401703,
      0.18114866316318512,
      0.21869535744190216
    ],
    [
      0.30264267325401306,
      0.34544628858566284,
      0.38792261481285095,
      0.35255494713783264,
      0.45286282896995544,
      0.46346262097358704,
      0.3482907712459564,
      0.39023739099502563,
      0.22386428713798523,
      1.0,
      0.20116285979747772,
      0.3181318938732147,
      0.38850638270378113,
      0.35545068979263306,
      0.3631260395050049,
      0.4058222770690918
    ],
    [
      0.26140016317367554,
      0.21461889147758484,
      0.35176342725753784,
      0.25442051887512207,
      0.23016807436943054,
      0.20719915628433228,
      0.1996297389268875,
      0.21229983866214752,
      0.27681687474250793,
      0.20116285979747772,
      1.0,
      0.19977927207946777,
      0.1996331363916397,
      0.15621843934059143,
      0.1901484727859497,
      0.2239140272140503
    ],
    [
      0.2759036123752594,
      0.32166391611099243,
      0.3562692105770111,
      0.3628098666667938,
      0.31176382303237915,
      0.3075830042362213,
      0.3481876850128174,
      0.34807074069976807,
      0.1899099498987198,
      0.3181318938732147,
      0.19977927207946777,
      1.0,
      0.229345440864563,
      0.22044654190540314,
      0.3641449213027954,
      0.34527674317359924
    ],
    [
      0.28737738728523254,
      0.32482025027275085,
      0.37537652254104614,
      0.3406132459640503,
      0.337169885635376,
      0.409021258354187,
      0.30698007345199585,
      0.3191235363483429,
      0.20744368433952332,
      0.38850638270378113,
      0.1996331363916397,
      0.229345440864563,
      1.0,
      0.5830502510070801,
      0.5492160320281982,
      0.5794106721878052
    ],
    [
      0.26733076572418213,
      0.2630169689655304,
      0.33227550983428955,
      0.3627680838108063,
      0.2530575692653656,
      0.30852288007736206,
      0.3243411183357239,
      0.36048346757888794,
      0.2238655984401703,
      0.35545068979263306,
      0.15621843934059143,
      0.22044654190540314,
      0.5830502510070801,
      1.0,
      0.7309510111808777,
      0.5767161250114441
    ],
    [
      0.28103604912757874,
      0.3098341226577759,
      0.36422085762023926,
      0.35944822430610657,
      0.29033949971199036,
      0.30403727293014526,
      0.31296679377555847,
      0.30411458015441895,
      0.18114866316318512,
      0.3631260395050049,
      0.1901484727859497,
      0.3641449213027954,
      0.5492160320281982,
      0.7309510111808777,
      1.0,
      0.5944530963897705
    ],
    [
      0.3495348393917084,
      0.27032479643821716,
      0.3648998439311981,
      0.3593966066837311,
      0.3373316526412964,
      0.3753657341003418,
      0.3206665813922882,
      0.3923659026622772,
      0.21869535744190216,
      0.4058222770690918,
      0.2239140272140503,
      0.34527674317359924,
      0.5794106721878052,
      0.5767161250114441,
      0.5944530963897705,
      1.0
    ]
  ]
}