{"game_number":352,"words":["HEEL","LACE","SOLE","TONGUE","CLUE","RISK","SORRY","TROUBLE","BOND","HUNT","RYAN","SMART","BAND","CEMENT","DUCKIE","SOUL"],"adjacency_matrix":[[1.0,0.37435758113861084,0.4391316771507263,0.39920011162757874,0.307701975107193,0.34010833501815796,0.22848166525363922,0.33305594325065613,0.2716315984725952,0.2908177375793457,0.15603718161582947,0.27101877331733704,0.266836017370224,0.36403101682662964,0.3499225080013275,0.29072028398513794],[0.37435758113861084,1.0,0.3460471034049988,0.3840807378292084,0.2866870164871216,0.2771936357021332,0.27176621556282043,0.3052220344543457,0.29217129945755005,0.3510449528694153,0.21064263582229614,0.3516990840435028,0.2807304263114929,0.41728922724723816,0.4730170667171478,0.2503490746021271],[0.4391316771507263,0.3460471034049988,1.0,0.4076530635356903,0.4470951557159424,0.3538632094860077,0.23749947547912598,0.33578598499298096,0.34500613808631897,0.31036821007728577,0.15509578585624695,0.31694743037223816,0.38479816913604736,0.3856833577156067,0.3512329161167145,0.4069287180900574],[0.39920011162757874,0.3840807378292084,0.4076530635356903,1.0,0.3101947605609894,0.26695504784584045,0.25570979714393616,0.2844606041908264,0.3070870041847229,0.2786328196525574,0.23233377933502197,0.3095269203186035,0.297140896320343,0.26295262575149536,0.3662957549095154,0.4436989724636078],[0.307701975107193,0.2866870164871216,0.4470951557159424,0.3101947605609894,1.0,0.39490658044815063,0.3879616856575012,0.4958161413669586,0.28025996685028076,0.389046847820282,0.1444116234779358,0.39167240262031555,0.26977303624153137,0.27621990442276,0.29211434721946716,0.3436787724494934],[0.34010833501815796,0.2771936357021332,0.3538632094860077,0.26695504784584045,0.39490658044815063,1.0000001192092896,0.3447607159614563,0.5710596442222595,0.3740731477737427,0.3324434757232666,0.0901215448975563,0.3615414500236511,0.2589398920536041,0.27192193269729614,0.2193470448255539,0.3168250322341919],[0.22848166525363922,0.27176621556282043,0.23749947547912598,0.25570979714393616,0.3879616856575012,0.3447607159614563,1.0,0.5333651304244995,0.18280526995658875,0.2747448980808258,0.28312116861343384,0.42810219526290894,0.22928152978420258,0.19133687019348145,0.33270639181137085,0.3044039309024811],[0.33305594325065613,0.3052220344543457,0.33578598499298096,0.2844606041908264,0.4958161413669586,0.5710596442222595,0.5333651304244995,1.0,0.3293880820274353,0.4164111912250519,0.1761178970336914,0.4059116840362549,0.2827815115451813,0.30158117413520813,0.29153409600257874,0.36618170142173767],[0.2716315984725952,0.29217129945755005,0.34500613808631897,0.3070870041847229,0.28025996685028076,0.3740731477737427,0.18280526995658875,0.3293880820274353,1.0,0.3234385550022125,0.1647641956806183,0.3388744592666626,0.37588024139404297,0.4970760643482208,0.31299182772636414,0.36685577034950256],[0.2908177375793457,0.3510449528694153,0.31036821007728577,0.2786328196525574,0.389046847820282,0.3324434757232666,0.2747448980808258,0.4164111912250519,0.3234385550022125,1.0,0.24640217423439026,0.3299790024757385,0.3926403522491455,0.248024582862854,0.4323342740535736,0.34947502613067627],[0.15603718161582947,0.21064263582229614,0.15509578585624695,0.23233377933502197,0.1444116234779358,0.0901215448975563,0.28312116861343384,0.1761178970336914,0.1647641956806183,0.24640217423439026,1.0,0.2764275372028351,0.29046905040740967,0.13460497558116913,0.3496997058391571,0.2384006232023239],[0.27101877331733704,0.3516990840435028,0.31694743037223816,0.3095269203186035,0.39167240262031555,0.3615414500236511,0.42810219526290894,0.4059116840362549,0.3388744592666626,0.3299790024757385,0.2764275372028351,1.0,0.2830467224121094,0.29406434297561646,0.35987183451652527,0.3455023765563965],[0.266836017370224,0.2807304263114929,0.38479816913604736,0.297140896320343,0.26977303624153137,0.2589398920536041,0.22928152978420258,0.2827815115451813,0.37588024139404297,0.3926403522491455,0.29046905040740967,0.2830467224121094,0.9999999403953552,0.3041832149028778,0.351444274187088,0.3809097409248352],[0.36403101682662964,0.41728922724723816,0.3856833577156067,0.26295262575149536,0.27621990442276,0.27192193269729614,0.19133687019348145,0.30158117413520813,0.4970760643482208,0.248024582862854,0.13460497558116913,0.29406434297561646,0.3041832149028778,1.0,0.39658933877944946,0.28479909896850586],[0.3499225080013275,0.4730170667171478,0.3512329161167145,0.3662957549095154,0.29211434721946716,0.2193470448255539,0.33270639181137085,0.29153409600257874,0.31299182772636414,0.4323342740535736,0.3496997058391571,0.35987183451652527,0.351444274187088,0.39658933877944946,1.0000001192092896,0.3018706738948822],[0.29072028398513794,0.2503490746021271,0.4069287180900574,0.4436989724636078,0.3436787724494934,0.3168250322341919,0.3044039309024811,0.36618170142173767,0.36685577034950256,0.34947502613067627,0.2384006232023239,0.3455023765563965,0.3809097409248352,0.28479909896850586,0.3018706738948822,1.0]]}