{
  "game_number": 451,
  "words": [
    "BLAZE",
    "FLY",
    "RACE",
    "TEAR",
    "MODERN",
    "SALSA",
    "SWING",
    "TAP",
    "BOOM",
    "CARROT",
    "SHOWER",
    "TALK",
    "CHERRY",
    "FUDGE",
    "NUTS",
    "SPRINKLES"
  ],
  "adjacency_matrix": [
    [
      1.0,
      0.30180269479751587,
      0.33689936995506287,
      0.37357062101364136,
      0.24832990765571594,
      0.2576279640197754,
      0.30169016122817993,
      0.24654948711395264,
      0.3644799292087555,
      0.22870875895023346,
      0.30144914984703064,
      0.13297906517982483,
      0.24446195363998413,
      0.26473793387413025,
      0.17049016058444977,
      0.2848110496997833
    ],
    [
      0.30180269479751587,
      1.0,
      0.3915713429450989,
      0.37606191635131836,
      0.3102353811264038,
      0.2498553842306137,
      0.49615201354026794,
      0.39713162183761597,
      0.3499872386455536,
      0.39806604385375977,
      0.3722184896469116,
      0.28646326065063477,
      0.32025888562202454,
      0.306680291891098,
      0.3600406050682068,
      0.32576778531074524
    ],
    [
      0.33689936995506287,
      0.3915713429450989,
      1.0,
      0.3128925561904907,
      0.39126941561698914,
      0.23320458829402924,
      0.35643699765205383,
      0.29078105092048645,
      0.30015766620635986,
      0.21751227974891663,
      0.26383140683174133,
      0.25935816764831543,
      0.21541745960712433,
      0.22367270290851593,
      0.2539891302585602,
      0.27118223905563354
    ],
    [
      0.37357062101364136,
      0.37606191635131836,
      0.3128925561904907,
      1.0,
      0.2480766773223877,
      0.16479024291038513,
      0.3380974531173706,
      0.33885523676872253,
      0.31316325068473816,
      0.26133421063423157,
      0.3733823597431183,
      0.18872788548469543,
      0.3318171203136444,
      0.2965467870235443,
      0.37008175253868103,
      0.3025731146335602
    ],
    [
      0.24832990765571594,
      0.3102353811264038,
      0.39126941561698914,
      0.2480766773223877,
      1.0,
      0.32326775789260864,
      0.4239300489425659,
      0.30151206254959106,
      0.3949943482875824,
      0.2745184898376465,
      0.2970502972602844,
      0.19362466037273407,
      0.20888741314411163,
      0.2788442373275757,
      0.2598940432071686,
      0.23133297264575958
    ],
    [
      0.2576279640197754,
      0.2498553842306137,
      0.23320458829402924,
      0.16479024291038513,
      0.32326775789260864,
      1.0,
      0.38791733980178833,
      0.3556312620639801,
      0.23461420834064484,
      0.281501829624176,
      0.21393483877182007,
      0.1451612412929535,
      0.2500961124897003,
      0.2884880006313324,
      0.2630445957183838,
      0.4025900363922119
    ],
    [
      0.30169016122817993,
      0.49615201354026794,
      0.35643699765205383,
      0.3380974531173706,
      0.4239300489425659,
      0.38791733980178833,
      0.9999999403953552,
      0.4969857335090637,
      0.49396196007728577,
      0.3683294355869293,
      0.44913506507873535,
      0.22072140872478485,
      0.284244567155838,
      0.36685192584991455,
      0.3473528325557709,
      0.29880669713020325
    ],
    [
      0.24654948711395264,
      0.39713162183761597,
      0.29078105092048645,
      0.33885523676872253,
      0.30151206254959106,
      0.3556312620639801,
      0.4969857335090637,
      1.0,
      0.362333744764328,
      0.3556947708129883,
      0.42415621876716614,
      0.19691015779972076,
      0.295906662940979,
      0.2796699106693268,
      0.23934027552604675,
      0.309948593378067
    ],
    [
      0.3644799292087555,
      0.3499872386455536,
      0.30015766620635986,
      0.31316325068473816,
      0.3949943482875824,
      0.23461420834064484,
      0.49396196007728577,
      0.362333744764328,
      0.9999999403953552,
      0.286610871553421,
      0.32150164246559143,
      0.20198582112789154,
      0.2884087860584259,
      0.27946582436561584,
      0.2904450595378876,
      0.2501203417778015
    ],
    [
      0.22870875895023346,
      0.39806604385375977,
      0.21751227974891663,
      0.26133421063423157,
      0.2745184898376465,
      0.281501829624176,
      0.3683294355869293,
      0.3556947708129883,
      0.286610871553421,
      1.0,
      0.30955636501312256,
      0.22718794643878937,
      0.4411063492298126,
      0.4547197222709656,
      0.42396530508995056,
      0.3558909595012665
    ],
    [
      0.30144914984703064,
      0.3722184896469116,
      0.26383140683174133,
      0.3733823597431183,
      0.2970502972602844,
      0.21393483877182007,
      0.44913506507873535,
      0.42415621876716614,
      0.32150164246559143,
      0.30955636501312256,
      1.0000001192092896,
      0.18285119533538818,
      0.2722086012363434,
      0.285522997379303,
      0.23915043473243713,
      0.3963575065135956
    ],
    [
      0.13297906517982483,
      0.28646326065063477,
      0.25935816764831543,
      0.18872788548469543,
      0.19362466037273407,
      0.1451612412929535,
      0.22072140872478485,
      0.19691015779972076,
      0.20198582112789154,
      0.22718794643878937,
      0.18285119533538818,
      1.0,
      0.12218914180994034,
      0.1464318484067917,
      0.18339073657989502,
      0.16122418642044067
    ],
    [
      0.24446195363998413,
      0.32025888562202454,
      0.21541745960712433,
      0.3318171203136444,
      0.20888741314411163,
      0.2500961124897003,
      0.284244567155838,
      0.295906662940979,
      0.2884087860584259,
      0.4411063492298126,
      0.2722086012363434,
      0.12218914180994034,
      1.0,
      0.39028602838516235,
      0.39374443888664246,
      0.41248637437820435
    ],
    [
      0.26473793387413025,
      0.306680291891098,
      0.22367270290851593,
      0.2965467870235443,
      0.2788442373275757,
      0.2884880006313324,
      0.36685192584991455,
      0.2796699106693268,
      0.27946582436561584,
      0.4547197222709656,
      0.285522997379303,
      0.1464318484067917,
      0.39028602838516235,
      1.0000001192092896,
      0.33616772294044495,
      0.43643319606781006
    ],
    [
      0.17049016058444977,
      0.3600406050682068,
      0.2539891302585602,
      0.37008175253868103,
      0.2598940432071686,
      0.2630445957183838,
      0.3473528325557709,
      0.23934027552604675,
      0.2904450595378876,
      0.42396530508995056,
      0.23915043473243713,
      0.18339073657989502,
      0.39374443888664246,
      0.33616772294044495,
      1.0,
      0.43633824586868286
    ],
    [
      0.2848110496997833,
      0.32576778531074524,
      0.27118223905563354,
      0.3025731146335602,
      0.23133297264575958,
      0.4025900363922119,
      0.29880669713020325,
      0.309948593378067,
      0.2501203417778015,
      0.3558909595012665,
      0.3963575065135956,
      0.16122418642044067,
      0.41248637437820435,
      0.43643319606781006,
      0.43633824586868286,
      1.0
    ]
  ]
}