{
  "game_number": 322,
  "words": [
    "BAROQUE",
    "COMPLEX",
    "ELABORATE",
    "INVOLVED",
    "ARROW",
    "BULLET",
    "CHECKBOX",
    "HYPHEN",
    "ANGRY",
    "BETRAY",
    "CRUCIFIX",
    "HYBRID",
    "BITTER",
    "SALTY",
    "SORE",
    "UPSET"
  ],
  "adjacency_matrix": [
    [
      1.0,
      0.5039205551147461,
      0.5005829334259033,
      0.2613442838191986,
      0.23661863803863525,
      0.22605478763580322,
      0.17157091200351715,
      0.2458786964416504,
      0.3096218705177307,
      0.3094189763069153,
      0.42106860876083374,
      0.48337411880493164,
      0.3208884298801422,
      0.36166203022003174,
      0.21531765162944794,
      0.29320770502090454
    ],
    [
      0.5039205551147461,
      1.0,
      0.6006228923797607,
      0.45771682262420654,
      0.281331330537796,
      0.24640494585037231,
      0.19225428998470306,
      0.26320308446884155,
      0.3602915406227112,
      0.2825355529785156,
      0.2967725098133087,
      0.4395187795162201,
      0.4110357165336609,
      0.3340921103954315,
      0.27480512857437134,
      0.3725321590900421
    ],
    [
      0.5005829334259033,
      0.6006228923797607,
      0.9999999403953552,
      0.4469812214374542,
      0.30727338790893555,
      0.31152141094207764,
      0.24556544423103333,
      0.24839428067207336,
      0.3253074288368225,
      0.3918372094631195,
      0.34380945563316345,
      0.36459076404571533,
      0.3266313374042511,
      0.2704227566719055,
      0.22538088262081146,
      0.36824890971183777
    ],
    [
      0.2613442838191986,
      0.45771682262420654,
      0.4469812214374542,
      1.0,
      0.2976883053779602,
      0.1708511859178543,
      0.1933470368385315,
      0.2122303545475006,
      0.46195438504219055,
      0.3570253252983093,
      0.23791688680648804,
      0.26554352045059204,
      0.3718869686126709,
      0.1370117962360382,
      0.3256850838661194,
      0.5532128214836121
    ],
    [
      0.23661863803863525,
      0.281331330537796,
      0.30727338790893555,
      0.2976883053779602,
      1.0,
      0.5964233875274658,
      0.34423425793647766,
      0.36732161045074463,
      0.3297237455844879,
      0.34152671694755554,
      0.40000659227371216,
      0.238521546125412,
      0.2827242910861969,
      0.15649472177028656,
      0.3064587414264679,
      0.3180427849292755
    ],
    [
      0.22605478763580322,
      0.24640494585037231,
      0.31152141094207764,
      0.1708511859178543,
      0.5964233875274658,
      0.9999999403953552,
      0.24400579929351807,
      0.357313871383667,
      0.19937409460544586,
      0.2426704466342926,
      0.38113662600517273,
      0.24496576189994812,
      0.26983001828193665,
      0.21557976305484772,
      0.30777862668037415,
      0.1941802054643631
    ],
    [
      0.17157091200351715,
      0.19225428998470306,
      0.24556544423103333,
      0.1933470368385315,
      0.34423425793647766,
      0.24400579929351807,
      0.9999999403953552,
      0.34644395112991333,
      0.16109630465507507,
      0.24602040648460388,
      0.215474933385849,
      0.2711072266101837,
      0.0862305760383606,
      0.13906963169574738,
      0.16786865890026093,
      0.20268289744853973
    ],
    [
      0.2458786964416504,
      0.26320308446884155,
      0.24839428067207336,
      0.2122303545475006,
      0.36732161045074463,
      0.357313871383667,
      0.34644395112991333,
      1.0,
      0.16833744943141937,
      0.22597026824951172,
      0.26821187138557434,
      0.30508050322532654,
      0.2583619952201843,
      0.21273748576641083,
      0.21630749106407166,
      0.20576760172843933
    ],
    [
      0.3096218705177307,
      0.3602915406227112,
      0.3253074288368225,
      0.46195438504219055,
      0.3297237455844879,
      0.19937409460544586,
      0.16109630465507507,
      0.16833744943141937,
      1.0,
      0.42009225487709045,
      0.2644045352935791,
      0.2410275638103485,
      0.6735015511512756,
      0.35239747166633606,
      0.4530016779899597,
      0.7337385416030884
    ],
    [
      0.3094189763069153,
      0.2825355529785156,
      0.3918372094631195,
      0.3570253252983093,
      0.34152671694755554,
      0.2426704466342926,
      0.24602040648460388,
      0.22597026824951172,
      0.42009225487709045,
      1.0,
      0.3425752818584442,
      0.2133922129869461,
      0.3871701955795288,
      0.22030062973499298,
      0.27065205574035645,
      0.4980224370956421
    ],
    [
      0.42106860876083374,
      0.2967725098133087,
      0.34380945563316345,
      0.23791688680648804,
      0.40000659227371216,
      0.38113662600517273,
      0.215474933385849,
      0.26821187138557434,
      0.2644045352935791,
      0.3425752818584442,
      1.0,
      0.29290685057640076,
      0.23970338702201843,
      0.24683858454227448,
      0.26036593317985535,
      0.2788175046443939
    ],
    [
      0.48337411880493164,
      0.4395187795162201,
      0.36459076404571533,
      0.26554352045059204,
      0.238521546125412,
      0.24496576189994812,
      0.2711072266101837,
      0.30508050322532654,
      0.2410275638103485,
      0.2133922129869461,
      0.29290685057640076,
      1.0,
      0.28339236974716187,
      0.3240070343017578,
      0.13660620152950287,
      0.19653742015361786
    ],
    [
      0.3208884298801422,
      0.4110357165336609,
      0.3266313374042511,
      0.3718869686126709,
      0.2827242910861969,
      0.26983001828193665,
      0.0862305760383606,
      0.2583619952201843,
      0.6735015511512756,
      0.3871701955795288,
      0.23970338702201843,
      0.28339236974716187,
      1.0,
      0.5277454853057861,
      0.5160717964172363,
      0.542423665523529
    ],
    [
      0.36166203022003174,
      0.3340921103954315,
      0.2704227566719055,
      0.1370117962360382,
      0.15649472177028656,
      0.21557976305484772,
      0.13906963169574738,
      0.21273748576641083,
      0.35239747166633606,
      0.22030062973499298,
      0.24683858454227448,
      0.3240070343017578,
      0.5277454853057861,
      0.9999999403953552,
      0.3156901001930237,
      0.27000561356544495
    ],
    [
      0.21531765162944794,
      0.27480512857437134,
      0.22538088262081146,
      0.3256850838661194,
      0.3064587414264679,
      0.30777862668037415,
      0.16786865890026093,
      0.21630749106407166,
      0.4530016779899597,
      0.27065205574035645,
      0.26036593317985535,
      0.13660620152950287,
      0.5160717964172363,
      0.3156901001930237,
      0.9999999403953552,
      0.47183147072792053
    ],
    [
      0.29320770502090454,
      0.3725321590900421,
      0.36824890971183777,
      0.5532128214836121,
      0.3180427849292755,
      0.1941802054643631,
      0.20268289744853973,
      0.20576760172843933,
      0.7337385416030884,
      0.4980224370956421,
      0.2788175046443939,
      0.19653742015361786,
      0.542423665523529,
      0.27000561356544495,
      0.47183147072792053,
      1.0
    ]
  ]
}