{"game_number":19,"words":["ACCEPT","BELIEVE","BUY","TRUST","BLUFF","FRONT","SHAM","SHOW","BASE","BRACKET","MOUNT","STAND","FIFTH","HANDLE","LITER","PINT"],"adjacency_matrix":[[1.0,0.5974259376525879,0.5607901811599731,0.48285433650016785,0.33871224522590637,0.2584908604621887,0.29093584418296814,0.4815966486930847,0.3876262307167053,0.31500858068466187,0.3595840334892273,0.5600828528404236,0.2361835092306137,0.5426493287086487,0.20046791434288025,0.2737374007701874],[0.5974259376525879,1.0,0.4294270873069763,0.5048041939735413,0.33982735872268677,0.2782297730445862,0.27860474586486816,0.5313277840614319,0.3575729429721832,0.3318127989768982,0.25190046429634094,0.4807142913341522,0.23778554797172546,0.39453208446502686,0.14054276049137115,0.19285525381565094],[0.5607901811599731,0.4294270873069763,1.0,0.4396366477012634,0.3090634346008301,0.35218319296836853,0.2814655303955078,0.40009960532188416,0.4166722297668457,0.32208624482154846,0.38557541370391846,0.4989825487136841,0.2809559404850006,0.46794483065605164,0.269225537776947,0.41975006461143494],[0.48285433650016785,0.5048041939735413,0.4396366477012634,1.0000001192092896,0.3909895420074463,0.3244210481643677,0.3653946816921234,0.41013678908348083,0.4564962089061737,0.33235272765159607,0.324381947517395,0.4686480164527893,0.25212180614471436,0.4829212427139282,0.128800168633461,0.23778867721557617],[0.33871224522590637,0.33982735872268677,0.3090634346008301,0.3909895420074463,1.0,0.42007166147232056,0.42121002078056335,0.3424347937107086,0.42169326543807983,0.33054542541503906,0.416791170835495,0.46792513132095337,0.2558162212371826,0.3518286347389221,0.11699295789003372,0.2976318597793579],[0.2584908604621887,0.2782297730445862,0.35218319296836853,0.3244210481643677,0.42007166147232056,1.0000001192092896,0.3473387360572815,0.4361568093299866,0.539893627166748,0.46507003903388977,0.49521011114120483,0.5562002658843994,0.41186249256134033,0.4164223074913025,0.17915917932987213,0.34956762194633484],[0.29093584418296814,0.27860474586486816,0.2814655303955078,0.3653946816921234,0.42121002078056335,0.3473387360572815,1.0,0.3833639323711395,0.2865881323814392,0.32240086793899536,0.31162914633750916,0.35935476422309875,0.2169586420059204,0.287361204624176,0.11677419394254684,0.24279102683067322],[0.4815966486930847,0.5313277840614319,0.40009960532188416,0.41013678908348083,0.3424347937107086,0.4361568093299866,0.3833639323711395,0.9999999403953552,0.45420658588409424,0.4015408456325531,0.37154486775398254,0.571314811706543,0.30879533290863037,0.4573294520378113,0.11154717206954956,0.25070101022720337],[0.3876262307167053,0.3575729429721832,0.4166722297668457,0.4564962089061737,0.42169326543807983,0.539893627166748,0.2865881323814392,0.45420658588409424,1.0,0.437175452709198,0.4540064036846161,0.5042824149131775,0.3657030165195465,0.4710098206996918,0.20379018783569336,0.2927396297454834],[0.31500858068466187,0.3318127989768982,0.32208624482154846,0.33235272765159607,0.33054542541503906,0.46507003903388977,0.32240086793899536,0.4015408456325531,0.437175452709198,1.0,0.40739706158638,0.4417468309402466,0.3645719289779663,0.4065714478492737,0.17076486349105835,0.25929245352745056],[0.3595840334892273,0.25190046429634094,0.38557541370391846,0.324381947517395,0.416791170835495,0.49521011114120483,0.31162914633750916,0.37154486775398254,0.4540064036846161,0.40739706158638,1.0,0.47794002294540405,0.2896510660648346,0.4803145229816437,0.16237428784370422,0.22994524240493774],[0.5600828528404236,0.4807142913341522,0.4989825487136841,0.4686480164527893,0.46792513132095337,0.5562002658843994,0.35935476422309875,0.571314811706543,0.5042824149131775,0.4417468309402466,0.47794002294540405,1.0,0.36243316531181335,0.5101081132888794,0.19725003838539124,0.376970112323761],[0.2361835092306137,0.23778554797172546,0.2809559404850006,0.25212180614471436,0.2558162212371826,0.41186249256134033,0.2169586420059204,0.30879533290863037,0.3657030165195465,0.3645719289779663,0.2896510660648346,0.36243316531181335,1.0,0.29593467712402344,0.27217498421669006,0.3236221969127655],[0.5426493287086487,0.39453208446502686,0.46794483065605164,0.4829212427139282,0.3518286347389221,0.4164223074913025,0.287361204624176,0.4573294520378113,0.4710098206996918,0.4065714478492737,0.4803145229816437,0.5101081132888794,0.29593467712402344,1.0,0.2021830677986145,0.30642029643058777],[0.20046791434288025,0.14054276049137115,0.269225537776947,0.128800168633461,0.11699295789003372,0.17915917932987213,0.11677419394254684,0.11154717206954956,0.20379018783569336,0.17076486349105835,0.16237428784370422,0.19725003838539124,0.27217498421669006,0.2021830677986145,1.0,0.4831990897655487],[0.2737374007701874,0.19285525381565094,0.41975006461143494,0.23778867721557617,0.2976318597793579,0.34956762194633484,0.24279102683067322,0.25070101022720337,0.2927396297454834,0.25929245352745056,0.22994524240493774,0.376970112323761,0.3236221969127655,0.30642029643058777,0.4831990897655487,1.0]]}