{"game_number":222,"words":["CHIFFON","SATIN","SILK","VELVET","PERCH","ROOST","SETTLE","LAND","EYELET","LACE","SOLE","TONGUE","BABY","BLOW","PACKAGE","SPEECH"],"adjacency_matrix":[[1.0,0.674217700958252,0.6055475473403931,0.5909359455108643,0.19756141304969788,0.16876955330371857,0.15895791351795197,0.19230180978775024,0.5225510597229004,0.5697559714317322,0.25955790281295776,0.25657856464385986,0.2870367169380188,0.2314189076423645,0.2541016638278961,0.19260509312152863],[0.674217700958252,1.0,0.6439706087112427,0.712687611579895,0.29752296209335327,0.18290206789970398,0.26957494020462036,0.2384965866804123,0.5525556206703186,0.6432375311851501,0.33207860589027405,0.36866098642349243,0.332148015499115,0.25600290298461914,0.3244982957839966,0.25870460271835327],[0.6055475473403931,0.6439706087112427,0.9999999403953552,0.6110007166862488,0.3528664708137512,0.20719628036022186,0.30995720624923706,0.35410940647125244,0.5399130582809448,0.6226029992103577,0.30710741877555847,0.3508574962615967,0.3693546950817108,0.2746983468532562,0.3193494975566864,0.3067714273929596],[0.5909359455108643,0.712687611579895,0.6110007166862488,1.0,0.33291321992874146,0.19418329000473022,0.21027198433876038,0.28034037351608276,0.5014764666557312,0.573797345161438,0.25025475025177,0.4117337763309479,0.31415122747421265,0.29654625058174133,0.28511205315589905,0.2321670800447464],[0.19756141304969788,0.29752296209335327,0.3528664708137512,0.33291321992874146,1.0,0.4611591696739197,0.3465369939804077,0.4020054340362549,0.3565737307071686,0.3274158239364624,0.3898586928844452,0.40129175782203674,0.3325236439704895,0.29800403118133545,0.24289703369140625,0.26952338218688965],[0.16876955330371857,0.18290206789970398,0.20719628036022186,0.19418329000473022,0.4611591696739197,1.0,0.3739053010940552,0.321954607963562,0.21651899814605713,0.19781889021396637,0.3326359689235687,0.1899818629026413,0.2869730591773987,0.3280666172504425,0.18884998559951782,0.20019833743572235],[0.15895791351795197,0.26957494020462036,0.30995720624923706,0.21027198433876038,0.3465369939804077,0.3739053010940552,1.0,0.5367804169654846,0.2582107484340668,0.3072209358215332,0.32338520884513855,0.2857601046562195,0.33950933814048767,0.4349752366542816,0.3202495574951172,0.2359325885772705],[0.19230180978775024,0.2384965866804123,0.35410940647125244,0.28034037351608276,0.4020054340362549,0.321954607963562,0.5367804169654846,1.0,0.23940086364746094,0.33338719606399536,0.4030909836292267,0.3725186884403229,0.3572828769683838,0.3480697572231293,0.3862329423427582,0.3498876988887787],[0.5225510597229004,0.5525556206703186,0.5399130582809448,0.5014764666557312,0.3565737307071686,0.21651899814605713,0.2582107484340668,0.23940086364746094,1.0,0.5737462043762207,0.4129248857498169,0.46716076135635376,0.37280067801475525,0.3418649137020111,0.34346267580986023,0.2548005282878876],[0.5697559714317322,0.6432375311851501,0.6226029992103577,0.573797345161438,0.3274158239364624,0.19781889021396637,0.3072209358215332,0.33338719606399536,0.5737462043762207,1.0,0.3460471034049988,0.3840807378292084,0.3174836337566376,0.3249330520629883,0.3401840329170227,0.2563890516757965],[0.25955790281295776,0.33207860589027405,0.30710741877555847,0.25025475025177,0.3898586928844452,0.3326359689235687,0.32338520884513855,0.4030909836292267,0.4129248857498169,0.3460471034049988,1.0,0.4076530635356903,0.35232245922088623,0.33655020594596863,0.3408660590648651,0.30506280064582825],[0.25657856464385986,0.36866098642349243,0.3508574962615967,0.4117337763309479,0.40129175782203674,0.1899818629026413,0.2857601046562195,0.3725186884403229,0.46716076135635376,0.3840807378292084,0.4076530635356903,1.0,0.39452236890792847,0.3287925124168396,0.24452990293502808,0.46848180890083313],[0.2870367169380188,0.332148015499115,0.3693546950817108,0.31415122747421265,0.3325236439704895,0.2869730591773987,0.33950933814048767,0.3572828769683838,0.37280067801475525,0.3174836337566376,0.35232245922088623,0.39452236890792847,1.0,0.32565179467201233,0.3446495831012726,0.29854077100753784],[0.2314189076423645,0.25600290298461914,0.2746983468532562,0.29654625058174133,0.29800403118133545,0.3280666172504425,0.4349752366542816,0.3480697572231293,0.3418649137020111,0.3249330520629883,0.33655020594596863,0.3287925124168396,0.32565179467201233,1.0,0.3663940727710724,0.3081939220428467],[0.2541016638278961,0.3244982957839966,0.3193494975566864,0.28511205315589905,0.24289703369140625,0.18884998559951782,0.3202495574951172,0.3862329423427582,0.34346267580986023,0.3401840329170227,0.3408660590648651,0.24452990293502808,0.3446495831012726,0.3663940727710724,0.9999999403953552,0.36191844940185547],[0.19260509312152863,0.25870460271835327,0.3067714273929596,0.2321670800447464,0.26952338218688965,0.20019833743572235,0.2359325885772705,0.3498876988887787,0.2548005282878876,0.2563890516757965,0.30506280064582825,0.46848180890083313,0.29854077100753784,0.3081939220428467,0.36191844940185547,1.0000001192092896]]}