{"game_number":104,"words":["AD-LIB","FREESTYLE","IMPROV","MAKESHIFT","BABBLE","COO","CRAWL","NURSE","COSMETIC","EXTERNAL","SHALLOW","SURFACE","BUTTERFLY","DOMINO","PLACEBO","SIDE"],"adjacency_matrix":[[1.0,0.4005047380924225,0.49567580223083496,0.29105401039123535,0.4031568765640259,0.3491283655166626,0.35518768429756165,0.2128528356552124,0.26437756419181824,0.27167317271232605,0.23245647549629211,0.20885013043880463,0.21095165610313416,0.2256639450788498,0.14198549091815948,0.2638968527317047],[0.4005047380924225,1.0,0.45069804787635803,0.30960360169410706,0.20213542878627777,0.15745337307453156,0.3299786448478699,0.1636892408132553,0.2938322424888611,0.22344063222408295,0.21979984641075134,0.31002306938171387,0.4554881453514099,0.2729772925376892,0.1962469071149826,0.26476776599884033],[0.49567580223083496,0.45069804787635803,1.0,0.388436883687973,0.2884857654571533,0.2012239396572113,0.26212412118911743,0.2040998786687851,0.21549434959888458,0.27844828367233276,0.2117222398519516,0.24828824400901794,0.18126142024993896,0.30119788646698,0.1602357029914856,0.31510281562805176],[0.29105401039123535,0.30960360169410706,0.388436883687973,1.0,0.2400776445865631,0.1420675814151764,0.3303144872188568,0.3086521029472351,0.37386593222618103,0.3312440514564514,0.4194179177284241,0.3221847116947174,0.32745105028152466,0.3432333767414093,0.2026711255311966,0.3764766454696655],[0.4031568765640259,0.20213542878627777,0.2884857654571533,0.2400776445865631,1.0,0.4402177631855011,0.33545833826065063,0.28535497188568115,0.20759998261928558,0.25559407472610474,0.28588560223579407,0.21864525973796844,0.1916167289018631,0.2449246495962143,0.20191271603107452,0.2688637673854828],[0.3491283655166626,0.15745337307453156,0.2012239396572113,0.1420675814151764,0.4402177631855011,1.0,0.2631191611289978,0.3260749876499176,0.13086570799350739,0.1444866806268692,0.19234003126621246,0.20551133155822754,0.25700604915618896,0.2307380884885788,0.14387470483779907,0.21367110311985016],[0.35518768429756165,0.3299786448478699,0.26212412118911743,0.3303144872188568,0.33545833826065063,0.2631191611289978,1.0,0.25549226999282837,0.15748094022274017,0.24924015998840332,0.26469001173973083,0.36828890442848206,0.3248629868030548,0.19895222783088684,0.0801425650715828,0.29763516783714294],[0.2128528356552124,0.1636892408132553,0.2040998786687851,0.3086521029472351,0.28535497188568115,0.3260749876499176,0.25549226999282837,1.0,0.2627774477005005,0.2570245862007141,0.1767401248216629,0.2791827917098999,0.33465853333473206,0.23337116837501526,0.2255721390247345,0.39513829350471497],[0.26437756419181824,0.2938322424888611,0.21549434959888458,0.37386593222618103,0.20759998261928558,0.13086570799350739,0.15748094022274017,0.2627774477005005,0.9999999403953552,0.43421176075935364,0.22959354519844055,0.31838202476501465,0.3000655174255371,0.30671483278274536,0.3024446368217468,0.3380715548992157],[0.27167317271232605,0.22344063222408295,0.27844828367233276,0.3312440514564514,0.25559407472610474,0.1444866806268692,0.24924015998840332,0.2570245862007141,0.43421176075935364,0.9999999403953552,0.21652330458164215,0.3869883120059967,0.26194271445274353,0.35261788964271545,0.22073115408420563,0.4086986184120178],[0.23245647549629211,0.21979984641075134,0.2117222398519516,0.4194179177284241,0.28588560223579407,0.19234003126621246,0.26469001173973083,0.1767401248216629,0.22959354519844055,0.21652330458164215,1.0,0.38707175850868225,0.1952856481075287,0.19559650123119354,0.1377149224281311,0.32037681341171265],[0.20885013043880463,0.31002306938171387,0.24828824400901794,0.3221847116947174,0.21864525973796844,0.20551133155822754,0.36828890442848206,0.2791827917098999,0.31838202476501465,0.3869883120059967,0.38707175850868225,1.0,0.32908499240875244,0.2687334418296814,0.18507318198680878,0.5220022201538086],[0.21095165610313416,0.4554881453514099,0.18126142024993896,0.32745105028152466,0.1916167289018631,0.25700604915618896,0.3248629868030548,0.33465853333473206,0.3000655174255371,0.26194271445274353,0.1952856481075287,0.32908499240875244,1.0,0.32999733090400696,0.20903123915195465,0.30222752690315247],[0.2256639450788498,0.2729772925376892,0.30119788646698,0.3432333767414093,0.2449246495962143,0.2307380884885788,0.19895222783088684,0.23337116837501526,0.30671483278274536,0.35261788964271545,0.19559650123119354,0.2687334418296814,0.32999733090400696,1.0,0.21676568686962128,0.40931251645088196],[0.14198549091815948,0.1962469071149826,0.1602357029914856,0.2026711255311966,0.20191271603107452,0.14387470483779907,0.0801425650715828,0.2255721390247345,0.3024446368217468,0.22073115408420563,0.1377149224281311,0.18507318198680878,0.20903123915195465,0.21676568686962128,1.0,0.3241235613822937],[0.2638968527317047,0.26476776599884033,0.31510281562805176,0.3764766454696655,0.2688637673854828,0.21367110311985016,0.29763516783714294,0.39513829350471497,0.3380715548992157,0.4086986184120178,0.32037681341171265,0.5220022201538086,0.30222752690315247,0.40931251645088196,0.3241235613822937,1.0]]}