{
  "game_number": 592,
  "words": [
    "JUICE",
    "SPIRIT",
    "STEAM",
    "VIGOR",
    "AIR",
    "EARTH",
    "FIRE",
    "WATER",
    "CIRCUS",
    "SATURN",
    "TREE",
    "WEDDING",
    "FIDO",
    "LUCKY",
    "ROVER",
    "SPOT"
  ],
  "adjacency_matrix": [
    [
      1.0,
      0.37286117672920227,
      0.45091602206230164,
      0.36076441407203674,
      0.38023561239242554,
      0.2883182168006897,
      0.3341069519519806,
      0.5270039439201355,
      0.28085774183273315,
      0.30004051327705383,
      0.37421345710754395,
      0.21544545888900757,
      0.3086916208267212,
      0.25130754709243774,
      0.18440008163452148,
      0.30169567465782166
    ],
    [
      0.37286117672920227,
      1.0,
      0.3378896713256836,
      0.5870025753974915,
      0.4307819604873657,
      0.4279271066188812,
      0.3958543539047241,
      0.4225958287715912,
      0.33417773246765137,
      0.3446718156337738,
      0.3746071457862854,
      0.2877430319786072,
      0.3298264145851135,
      0.32227823138237,
      0.2611270546913147,
      0.3238767683506012
    ],
    [
      0.45091602206230164,
      0.3378896713256836,
      1.0,
      0.3535776138305664,
      0.48177334666252136,
      0.29733845591545105,
      0.4755091667175293,
      0.5601678490638733,
      0.33827778697013855,
      0.27190154790878296,
      0.2633364498615265,
      0.227162703871727,
      0.22968143224716187,
      0.22103476524353027,
      0.2356952577829361,
      0.3299698233604431
    ],
    [
      0.36076441407203674,
      0.5870025753974915,
      0.3535776138305664,
      1.0,
      0.3661711513996124,
      0.27054646611213684,
      0.3253059983253479,
      0.33577480912208557,
      0.22867436707019806,
      0.18150411546230316,
      0.3185640573501587,
      0.11493270099163055,
      0.29606595635414124,
      0.19826026260852814,
      0.16746443510055542,
      0.24535444378852844
    ],
    [
      0.38023561239242554,
      0.4307819604873657,
      0.48177334666252136,
      0.3661711513996124,
      1.0,
      0.5062605142593384,
      0.5164955854415894,
      0.6301933526992798,
      0.3469153046607971,
      0.3284353017807007,
      0.35833677649497986,
      0.3476831614971161,
      0.2511347532272339,
      0.23188656568527222,
      0.2631806433200836,
      0.45793262124061584
    ],
    [
      0.2883182168006897,
      0.4279271066188812,
      0.29733845591545105,
      0.27054646611213684,
      0.5062605142593384,
      1.0,
      0.39524030685424805,
      0.54532390832901,
      0.31597185134887695,
      0.4726337194442749,
      0.4398878216743469,
      0.22865673899650574,
      0.26453593373298645,
      0.3174169957637787,
      0.3611685633659363,
      0.3658311665058136
    ],
    [
      0.3341069519519806,
      0.3958543539047241,
      0.4755091667175293,
      0.3253059983253479,
      0.5164955854415894,
      0.39524030685424805,
      1.0,
      0.48342955112457275,
      0.3338412940502167,
      0.3092174828052521,
      0.44163185358047485,
      0.3673640489578247,
      0.29064133763313293,
      0.2902613878250122,
      0.21281057596206665,
      0.43453705310821533
    ],
    [
      0.5270039439201355,
      0.4225958287715912,
      0.5601678490638733,
      0.33577480912208557,
      0.6301933526992798,
      0.54532390832901,
      0.48342955112457275,
      0.9999999403953552,
      0.28598451614379883,
      0.33684805035591125,
      0.4229559898376465,
      0.3253108859062195,
      0.24684078991413116,
      0.26451003551483154,
      0.3120926022529602,
      0.4084778428077698
    ],
    [
      0.28085774183273315,
      0.33417773246765137,
      0.33827778697013855,
      0.22867436707019806,
      0.3469153046607971,
      0.31597185134887695,
      0.3338412940502167,
      0.28598451614379883,
      0.9999999403953552,
      0.32605263590812683,
      0.3593316674232483,
      0.4126720726490021,
      0.29895883798599243,
      0.2863454520702362,
      0.23877248167991638,
      0.32398173213005066
    ],
    [
      0.30004051327705383,
      0.3446718156337738,
      0.27190154790878296,
      0.18150411546230316,
      0.3284353017807007,
      0.4726337194442749,
      0.3092174828052521,
      0.33684805035591125,
      0.32605263590812683,
      1.0,
      0.3653471767902374,
      0.2839334011077881,
      0.4033370912075043,
      0.3330683708190918,
      0.3947373628616333,
      0.4142320156097412
    ],
    [
      0.37421345710754395,
      0.3746071457862854,
      0.2633364498615265,
      0.3185640573501587,
      0.35833677649497986,
      0.4398878216743469,
      0.44163185358047485,
      0.4229559898376465,
      0.3593316674232483,
      0.3653471767902374,
      1.0,
      0.3446654975414276,
      0.25316473841667175,
      0.262092262506485,
      0.24292603135108948,
      0.4202461838722229
    ],
    [
      0.21544545888900757,
      0.2877430319786072,
      0.227162703871727,
      0.11493270099163055,
      0.3476831614971161,
      0.22865673899650574,
      0.3673640489578247,
      0.3253108859062195,
      0.4126720726490021,
      0.2839334011077881,
      0.3446654975414276,
      1.0,
      0.25002679228782654,
      0.30304810404777527,
      0.18281395733356476,
      0.3272426724433899
    ],
    [
      0.3086916208267212,
      0.3298264145851135,
      0.22968143224716187,
      0.29606595635414124,
      0.2511347532272339,
      0.26453593373298645,
      0.29064133763313293,
      0.24684078991413116,
      0.29895883798599243,
      0.4033370912075043,
      0.25316473841667175,
      0.25002679228782654,
      1.0,
      0.30314961075782776,
      0.2532961964607239,
      0.35259440541267395
    ],
    [
      0.25130754709243774,
      0.32227823138237,
      0.22103476524353027,
      0.19826026260852814,
      0.23188656568527222,
      0.3174169957637787,
      0.2902613878250122,
      0.26451003551483154,
      0.2863454520702362,
      0.3330683708190918,
      0.262092262506485,
      0.30304810404777527,
      0.30314961075782776,
      0.9999999403953552,
      0.21730400621891022,
      0.45091062784194946
    ],
    [
      0.18440008163452148,
      0.2611270546913147,
      0.2356952577829361,
      0.16746443510055542,
      0.2631806433200836,
      0.3611685633659363,
      0.21281057596206665,
      0.3120926022529602,
      0.23877248167991638,
      0.3947373628616333,
      0.24292603135108948,
      0.18281395733356476,
      0.2532961964607239,
      0.21730400621891022,
      1.0,
      0.3089768588542938
    ],
    [
      0.30169567465782166,
      0.3238767683506012,
      0.3299698233604431,
      0.24535444378852844,
      0.45793262124061584,
      0.3658311665058136,
      0.43453705310821533,
      0.4084778428077698,
      0.32398173213005066,
      0.4142320156097412,
      0.4202461838722229,
      0.3272426724433899,
      0.35259440541267395,
      0.45091062784194946,
      0.3089768588542938,
      1.0
    ]
  ]
}