{
  "game_number": 36,
  "words": [
    "RUN",
    "SERIES",
    "STREAK",
    "STRING",
    "CATCH",
    "NOTE",
    "SEE",
    "SPOT",
    "BRIDGE",
    "COBRA",
    "COW",
    "WHEEL",
    "BLANKET",
    "EEL",
    "GUITAR",
    "SLIDE"
  ],
  "adjacency_matrix": [
    [
      1.0,
      0.4962995946407318,
      0.4809466600418091,
      0.4416927397251129,
      0.5499420762062073,
      0.343407541513443,
      0.4380255341529846,
      0.5015906691551208,
      0.38684290647506714,
      0.18367904424667358,
      0.30942508578300476,
      0.37377044558525085,
      0.3240203857421875,
      0.15089011192321777,
      0.23171737790107727,
      0.49682852625846863
    ],
    [
      0.4962995946407318,
      0.9999999403953552,
      0.3825429081916809,
      0.3954385817050934,
      0.3433632254600525,
      0.37806764245033264,
      0.30790406465530396,
      0.3751761019229889,
      0.3320128321647644,
      0.245613232254982,
      0.21131189167499542,
      0.35945022106170654,
      0.3158264756202698,
      0.1722666174173355,
      0.2193509042263031,
      0.418356716632843
    ],
    [
      0.4809466600418091,
      0.3825429081916809,
      1.0,
      0.45161083340644836,
      0.39430540800094604,
      0.3172875940799713,
      0.31432756781578064,
      0.37214359641075134,
      0.26730453968048096,
      0.2054445743560791,
      0.2646522521972656,
      0.2645004987716675,
      0.2989446818828583,
      0.180958554148674,
      0.193655863404274,
      0.4229263365268707
    ],
    [
      0.4416927397251129,
      0.3954385817050934,
      0.45161083340644836,
      1.0,
      0.40712228417396545,
      0.36750978231430054,
      0.28564852476119995,
      0.379849374294281,
      0.38075459003448486,
      0.21558992564678192,
      0.31506893038749695,
      0.3234829008579254,
      0.33462488651275635,
      0.27186277508735657,
      0.44372645020484924,
      0.40933623909950256
    ],
    [
      0.5499420762062073,
      0.3433632254600525,
      0.39430540800094604,
      0.40712228417396545,
      1.0000001192092896,
      0.44362473487854004,
      0.5066313743591309,
      0.6066206097602844,
      0.37355878949165344,
      0.3090456426143646,
      0.3355775773525238,
      0.34350937604904175,
      0.38949063420295715,
      0.39507216215133667,
      0.23359625041484833,
      0.46285954117774963
    ],
    [
      0.343407541513443,
      0.37806764245033264,
      0.3172875940799713,
      0.36750978231430054,
      0.44362473487854004,
      1.0,
      0.6052045226097107,
      0.4441348910331726,
      0.35291650891304016,
      0.1603752225637436,
      0.15523579716682434,
      0.2537636160850525,
      0.29261472821235657,
      0.1094859391450882,
      0.28320837020874023,
      0.4161296486854553
    ],
    [
      0.4380255341529846,
      0.30790406465530396,
      0.31432756781578064,
      0.28564852476119995,
      0.5066313743591309,
      0.6052045226097107,
      1.0,
      0.44098976254463196,
      0.341445654630661,
      0.1317666471004486,
      0.22518324851989746,
      0.2896673083305359,
      0.2642286717891693,
      0.1428881138563156,
      0.1802017092704773,
      0.36908459663391113
    ],
    [
      0.5015906691551208,
      0.3751761019229889,
      0.37214359641075134,
      0.379849374294281,
      0.6066206097602844,
      0.4441348910331726,
      0.44098976254463196,
      1.0,
      0.4250289499759674,
      0.2829989492893219,
      0.36088788509368896,
      0.38140958547592163,
      0.4271059036254883,
      0.23946534097194672,
      0.356035053730011,
      0.4552001357078552
    ],
    [
      0.38684290647506714,
      0.3320128321647644,
      0.26730453968048096,
      0.38075459003448486,
      0.37355878949165344,
      0.35291650891304016,
      0.341445654630661,
      0.4250289499759674,
      1.0,
      0.21411247551441193,
      0.2729990482330322,
      0.4263804256916046,
      0.3021220862865448,
      0.2524740993976593,
      0.3476710021495819,
      0.43734434247016907
    ],
    [
      0.18367904424667358,
      0.245613232254982,
      0.2054445743560791,
      0.21558992564678192,
      0.3090456426143646,
      0.1603752225637436,
      0.1317666471004486,
      0.2829989492893219,
      0.21411247551441193,
      1.0,
      0.42174866795539856,
      0.3317491412162781,
      0.2323981374502182,
      0.42266473174095154,
      0.24265632033348083,
      0.2910628318786621
    ],
    [
      0.30942508578300476,
      0.21131189167499542,
      0.2646522521972656,
      0.31506893038749695,
      0.3355775773525238,
      0.15523579716682434,
      0.22518324851989746,
      0.36088788509368896,
      0.2729990482330322,
      0.42174866795539856,
      1.0,
      0.4231903851032257,
      0.3380533754825592,
      0.29705265164375305,
      0.298261821269989,
      0.3155491054058075
    ],
    [
      0.37377044558525085,
      0.35945022106170654,
      0.2645004987716675,
      0.3234829008579254,
      0.34350937604904175,
      0.2537636160850525,
      0.2896673083305359,
      0.38140958547592163,
      0.4263804256916046,
      0.3317491412162781,
      0.4231903851032257,
      1.0,
      0.342372864484787,
      0.2942963242530823,
      0.3514553904533386,
      0.49809151887893677
    ],
    [
      0.3240203857421875,
      0.3158264756202698,
      0.2989446818828583,
      0.33462488651275635,
      0.38949063420295715,
      0.29261472821235657,
      0.2642286717891693,
      0.4271059036254883,
      0.3021220862865448,
      0.2323981374502182,
      0.3380533754825592,
      0.342372864484787,
      1.0,
      0.2034807652235031,
      0.24045763909816742,
      0.40591129660606384
    ],
    [
      0.15089011192321777,
      0.1722666174173355,
      0.180958554148674,
      0.27186277508735657,
      0.39507216215133667,
      0.1094859391450882,
      0.1428881138563156,
      0.23946534097194672,
      0.2524740993976593,
      0.42266473174095154,
      0.29705265164375305,
      0.2942963242530823,
      0.2034807652235031,
      1.0,
      0.23355251550674438,
      0.2899151146411896
    ],
    [
      0.23171737790107727,
      0.2193509042263031,
      0.193655863404274,
      0.44372645020484924,
      0.23359625041484833,
      0.28320837020874023,
      0.1802017092704773,
      0.356035053730011,
      0.3476710021495819,
      0.24265632033348083,
      0.298261821269989,
      0.3514553904533386,
      0.24045763909816742,
      0.23355251550674438,
      1.0,
      0.39947348833084106
    ],
    [
      0.49682852625846863,
      0.418356716632843,
      0.4229263365268707,
      0.40933623909950256,
      0.46285954117774963,
      0.4161296486854553,
      0.36908459663391113,
      0.4552001357078552,
      0.43734434247016907,
      0.2910628318786621,
      0.3155491054058075,
      0.49809151887893677,
      0.40591129660606384,
      0.2899151146411896,
      0.39947348833084106,
      1.0
    ]
  ]
}