{
  "game_number": 57,
  "words": [
    "COLD",
    "GRAY",
    "WET",
    "WINDY",
    "DEAD",
    "EXACTLY",
    "RIGHT",
    "SMACK",
    "ASTRONAUT",
    "COFFEE",
    "PEA",
    "WHALE",
    "BARM",
    "LEAR",
    "RANKLE",
    "SHIP"
  ],
  "adjacency_matrix": [
    [
      1.0,
      0.46944716572761536,
      0.6899121403694153,
      0.5721810460090637,
      0.49073535203933716,
      0.3281830847263336,
      0.3487103283405304,
      0.39449411630630493,
      0.23063962161540985,
      0.366161972284317,
      0.28683432936668396,
      0.31078997254371643,
      0.43735966086387634,
      0.36927667260169983,
      0.313265323638916,
      0.29791563749313354
    ],
    [
      0.46944716572761536,
      1.0,
      0.44102194905281067,
      0.3475476801395416,
      0.46802860498428345,
      0.2666004002094269,
      0.3435167074203491,
      0.33912673592567444,
      0.2582434117794037,
      0.3175986707210541,
      0.33131492137908936,
      0.3938003480434418,
      0.3510856628417969,
      0.3237948715686798,
      0.3071509897708893,
      0.3381037712097168
    ],
    [
      0.6899121403694153,
      0.44102194905281067,
      1.0,
      0.5790061354637146,
      0.4013325273990631,
      0.31480738520622253,
      0.2978541851043701,
      0.3364226818084717,
      0.26420947909355164,
      0.3814297914505005,
      0.332284539937973,
      0.2952916622161865,
      0.4123283922672272,
      0.3500499725341797,
      0.2615635097026825,
      0.30994948744773865
    ],
    [
      0.5721810460090637,
      0.3475476801395416,
      0.5790061354637146,
      1.0,
      0.2924995720386505,
      0.22270570695400238,
      0.20690304040908813,
      0.29795917868614197,
      0.15295882523059845,
      0.26448848843574524,
      0.2926432490348816,
      0.25506916642189026,
      0.2978554964065552,
      0.2750711739063263,
      0.2062108963727951,
      0.23307998478412628
    ],
    [
      0.49073535203933716,
      0.46802860498428345,
      0.4013325273990631,
      0.2924995720386505,
      1.0,
      0.4080427885055542,
      0.4377025365829468,
      0.38057950139045715,
      0.3228459060192108,
      0.2791367173194885,
      0.19677112996578217,
      0.4207269549369812,
      0.351802796125412,
      0.3556852638721466,
      0.35912662744522095,
      0.41613975167274475
    ],
    [
      0.3281830847263336,
      0.2666004002094269,
      0.31480738520622253,
      0.22270570695400238,
      0.4080427885055542,
      1.0,
      0.5638435482978821,
      0.3680017292499542,
      0.16330435872077942,
      0.1733199506998062,
      0.14246168732643127,
      0.24268735945224762,
      0.2979568839073181,
      0.4350825548171997,
      0.3531441390514374,
      0.3197935223579407
    ],
    [
      0.3487103283405304,
      0.3435167074203491,
      0.2978541851043701,
      0.20690304040908813,
      0.4377025365829468,
      0.5638435482978821,
      1.0,
      0.49841564893722534,
      0.269228458404541,
      0.2698136568069458,
      0.18882203102111816,
      0.33687129616737366,
      0.36697787046432495,
      0.4800635874271393,
      0.42767956852912903,
      0.41214174032211304
    ],
    [
      0.39449411630630493,
      0.33912673592567444,
      0.3364226818084717,
      0.29795917868614197,
      0.38057950139045715,
      0.3680017292499542,
      0.49841564893722534,
      0.9999999403953552,
      0.15448686480522156,
      0.3190968334674835,
      0.2546460032463074,
      0.32676962018013,
      0.46164053678512573,
      0.4657818078994751,
      0.43126553297042847,
      0.38764092326164246
    ],
    [
      0.23063962161540985,
      0.2582434117794037,
      0.26420947909355164,
      0.15295882523059845,
      0.3228459060192108,
      0.16330435872077942,
      0.269228458404541,
      0.15448686480522156,
      1.0,
      0.2298385500907898,
      0.23838219046592712,
      0.2746831476688385,
      0.18040362000465393,
      0.2591896951198578,
      0.2337607443332672,
      0.3392050564289093
    ],
    [
      0.366161972284317,
      0.3175986707210541,
      0.3814297914505005,
      0.26448848843574524,
      0.2791367173194885,
      0.1733199506998062,
      0.2698136568069458,
      0.3190968334674835,
      0.2298385500907898,
      1.0,
      0.35052821040153503,
      0.24795694649219513,
      0.4430828392505646,
      0.27137231826782227,
      0.1993464082479477,
      0.34505850076675415
    ],
    [
      0.28683432936668396,
      0.33131492137908936,
      0.332284539937973,
      0.2926432490348816,
      0.19677112996578217,
      0.14246168732643127,
      0.18882203102111816,
      0.2546460032463074,
      0.23838219046592712,
      0.35052821040153503,
      1.0,
      0.3181250989437103,
      0.38006022572517395,
      0.23481787741184235,
      0.12486235797405243,
      0.2923803925514221
    ],
    [
      0.31078997254371643,
      0.3938003480434418,
      0.2952916622161865,
      0.25506916642189026,
      0.4207269549369812,
      0.24268735945224762,
      0.33687129616737366,
      0.32676962018013,
      0.2746831476688385,
      0.24795694649219513,
      0.3181250989437103,
      0.9999999403953552,
      0.2882467210292816,
      0.3191520571708679,
      0.23052841424942017,
      0.5419421195983887
    ],
    [
      0.43735966086387634,
      0.3510856628417969,
      0.4123283922672272,
      0.2978554964065552,
      0.351802796125412,
      0.2979568839073181,
      0.36697787046432495,
      0.46164053678512573,
      0.18040362000465393,
      0.4430828392505646,
      0.38006022572517395,
      0.2882467210292816,
      1.0,
      0.3868812322616577,
      0.36482715606689453,
      0.30764326453208923
    ],
    [
      0.36927667260169983,
      0.3237948715686798,
      0.3500499725341797,
      0.2750711739063263,
      0.3556852638721466,
      0.4350825548171997,
      0.4800635874271393,
      0.4657818078994751,
      0.2591896951198578,
      0.27137231826782227,
      0.23481787741184235,
      0.3191520571708679,
      0.3868812322616577,
      1.0,
      0.3536381125450134,
      0.3849997818470001
    ],
    [
      0.313265323638916,
      0.3071509897708893,
      0.2615635097026825,
      0.2062108963727951,
      0.35912662744522095,
      0.3531441390514374,
      0.42767956852912903,
      0.43126553297042847,
      0.2337607443332672,
      0.1993464082479477,
      0.12486235797405243,
      0.23052841424942017,
      0.36482715606689453,
      0.3536381125450134,
      1.0,
      0.304659903049469
    ],
    [
      0.29791563749313354,
      0.3381037712097168,
      0.30994948744773865,
      0.23307998478412628,
      0.41613975167274475,
      0.3197935223579407,
      0.41214174032211304,
      0.38764092326164246,
      0.3392050564289093,
      0.34505850076675415,
      0.2923803925514221,
      0.5419421195983887,
      0.30764326453208923,
      0.3849997818470001,
      0.304659903049469,
      1.0
    ]
  ]
}