{
  "game_number": 6,
  "words": [
    "BIRTH",
    "DAWN",
    "GENESIS",
    "START",
    "BOND",
    "COMBINE",
    "FUSE",
    "WED",
    "ALF",
    "MTV",
    "NES",
    "VHS",
    "DAY",
    "FLOWER",
    "FLY",
    "POLE"
  ],
  "adjacency_matrix": [
    [
      1.0,
      0.3936682641506195,
      0.45993900299072266,
      0.42909538745880127,
      0.33927103877067566,
      0.28745993971824646,
      0.26627591252326965,
      0.36347898840904236,
      0.1307128518819809,
      0.020879657939076424,
      0.2667618691921234,
      -0.05332385003566742,
      0.3991055190563202,
      0.4088611900806427,
      0.2785678207874298,
      0.2596947252750397
    ],
    [
      0.3936682641506195,
      0.9999999403953552,
      0.37912535667419434,
      0.5240885615348816,
      0.23983746767044067,
      0.26467105746269226,
      0.2963111400604248,
      0.3479485809803009,
      0.22623446583747864,
      0.10718148946762085,
      0.27026528120040894,
      0.05500241369009018,
      0.6024124026298523,
      0.3882145285606384,
      0.3631788492202759,
      0.3306453227996826
    ],
    [
      0.45993900299072266,
      0.37912535667419434,
      1.0,
      0.34504950046539307,
      0.3566581904888153,
      0.28950321674346924,
      0.32003626227378845,
      0.20207375288009644,
      0.24644973874092102,
      0.08222242444753647,
      0.3259285092353821,
      0.029140084981918335,
      0.3245181143283844,
      0.3482687473297119,
      0.26011306047439575,
      0.27989327907562256
    ],
    [
      0.42909538745880127,
      0.5240885615348816,
      0.34504950046539307,
      1.0,
      0.3336082100868225,
      0.47526296973228455,
      0.39998987317085266,
      0.35983532667160034,
      0.1564377248287201,
      0.05708496645092964,
      0.2607018053531647,
      -0.03034570813179016,
      0.557773232460022,
      0.36720290780067444,
      0.4431156516075134,
      0.37329819798469543
    ],
    [
      0.33927103877067566,
      0.23983746767044067,
      0.3566581904888153,
      0.3336082100868225,
      1.0,
      0.3640481233596802,
      0.3651229441165924,
      0.3289366662502289,
      0.1330113708972931,
      0.022023994475603104,
      0.3070763051509857,
      0.05185042321681976,
      0.2919383943080902,
      0.3621044456958771,
      0.3038218915462494,
      0.34537217020988464
    ],
    [
      0.28745993971824646,
      0.26467105746269226,
      0.28950321674346924,
      0.47526296973228455,
      0.3640481233596802,
      1.0,
      0.5780986547470093,
      0.4184023439884186,
      0.124238021671772,
      0.007959382608532906,
      0.265166312456131,
      -0.033576805144548416,
      0.3124796748161316,
      0.34450092911720276,
      0.4276695251464844,
      0.2694746255874634
    ],
    [
      0.26627591252326965,
      0.2963111400604248,
      0.32003626227378845,
      0.39998987317085266,
      0.3651229441165924,
      0.5780986547470093,
      1.0000001192092896,
      0.3091917037963867,
      0.06040388345718384,
      0.08038580417633057,
      0.31059497594833374,
      0.01918364316225052,
      0.2779774069786072,
      0.37238961458206177,
      0.4083361029624939,
      0.36227917671203613
    ],
    [
      0.36347898840904236,
      0.3479485809803009,
      0.20207375288009644,
      0.35983532667160034,
      0.3289366662502289,
      0.4184023439884186,
      0.3091917037963867,
      1.0,
      0.20003390312194824,
      0.10251159965991974,
      0.30789244174957275,
      0.04273558780550957,
      0.3066804111003876,
      0.28946366906166077,
      0.3768162429332733,
      0.2185090035200119
    ],
    [
      0.1307128518819809,
      0.22623446583747864,
      0.24644973874092102,
      0.1564377248287201,
      0.1330113708972931,
      0.124238021671772,
      0.06040388345718384,
      0.20003390312194824,
      0.9999999403953552,
      0.2238231748342514,
      0.27739596366882324,
      0.17598509788513184,
      0.23986434936523438,
      0.19365429878234863,
      0.19130972027778625,
      0.16595397889614105
    ],
    [
      0.020879657939076424,
      0.10718148946762085,
      0.08222242444753647,
      0.05708496645092964,
      0.022023994475603104,
      0.007959382608532906,
      0.08038580417633057,
      0.10251159965991974,
      0.2238231748342514,
      1.0,
      0.21374770998954773,
      0.5471107959747314,
      0.08680646121501923,
      0.060820888727903366,
      0.05931704118847847,
      0.09866585582494736
    ],
    [
      0.2667618691921234,
      0.27026528120040894,
      0.3259285092353821,
      0.2607018053531647,
      0.3070763051509857,
      0.265166312456131,
      0.31059497594833374,
      0.30789244174957275,
      0.27739596366882324,
      0.21374770998954773,
      1.0,
      0.16286005079746246,
      0.23801641166210175,
      0.3548983931541443,
      0.3880274295806885,
      0.293881893157959
    ],
    [
      -0.05332385003566742,
      0.05500241369009018,
      0.029140084981918335,
      -0.03034570813179016,
      0.05185042321681976,
      -0.033576805144548416,
      0.01918364316225052,
      0.04273558780550957,
      0.17598509788513184,
      0.5471107959747314,
      0.16286005079746246,
      0.9999999403953552,
      -0.03757285699248314,
      0.021881593391299248,
      0.06660736352205276,
      0.026027971878647804
    ],
    [
      0.3991055190563202,
      0.6024124026298523,
      0.3245181143283844,
      0.557773232460022,
      0.2919383943080902,
      0.3124796748161316,
      0.2779774069786072,
      0.3066804111003876,
      0.23986434936523438,
      0.08680646121501923,
      0.23801641166210175,
      -0.03757285699248314,
      0.9999999403953552,
      0.3546845018863678,
      0.3918515741825104,
      0.3201964497566223
    ],
    [
      0.4088611900806427,
      0.3882145285606384,
      0.3482687473297119,
      0.36720290780067444,
      0.3621044456958771,
      0.34450092911720276,
      0.37238961458206177,
      0.28946366906166077,
      0.19365429878234863,
      0.060820888727903366,
      0.3548983931541443,
      0.021881593391299248,
      0.3546845018863678,
      1.0,
      0.45295244455337524,
      0.35380372405052185
    ],
    [
      0.2785678207874298,
      0.3631788492202759,
      0.26011306047439575,
      0.4431156516075134,
      0.3038218915462494,
      0.4276695251464844,
      0.4083361029624939,
      0.3768162429332733,
      0.19130972027778625,
      0.05931704118847847,
      0.3880274295806885,
      0.06660736352205276,
      0.3918515741825104,
      0.45295244455337524,
      1.0,
      0.37073662877082825
    ],
    [
      0.2596947252750397,
      0.3306453227996826,
      0.27989327907562256,
      0.37329819798469543,
      0.34537217020988464,
      0.2694746255874634,
      0.36227917671203613,
      0.2185090035200119,
      0.16595397889614105,
      0.09866585582494736,
      0.293881893157959,
      0.026027971878647804,
      0.3201964497566223,
      0.35380372405052185,
      0.37073662877082825,
      1.0
    ]
  ]
}