{
  "game_number": 317,
  "words": [
    "BLOCK",
    "COVER",
    "SCREEN",
    "SHIELD",
    "CHERRY",
    "OLIVE",
    "SWORD",
    "UMBRELLA",
    "CASINO",
    "DIAMONDS",
    "QUANTUM",
    "TOMORROW",
    "MAIL",
    "POST",
    "SEND",
    "SHIP"
  ],
  "adjacency_matrix": [
    [
      1.0,
      0.42307281494140625,
      0.44049692153930664,
      0.43289634585380554,
      0.25507473945617676,
      0.27420198917388916,
      0.34261298179626465,
      0.27974793314933777,
      0.2821083962917328,
      0.22094577550888062,
      0.2594628632068634,
      0.3232748210430145,
      0.3892219364643097,
      0.473503977060318,
      0.4212689697742462,
      0.34963327646255493
    ],
    [
      0.42307281494140625,
      1.0,
      0.4672054052352905,
      0.5438957810401917,
      0.2053612619638443,
      0.2662856876850128,
      0.3383648991584778,
      0.444736510515213,
      0.26091018319129944,
      0.2662159204483032,
      0.20911797881126404,
      0.28897014260292053,
      0.35964977741241455,
      0.443369597196579,
      0.4480487108230591,
      0.3822087049484253
    ],
    [
      0.44049692153930664,
      0.4672054052352905,
      1.0,
      0.46275627613067627,
      0.2515365183353424,
      0.24960173666477203,
      0.3669651746749878,
      0.2912747263908386,
      0.35670721530914307,
      0.24983572959899902,
      0.3031124472618103,
      0.2867790162563324,
      0.3661577105522156,
      0.4279751479625702,
      0.37923723459243774,
      0.4383851885795593
    ],
    [
      0.43289634585380554,
      0.5438957810401917,
      0.46275627613067627,
      1.0,
      0.24949243664741516,
      0.31540313363075256,
      0.5636388063430786,
      0.4068366587162018,
      0.2833479940891266,
      0.3201005458831787,
      0.24744971096515656,
      0.2236088514328003,
      0.360097199678421,
      0.3419261872768402,
      0.37003055214881897,
      0.417926162481308
    ],
    [
      0.25507473945617676,
      0.2053612619638443,
      0.2515365183353424,
      0.24949243664741516,
      1.0,
      0.4161846935749054,
      0.30160197615623474,
      0.26681649684906006,
      0.16613821685314178,
      0.2962585389614105,
      0.27641761302948,
      0.14914029836654663,
      0.21823525428771973,
      0.25335967540740967,
      0.2405260056257248,
      0.23978807032108307
    ],
    [
      0.27420198917388916,
      0.2662856876850128,
      0.24960173666477203,
      0.31540313363075256,
      0.4161846935749054,
      0.9999999403953552,
      0.26502543687820435,
      0.26384237408638,
      0.2316543161869049,
      0.3292652368545532,
      0.2828081548213959,
      0.15683026611804962,
      0.22638548910617828,
      0.2500958740711212,
      0.21242040395736694,
      0.2639031410217285
    ],
    [
      0.34261298179626465,
      0.3383648991584778,
      0.3669651746749878,
      0.5636388063430786,
      0.30160197615623474,
      0.26502543687820435,
      1.0000001192092896,
      0.3714459538459778,
      0.2553786337375641,
      0.3069606423377991,
      0.29867449402809143,
      0.2180882692337036,
      0.3486812710762024,
      0.3212163746356964,
      0.30523645877838135,
      0.3874346613883972
    ],
    [
      0.27974793314933777,
      0.444736510515213,
      0.2912747263908386,
      0.4068366587162018,
      0.26681649684906006,
      0.26384237408638,
      0.3714459538459778,
      0.9999999403953552,
      0.24703064560890198,
      0.14919213950634003,
      0.20368745923042297,
      0.1840941607952118,
      0.2532914876937866,
      0.293896347284317,
      0.16901886463165283,
      0.28625786304473877
    ],
    [
      0.2821083962917328,
      0.26091018319129944,
      0.35670721530914307,
      0.2833479940891266,
      0.16613821685314178,
      0.2316543161869049,
      0.2553786337375641,
      0.24703064560890198,
      1.0,
      0.350421667098999,
      0.3154227137565613,
      0.2522188425064087,
      0.2449887990951538,
      0.2704261541366577,
      0.16736602783203125,
      0.36188533902168274
    ],
    [
      0.22094577550888062,
      0.2662159204483032,
      0.24983572959899902,
      0.3201005458831787,
      0.2962585389614105,
      0.3292652368545532,
      0.3069606423377991,
      0.14919213950634003,
      0.350421667098999,
      1.0,
      0.25209495425224304,
      0.21567673981189728,
      0.20549288392066956,
      0.1455267369747162,
      0.22559981048107147,
      0.30181291699409485
    ],
    [
      0.2594628632068634,
      0.20911797881126404,
      0.3031124472618103,
      0.24744971096515656,
      0.27641761302948,
      0.2828081548213959,
      0.29867449402809143,
      0.20368745923042297,
      0.3154227137565613,
      0.25209495425224304,
      0.9999999403953552,
      0.1619575470685959,
      0.29908818006515503,
      0.2651231288909912,
      0.21172884106636047,
      0.3212035298347473
    ],
    [
      0.3232748210430145,
      0.28897014260292053,
      0.2867790162563324,
      0.2236088514328003,
      0.14914029836654663,
      0.15683026611804962,
      0.2180882692337036,
      0.1840941607952118,
      0.2522188425064087,
      0.21567673981189728,
      0.1619575470685959,
      1.0,
      0.3115071952342987,
      0.3345661163330078,
      0.38030165433883667,
      0.2937677800655365
    ],
    [
      0.3892219364643097,
      0.35964977741241455,
      0.3661577105522156,
      0.360097199678421,
      0.21823525428771973,
      0.22638548910617828,
      0.3486812710762024,
      0.2532914876937866,
      0.2449887990951538,
      0.20549288392066956,
      0.29908818006515503,
      0.3115071952342987,
      1.0,
      0.4844758212566376,
      0.5889429450035095,
      0.4397929906845093
    ],
    [
      0.473503977060318,
      0.443369597196579,
      0.4279751479625702,
      0.3419261872768402,
      0.25335967540740967,
      0.2500958740711212,
      0.3212163746356964,
      0.293896347284317,
      0.2704261541366577,
      0.1455267369747162,
      0.2651231288909912,
      0.3345661163330078,
      0.4844758212566376,
      0.9999999403953552,
      0.5659527778625488,
      0.3752431869506836
    ],
    [
      0.4212689697742462,
      0.4480487108230591,
      0.37923723459243774,
      0.37003055214881897,
      0.2405260056257248,
      0.21242040395736694,
      0.30523645877838135,
      0.16901886463165283,
      0.16736602783203125,
      0.22559981048107147,
      0.21172884106636047,
      0.38030165433883667,
      0.5889429450035095,
      0.5659527778625488,
      1.0,
      0.405728816986084
    ],
    [
      0.34963327646255493,
      0.3822087049484253,
      0.4383851885795593,
      0.417926162481308,
      0.23978807032108307,
      0.2639031410217285,
      0.3874346613883972,
      0.28625786304473877,
      0.36188533902168274,
      0.30181291699409485,
      0.3212035298347473,
      0.2937677800655365,
      0.4397929906845093,
      0.3752431869506836,
      0.405728816986084,
      1.0
    ]
  ]
}