{
  "game_number": 465,
  "words": [
    "ROCK",
    "SWAY",
    "SWING",
    "WAVE",
    "AFRO",
    "BONE",
    "FIGHT",
    "LOCK",
    "CRYSTAL",
    "DISCO",
    "FOUL",
    "GUTTER",
    "JOSH",
    "KID",
    "RIB",
    "TEASE"
  ],
  "adjacency_matrix": [
    [
      1.0,
      0.3736403286457062,
      0.45449376106262207,
      0.4717550277709961,
      0.32103827595710754,
      0.48261764645576477,
      0.2940234839916229,
      0.411960244178772,
      0.4763447642326355,
      0.43809017539024353,
      0.2936188578605652,
      0.44710013270378113,
      0.2790497839450836,
      0.410599946975708,
      0.35197269916534424,
      0.3411819040775299
    ],
    [
      0.3736403286457062,
      1.0,
      0.6118435859680176,
      0.44648438692092896,
      0.18458892405033112,
      0.304225891828537,
      0.44846296310424805,
      0.4550754129886627,
      0.2846820056438446,
      0.29379796981811523,
      0.4107050895690918,
      0.3474971354007721,
      0.13400617241859436,
      0.25314757227897644,
      0.18630196154117584,
      0.4277329444885254
    ],
    [
      0.45449376106262207,
      0.6118435859680176,
      0.9999999403953552,
      0.48742246627807617,
      0.28387755155563354,
      0.3509308695793152,
      0.4480286240577698,
      0.5113071799278259,
      0.3525576889514923,
      0.39649465680122375,
      0.34173354506492615,
      0.39302200078964233,
      0.19812922179698944,
      0.3366301357746124,
      0.26031291484832764,
      0.40545207262039185
    ],
    [
      0.4717550277709961,
      0.44648438692092896,
      0.48742246627807617,
      0.9999998807907104,
      0.23686756193637848,
      0.28845909237861633,
      0.4063398540019989,
      0.3669140636920929,
      0.3638664782047272,
      0.39467597007751465,
      0.2873006761074066,
      0.35859957337379456,
      0.15678340196609497,
      0.27844637632369995,
      0.2197805941104889,
      0.30841270089149475
    ],
    [
      0.32103827595710754,
      0.18458892405033112,
      0.28387755155563354,
      0.23686756193637848,
      1.0,
      0.19367191195487976,
      0.14494943618774414,
      0.2243042141199112,
      0.23214037716388702,
      0.39117538928985596,
      0.14596132934093475,
      0.15447866916656494,
      0.299973726272583,
      0.37917235493659973,
      0.16557787358760834,
      0.2001074105501175
    ],
    [
      0.48261764645576477,
      0.304225891828537,
      0.3509308695793152,
      0.28845909237861633,
      0.19367191195487976,
      1.0,
      0.3917457163333893,
      0.40183335542678833,
      0.4176888167858124,
      0.15639494359493256,
      0.363733172416687,
      0.40113893151283264,
      0.23320192098617554,
      0.3427189886569977,
      0.5486058592796326,
      0.3963276445865631
    ],
    [
      0.2940234839916229,
      0.44846296310424805,
      0.4480286240577698,
      0.4063398540019989,
      0.14494943618774414,
      0.3917457163333893,
      1.0,
      0.4497150778770447,
      0.30022430419921875,
      0.27775561809539795,
      0.39814847707748413,
      0.4082905054092407,
      0.23452536761760712,
      0.3749617040157318,
      0.26531869173049927,
      0.44854649901390076
    ],
    [
      0.411960244178772,
      0.4550754129886627,
      0.5113071799278259,
      0.3669140636920929,
      0.2243042141199112,
      0.40183335542678833,
      0.4497150778770447,
      1.0,
      0.36380264163017273,
      0.23066258430480957,
      0.32694584131240845,
      0.4126734435558319,
      0.22874274849891663,
      0.34416040778160095,
      0.29758772253990173,
      0.41965577006340027
    ],
    [
      0.4763447642326355,
      0.2846820056438446,
      0.3525576889514923,
      0.3638664782047272,
      0.23214037716388702,
      0.4176888167858124,
      0.30022430419921875,
      0.36380264163017273,
      1.0,
      0.34365376830101013,
      0.2811618745326996,
      0.2679431140422821,
      0.18267737329006195,
      0.24630653858184814,
      0.24141061305999756,
      0.25419628620147705
    ],
    [
      0.43809017539024353,
      0.29379796981811523,
      0.39649465680122375,
      0.39467597007751465,
      0.39117538928985596,
      0.15639494359493256,
      0.27775561809539795,
      0.23066258430480957,
      0.34365376830101013,
      1.0,
      0.24093028903007507,
      0.32426130771636963,
      0.2320423275232315,
      0.33678948879241943,
      0.14492331445217133,
      0.2443888634443283
    ],
    [
      0.2936188578605652,
      0.4107050895690918,
      0.34173354506492615,
      0.2873006761074066,
      0.14596132934093475,
      0.363733172416687,
      0.39814847707748413,
      0.32694584131240845,
      0.2811618745326996,
      0.24093028903007507,
      1.0,
      0.4884406626224518,
      0.20143617689609528,
      0.26492565870285034,
      0.2613440155982971,
      0.3734937012195587
    ],
    [
      0.44710013270378113,
      0.3474971354007721,
      0.39302200078964233,
      0.35859957337379456,
      0.15447866916656494,
      0.40113893151283264,
      0.4082905054092407,
      0.4126734435558319,
      0.2679431140422821,
      0.32426130771636963,
      0.4884406626224518,
      1.0,
      0.2153445929288864,
      0.3656761646270752,
      0.3487248718738556,
      0.2820013463497162
    ],
    [
      0.2790497839450836,
      0.13400617241859436,
      0.19812922179698944,
      0.15678340196609497,
      0.299973726272583,
      0.23320192098617554,
      0.23452536761760712,
      0.22874274849891663,
      0.18267737329006195,
      0.2320423275232315,
      0.20143617689609528,
      0.2153445929288864,
      1.0,
      0.4158851206302643,
      0.3282422125339508,
      0.35890334844589233
    ],
    [
      0.410599946975708,
      0.25314757227897644,
      0.3366301357746124,
      0.27844637632369995,
      0.37917235493659973,
      0.3427189886569977,
      0.3749617040157318,
      0.34416040778160095,
      0.24630653858184814,
      0.33678948879241943,
      0.26492565870285034,
      0.3656761646270752,
      0.4158851206302643,
      1.0,
      0.2621705234050751,
      0.4172748327255249
    ],
    [
      0.35197269916534424,
      0.18630196154117584,
      0.26031291484832764,
      0.2197805941104889,
      0.16557787358760834,
      0.5486058592796326,
      0.26531869173049927,
      0.29758772253990173,
      0.24141061305999756,
      0.14492331445217133,
      0.2613440155982971,
      0.3487248718738556,
      0.3282422125339508,
      0.2621705234050751,
      1.0,
      0.3052622079849243
    ],
    [
      0.3411819040775299,
      0.4277329444885254,
      0.40545207262039185,
      0.30841270089149475,
      0.2001074105501175,
      0.3963276445865631,
      0.44854649901390076,
      0.41965577006340027,
      0.25419628620147705,
      0.2443888634443283,
      0.3734937012195587,
      0.2820013463497162,
      0.35890334844589233,
      0.4172748327255249,
      0.3052622079849243,
      1.0
    ]
  ]
}