{
  "game_number": 169,
  "words": [
    "BUCKLE",
    "CLIP",
    "HOOK",
    "SNAP",
    "CHECK",
    "CROSS",
    "STRIKE",
    "TICK",
    "ANT",
    "BRANCH",
    "CLOCK",
    "MELTING",
    "ARCH",
    "BALL",
    "HEEL",
    "SOLE"
  ],
  "adjacency_matrix": [
    [
      1.0,
      0.4152984917163849,
      0.4268842041492462,
      0.5228781700134277,
      0.3695046901702881,
      0.4450860321521759,
      0.365780770778656,
      0.3919289708137512,
      0.21774062514305115,
      0.31648769974708557,
      0.29631325602531433,
      0.3339574933052063,
      0.41821980476379395,
      0.38555482029914856,
      0.48149457573890686,
      0.2922608256340027
    ],
    [
      0.4152984917163849,
      1.0,
      0.48346003890037537,
      0.5087891817092896,
      0.4175715744495392,
      0.4101589322090149,
      0.36344319581985474,
      0.36871522665023804,
      0.3526510000228882,
      0.3521161675453186,
      0.34712913632392883,
      0.25412869453430176,
      0.360426664352417,
      0.42001816630363464,
      0.31787440180778503,
      0.3003543019294739
    ],
    [
      0.4268842041492462,
      0.48346003890037537,
      1.0,
      0.491325318813324,
      0.4472029507160187,
      0.43666744232177734,
      0.3999723494052887,
      0.4306098222732544,
      0.3095991313457489,
      0.36590370535850525,
      0.40334007143974304,
      0.2518518269062042,
      0.37913796305656433,
      0.39968615770339966,
      0.3610694408416748,
      0.3677951395511627
    ],
    [
      0.5228781700134277,
      0.5087891817092896,
      0.491325318813324,
      0.9999998807907104,
      0.4341513216495514,
      0.391026109457016,
      0.473773330450058,
      0.399446576833725,
      0.278705894947052,
      0.28262582421302795,
      0.3346215784549713,
      0.3422672152519226,
      0.32453370094299316,
      0.4758948087692261,
      0.40743857622146606,
      0.2766817510128021
    ],
    [
      0.3695046901702881,
      0.4175715744495392,
      0.4472029507160187,
      0.4341513216495514,
      1.0,
      0.41115695238113403,
      0.4175074100494385,
      0.43576446175575256,
      0.3108407258987427,
      0.32961800694465637,
      0.3924890458583832,
      0.2363187074661255,
      0.29070326685905457,
      0.3235982358455658,
      0.327820360660553,
      0.3106672465801239
    ],
    [
      0.4450860321521759,
      0.4101589322090149,
      0.43666744232177734,
      0.391026109457016,
      0.41115695238113403,
      1.0,
      0.4218307435512543,
      0.43284931778907776,
      0.3693826496601105,
      0.4184388220310211,
      0.3769979774951935,
      0.35559242963790894,
      0.4950059652328491,
      0.45780354738235474,
      0.34109365940093994,
      0.35123124718666077
    ],
    [
      0.365780770778656,
      0.36344319581985474,
      0.3999723494052887,
      0.473773330450058,
      0.4175074100494385,
      0.4218307435512543,
      1.0,
      0.30948716402053833,
      0.3270852267742157,
      0.3402557969093323,
      0.390241414308548,
      0.2939409613609314,
      0.36290231347084045,
      0.43552276492118835,
      0.33758339285850525,
      0.30817440152168274
    ],
    [
      0.3919289708137512,
      0.36871522665023804,
      0.4306098222732544,
      0.399446576833725,
      0.43576446175575256,
      0.43284931778907776,
      0.30948716402053833,
      1.0,
      0.34684401750564575,
      0.219704732298851,
      0.5297927260398865,
      0.2558485269546509,
      0.27852916717529297,
      0.32531705498695374,
      0.2926464378833771,
      0.30440664291381836
    ],
    [
      0.21774062514305115,
      0.3526510000228882,
      0.3095991313457489,
      0.278705894947052,
      0.3108407258987427,
      0.3693826496601105,
      0.3270852267742157,
      0.34684401750564575,
      1.0,
      0.37621352076530457,
      0.29357147216796875,
      0.2258206158876419,
      0.362301766872406,
      0.39128631353378296,
      0.23469407856464386,
      0.3430352210998535
    ],
    [
      0.31648769974708557,
      0.3521161675453186,
      0.36590370535850525,
      0.28262582421302795,
      0.32961800694465637,
      0.4184388220310211,
      0.3402557969093323,
      0.219704732298851,
      0.37621352076530457,
      1.0,
      0.26812654733657837,
      0.20022830367088318,
      0.4753417670726776,
      0.3533649444580078,
      0.24962718784809113,
      0.4098975956439972
    ],
    [
      0.29631325602531433,
      0.34712913632392883,
      0.40334007143974304,
      0.3346215784549713,
      0.3924890458583832,
      0.3769979774951935,
      0.390241414308548,
      0.5297927260398865,
      0.29357147216796875,
      0.26812654733657837,
      1.0,
      0.3168098032474518,
      0.35810473561286926,
      0.43567100167274475,
      0.26231321692466736,
      0.2709254324436188
    ],
    [
      0.3339574933052063,
      0.25412869453430176,
      0.2518518269062042,
      0.3422672152519226,
      0.2363187074661255,
      0.35559242963790894,
      0.2939409613609314,
      0.2558485269546509,
      0.2258206158876419,
      0.20022830367088318,
      0.3168098032474518,
      1.0,
      0.32909542322158813,
      0.31044554710388184,
      0.2691043019294739,
      0.28824523091316223
    ],
    [
      0.41821980476379395,
      0.360426664352417,
      0.37913796305656433,
      0.32453370094299316,
      0.29070326685905457,
      0.4950059652328491,
      0.36290231347084045,
      0.27852916717529297,
      0.362301766872406,
      0.4753417670726776,
      0.35810473561286926,
      0.32909542322158813,
      1.0,
      0.3707537055015564,
      0.45682623982429504,
      0.3818958103656769
    ],
    [
      0.38555482029914856,
      0.42001816630363464,
      0.39968615770339966,
      0.4758948087692261,
      0.3235982358455658,
      0.45780354738235474,
      0.43552276492118835,
      0.32531705498695374,
      0.39128631353378296,
      0.3533649444580078,
      0.43567100167274475,
      0.31044554710388184,
      0.3707537055015564,
      1.0,
      0.4132285714149475,
      0.36309897899627686
    ],
    [
      0.48149457573890686,
      0.31787440180778503,
      0.3610694408416748,
      0.40743857622146606,
      0.327820360660553,
      0.34109365940093994,
      0.33758339285850525,
      0.2926464378833771,
      0.23469407856464386,
      0.24962718784809113,
      0.26231321692466736,
      0.2691043019294739,
      0.45682623982429504,
      0.4132285714149475,
      1.0,
      0.4391316771507263
    ],
    [
      0.2922608256340027,
      0.3003543019294739,
      0.3677951395511627,
      0.2766817510128021,
      0.3106672465801239,
      0.35123124718666077,
      0.30817440152168274,
      0.30440664291381836,
      0.3430352210998535,
      0.4098975956439972,
      0.2709254324436188,
      0.28824523091316223,
      0.3818958103656769,
      0.36309897899627686,
      0.4391316771507263,
      1.0
    ]
  ]
}