{"game_number":96,"words":["BOOT","BOUNCE","EJECT","TOSS","EARTH","GROUND","LAND","SOIL","BALTIC","BLACK","PHILIPPINE","RED","BIG","PHILADELPHIA","SPLASH","SULLY"],"adjacency_matrix":[[1.0,0.41285425424575806,0.389385461807251,0.39401519298553467,0.3175757825374603,0.44314053654670715,0.3723345100879669,0.36872851848602295,0.33535680174827576,0.37997427582740784,0.28111717104911804,0.39530065655708313,0.38672247529029846,0.24248577654361725,0.4078468382358551,0.37387359142303467],[0.41285425424575806,1.0000001192092896,0.4363457262516022,0.504453182220459,0.3076760768890381,0.4869895279407501,0.3283611834049225,0.2941787838935852,0.22266162931919098,0.32450780272483826,0.15724225342273712,0.379693865776062,0.3853680193424225,0.2246316373348236,0.5109109282493591,0.2781555950641632],[0.389385461807251,0.4363457262516022,1.0,0.4548801779747009,0.27331140637397766,0.35939109325408936,0.29877105355262756,0.2689301073551178,0.25821152329444885,0.38607898354530334,0.19043472409248352,0.3267821967601776,0.21998198330402374,0.14798979461193085,0.386768102645874,0.40689557790756226],[0.39401519298553467,0.504453182220459,0.4548801779747009,1.0,0.257852166891098,0.409810870885849,0.29181915521621704,0.21148191392421722,0.21862925589084625,0.2629408836364746,0.17073604464530945,0.32304292917251587,0.3116610646247864,0.22109118103981018,0.42684248089790344,0.3409646451473236],[0.3175757825374603,0.3076760768890381,0.27331140637397766,0.257852166891098,1.0,0.5864339470863342,0.5705932974815369,0.5842563509941101,0.36337247490882874,0.3984393775463104,0.32452166080474854,0.3950991928577423,0.35121577978134155,0.2808237075805664,0.30644944310188293,0.3471544682979584],[0.44314053654670715,0.4869895279407501,0.35939109325408936,0.409810870885849,0.5864339470863342,1.0,0.595658004283905,0.5665224194526672,0.36812901496887207,0.4012098014354706,0.31173932552337646,0.40689700841903687,0.37636232376098633,0.28379979729652405,0.3747841417789459,0.3337899148464203],[0.3723345100879669,0.3283611834049225,0.29877105355262756,0.29181915521621704,0.5705932974815369,0.595658004283905,1.0,0.6197201609611511,0.42034247517585754,0.3872281610965729,0.36753010749816895,0.36979183554649353,0.3722073435783386,0.3138265311717987,0.3302268981933594,0.35520023107528687],[0.36872851848602295,0.2941787838935852,0.2689301073551178,0.21148191392421722,0.5842563509941101,0.5665224194526672,0.6197201609611511,1.0,0.42457735538482666,0.3722487986087799,0.3074946999549866,0.33569103479385376,0.2321288138628006,0.22847653925418854,0.31427451968193054,0.3604731261730194],[0.33535680174827576,0.22266162931919098,0.25821152329444885,0.21862925589084625,0.36337247490882874,0.36812901496887207,0.42034247517585754,0.42457735538482666,1.0,0.4438877999782562,0.40973952412605286,0.4563441276550293,0.39433959126472473,0.4348827302455902,0.26796504855155945,0.22575345635414124],[0.37997427582740784,0.32450780272483826,0.38607898354530334,0.2629408836364746,0.3984393775463104,0.4012098014354706,0.3872281610965729,0.3722487986087799,0.4438877999782562,1.0,0.3574826121330261,0.7117840051651001,0.4683096706867218,0.40381741523742676,0.4190254807472229,0.3224889039993286],[0.28111717104911804,0.15724225342273712,0.19043472409248352,0.17073604464530945,0.32452166080474854,0.31173932552337646,0.36753010749816895,0.3074946999549866,0.40973952412605286,0.3574826121330261,1.0000001192092896,0.331169456243515,0.3196755647659302,0.5792052149772644,0.28260642290115356,0.34682193398475647],[0.39530065655708313,0.379693865776062,0.3267821967601776,0.32304292917251587,0.3950991928577423,0.40689700841903687,0.36979183554649353,0.33569103479385376,0.4563441276550293,0.7117840051651001,0.331169456243515,1.0,0.5048342943191528,0.3404645323753357,0.4621215760707855,0.281654953956604],[0.38672247529029846,0.3853680193424225,0.21998198330402374,0.3116610646247864,0.35121577978134155,0.37636232376098633,0.3722073435783386,0.2321288138628006,0.39433959126472473,0.4683096706867218,0.3196755647659302,0.5048342943191528,1.0,0.3329545855522156,0.47188708186149597,0.2389654517173767],[0.24248577654361725,0.2246316373348236,0.14798979461193085,0.22109118103981018,0.2808237075805664,0.28379979729652405,0.3138265311717987,0.22847653925418854,0.4348827302455902,0.40381741523742676,0.5792052149772644,0.3404645323753357,0.3329545855522156,0.9999999403953552,0.2697376012802124,0.23320360481739044],[0.4078468382358551,0.5109109282493591,0.386768102645874,0.42684248089790344,0.30644944310188293,0.3747841417789459,0.3302268981933594,0.31427451968193054,0.26796504855155945,0.4190254807472229,0.28260642290115356,0.4621215760707855,0.47188708186149597,0.2697376012802124,0.9999999403953552,0.37631455063819885],[0.37387359142303467,0.2781555950641632,0.40689557790756226,0.3409646451473236,0.3471544682979584,0.3337899148464203,0.35520023107528687,0.3604731261730194,0.22575345635414124,0.3224889039993286,0.34682193398475647,0.281654953956604,0.2389654517173767,0.23320360481739044,0.37631455063819885,1.0]]}