{
  "game_number": 138,
  "words": [
    "BUB",
    "BUD",
    "JACK",
    "MAN",
    "BLOCK",
    "BOLSTER",
    "MAT",
    "STRAP",
    "HUB",
    "KNEE",
    "MAD",
    "NIGHT",
    "DUST",
    "PEPPER",
    "SCATTER",
    "SHOWER"
  ],
  "adjacency_matrix": [
    [
      0.9999999403953552,
      0.394377738237381,
      0.3431885540485382,
      0.24064624309539795,
      0.18864046037197113,
      0.16163364052772522,
      0.2943844199180603,
      0.2959325313568115,
      0.35372310876846313,
      0.17219936847686768,
      0.32322368025779724,
      0.2335890829563141,
      0.270754873752594,
      0.1813921183347702,
      0.163161501288414,
      0.24513432383537292
    ],
    [
      0.394377738237381,
      0.9999999403953552,
      0.3368668258190155,
      0.26973915100097656,
      0.2729717493057251,
      0.23815719783306122,
      0.27642256021499634,
      0.2719123363494873,
      0.2791915535926819,
      0.26057353615760803,
      0.23152126371860504,
      0.2120579183101654,
      0.24271173775196075,
      0.2755081355571747,
      0.2057945728302002,
      0.2436266839504242
    ],
    [
      0.3431885540485382,
      0.3368668258190155,
      1.0,
      0.4305301308631897,
      0.3682909905910492,
      0.3261197507381439,
      0.4231135845184326,
      0.515573263168335,
      0.40687891840934753,
      0.3882637023925781,
      0.36060595512390137,
      0.2652011811733246,
      0.3357529640197754,
      0.35600775480270386,
      0.23233012855052948,
      0.2573082745075226
    ],
    [
      0.24064624309539795,
      0.26973915100097656,
      0.4305301308631897,
      1.0,
      0.3111076354980469,
      0.30771806836128235,
      0.3571959435939789,
      0.37171295285224915,
      0.26925355195999146,
      0.34873369336128235,
      0.5029972195625305,
      0.3956403434276581,
      0.3300674855709076,
      0.29844796657562256,
      0.3053789436817169,
      0.38304272294044495
    ],
    [
      0.18864046037197113,
      0.2729717493057251,
      0.3682909905910492,
      0.3111076354980469,
      1.0,
      0.39306744933128357,
      0.37772276997566223,
      0.40212321281433105,
      0.3443322777748108,
      0.3049972951412201,
      0.304422527551651,
      0.36082565784454346,
      0.3392566442489624,
      0.29834890365600586,
      0.3186838924884796,
      0.3054734766483307
    ],
    [
      0.16163364052772522,
      0.23815719783306122,
      0.3261197507381439,
      0.30771806836128235,
      0.39306744933128357,
      1.0,
      0.304535448551178,
      0.44834092259407043,
      0.3901922106742859,
      0.2520194947719574,
      0.259730726480484,
      0.24306252598762512,
      0.28826388716697693,
      0.3130430281162262,
      0.3917858302593231,
      0.3285679221153259
    ],
    [
      0.2943844199180603,
      0.27642256021499634,
      0.4231135845184326,
      0.3571959435939789,
      0.37772276997566223,
      0.304535448551178,
      1.0,
      0.4640767574310303,
      0.3350684344768524,
      0.3489982783794403,
      0.21439117193222046,
      0.3270215392112732,
      0.36374446749687195,
      0.2738432288169861,
      0.29173943400382996,
      0.3658199608325958
    ],
    [
      0.2959325313568115,
      0.2719123363494873,
      0.515573263168335,
      0.37171295285224915,
      0.40212321281433105,
      0.44834092259407043,
      0.4640767574310303,
      1.0,
      0.30923953652381897,
      0.44275036454200745,
      0.2747250497341156,
      0.24228863418102264,
      0.3361353278160095,
      0.3309371769428253,
      0.32219865918159485,
      0.39850059151649475
    ],
    [
      0.35372310876846313,
      0.2791915535926819,
      0.40687891840934753,
      0.26925355195999146,
      0.3443322777748108,
      0.3901922106742859,
      0.3350684344768524,
      0.30923953652381897,
      1.0,
      0.18108755350112915,
      0.2281586229801178,
      0.23630480468273163,
      0.24582642316818237,
      0.2706887125968933,
      0.2560746669769287,
      0.16269414126873016
    ],
    [
      0.17219936847686768,
      0.26057353615760803,
      0.3882637023925781,
      0.34873369336128235,
      0.3049972951412201,
      0.2520194947719574,
      0.3489982783794403,
      0.44275036454200745,
      0.18108755350112915,
      0.9999999403953552,
      0.28108757734298706,
      0.2027915120124817,
      0.2969503104686737,
      0.28314217925071716,
      0.23309306800365448,
      0.23835667967796326
    ],
    [
      0.32322368025779724,
      0.23152126371860504,
      0.36060595512390137,
      0.5029972195625305,
      0.304422527551651,
      0.259730726480484,
      0.21439117193222046,
      0.2747250497341156,
      0.2281586229801178,
      0.28108757734298706,
      1.0,
      0.3067238926887512,
      0.29268985986709595,
      0.27871793508529663,
      0.28607040643692017,
      0.30909958481788635
    ],
    [
      0.2335890829563141,
      0.2120579183101654,
      0.2652011811733246,
      0.3956403434276581,
      0.36082565784454346,
      0.24306252598762512,
      0.3270215392112732,
      0.24228863418102264,
      0.23630480468273163,
      0.2027915120124817,
      0.3067238926887512,
      1.0,
      0.28391319513320923,
      0.17629516124725342,
      0.2688252329826355,
      0.3934607207775116
    ],
    [
      0.270754873752594,
      0.24271173775196075,
      0.3357529640197754,
      0.3300674855709076,
      0.3392566442489624,
      0.28826388716697693,
      0.36374446749687195,
      0.3361353278160095,
      0.24582642316818237,
      0.2969503104686737,
      0.29268985986709595,
      0.28391319513320923,
      1.0,
      0.3756020665168762,
      0.5394923686981201,
      0.3848913609981537
    ],
    [
      0.1813921183347702,
      0.2755081355571747,
      0.35600775480270386,
      0.29844796657562256,
      0.29834890365600586,
      0.3130430281162262,
      0.2738432288169861,
      0.3309371769428253,
      0.2706887125968933,
      0.28314217925071716,
      0.27871793508529663,
      0.17629516124725342,
      0.3756020665168762,
      1.0,
      0.43154722452163696,
      0.2654784917831421
    ],
    [
      0.163161501288414,
      0.2057945728302002,
      0.23233012855052948,
      0.3053789436817169,
      0.3186838924884796,
      0.3917858302593231,
      0.29173943400382996,
      0.32219865918159485,
      0.2560746669769287,
      0.23309306800365448,
      0.28607040643692017,
      0.2688252329826355,
      0.5394923686981201,
      0.43154722452163696,
      1.0,
      0.402849942445755
    ],
    [
      0.24513432383537292,
      0.2436266839504242,
      0.2573082745075226,
      0.38304272294044495,
      0.3054734766483307,
      0.3285679221153259,
      0.3658199608325958,
      0.39850059151649475,
      0.16269414126873016,
      0.23835667967796326,
      0.30909958481788635,
      0.3934607207775116,
      0.3848913609981537,
      0.2654784917831421,
      0.402849942445755,
      1.0000001192092896
    ]
  ]
}