{"game_number":145,"words":["AGENT","ASSET","MOLE","SLEEPER","FOOT","LINE","METER","VERSE","COUCH","IMPLY","INTIMATE","SUGGEST","KELVIN","OKAY","POTASSIUM","THOUSAND"],"adjacency_matrix":[[1.0,0.45722171664237976,0.3618760108947754,0.45511671900749207,0.24208515882492065,0.35845881700515747,0.1873149573802948,0.21808739006519318,0.3111165463924408,0.30866435170173645,0.33433276414871216,0.29207971692085266,0.03146374598145485,0.2647290825843811,0.28351280093193054,0.1895293891429901],[0.45722171664237976,1.0,0.32140621542930603,0.33957231044769287,0.27548807859420776,0.40767428278923035,0.26711443066596985,0.21154789626598358,0.22563470900058746,0.291139155626297,0.35854095220565796,0.24750444293022156,0.08207360655069351,0.23915396630764008,0.20920516550540924,0.16961932182312012],[0.3618760108947754,0.32140621542930603,0.9999999403953552,0.36845365166664124,0.3857775926589966,0.2760345935821533,0.3014979958534241,0.17987023293972015,0.2786959409713745,0.19915249943733215,0.3043586015701294,0.22417373955249786,0.3148593306541443,0.2466294765472412,0.30007338523864746,0.22767934203147888],[0.45511671900749207,0.33957231044769287,0.36845365166664124,0.9999999403953552,0.2930765450000763,0.3725551962852478,0.23971901834011078,0.19502069056034088,0.419492244720459,0.22360579669475555,0.2978499233722687,0.238190159201622,0.07528693974018097,0.21303293108940125,0.22551409900188446,0.17614783346652985],[0.24208515882492065,0.27548807859420776,0.3857775926589966,0.2930765450000763,1.0,0.49309590458869934,0.5520007014274597,0.27569636702537537,0.40323084592819214,0.2411457747220993,0.26249268651008606,0.22079625725746155,0.1838320642709732,0.17421187460422516,0.1708810180425644,0.4138522744178772],[0.35845881700515747,0.40767428278923035,0.2760345935821533,0.3725551962852478,0.49309590458869934,1.0,0.4450538754463196,0.49454352259635925,0.3626774251461029,0.4010620415210724,0.37724754214286804,0.4003743529319763,0.1104852557182312,0.35849303007125854,0.22265523672103882,0.26771777868270874],[0.1873149573802948,0.26711443066596985,0.3014979958534241,0.23971901834011078,0.5520007014274597,0.4450538754463196,1.0,0.4063950777053833,0.2545161247253418,0.22816091775894165,0.2510487735271454,0.21299141645431519,0.30339688062667847,0.2543255686759949,0.25994282960891724,0.3493158519268036],[0.21808739006519318,0.21154789626598358,0.17987023293972015,0.19502069056034088,0.27569636702537537,0.49454352259635925,0.4063950777053833,1.0,0.23711663484573364,0.2997410297393799,0.37072381377220154,0.3296489119529724,0.12022344768047333,0.2668994069099426,0.10751421004533768,0.28094857931137085],[0.3111165463924408,0.22563470900058746,0.2786959409713745,0.419492244720459,0.40323084592819214,0.3626774251461029,0.2545161247253418,0.23711663484573364,1.0,0.27049487829208374,0.31120163202285767,0.32638490200042725,0.09474851191043854,0.26207560300827026,0.2504298985004425,0.21903854608535767],[0.30866435170173645,0.291139155626297,0.19915249943733215,0.22360579669475555,0.2411457747220993,0.4010620415210724,0.22816091775894165,0.2997410297393799,0.27049487829208374,1.0,0.3716486990451813,0.6909264922142029,0.17234499752521515,0.43197527527809143,0.19271333515644073,0.20814312994480133],[0.33433276414871216,0.35854095220565796,0.3043586015701294,0.2978499233722687,0.26249268651008606,0.37724754214286804,0.2510487735271454,0.37072381377220154,0.31120163202285767,0.3716486990451813,0.9999999403953552,0.36514919996261597,0.18515272438526154,0.3427235782146454,0.1879299283027649,0.25474977493286133],[0.29207971692085266,0.24750444293022156,0.22417373955249786,0.238190159201622,0.22079625725746155,0.4003743529319763,0.21299141645431519,0.3296489119529724,0.32638490200042725,0.6909264922142029,0.36514919996261597,1.0,0.0979805439710617,0.4667373597621918,0.24220643937587738,0.2539180815219879],[0.03146374598145485,0.08207360655069351,0.3148593306541443,0.07528693974018097,0.1838320642709732,0.1104852557182312,0.30339688062667847,0.12022344768047333,0.09474851191043854,0.17234499752521515,0.18515272438526154,0.0979805439710617,0.9999999403953552,0.18545827269554138,0.19465380907058716,0.3033372461795807],[0.2647290825843811,0.23915396630764008,0.2466294765472412,0.21303293108940125,0.17421187460422516,0.35849303007125854,0.2543255686759949,0.2668994069099426,0.26207560300827026,0.43197527527809143,0.3427235782146454,0.4667373597621918,0.18545827269554138,1.0,0.18008966743946075,0.22308608889579773],[0.28351280093193054,0.20920516550540924,0.30007338523864746,0.22551409900188446,0.1708810180425644,0.22265523672103882,0.25994282960891724,0.10751421004533768,0.2504298985004425,0.19271333515644073,0.1879299283027649,0.24220643937587738,0.19465380907058716,0.18008966743946075,1.0,0.15792763233184814],[0.1895293891429901,0.16961932182312012,0.22767934203147888,0.17614783346652985,0.4138522744178772,0.26771777868270874,0.3493158519268036,0.28094857931137085,0.21903854608535767,0.20814312994480133,0.25474977493286133,0.2539180815219879,0.3033372461795807,0.22308608889579773,0.15792763233184814,0.9999999403953552]]}