{
  "game_number": 306,
  "words": [
    "CON",
    "HUSTLE",
    "RACKET",
    "STING",
    "EAGLE",
    "PYRAMID",
    "SEAL",
    "WASHINGTON",
    "BRITISH",
    "NORTHWEST",
    "NOVA",
    "PRINCE",
    "ADAGE",
    "CHESTNUT",
    "MAXIM",
    "SAW"
  ],
  "adjacency_matrix": [
    [
      1.0,
      0.3679247498512268,
      0.3522131145000458,
      0.22829891741275787,
      0.19705449044704437,
      0.2751424312591553,
      0.2668282985687256,
      0.2916576862335205,
      0.3083430826663971,
      0.1733093112707138,
      0.27347564697265625,
      0.29093068838119507,
      0.3032562732696533,
      0.26839131116867065,
      0.27026310563087463,
      0.19707782566547394
    ],
    [
      0.3679247498512268,
      1.0,
      0.449720174074173,
      0.3746001720428467,
      0.22902144491672516,
      0.22440847754478455,
      0.31299707293510437,
      0.33218011260032654,
      0.260748028755188,
      0.2930287718772888,
      0.18075814843177795,
      0.25342413783073425,
      0.33060911297798157,
      0.2070227712392807,
      0.2829553484916687,
      0.2778071463108063
    ],
    [
      0.3522131145000458,
      0.449720174074173,
      1.0,
      0.4030095040798187,
      0.24243248999118805,
      0.3651241660118103,
      0.2753259539604187,
      0.24800382554531097,
      0.32916972041130066,
      0.20366959273815155,
      0.17956696450710297,
      0.27767011523246765,
      0.2534946799278259,
      0.2916393280029297,
      0.24165020883083344,
      0.22427213191986084
    ],
    [
      0.22829891741275787,
      0.3746001720428467,
      0.4030095040798187,
      1.0,
      0.25977641344070435,
      0.19831690192222595,
      0.3324669599533081,
      0.2056976556777954,
      0.2575059235095978,
      0.13128149509429932,
      0.1358651965856552,
      0.2129175066947937,
      0.25383421778678894,
      0.21903930604457855,
      0.17196449637413025,
      0.3468690812587738
    ],
    [
      0.19705449044704437,
      0.22902144491672516,
      0.24243248999118805,
      0.25977641344070435,
      1.0,
      0.2998943626880646,
      0.48211869597435,
      0.261309951543808,
      0.24710926413536072,
      0.28237810730934143,
      0.23571588099002838,
      0.40952688455581665,
      0.29768744111061096,
      0.3953522741794586,
      0.2799796462059021,
      0.26554161310195923
    ],
    [
      0.2751424312591553,
      0.22440847754478455,
      0.3651241660118103,
      0.19831690192222595,
      0.2998943626880646,
      1.0,
      0.30466488003730774,
      0.2083655297756195,
      0.21730050444602966,
      0.2549166679382324,
      0.17139050364494324,
      0.317588746547699,
      0.26617878675460815,
      0.2598491907119751,
      0.21846458315849304,
      0.21546383202075958
    ],
    [
      0.2668282985687256,
      0.31299707293510437,
      0.2753259539604187,
      0.3324669599533081,
      0.48211869597435,
      0.30466488003730774,
      1.0,
      0.35261836647987366,
      0.29769131541252136,
      0.2798616588115692,
      0.13464944064617157,
      0.3702097535133362,
      0.29977133870124817,
      0.254880428314209,
      0.23277989029884338,
      0.2761733829975128
    ],
    [
      0.2916576862335205,
      0.33218011260032654,
      0.24800382554531097,
      0.2056976556777954,
      0.261309951543808,
      0.2083655297756195,
      0.35261836647987366,
      0.9999999403953552,
      0.45325854420661926,
      0.39300626516342163,
      0.25761550664901733,
      0.3662360608577728,
      0.2119044065475464,
      0.330917626619339,
      0.16000495851039886,
      0.2985304892063141
    ],
    [
      0.3083430826663971,
      0.260748028755188,
      0.32916972041130066,
      0.2575059235095978,
      0.24710926413536072,
      0.21730050444602966,
      0.29769131541252136,
      0.45325854420661926,
      1.0,
      0.22449681162834167,
      0.17976132035255432,
      0.42290565371513367,
      0.26205092668533325,
      0.3409074544906616,
      0.26547253131866455,
      0.2856491208076477
    ],
    [
      0.1733093112707138,
      0.2930287718772888,
      0.20366959273815155,
      0.13128149509429932,
      0.28237810730934143,
      0.2549166679382324,
      0.2798616588115692,
      0.39300626516342163,
      0.22449681162834167,
      1.0,
      0.1809072643518448,
      0.27166566252708435,
      0.15362399816513062,
      0.2157430350780487,
      0.0826227068901062,
      0.20504280924797058
    ],
    [
      0.27347564697265625,
      0.18075814843177795,
      0.17956696450710297,
      0.1358651965856552,
      0.23571588099002838,
      0.17139050364494324,
      0.13464944064617157,
      0.25761550664901733,
      0.17976132035255432,
      0.1809072643518448,
      1.0,
      0.21147464215755463,
      0.10524214804172516,
      0.28602099418640137,
      0.19301795959472656,
      0.19266101717948914
    ],
    [
      0.29093068838119507,
      0.25342413783073425,
      0.27767011523246765,
      0.2129175066947937,
      0.40952688455581665,
      0.317588746547699,
      0.3702097535133362,
      0.3662360608577728,
      0.42290565371513367,
      0.27166566252708435,
      0.21147464215755463,
      1.0,
      0.3282150626182556,
      0.3574252128601074,
      0.3302936553955078,
      0.31879329681396484
    ],
    [
      0.3032562732696533,
      0.33060911297798157,
      0.2534946799278259,
      0.25383421778678894,
      0.29768744111061096,
      0.26617878675460815,
      0.29977133870124817,
      0.2119044065475464,
      0.26205092668533325,
      0.15362399816513062,
      0.10524214804172516,
      0.3282150626182556,
      1.0,
      0.3792690932750702,
      0.7715498805046082,
      0.22930410504341125
    ],
    [
      0.26839131116867065,
      0.2070227712392807,
      0.2916393280029297,
      0.21903930604457855,
      0.3953522741794586,
      0.2598491907119751,
      0.254880428314209,
      0.330917626619339,
      0.3409074544906616,
      0.2157430350780487,
      0.28602099418640137,
      0.3574252128601074,
      0.3792690932750702,
      1.0,
      0.32133182883262634,
      0.21682900190353394
    ],
    [
      0.27026310563087463,
      0.2829553484916687,
      0.24165020883083344,
      0.17196449637413025,
      0.2799796462059021,
      0.21846458315849304,
      0.23277989029884338,
      0.16000495851039886,
      0.26547253131866455,
      0.0826227068901062,
      0.19301795959472656,
      0.3302936553955078,
      0.7715498805046082,
      0.32133182883262634,
      0.9999999403953552,
      0.17937155067920685
    ],
    [
      0.19707782566547394,
      0.2778071463108063,
      0.22427213191986084,
      0.3468690812587738,
      0.26554161310195923,
      0.21546383202075958,
      0.2761733829975128,
      0.2985304892063141,
      0.2856491208076477,
      0.20504280924797058,
      0.19266101717948914,
      0.31879329681396484,
      0.22930410504341125,
      0.21682900190353394,
      0.17937155067920685,
      1.0
    ]
  ]
}