{"game_number":209,"words":["BABY","BOO","DEAR","LOVE","LINE","POINT","RAY","SEGMENT","ENERGY","FIRE","JUICE","ZIP","AGENT","CODE","SANTA","SAUCE"],"adjacency_matrix":[[1.0,0.40115979313850403,0.3841315507888794,0.4168343245983124,0.3304702639579773,0.27769702672958374,0.3392430543899536,0.2954114079475403,0.2890661656856537,0.2943307161331177,0.3759300112724304,0.24204076826572418,0.303531289100647,0.2187940627336502,0.3613772690296173,0.3629080653190613],[0.40115979313850403,1.0,0.3461471199989319,0.3418428897857666,0.27876389026641846,0.3282218873500824,0.24109217524528503,0.25133493542671204,0.17069277167320251,0.29993826150894165,0.25256016850471497,0.24686618149280548,0.23017562925815582,0.24989663064479828,0.35841041803359985,0.2747824788093567],[0.3841315507888794,0.3461471199989319,1.0,0.574009895324707,0.37669727206230164,0.46774324774742126,0.23162885010242462,0.21871429681777954,0.24918532371520996,0.27798208594322205,0.2055591642856598,0.2096942961215973,0.2883363366127014,0.2245440036058426,0.3129380941390991,0.2409200370311737],[0.4168343245983124,0.3418428897857666,0.574009895324707,1.0,0.40924715995788574,0.3654244840145111,0.31839069724082947,0.2692504823207855,0.4045785665512085,0.39834463596343994,0.30590903759002686,0.28358304500579834,0.31942036747932434,0.3097385764122009,0.3016336262226105,0.3394855558872223],[0.3304702639579773,0.27876389026641846,0.37669727206230164,0.40924715995788574,1.0,0.5855306386947632,0.345747709274292,0.5576424598693848,0.3256458342075348,0.4185929000377655,0.3484630286693573,0.3924058675765991,0.35845881700515747,0.5285747051239014,0.2607059180736542,0.35328787565231323],[0.27769702672958374,0.3282218873500824,0.46774324774742126,0.3654244840145111,0.5855306386947632,1.0000001192092896,0.3249060809612274,0.44204476475715637,0.3361169099807739,0.3521845042705536,0.24292702972888947,0.2602689564228058,0.3482014238834381,0.33929571509361267,0.187057226896286,0.24477754533290863],[0.3392430543899536,0.24109217524528503,0.23162885010242462,0.31839069724082947,0.345747709274292,0.3249060809612274,1.0,0.29862233996391296,0.3943594694137573,0.352661669254303,0.37638866901397705,0.2534618675708771,0.2776363790035248,0.26046907901763916,0.2945188879966736,0.2657831609249115],[0.2954114079475403,0.25133493542671204,0.21871429681777954,0.2692504823207855,0.5576424598693848,0.44204476475715637,0.29862233996391296,1.0,0.26711660623550415,0.2698161005973816,0.2916561961174011,0.26978710293769836,0.3232794404029846,0.38970446586608887,0.17905698716640472,0.31091466546058655],[0.2890661656856537,0.17069277167320251,0.24918532371520996,0.4045785665512085,0.3256458342075348,0.3361169099807739,0.3943594694137573,0.26711660623550415,1.0,0.4138224422931671,0.441271036863327,0.28833067417144775,0.3039676547050476,0.3058519661426544,0.1298999935388565,0.26538336277008057],[0.2943307161331177,0.29993826150894165,0.27798208594322205,0.39834463596343994,0.4185929000377655,0.3521845042705536,0.352661669254303,0.2698161005973816,0.4138224422931671,1.0,0.3341069519519806,0.2807830274105072,0.3626956641674042,0.3332913815975189,0.28471437096595764,0.3441029191017151],[0.3759300112724304,0.25256016850471497,0.2055591642856598,0.30590903759002686,0.3484630286693573,0.24292702972888947,0.37638866901397705,0.2916561961174011,0.441271036863327,0.3341069519519806,1.0,0.3219783306121826,0.29514315724372864,0.27899855375289917,0.34979450702667236,0.5468685030937195],[0.24204076826572418,0.24686618149280548,0.2096942961215973,0.28358304500579834,0.3924058675765991,0.2602689564228058,0.2534618675708771,0.26978710293769836,0.28833067417144775,0.2807830274105072,0.3219783306121826,1.0,0.1468256562948227,0.5459872484207153,0.29159438610076904,0.3201158046722412],[0.303531289100647,0.23017562925815582,0.2883363366127014,0.31942036747932434,0.35845881700515747,0.3482014238834381,0.2776363790035248,0.3232794404029846,0.3039676547050476,0.3626956641674042,0.29514315724372864,0.1468256562948227,1.0,0.3062734603881836,0.30180320143699646,0.2926778793334961],[0.2187940627336502,0.24989663064479828,0.2245440036058426,0.3097385764122009,0.5285747051239014,0.33929571509361267,0.26046907901763916,0.38970446586608887,0.3058519661426544,0.3332913815975189,0.27899855375289917,0.5459872484207153,0.3062734603881836,0.9999999403953552,0.21429377794265747,0.2778156101703644],[0.3613772690296173,0.35841041803359985,0.3129380941390991,0.3016336262226105,0.2607059180736542,0.187057226896286,0.2945188879966736,0.17905698716640472,0.1298999935388565,0.28471437096595764,0.34979450702667236,0.29159438610076904,0.30180320143699646,0.21429377794265747,1.0,0.33032792806625366],[0.3629080653190613,0.2747824788093567,0.2409200370311737,0.3394855558872223,0.35328787565231323,0.24477754533290863,0.2657831609249115,0.31091466546058655,0.26538336277008057,0.3441029191017151,0.5468685030937195,0.3201158046722412,0.2926778793334961,0.2778156101703644,0.33032792806625366,1.0]]}