{
  "game_number": 140,
  "words": [
    "BOWL",
    "LADLE",
    "POT",
    "SPOON",
    "CHARACTER",
    "INDIVIDUAL",
    "PARTY",
    "PERSON",
    "ALIEN",
    "AVATAR",
    "DUNE",
    "TRON",
    "BIO",
    "PLAYER",
    "STAT",
    "TEAM"
  ],
  "adjacency_matrix": [
    [
      1.0,
      0.5307813882827759,
      0.5780966281890869,
      0.6424936056137085,
      0.2745411694049835,
      0.3123982846736908,
      0.35132187604904175,
      0.3241860568523407,
      0.23820216953754425,
      0.3196485638618469,
      0.32388749718666077,
      0.47557690739631653,
      0.2118409425020218,
      0.4113937020301819,
      0.3372567594051361,
      0.40720921754837036
    ],
    [
      0.5307813882827759,
      1.0,
      0.5339299440383911,
      0.6374326944351196,
      0.29310858249664307,
      0.26507481932640076,
      0.27653881907463074,
      0.32453885674476624,
      0.21919462084770203,
      0.2565193474292755,
      0.16827978193759918,
      0.47855374217033386,
      0.18619872629642487,
      0.2934269309043884,
      0.2120482474565506,
      0.23849979043006897
    ],
    [
      0.5780966281890869,
      0.5339299440383911,
      1.0,
      0.5517849922180176,
      0.2732250392436981,
      0.3387511670589447,
      0.3371228873729706,
      0.305848091840744,
      0.29520684480667114,
      0.29042917490005493,
      0.2693937420845032,
      0.4142524003982544,
      0.2051316648721695,
      0.32949283719062805,
      0.31328460574150085,
      0.2763814926147461
    ],
    [
      0.6424936056137085,
      0.6374326944351196,
      0.5517849922180176,
      0.9999999403953552,
      0.2595214545726776,
      0.2449725717306137,
      0.2926531136035919,
      0.3103531002998352,
      0.2722369134426117,
      0.2794225513935089,
      0.1808730959892273,
      0.42111024260520935,
      0.22149042785167694,
      0.29177558422088623,
      0.23262465000152588,
      0.19867832958698273
    ],
    [
      0.2745411694049835,
      0.29310858249664307,
      0.2732250392436981,
      0.2595214545726776,
      1.0,
      0.5181456208229065,
      0.42313286662101746,
      0.5445807576179504,
      0.47787532210350037,
      0.5384708046913147,
      0.3043019771575928,
      0.43323129415512085,
      0.37982842326164246,
      0.511081337928772,
      0.3886440694332123,
      0.3720630705356598
    ],
    [
      0.3123982846736908,
      0.26507481932640076,
      0.3387511670589447,
      0.2449725717306137,
      0.5181456208229065,
      0.9999999403953552,
      0.4842279851436615,
      0.6833930015563965,
      0.43727102875709534,
      0.41595497727394104,
      0.2758772671222687,
      0.3421626091003418,
      0.33902934193611145,
      0.47846072912216187,
      0.3309219777584076,
      0.5051616430282593
    ],
    [
      0.35132187604904175,
      0.27653881907463074,
      0.3371228873729706,
      0.2926531136035919,
      0.42313286662101746,
      0.4842279851436615,
      1.0,
      0.5570964813232422,
      0.3567430078983307,
      0.4070606231689453,
      0.23148056864738464,
      0.38340896368026733,
      0.2934704124927521,
      0.44799932837486267,
      0.3296632170677185,
      0.5149940252304077
    ],
    [
      0.3241860568523407,
      0.32453885674476624,
      0.305848091840744,
      0.3103531002998352,
      0.5445807576179504,
      0.6833930015563965,
      0.5570964813232422,
      1.0,
      0.43017059564590454,
      0.46787863969802856,
      0.21190616488456726,
      0.3577752411365509,
      0.40176352858543396,
      0.5570309162139893,
      0.3103193938732147,
      0.5008832216262817
    ],
    [
      0.23820216953754425,
      0.21919462084770203,
      0.29520684480667114,
      0.2722369134426117,
      0.47787532210350037,
      0.43727102875709534,
      0.3567430078983307,
      0.43017059564590454,
      0.9999999403953552,
      0.45460245013237,
      0.3204033672809601,
      0.4037642776966095,
      0.20764859020709991,
      0.3289206624031067,
      0.2658449709415436,
      0.28197360038757324
    ],
    [
      0.3196485638618469,
      0.2565193474292755,
      0.29042917490005493,
      0.2794225513935089,
      0.5384708046913147,
      0.41595497727394104,
      0.4070606231689453,
      0.46787863969802856,
      0.45460245013237,
      0.9999999403953552,
      0.251088947057724,
      0.4724425971508026,
      0.33774077892303467,
      0.5061624050140381,
      0.384833961725235,
      0.34032323956489563
    ],
    [
      0.32388749718666077,
      0.16827978193759918,
      0.2693937420845032,
      0.1808730959892273,
      0.3043019771575928,
      0.2758772671222687,
      0.23148056864738464,
      0.21190616488456726,
      0.3204033672809601,
      0.251088947057724,
      1.0,
      0.32441848516464233,
      0.19856883585453033,
      0.2806101441383362,
      0.2532005310058594,
      0.3078262507915497
    ],
    [
      0.47557690739631653,
      0.47855374217033386,
      0.4142524003982544,
      0.42111024260520935,
      0.43323129415512085,
      0.3421626091003418,
      0.38340896368026733,
      0.3577752411365509,
      0.4037642776966095,
      0.4724425971508026,
      0.32441848516464233,
      1.0,
      0.346458375453949,
      0.4257436692714691,
      0.4571632742881775,
      0.3466495871543884
    ],
    [
      0.2118409425020218,
      0.18619872629642487,
      0.2051316648721695,
      0.22149042785167694,
      0.37982842326164246,
      0.33902934193611145,
      0.2934704124927521,
      0.40176352858543396,
      0.20764859020709991,
      0.33774077892303467,
      0.19856883585453033,
      0.346458375453949,
      1.0,
      0.3524092733860016,
      0.40898627042770386,
      0.3050360679626465
    ],
    [
      0.4113937020301819,
      0.2934269309043884,
      0.32949283719062805,
      0.29177558422088623,
      0.511081337928772,
      0.47846072912216187,
      0.44799932837486267,
      0.5570309162139893,
      0.3289206624031067,
      0.5061624050140381,
      0.2806101441383362,
      0.4257436692714691,
      0.3524092733860016,
      1.0,
      0.44618338346481323,
      0.6420758962631226
    ],
    [
      0.3372567594051361,
      0.2120482474565506,
      0.31328460574150085,
      0.23262465000152588,
      0.3886440694332123,
      0.3309219777584076,
      0.3296632170677185,
      0.3103193938732147,
      0.2658449709415436,
      0.384833961725235,
      0.2532005310058594,
      0.4571632742881775,
      0.40898627042770386,
      0.44618338346481323,
      1.0,
      0.4257816672325134
    ],
    [
      0.40720921754837036,
      0.23849979043006897,
      0.2763814926147461,
      0.19867832958698273,
      0.3720630705356598,
      0.5051616430282593,
      0.5149940252304077,
      0.5008832216262817,
      0.28197360038757324,
      0.34032323956489563,
      0.3078262507915497,
      0.3466495871543884,
      0.3050360679626465,
      0.6420758962631226,
      0.4257816672325134,
      1.0
    ]
  ]
}