{
  "game_number": 565,
  "words": [
    "BUTTON",
    "COLLAR",
    "CUFF",
    "POCKET",
    "BOND",
    "LINK",
    "RELATION",
    "TIE",
    "DOZEN",
    "JOKE",
    "LAUNDRY",
    "MARTINI",
    "BRIGHT",
    "CLEVER",
    "QUICK",
    "SHARP"
  ],
  "adjacency_matrix": [
    [
      1.0,
      0.43077322840690613,
      0.3841373026371002,
      0.38440442085266113,
      0.20801404118537903,
      0.4071137309074402,
      0.2727486491203308,
      0.33614519238471985,
      0.22604598104953766,
      0.2934141457080841,
      0.20885036885738373,
      0.24412435293197632,
      0.2684398293495178,
      0.2289235144853592,
      0.31938910484313965,
      0.24386774003505707
    ],
    [
      0.43077322840690613,
      1.0,
      0.5439266562461853,
      0.4640136659145355,
      0.38686591386795044,
      0.3622280955314636,
      0.3516843318939209,
      0.4996545910835266,
      0.23663721978664398,
      0.2980073094367981,
      0.33915576338768005,
      0.32228684425354004,
      0.39799270033836365,
      0.29326117038726807,
      0.29264312982559204,
      0.4193762242794037
    ],
    [
      0.3841373026371002,
      0.5439266562461853,
      0.9999999403953552,
      0.4518910050392151,
      0.2604837119579315,
      0.2949507236480713,
      0.2504652142524719,
      0.4104882478713989,
      0.17486721277236938,
      0.365585595369339,
      0.24129413068294525,
      0.28409942984580994,
      0.22675368189811707,
      0.277133971452713,
      0.31721192598342896,
      0.3383856415748596
    ],
    [
      0.38440442085266113,
      0.4640136659145355,
      0.4518910050392151,
      1.0,
      0.32242971658706665,
      0.3104182779788971,
      0.3006618618965149,
      0.39405378699302673,
      0.3015821874141693,
      0.314371794462204,
      0.39546719193458557,
      0.3192910850048065,
      0.3390218913555145,
      0.3345471918582916,
      0.33972495794296265,
      0.38797062635421753
    ],
    [
      0.20801404118537903,
      0.38686591386795044,
      0.2604837119579315,
      0.32242971658706665,
      1.0,
      0.3831090033054352,
      0.49790242314338684,
      0.47999343276023865,
      0.10599209368228912,
      0.33752310276031494,
      0.25572022795677185,
      0.3007044792175293,
      0.23597295582294464,
      0.260878324508667,
      0.26435619592666626,
      0.31150275468826294
    ],
    [
      0.4071137309074402,
      0.3622280955314636,
      0.2949507236480713,
      0.3104182779788971,
      0.3831090033054352,
      1.0,
      0.513360321521759,
      0.5305373668670654,
      0.2260051965713501,
      0.40704405307769775,
      0.25801482796669006,
      0.21580980718135834,
      0.24645133316516876,
      0.2561880350112915,
      0.3097285330295563,
      0.2594723105430603
    ],
    [
      0.2727486491203308,
      0.3516843318939209,
      0.2504652142524719,
      0.3006618618965149,
      0.49790242314338684,
      0.513360321521759,
      1.0,
      0.4749848544597626,
      0.1576186865568161,
      0.4059087634086609,
      0.30262523889541626,
      0.23864838480949402,
      0.28426751494407654,
      0.27875036001205444,
      0.2782621681690216,
      0.3407149016857147
    ],
    [
      0.33614519238471985,
      0.4996545910835266,
      0.4104882478713989,
      0.39405378699302673,
      0.47999343276023865,
      0.5305373668670654,
      0.4749848544597626,
      1.0,
      0.21092818677425385,
      0.35249853134155273,
      0.2847919464111328,
      0.27007365226745605,
      0.25319716334342957,
      0.29306110739707947,
      0.3015056550502777,
      0.3172488510608673
    ],
    [
      0.22604598104953766,
      0.23663721978664398,
      0.17486721277236938,
      0.3015821874141693,
      0.10599209368228912,
      0.2260051965713501,
      0.1576186865568161,
      0.21092818677425385,
      1.0,
      0.25647300481796265,
      0.23558309674263,
      0.22278986871242523,
      0.36797454953193665,
      0.34453827142715454,
      0.31240782141685486,
      0.33825555443763733
    ],
    [
      0.2934141457080841,
      0.2980073094367981,
      0.365585595369339,
      0.314371794462204,
      0.33752310276031494,
      0.40704405307769775,
      0.4059087634086609,
      0.35249853134155273,
      0.25647300481796265,
      1.0,
      0.3756081163883209,
      0.302093505859375,
      0.32465890049934387,
      0.5437778234481812,
      0.3790312111377716,
      0.3675021231174469
    ],
    [
      0.20885036885738373,
      0.33915576338768005,
      0.24129413068294525,
      0.39546719193458557,
      0.25572022795677185,
      0.25801482796669006,
      0.30262523889541626,
      0.2847919464111328,
      0.23558309674263,
      0.3756081163883209,
      0.9999999403953552,
      0.26661378145217896,
      0.2626221477985382,
      0.26680755615234375,
      0.3303871154785156,
      0.22385786473751068
    ],
    [
      0.24412435293197632,
      0.32228684425354004,
      0.28409942984580994,
      0.3192910850048065,
      0.3007044792175293,
      0.21580980718135834,
      0.23864838480949402,
      0.27007365226745605,
      0.22278986871242523,
      0.302093505859375,
      0.26661378145217896,
      1.0,
      0.2736416757106781,
      0.23409974575042725,
      0.23445546627044678,
      0.2937206029891968
    ],
    [
      0.2684398293495178,
      0.39799270033836365,
      0.22675368189811707,
      0.3390218913555145,
      0.23597295582294464,
      0.24645133316516876,
      0.28426751494407654,
      0.25319716334342957,
      0.36797454953193665,
      0.32465890049934387,
      0.2626221477985382,
      0.2736416757106781,
      0.9999999403953552,
      0.5599266290664673,
      0.46040716767311096,
      0.6076841950416565
    ],
    [
      0.2289235144853592,
      0.29326117038726807,
      0.277133971452713,
      0.3345471918582916,
      0.260878324508667,
      0.2561880350112915,
      0.27875036001205444,
      0.29306110739707947,
      0.34453827142715454,
      0.5437778234481812,
      0.26680755615234375,
      0.23409974575042725,
      0.5599266290664673,
      0.9999999403953552,
      0.5919913053512573,
      0.5255354642868042
    ],
    [
      0.31938910484313965,
      0.29264312982559204,
      0.31721192598342896,
      0.33972495794296265,
      0.26435619592666626,
      0.3097285330295563,
      0.2782621681690216,
      0.3015056550502777,
      0.31240782141685486,
      0.3790312111377716,
      0.3303871154785156,
      0.23445546627044678,
      0.46040716767311096,
      0.5919913053512573,
      0.9999998807907104,
      0.5843915343284607
    ],
    [
      0.24386774003505707,
      0.4193762242794037,
      0.3383856415748596,
      0.38797062635421753,
      0.31150275468826294,
      0.2594723105430603,
      0.3407149016857147,
      0.3172488510608673,
      0.33825555443763733,
      0.3675021231174469,
      0.22385786473751068,
      0.2937206029891968,
      0.6076841950416565,
      0.5255354642868042,
      0.5843915343284607,
      1.0
    ]
  ]
}