{
  "game_number": 162,
  "words": [
    "LIGHT",
    "LOW",
    "SHORT",
    "SHY",
    "DIRTY",
    "DRY",
    "PERFECT",
    "WET",
    "BIG",
    "PEANUT",
    "ROBOT",
    "TOAD",
    "ACTIVE",
    "FUNCTIONAL",
    "RUNNING",
    "WORKING"
  ],
  "adjacency_matrix": [
    [
      1.0,
      0.4581427574157715,
      0.46481290459632874,
      0.29135674238204956,
      0.3915278911590576,
      0.4480454623699188,
      0.4543706178665161,
      0.4103096127510071,
      0.44716960191726685,
      0.2730520963668823,
      0.24630635976791382,
      0.2662033438682556,
      0.412082701921463,
      0.3969731330871582,
      0.3416408896446228,
      0.37237605452537537
    ],
    [
      0.4581427574157715,
      1.0,
      0.5973386168479919,
      0.40787121653556824,
      0.44520995020866394,
      0.5388005375862122,
      0.4592403173446655,
      0.4629468023777008,
      0.5142375230789185,
      0.274192214012146,
      0.18313643336296082,
      0.20844551920890808,
      0.4497835338115692,
      0.49820253252983093,
      0.4510549306869507,
      0.38447967171669006
    ],
    [
      0.46481290459632874,
      0.5973386168479919,
      1.0,
      0.4486639201641083,
      0.46514639258384705,
      0.5503832101821899,
      0.54807049036026,
      0.4588048756122589,
      0.5591554641723633,
      0.21863532066345215,
      0.27507373690605164,
      0.2571444511413574,
      0.47758811712265015,
      0.48974308371543884,
      0.5141214728355408,
      0.44862255454063416
    ],
    [
      0.29135674238204956,
      0.40787121653556824,
      0.4486639201641083,
      0.9999999403953552,
      0.3870752453804016,
      0.36537185311317444,
      0.3934018611907959,
      0.33865153789520264,
      0.43917399644851685,
      0.20383718609809875,
      0.22350984811782837,
      0.2712956666946411,
      0.35063013434410095,
      0.2601044178009033,
      0.2761104106903076,
      0.3062967360019684
    ],
    [
      0.3915278911590576,
      0.44520995020866394,
      0.46514639258384705,
      0.3870752453804016,
      0.9999999403953552,
      0.5667659640312195,
      0.4384399950504303,
      0.5973447561264038,
      0.5258317589759827,
      0.24511733651161194,
      0.3199370205402374,
      0.29750174283981323,
      0.41216355562210083,
      0.36330446600914,
      0.43056297302246094,
      0.3807982802391052
    ],
    [
      0.4480454623699188,
      0.5388005375862122,
      0.5503832101821899,
      0.36537185311317444,
      0.5667659640312195,
      1.0,
      0.4205326437950134,
      0.8566859364509583,
      0.4287976920604706,
      0.3451848328113556,
      0.1851416677236557,
      0.3410702347755432,
      0.38514065742492676,
      0.39799779653549194,
      0.4325879216194153,
      0.36746758222579956
    ],
    [
      0.4543706178665161,
      0.4592403173446655,
      0.54807049036026,
      0.3934018611907959,
      0.4384399950504303,
      0.4205326437950134,
      1.0,
      0.38959217071533203,
      0.5416411757469177,
      0.22811809182167053,
      0.35484579205513,
      0.2759191393852234,
      0.4522724449634552,
      0.5467313528060913,
      0.42504748702049255,
      0.5158025026321411
    ],
    [
      0.4103096127510071,
      0.4629468023777008,
      0.4588048756122589,
      0.33865153789520264,
      0.5973447561264038,
      0.8566859364509583,
      0.38959217071533203,
      1.0,
      0.41881486773490906,
      0.3120887875556946,
      0.24284692108631134,
      0.37326478958129883,
      0.3505554795265198,
      0.35275304317474365,
      0.42524823546409607,
      0.375182569026947
    ],
    [
      0.44716960191726685,
      0.5142375230789185,
      0.5591554641723633,
      0.43917399644851685,
      0.5258317589759827,
      0.4287976920604706,
      0.5416411757469177,
      0.41881486773490906,
      1.0,
      0.2869071960449219,
      0.30666404962539673,
      0.2682642638683319,
      0.42168480157852173,
      0.48417773842811584,
      0.4465033710002899,
      0.41749194264411926
    ],
    [
      0.2730520963668823,
      0.274192214012146,
      0.21863532066345215,
      0.20383718609809875,
      0.24511733651161194,
      0.3451848328113556,
      0.22811809182167053,
      0.3120887875556946,
      0.2869071960449219,
      1.0,
      0.2946110665798187,
      0.3822129964828491,
      0.21807335317134857,
      0.2559383809566498,
      0.2718357741832733,
      0.21269991993904114
    ],
    [
      0.24630635976791382,
      0.18313643336296082,
      0.27507373690605164,
      0.22350984811782837,
      0.3199370205402374,
      0.1851416677236557,
      0.35484579205513,
      0.24284692108631134,
      0.30666404962539673,
      0.2946110665798187,
      1.0,
      0.333465576171875,
      0.3406457304954529,
      0.3808794915676117,
      0.35423216223716736,
      0.3571755886077881
    ],
    [
      0.2662033438682556,
      0.20844551920890808,
      0.2571444511413574,
      0.2712956666946411,
      0.29750174283981323,
      0.3410702347755432,
      0.2759191393852234,
      0.37326478958129883,
      0.2682642638683319,
      0.3822129964828491,
      0.333465576171875,
      0.9999999403953552,
      0.21707628667354584,
      0.24662640690803528,
      0.22497808933258057,
      0.23116450011730194
    ],
    [
      0.412082701921463,
      0.4497835338115692,
      0.47758811712265015,
      0.35063013434410095,
      0.41216355562210083,
      0.38514065742492676,
      0.4522724449634552,
      0.3505554795265198,
      0.42168480157852173,
      0.21807335317134857,
      0.3406457304954529,
      0.21707628667354584,
      1.0,
      0.5700461268424988,
      0.5009570717811584,
      0.5734176635742188
    ],
    [
      0.3969731330871582,
      0.49820253252983093,
      0.48974308371543884,
      0.2601044178009033,
      0.36330446600914,
      0.39799779653549194,
      0.5467313528060913,
      0.35275304317474365,
      0.48417773842811584,
      0.2559383809566498,
      0.3808794915676117,
      0.24662640690803528,
      0.5700461268424988,
      0.9999999403953552,
      0.3884199857711792,
      0.4472711980342865
    ],
    [
      0.3416408896446228,
      0.4510549306869507,
      0.5141214728355408,
      0.2761104106903076,
      0.43056297302246094,
      0.4325879216194153,
      0.42504748702049255,
      0.42524823546409607,
      0.4465033710002899,
      0.2718357741832733,
      0.35423216223716736,
      0.22497808933258057,
      0.5009570717811584,
      0.3884199857711792,
      1.0,
      0.647477388381958
    ],
    [
      0.37237605452537537,
      0.38447967171669006,
      0.44862255454063416,
      0.3062967360019684,
      0.3807982802391052,
      0.36746758222579956,
      0.5158025026321411,
      0.375182569026947,
      0.41749194264411926,
      0.21269991993904114,
      0.3571755886077881,
      0.23116450011730194,
      0.5734176635742188,
      0.4472711980342865,
      0.647477388381958,
      1.0
    ]
  ]
}