{"game_number":302,"words":["CHAI","COCOA","COFFEE","TEA","BUZZ","CLUCK","MEOW","OINK","BARK","BRANCH","ROOT","TRUNK","DIRT","DISH","SCOOP","SKINNY"],"adjacency_matrix":[[1.0,0.3207542896270752,0.5240143537521362,0.5972028374671936,0.30436277389526367,0.3213781416416168,0.22000107169151306,0.25173404812812805,0.2083357572555542,0.24555495381355286,0.28476482629776,0.17314252257347107,0.2701636254787445,0.38654789328575134,0.318841814994812,0.2689853608608246],[0.3207542896270752,0.9999999403953552,0.69037264585495,0.5570143461227417,0.25465643405914307,0.23505838215351105,0.1854681819677353,0.2322748452425003,0.37719017267227173,0.22496801614761353,0.2736513912677765,0.2192637026309967,0.2998543679714203,0.2321450263261795,0.26168200373649597,0.22983191907405853],[0.5240143537521362,0.69037264585495,1.0,0.7583761215209961,0.3927871882915497,0.30748191475868225,0.1945648193359375,0.21239128708839417,0.31122931838035583,0.298962265253067,0.32404643297195435,0.2374361902475357,0.37707391381263733,0.3656235337257385,0.35119473934173584,0.26625901460647583],[0.5972028374671936,0.5570143461227417,0.7583761215209961,1.0,0.30404308438301086,0.27105286717414856,0.23717854917049408,0.24181580543518066,0.3870694637298584,0.34490761160850525,0.3616441786289215,0.2916359603404999,0.3211832642555237,0.39345866441726685,0.33757585287094116,0.20210200548171997],[0.30436277389526367,0.25465643405914307,0.3927871882915497,0.30404308438301086,1.0,0.4881182909011841,0.31236398220062256,0.3025708496570587,0.3182902932167053,0.23963144421577454,0.3358227610588074,0.2644481062889099,0.3498447835445404,0.3245522379875183,0.43669843673706055,0.32477879524230957],[0.3213781416416168,0.23505838215351105,0.30748191475868225,0.27105286717414856,0.4881182909011841,0.9999999403953552,0.36420583724975586,0.5105724930763245,0.347553014755249,0.2755320966243744,0.3731438219547272,0.2511073350906372,0.38238051533699036,0.4387018382549286,0.38355308771133423,0.3313602805137634],[0.22000107169151306,0.1854681819677353,0.1945648193359375,0.23717854917049408,0.31236398220062256,0.36420583724975586,1.0,0.4257030189037323,0.3740374445915222,0.006528083700686693,0.12924806773662567,0.11016649007797241,0.09436074644327164,0.13912394642829895,0.13410905003547668,0.17181389033794403],[0.25173404812812805,0.2322748452425003,0.21239128708839417,0.24181580543518066,0.3025708496570587,0.5105724930763245,0.4257030189037323,1.0000001192092896,0.2835092842578888,0.1135621890425682,0.17556078732013702,0.1327538639307022,0.30772772431373596,0.3124629259109497,0.2917245030403137,0.3486517369747162],[0.2083357572555542,0.37719017267227173,0.31122931838035583,0.3870694637298584,0.3182902932167053,0.347553014755249,0.3740374445915222,0.2835092842578888,1.0,0.3858233690261841,0.4530602693557739,0.45873913168907166,0.3923174738883972,0.3063150942325592,0.28601571917533875,0.24675028026103973],[0.24555495381355286,0.22496801614761353,0.298962265253067,0.34490761160850525,0.23963144421577454,0.2755320966243744,0.006528083700686693,0.1135621890425682,0.3858233690261841,1.0,0.5212476849555969,0.5846676826477051,0.2383856475353241,0.29011163115501404,0.3166904151439667,0.26649466156959534],[0.28476482629776,0.2736513912677765,0.32404643297195435,0.3616441786289215,0.3358227610588074,0.3731438219547272,0.12924806773662567,0.17556078732013702,0.4530602693557739,0.5212476849555969,1.0,0.5275363922119141,0.4399309456348419,0.41941118240356445,0.36452987790107727,0.2546536326408386],[0.17314252257347107,0.2192637026309967,0.2374361902475357,0.2916359603404999,0.2644481062889099,0.2511073350906372,0.11016649007797241,0.1327538639307022,0.45873913168907166,0.5846676826477051,0.5275363922119141,1.0,0.3717859983444214,0.33841249346733093,0.3709431290626526,0.3814406991004944],[0.2701636254787445,0.2998543679714203,0.37707391381263733,0.3211832642555237,0.3498447835445404,0.38238051533699036,0.09436074644327164,0.30772772431373596,0.3923174738883972,0.2383856475353241,0.4399309456348419,0.3717859983444214,0.9999999403953552,0.43627288937568665,0.4949578046798706,0.3785916566848755],[0.38654789328575134,0.2321450263261795,0.3656235337257385,0.39345866441726685,0.3245522379875183,0.4387018382549286,0.13912394642829895,0.3124629259109497,0.3063150942325592,0.29011163115501404,0.41941118240356445,0.33841249346733093,0.43627288937568665,0.9999999403953552,0.5502248406410217,0.3205251693725586],[0.318841814994812,0.26168200373649597,0.35119473934173584,0.33757585287094116,0.43669843673706055,0.38355308771133423,0.13410905003547668,0.2917245030403137,0.28601571917533875,0.3166904151439667,0.36452987790107727,0.3709431290626526,0.4949578046798706,0.5502248406410217,1.0,0.3459688425064087],[0.2689853608608246,0.22983191907405853,0.26625901460647583,0.20210200548171997,0.32477879524230957,0.3313602805137634,0.17181389033794403,0.3486517369747162,0.24675028026103973,0.26649466156959534,0.2546536326408386,0.3814406991004944,0.3785916566848755,0.3205251693725586,0.3459688425064087,1.0]]}