{"game_number":90,"words":["BRIDGE","CRUNCH","DIP","SQUAT","BOUNTY","COWBOY","DUEL","SALOON","CARTER","GORE","KING","TUTU","BUSY","HONEY","QUEEN","SPELLING"],"adjacency_matrix":[[1.0,0.2952788174152374,0.33295756578445435,0.3171776831150055,0.3227739930152893,0.23528021574020386,0.38935786485671997,0.357553631067276,0.3274010717868805,0.20133301615715027,0.2921226918697357,0.15225940942764282,0.3462395966053009,0.21430936455726624,0.27720117568969727,0.2975790798664093],[0.2952788174152374,1.0,0.4853890836238861,0.30423703789711,0.28242337703704834,0.22923707962036133,0.29467692971229553,0.21614544093608856,0.27063825726509094,0.2939681112766266,0.2024940550327301,0.15437276661396027,0.3782118260860443,0.31577742099761963,0.21006231009960175,0.21681025624275208],[0.33295756578445435,0.4853890836238861,1.0,0.3011202812194824,0.28761085867881775,0.2557363212108612,0.22125686705112457,0.20928578078746796,0.2036769986152649,0.307352751493454,0.2419835478067398,0.29086822271347046,0.2487754076719284,0.3540615141391754,0.24595113098621368,0.2651081085205078],[0.3171776831150055,0.30423703789711,0.3011202812194824,1.0,0.18826906383037567,0.29960328340530396,0.19760404527187347,0.36845868825912476,0.2792055308818817,0.16749632358551025,0.21175546944141388,0.31287914514541626,0.30356094241142273,0.2307845801115036,0.2181418389081955,0.2257835865020752],[0.3227739930152893,0.28242337703704834,0.28761085867881775,0.18826906383037567,1.0,0.28549471497535706,0.29232197999954224,0.3047380745410919,0.2658906877040863,0.31456294655799866,0.2999677360057831,0.13359418511390686,0.21756407618522644,0.3552234172821045,0.2739149332046509,0.21231533586978912],[0.23528021574020386,0.22923707962036133,0.2557363212108612,0.29960328340530396,0.28549471497535706,1.0,0.29365667700767517,0.4825720191001892,0.42747434973716736,0.3273603618144989,0.3267293870449066,0.3096438944339752,0.2774190902709961,0.26739493012428284,0.28079745173454285,0.2285650372505188],[0.38935786485671997,0.29467692971229553,0.22125686705112457,0.19760404527187347,0.29232197999954224,0.29365667700767517,1.0,0.36722680926322937,0.2745397984981537,0.2949944734573364,0.33810317516326904,0.21894417703151703,0.20654422044754028,0.18912622332572937,0.31657323241233826,0.35101327300071716],[0.357553631067276,0.21614544093608856,0.20928578078746796,0.36845868825912476,0.3047380745410919,0.4825720191001892,0.36722680926322937,1.0,0.37180179357528687,0.18866999447345734,0.28289997577667236,0.14729861915111542,0.2532922029495239,0.2367940992116928,0.26491743326187134,0.16160790622234344],[0.3274010717868805,0.27063825726509094,0.2036769986152649,0.2792055308818817,0.2658906877040863,0.42747434973716736,0.2745397984981537,0.37180179357528687,1.0,0.3247295022010803,0.458829790353775,0.3634844124317169,0.2743733525276184,0.2806388735771179,0.40600305795669556,0.2679463028907776],[0.20133301615715027,0.2939681112766266,0.307352751493454,0.16749632358551025,0.31456294655799866,0.3273603618144989,0.2949944734573364,0.18866999447345734,0.3247295022010803,1.0,0.25929000973701477,0.23272055387496948,0.17090176045894623,0.27191951870918274,0.25649407505989075,0.2087722271680832],[0.2921226918697357,0.2024940550327301,0.2419835478067398,0.21175546944141388,0.2999677360057831,0.3267293870449066,0.33810317516326904,0.28289997577667236,0.458829790353775,0.25929000973701477,1.0,0.28748515248298645,0.3104041814804077,0.31238704919815063,0.7704246044158936,0.28927114605903625],[0.15225940942764282,0.15437276661396027,0.29086822271347046,0.31287914514541626,0.13359418511390686,0.3096438944339752,0.21894417703151703,0.14729861915111542,0.3634844124317169,0.23272055387496948,0.28748515248298645,1.0,0.11217345297336578,0.27248701453208923,0.3753078579902649,0.2519834339618683],[0.3462395966053009,0.3782118260860443,0.2487754076719284,0.30356094241142273,0.21756407618522644,0.2774190902709961,0.20654422044754028,0.2532922029495239,0.2743733525276184,0.17090176045894623,0.3104041814804077,0.11217345297336578,1.0,0.28306904435157776,0.2996836304664612,0.21595343947410583],[0.21430936455726624,0.31577742099761963,0.3540615141391754,0.2307845801115036,0.3552234172821045,0.26739493012428284,0.18912622332572937,0.2367940992116928,0.2806388735771179,0.27191951870918274,0.31238704919815063,0.27248701453208923,0.28306904435157776,1.0,0.4023960828781128,0.2545221149921417],[0.27720117568969727,0.21006231009960175,0.24595113098621368,0.2181418389081955,0.2739149332046509,0.28079745173454285,0.31657323241233826,0.26491743326187134,0.40600305795669556,0.25649407505989075,0.7704246044158936,0.3753078579902649,0.2996836304664612,0.4023960828781128,1.0,0.2860141098499298],[0.2975790798664093,0.21681025624275208,0.2651081085205078,0.2257835865020752,0.21231533586978912,0.2285650372505188,0.35101327300071716,0.16160790622234344,0.2679463028907776,0.2087722271680832,0.28927114605903625,0.2519834339618683,0.21595343947410583,0.2545221149921417,0.2860141098499298,1.0]]}