{
  "game_number": 591,
  "words": [
    "CEREAL",
    "OMELET",
    "PANCAKE",
    "WAFFLE",
    "BACON",
    "CLOSE",
    "MUNCH",
    "WHISTLER",
    "EGG",
    "JUROR",
    "MONTH",
    "ROSE",
    "GAS",
    "LIQUID",
    "PLASMA",
    "SOLID"
  ],
  "adjacency_matrix": [
    [
      1.0,
      0.3657662272453308,
      0.411793977022171,
      0.4507955014705658,
      0.3861777186393738,
      0.221973717212677,
      0.4311494827270508,
      0.1771540641784668,
      0.36897143721580505,
      0.19994989037513733,
      0.18697643280029297,
      0.29528650641441345,
      0.2832927703857422,
      0.3452812135219574,
      0.3374581038951874,
      0.31368228793144226
    ],
    [
      0.3657662272453308,
      1.0000001192092896,
      0.5840319395065308,
      0.461429625749588,
      0.5086326599121094,
      0.1895846426486969,
      0.44724199175834656,
      0.23147356510162354,
      0.6305760741233826,
      0.20696482062339783,
      0.15731027722358704,
      0.24898982048034668,
      0.20943643152713776,
      0.3247881233692169,
      0.3263293504714966,
      0.25896093249320984
    ],
    [
      0.411793977022171,
      0.5840319395065308,
      0.9999999403953552,
      0.5550888776779175,
      0.5379006862640381,
      0.26378899812698364,
      0.47511518001556396,
      0.2950020730495453,
      0.49679797887802124,
      0.24487000703811646,
      0.2084752470254898,
      0.3361735939979553,
      0.3522503972053528,
      0.44082728028297424,
      0.3620193600654602,
      0.33682385087013245
    ],
    [
      0.4507955014705658,
      0.461429625749588,
      0.5550888776779175,
      1.0,
      0.47341641783714294,
      0.22434014081954956,
      0.48010534048080444,
      0.2909354865550995,
      0.40531641244888306,
      0.22621354460716248,
      0.16013647615909576,
      0.271084725856781,
      0.26994359493255615,
      0.31782054901123047,
      0.3288322687149048,
      0.36209022998809814
    ],
    [
      0.3861777186393738,
      0.5086326599121094,
      0.5379006862640381,
      0.47341641783714294,
      1.0,
      0.20770426094532013,
      0.5014252662658691,
      0.2429143190383911,
      0.5154395699501038,
      0.14022517204284668,
      0.17710761725902557,
      0.29418623447418213,
      0.34609267115592957,
      0.315857857465744,
      0.29689353704452515,
      0.29255256056785583
    ],
    [
      0.221973717212677,
      0.1895846426486969,
      0.26378899812698364,
      0.22434014081954956,
      0.20770426094532013,
      1.0,
      0.30448704957962036,
      0.266238272190094,
      0.21435943245887756,
      0.1952730417251587,
      0.3638579249382019,
      0.3614422082901001,
      0.2937198877334595,
      0.2948005199432373,
      0.2264031022787094,
      0.46775010228157043
    ],
    [
      0.4311494827270508,
      0.44724199175834656,
      0.47511518001556396,
      0.48010534048080444,
      0.5014252662658691,
      0.30448704957962036,
      0.9999999403953552,
      0.22108736634254456,
      0.3687538206577301,
      0.13204677402973175,
      0.15143343806266785,
      0.2789269685745239,
      0.25154176354408264,
      0.3021257221698761,
      0.26479652523994446,
      0.2473612278699875
    ],
    [
      0.1771540641784668,
      0.23147356510162354,
      0.2950020730495453,
      0.2909354865550995,
      0.2429143190383911,
      0.266238272190094,
      0.22108736634254456,
      1.0,
      0.28954946994781494,
      0.2886471748352051,
      0.1546822041273117,
      0.27581116557121277,
      0.31487101316452026,
      0.21617554128170013,
      0.287796288728714,
      0.2701243460178375
    ],
    [
      0.36897143721580505,
      0.6305760741233826,
      0.49679797887802124,
      0.40531641244888306,
      0.5154395699501038,
      0.21435943245887756,
      0.3687538206577301,
      0.28954946994781494,
      1.0,
      0.24275940656661987,
      0.18323436379432678,
      0.27423790097236633,
      0.35122859477996826,
      0.42204204201698303,
      0.399064838886261,
      0.316628098487854
    ],
    [
      0.19994989037513733,
      0.20696482062339783,
      0.24487000703811646,
      0.22621354460716248,
      0.14022517204284668,
      0.1952730417251587,
      0.13204677402973175,
      0.2886471748352051,
      0.24275940656661987,
      0.9999999403953552,
      0.1832195669412613,
      0.23928417265415192,
      0.20169200003147125,
      0.22510814666748047,
      0.15237580239772797,
      0.17642953991889954
    ],
    [
      0.18697643280029297,
      0.15731027722358704,
      0.2084752470254898,
      0.16013647615909576,
      0.17710761725902557,
      0.3638579249382019,
      0.15143343806266785,
      0.1546822041273117,
      0.18323436379432678,
      0.1832195669412613,
      1.0,
      0.252972811460495,
      0.15898361802101135,
      0.13983535766601562,
      0.11709652096033096,
      0.22675588726997375
    ],
    [
      0.29528650641441345,
      0.24898982048034668,
      0.3361735939979553,
      0.271084725856781,
      0.29418623447418213,
      0.3614422082901001,
      0.2789269685745239,
      0.27581116557121277,
      0.27423790097236633,
      0.23928417265415192,
      0.252972811460495,
      1.0,
      0.30831125378608704,
      0.32840433716773987,
      0.2648940682411194,
      0.332070916891098
    ],
    [
      0.2832927703857422,
      0.20943643152713776,
      0.3522503972053528,
      0.26994359493255615,
      0.34609267115592957,
      0.2937198877334595,
      0.25154176354408264,
      0.31487101316452026,
      0.35122859477996826,
      0.20169200003147125,
      0.15898361802101135,
      0.30831125378608704,
      0.9999999403953552,
      0.5944470763206482,
      0.527569591999054,
      0.38361871242523193
    ],
    [
      0.3452812135219574,
      0.3247881233692169,
      0.44082728028297424,
      0.31782054901123047,
      0.315857857465744,
      0.2948005199432373,
      0.3021257221698761,
      0.21617554128170013,
      0.42204204201698303,
      0.22510814666748047,
      0.13983535766601562,
      0.32840433716773987,
      0.5944470763206482,
      1.0,
      0.5360279083251953,
      0.5935763716697693
    ],
    [
      0.3374581038951874,
      0.3263293504714966,
      0.3620193600654602,
      0.3288322687149048,
      0.29689353704452515,
      0.2264031022787094,
      0.26479652523994446,
      0.287796288728714,
      0.399064838886261,
      0.15237580239772797,
      0.11709652096033096,
      0.2648940682411194,
      0.527569591999054,
      0.5360279083251953,
      1.0,
      0.37924623489379883
    ],
    [
      0.31368228793144226,
      0.25896093249320984,
      0.33682385087013245,
      0.36209022998809814,
      0.29255256056785583,
      0.46775010228157043,
      0.2473612278699875,
      0.2701243460178375,
      0.316628098487854,
      0.17642953991889954,
      0.22675588726997375,
      0.332070916891098,
      0.38361871242523193,
      0.5935763716697693,
      0.37924623489379883,
      1.0
    ]
  ]
}