{
  "game_number": 527,
  "words": [
    "CHALLENGE",
    "CONFRONT",
    "FACE",
    "OPPOSE",
    "BROOD",
    "CLUTCH",
    "HATCH",
    "LITTER",
    "BODY",
    "BRIDGE",
    "FRET",
    "NECK",
    "SIGHT",
    "SMELL",
    "TASTE",
    "TOUCH"
  ],
  "adjacency_matrix": [
    [
      1.0,
      0.6575978994369507,
      0.6726926565170288,
      0.5035878419876099,
      0.3151831030845642,
      0.3678935468196869,
      0.36964377760887146,
      0.30290132761001587,
      0.3476516306400299,
      0.38654690980911255,
      0.36213791370391846,
      0.30987125635147095,
      0.42760732769966125,
      0.32583215832710266,
      0.3857157826423645,
      0.47358089685440063
    ],
    [
      0.6575978994369507,
      1.0,
      0.6687830686569214,
      0.45894116163253784,
      0.3212479054927826,
      0.3361697196960449,
      0.3696258068084717,
      0.24868012964725494,
      0.31369251012802124,
      0.3332683742046356,
      0.350876122713089,
      0.30950671434402466,
      0.324997216463089,
      0.3053419589996338,
      0.26601794362068176,
      0.4456826150417328
    ],
    [
      0.6726926565170288,
      0.6687830686569214,
      1.0,
      0.41880786418914795,
      0.36613917350769043,
      0.3935147225856781,
      0.35715505480766296,
      0.35588714480400085,
      0.47070685029029846,
      0.3932346999645233,
      0.3866363763809204,
      0.5325716733932495,
      0.4990873634815216,
      0.3925670385360718,
      0.38529711961746216,
      0.5698608756065369
    ],
    [
      0.5035878419876099,
      0.45894116163253784,
      0.41880786418914795,
      0.9999999403953552,
      0.27109378576278687,
      0.2927412986755371,
      0.28203925490379333,
      0.25428199768066406,
      0.27012696862220764,
      0.2684266269207001,
      0.34365859627723694,
      0.24389515817165375,
      0.3471989333629608,
      0.28958001732826233,
      0.2792413830757141,
      0.4128907322883606
    ],
    [
      0.3151831030845642,
      0.3212479054927826,
      0.36613917350769043,
      0.27109378576278687,
      1.0,
      0.5305555462837219,
      0.5212689638137817,
      0.4725897014141083,
      0.3564181923866272,
      0.2558751106262207,
      0.36376306414604187,
      0.2933788597583771,
      0.3217991590499878,
      0.30191946029663086,
      0.31495076417922974,
      0.35267147421836853
    ],
    [
      0.3678935468196869,
      0.3361697196960449,
      0.3935147225856781,
      0.2927412986755371,
      0.5305555462837219,
      1.0,
      0.5185767412185669,
      0.3931563198566437,
      0.37156355381011963,
      0.26955708861351013,
      0.3302837312221527,
      0.3800205588340759,
      0.37155386805534363,
      0.3203711211681366,
      0.26831600069999695,
      0.46741151809692383
    ],
    [
      0.36964377760887146,
      0.3696258068084717,
      0.35715505480766296,
      0.28203925490379333,
      0.5212689638137817,
      0.5185767412185669,
      1.0,
      0.31426915526390076,
      0.31241360306739807,
      0.3879890739917755,
      0.2552627623081207,
      0.26773104071617126,
      0.29593944549560547,
      0.29673975706100464,
      0.23493753373622894,
      0.3621767461299896
    ],
    [
      0.30290132761001587,
      0.24868012964725494,
      0.35588714480400085,
      0.25428199768066406,
      0.4725897014141083,
      0.3931563198566437,
      0.31426915526390076,
      1.0,
      0.38554447889328003,
      0.2690047323703766,
      0.19489753246307373,
      0.2911275625228882,
      0.3456794321537018,
      0.3835597336292267,
      0.26565974950790405,
      0.3097141683101654
    ],
    [
      0.3476516306400299,
      0.31369251012802124,
      0.47070685029029846,
      0.27012696862220764,
      0.3564181923866272,
      0.37156355381011963,
      0.31241360306739807,
      0.38554447889328003,
      1.0,
      0.3961571753025055,
      0.23103570938110352,
      0.5114688873291016,
      0.41915857791900635,
      0.3586250841617584,
      0.40569376945495605,
      0.45178478956222534
    ],
    [
      0.38654690980911255,
      0.3332683742046356,
      0.3932346999645233,
      0.2684266269207001,
      0.2558751106262207,
      0.26955708861351013,
      0.3879890739917755,
      0.2690047323703766,
      0.3961571753025055,
      1.0,
      0.2810244560241699,
      0.371848464012146,
      0.3912438750267029,
      0.2318287044763565,
      0.24817679822444916,
      0.3671881854534149
    ],
    [
      0.36213791370391846,
      0.350876122713089,
      0.3866363763809204,
      0.34365859627723694,
      0.36376306414604187,
      0.3302837312221527,
      0.2552627623081207,
      0.19489753246307373,
      0.23103570938110352,
      0.2810244560241699,
      1.0,
      0.4148457646369934,
      0.3071931302547455,
      0.27204063534736633,
      0.3129657804965973,
      0.4357428550720215
    ],
    [
      0.30987125635147095,
      0.30950671434402466,
      0.5325716733932495,
      0.24389515817165375,
      0.2933788597583771,
      0.3800205588340759,
      0.26773104071617126,
      0.2911275625228882,
      0.5114688873291016,
      0.371848464012146,
      0.4148457646369934,
      1.0,
      0.37701019644737244,
      0.26884615421295166,
      0.30006471276283264,
      0.39581504464149475
    ],
    [
      0.42760732769966125,
      0.324997216463089,
      0.4990873634815216,
      0.3471989333629608,
      0.3217991590499878,
      0.37155386805534363,
      0.29593944549560547,
      0.3456794321537018,
      0.41915857791900635,
      0.3912438750267029,
      0.3071931302547455,
      0.37701019644737244,
      1.0,
      0.5445299744606018,
      0.5247172117233276,
      0.6178578734397888
    ],
    [
      0.32583215832710266,
      0.3053419589996338,
      0.3925670385360718,
      0.28958001732826233,
      0.30191946029663086,
      0.3203711211681366,
      0.29673975706100464,
      0.3835597336292267,
      0.3586250841617584,
      0.2318287044763565,
      0.27204063534736633,
      0.26884615421295166,
      0.5445299744606018,
      1.0,
      0.6829257607460022,
      0.562255859375
    ],
    [
      0.3857157826423645,
      0.26601794362068176,
      0.38529711961746216,
      0.2792413830757141,
      0.31495076417922974,
      0.26831600069999695,
      0.23493753373622894,
      0.26565974950790405,
      0.40569376945495605,
      0.24817679822444916,
      0.3129657804965973,
      0.30006471276283264,
      0.5247172117233276,
      0.6829257607460022,
      1.0,
      0.5758708119392395
    ],
    [
      0.47358089685440063,
      0.4456826150417328,
      0.5698608756065369,
      0.4128907322883606,
      0.35267147421836853,
      0.46741151809692383,
      0.3621767461299896,
      0.3097141683101654,
      0.45178478956222534,
      0.3671881854534149,
      0.4357428550720215,
      0.39581504464149475,
      0.6178578734397888,
      0.562255859375,
      0.5758708119392395,
      1.0
    ]
  ]
}