{
  "game_number": 147,
  "words": [
    "ALIBI",
    "CLUE",
    "DETECTIVE",
    "SUSPECT",
    "CONTEST",
    "CHALLENGE",
    "DISPUTE",
    "QUESTION",
    "CHORD",
    "DEAL",
    "MATCH",
    "POSE",
    "CASE",
    "CHEST",
    "CRATE",
    "TRUNK"
  ],
  "adjacency_matrix": [
    [
      1.0,
      0.38500523567199707,
      0.38773977756500244,
      0.4052167236804962,
      0.2039112001657486,
      0.24742008745670319,
      0.18066079914569855,
      0.2711080312728882,
      0.14751416444778442,
      0.24073977768421173,
      0.2998151481151581,
      0.21257908642292023,
      0.34523525834083557,
      0.1926550567150116,
      0.2451884001493454,
      0.29328492283821106
    ],
    [
      0.38500523567199707,
      1.0,
      0.4729623794555664,
      0.5562999844551086,
      0.3879642188549042,
      0.47318214178085327,
      0.3829014301300049,
      0.5609535574913025,
      0.26974987983703613,
      0.4477136433124542,
      0.40964171290397644,
      0.4583348035812378,
      0.4603683054447174,
      0.333158016204834,
      0.39492514729499817,
      0.3373272716999054
    ],
    [
      0.38773977756500244,
      0.4729623794555664,
      1.0,
      0.5321303009986877,
      0.29282480478286743,
      0.3388309180736542,
      0.31524857878685,
      0.3594140112400055,
      0.16521170735359192,
      0.3870946764945984,
      0.3247659504413605,
      0.3381526470184326,
      0.4360160231590271,
      0.3589884638786316,
      0.3315756022930145,
      0.34462490677833557
    ],
    [
      0.4052167236804962,
      0.5562999844551086,
      0.5321303009986877,
      1.0,
      0.379343181848526,
      0.4690638482570648,
      0.46029168367385864,
      0.5322102308273315,
      0.2504512667655945,
      0.4315025210380554,
      0.41583654284477234,
      0.4855339527130127,
      0.5883749723434448,
      0.3606763184070587,
      0.32615959644317627,
      0.3209318518638611
    ],
    [
      0.2039112001657486,
      0.3879642188549042,
      0.29282480478286743,
      0.379343181848526,
      0.9999999403953552,
      0.6236456036567688,
      0.5587862133979797,
      0.47132760286331177,
      0.16615037620067596,
      0.4170757532119751,
      0.4973526895046234,
      0.4215547740459442,
      0.4837716519832611,
      0.30929094552993774,
      0.39633306860923767,
      0.25589874386787415
    ],
    [
      0.24742008745670319,
      0.47318214178085327,
      0.3388309180736542,
      0.4690638482570648,
      0.6236456036567688,
      1.0,
      0.5347705483436584,
      0.6378685832023621,
      0.2648245394229889,
      0.5373653769493103,
      0.512228786945343,
      0.6306447982788086,
      0.5269995927810669,
      0.38508445024490356,
      0.37738049030303955,
      0.26816079020500183
    ],
    [
      0.18066079914569855,
      0.3829014301300049,
      0.31524857878685,
      0.46029168367385864,
      0.5587862133979797,
      0.5347705483436584,
      1.0,
      0.595676600933075,
      0.29956671595573425,
      0.5125340223312378,
      0.42155274748802185,
      0.3761654198169708,
      0.5848656296730042,
      0.29799240827560425,
      0.3289630115032196,
      0.2192104160785675
    ],
    [
      0.2711080312728882,
      0.5609535574913025,
      0.3594140112400055,
      0.5322102308273315,
      0.47132760286331177,
      0.6378685832023621,
      0.595676600933075,
      0.9999999403953552,
      0.3200400173664093,
      0.5019817352294922,
      0.3634086847305298,
      0.5876580476760864,
      0.5760924816131592,
      0.3323138952255249,
      0.32965683937072754,
      0.2798919975757599
    ],
    [
      0.14751416444778442,
      0.26974987983703613,
      0.16521170735359192,
      0.2504512667655945,
      0.16615037620067596,
      0.2648245394229889,
      0.29956671595573425,
      0.3200400173664093,
      1.0,
      0.34434592723846436,
      0.2565280497074127,
      0.25297418236732483,
      0.28711068630218506,
      0.326732873916626,
      0.1979505866765976,
      0.27818626165390015
    ],
    [
      0.24073977768421173,
      0.4477136433124542,
      0.3870946764945984,
      0.4315025210380554,
      0.4170757532119751,
      0.5373653769493103,
      0.5125340223312378,
      0.5019817352294922,
      0.34434592723846436,
      1.0,
      0.42527005076408386,
      0.4316723346710205,
      0.5053727030754089,
      0.3505465090274811,
      0.396896094083786,
      0.30687758326530457
    ],
    [
      0.2998151481151581,
      0.40964171290397644,
      0.3247659504413605,
      0.41583654284477234,
      0.4973526895046234,
      0.512228786945343,
      0.42155274748802185,
      0.3634086847305298,
      0.2565280497074127,
      0.42527005076408386,
      1.0,
      0.38161715865135193,
      0.47655966877937317,
      0.3735943138599396,
      0.3276914358139038,
      0.2726154625415802
    ],
    [
      0.21257908642292023,
      0.4583348035812378,
      0.3381526470184326,
      0.4855339527130127,
      0.4215547740459442,
      0.6306447982788086,
      0.3761654198169708,
      0.5876580476760864,
      0.25297418236732483,
      0.4316723346710205,
      0.38161715865135193,
      1.0,
      0.4051107168197632,
      0.40778398513793945,
      0.37541574239730835,
      0.31068506836891174
    ],
    [
      0.34523525834083557,
      0.4603683054447174,
      0.4360160231590271,
      0.5883749723434448,
      0.4837716519832611,
      0.5269995927810669,
      0.5848656296730042,
      0.5760924816131592,
      0.28711068630218506,
      0.5053727030754089,
      0.47655966877937317,
      0.4051107168197632,
      1.0,
      0.35829389095306396,
      0.36273184418678284,
      0.34823963046073914
    ],
    [
      0.1926550567150116,
      0.333158016204834,
      0.3589884638786316,
      0.3606763184070587,
      0.30929094552993774,
      0.38508445024490356,
      0.29799240827560425,
      0.3323138952255249,
      0.326732873916626,
      0.3505465090274811,
      0.3735943138599396,
      0.40778398513793945,
      0.35829389095306396,
      1.0,
      0.4705066382884979,
      0.515153169631958
    ],
    [
      0.2451884001493454,
      0.39492514729499817,
      0.3315756022930145,
      0.32615959644317627,
      0.39633306860923767,
      0.37738049030303955,
      0.3289630115032196,
      0.32965683937072754,
      0.1979505866765976,
      0.396896094083786,
      0.3276914358139038,
      0.37541574239730835,
      0.36273184418678284,
      0.4705066382884979,
      1.0,
      0.48358532786369324
    ],
    [
      0.29328492283821106,
      0.3373272716999054,
      0.34462490677833557,
      0.3209318518638611,
      0.25589874386787415,
      0.26816079020500183,
      0.2192104160785675,
      0.2798919975757599,
      0.27818626165390015,
      0.30687758326530457,
      0.2726154625415802,
      0.31068506836891174,
      0.34823963046073914,
      0.515153169631958,
      0.48358532786369324,
      1.0
    ]
  ]
}