{
  "game_number": 339,
  "words": [
    "DONE",
    "OVER",
    "THROUGH",
    "UP",
    "CITY",
    "COPY",
    "CULTURE",
    "SPORTS",
    "HEYDAY",
    "HIJINKS",
    "SUPPER",
    "YOGURT",
    "HEAD",
    "KNEES",
    "SHOULDERS",
    "TOES"
  ],
  "adjacency_matrix": [
    [
      1.0,
      0.5128248333930969,
      0.4938584566116333,
      0.44855284690856934,
      0.32179197669029236,
      0.38633519411087036,
      0.2699194550514221,
      0.3119507133960724,
      0.2749116122722626,
      0.2586609721183777,
      0.3826577961444855,
      0.12392459064722061,
      0.3579527735710144,
      0.27149054408073425,
      0.28663191199302673,
      0.17348727583885193
    ],
    [
      0.5128248333930969,
      1.0,
      0.6641631126403809,
      0.6084879636764526,
      0.4126489460468292,
      0.34302836656570435,
      0.34219563007354736,
      0.32878267765045166,
      0.31796348094940186,
      0.26489898562431335,
      0.3816302716732025,
      0.21278096735477448,
      0.4938884675502777,
      0.3878452479839325,
      0.45660215616226196,
      0.29461589455604553
    ],
    [
      0.4938584566116333,
      0.6641631126403809,
      1.0,
      0.6178132891654968,
      0.37707990407943726,
      0.3643684387207031,
      0.3631790578365326,
      0.31536704301834106,
      0.33609622716903687,
      0.26904502511024475,
      0.34484001994132996,
      0.18631885945796967,
      0.4425913691520691,
      0.35217714309692383,
      0.33684563636779785,
      0.2515191435813904
    ],
    [
      0.44855284690856934,
      0.6084879636764526,
      0.6178132891654968,
      1.0,
      0.3299446105957031,
      0.33751434087753296,
      0.27723023295402527,
      0.2591688930988312,
      0.2526952624320984,
      0.22310450673103333,
      0.35670310258865356,
      0.16955482959747314,
      0.4968808591365814,
      0.40104252099990845,
      0.41042453050613403,
      0.34553924202919006
    ],
    [
      0.32179197669029236,
      0.4126489460468292,
      0.37707990407943726,
      0.3299446105957031,
      1.0,
      0.28961384296417236,
      0.5360409021377563,
      0.46323034167289734,
      0.3465847969055176,
      0.20251230895519257,
      0.3117714524269104,
      0.307044118642807,
      0.43273723125457764,
      0.25163325667381287,
      0.2666146755218506,
      0.14000204205513
    ],
    [
      0.38633519411087036,
      0.34302836656570435,
      0.3643684387207031,
      0.33751434087753296,
      0.28961384296417236,
      1.0,
      0.33381330966949463,
      0.27941012382507324,
      0.21097983419895172,
      0.22277890145778656,
      0.3104345500469208,
      0.1894707828760147,
      0.41820210218429565,
      0.21086597442626953,
      0.2150304764509201,
      0.2177455872297287
    ],
    [
      0.2699194550514221,
      0.34219563007354736,
      0.3631790578365326,
      0.27723023295402527,
      0.5360409021377563,
      0.33381330966949463,
      0.9999999403953552,
      0.5573365688323975,
      0.3878760039806366,
      0.2762777507305145,
      0.26114004850387573,
      0.3718686103820801,
      0.3607327342033386,
      0.22282229363918304,
      0.25505122542381287,
      0.23823824524879456
    ],
    [
      0.3119507133960724,
      0.32878267765045166,
      0.31536704301834106,
      0.2591688930988312,
      0.46323034167289734,
      0.27941012382507324,
      0.5573365688323975,
      1.0,
      0.35105717182159424,
      0.438485324382782,
      0.2872980535030365,
      0.3411654233932495,
      0.3897578716278076,
      0.3548794686794281,
      0.33535972237586975,
      0.2439122498035431
    ],
    [
      0.2749116122722626,
      0.31796348094940186,
      0.33609622716903687,
      0.2526952624320984,
      0.3465847969055176,
      0.21097983419895172,
      0.3878760039806366,
      0.35105717182159424,
      1.0,
      0.32552337646484375,
      0.2664916217327118,
      0.15885791182518005,
      0.24044515192508698,
      0.21928267180919647,
      0.1733430176973343,
      0.11529940366744995
    ],
    [
      0.2586609721183777,
      0.26489898562431335,
      0.26904502511024475,
      0.22310450673103333,
      0.20251230895519257,
      0.22277890145778656,
      0.2762777507305145,
      0.438485324382782,
      0.32552337646484375,
      1.0,
      0.30452099442481995,
      0.23106342554092407,
      0.219903364777565,
      0.2976043224334717,
      0.2492968589067459,
      0.22068770229816437
    ],
    [
      0.3826577961444855,
      0.3816302716732025,
      0.34484001994132996,
      0.35670310258865356,
      0.3117714524269104,
      0.3104345500469208,
      0.26114004850387573,
      0.2872980535030365,
      0.2664916217327118,
      0.30452099442481995,
      1.0000001192092896,
      0.2242850512266159,
      0.3633213937282562,
      0.2934270203113556,
      0.2706504166126251,
      0.18248414993286133
    ],
    [
      0.12392459064722061,
      0.21278096735477448,
      0.18631885945796967,
      0.16955482959747314,
      0.307044118642807,
      0.1894707828760147,
      0.3718686103820801,
      0.3411654233932495,
      0.15885791182518005,
      0.23106342554092407,
      0.2242850512266159,
      1.0,
      0.26562052965164185,
      0.20886822044849396,
      0.19324849545955658,
      0.22535648941993713
    ],
    [
      0.3579527735710144,
      0.4938884675502777,
      0.4425913691520691,
      0.4968808591365814,
      0.43273723125457764,
      0.41820210218429565,
      0.3607327342033386,
      0.3897578716278076,
      0.24044515192508698,
      0.219903364777565,
      0.3633213937282562,
      0.26562052965164185,
      1.0,
      0.47496211528778076,
      0.5952610969543457,
      0.3990660607814789
    ],
    [
      0.27149054408073425,
      0.3878452479839325,
      0.35217714309692383,
      0.40104252099990845,
      0.25163325667381287,
      0.21086597442626953,
      0.22282229363918304,
      0.3548794686794281,
      0.21928267180919647,
      0.2976043224334717,
      0.2934270203113556,
      0.20886822044849396,
      0.47496211528778076,
      0.9999999403953552,
      0.6675146222114563,
      0.5552225112915039
    ],
    [
      0.28663191199302673,
      0.45660215616226196,
      0.33684563636779785,
      0.41042453050613403,
      0.2666146755218506,
      0.2150304764509201,
      0.25505122542381287,
      0.33535972237586975,
      0.1733430176973343,
      0.2492968589067459,
      0.2706504166126251,
      0.19324849545955658,
      0.5952610969543457,
      0.6675146222114563,
      1.0,
      0.47299426794052124
    ],
    [
      0.17348727583885193,
      0.29461589455604553,
      0.2515191435813904,
      0.34553924202919006,
      0.14000204205513,
      0.2177455872297287,
      0.23823824524879456,
      0.2439122498035431,
      0.11529940366744995,
      0.22068770229816437,
      0.18248414993286133,
      0.22535648941993713,
      0.3990660607814789,
      0.5552225112915039,
      0.47299426794052124,
      1.0
    ]
  ]
}