{"game_number":303,"words":["BAT","COBWEB","PUMPKIN","TOMBSTONE","24","BONES","FIREFLY","WEEDS","7","BAR","BELL","CHERRY","22","451","2001","20,000"],"adjacency_matrix":[[0.9999999403953552,0.29594436287879944,0.36322155594825745,0.25707125663757324,0.04175015166401863,0.34240809082984924,0.4286498725414276,0.23063479363918304,-0.08902186155319214,0.30194705724716187,0.3830721080303192,0.30767735838890076,0.051969751715660095,0.04934513568878174,0.04442772641777992,0.12676465511322021],[0.29594436287879944,1.0,0.37908950448036194,0.34086844325065613,0.03379017487168312,0.35800132155418396,0.40889573097229004,0.37999704480171204,-0.09627305716276169,0.1809128224849701,0.3561152219772339,0.2870827615261078,0.05051937326788902,-0.041812311857938766,0.015731381252408028,0.10881208628416061],[0.36322155594825745,0.37908950448036194,1.0,0.4107814431190491,0.08916650712490082,0.38939666748046875,0.3961837887763977,0.4120068848133087,-0.022450072690844536,0.2419237643480301,0.37756267189979553,0.5136547684669495,0.11107988655567169,0.017022188752889633,0.09267459064722061,0.16001096367835999],[0.25707125663757324,0.34086844325065613,0.4107814431190491,1.0,0.11416629701852798,0.4394266605377197,0.25277671217918396,0.268780380487442,-0.10639727860689163,0.33883124589920044,0.37390658259391785,0.23364056646823883,0.11652437597513199,0.045631520450115204,0.1195913702249527,0.18244488537311554],[0.04175015166401863,0.03379017487168312,0.08916650712490082,0.11416629701852798,1.0,0.10499054938554764,0.12602542340755463,0.049742210656404495,0.40352869033813477,0.11738845705986023,0.08351590484380722,0.13987353444099426,0.9200544357299805,0.36202865839004517,0.3827662765979767,0.4413285553455353],[0.34240809082984924,0.35800132155418396,0.38939666748046875,0.4394266605377197,0.10499054938554764,1.0,0.2160874605178833,0.3456900119781494,-0.07360754907131195,0.20657594501972198,0.33544445037841797,0.26779595017433167,0.1383473426103592,0.002457170747220516,0.0501052588224411,0.26561239361763],[0.4286498725414276,0.40889573097229004,0.3961837887763977,0.25277671217918396,0.12602542340755463,0.2160874605178833,1.0,0.37411758303642273,-0.11616675555706024,0.26306357979774475,0.3239075541496277,0.3133881390094757,0.14426496624946594,0.08584749698638916,0.0675346702337265,0.17545638978481293],[0.23063479363918304,0.37999704480171204,0.4120068848133087,0.268780380487442,0.049742210656404495,0.3456900119781494,0.37411758303642273,1.0,-0.06295936554670334,0.15270355343818665,0.23690670728683472,0.3047715425491333,0.10902541875839233,-0.04908807575702667,0.09209936857223511,0.21405822038650513],[-0.08902186155319214,-0.09627305716276169,-0.022450072690844536,-0.10639727860689163,0.40352869033813477,-0.07360754907131195,-0.11616675555706024,-0.06295936554670334,0.9999999403953552,-0.02198033221065998,-0.035669196397066116,0.10076621919870377,0.3244420886039734,0.3730938136577606,0.17284925282001495,0.0656433179974556],[0.30194705724716187,0.1809128224849701,0.2419237643480301,0.33883124589920044,0.11738845705986023,0.20657594501972198,0.26306357979774475,0.15270355343818665,-0.02198033221065998,1.0,0.36068516969680786,0.2603485584259033,0.12961873412132263,0.08813463151454926,0.18044789135456085,0.21232283115386963],[0.3830721080303192,0.3561152219772339,0.37756267189979553,0.37390658259391785,0.08351590484380722,0.33544445037841797,0.3239075541496277,0.23690670728683472,-0.035669196397066116,0.36068516969680786,0.9999999403953552,0.29499006271362305,0.08046595752239227,0.014869170263409615,0.13130107522010803,0.18630021810531616],[0.30767735838890076,0.2870827615261078,0.5136547684669495,0.23364056646823883,0.13987353444099426,0.26779595017433167,0.3133881390094757,0.3047715425491333,0.10076621919870377,0.2603485584259033,0.29499006271362305,1.0,0.1266932487487793,0.04705295339226723,0.08219490200281143,0.177921861410141],[0.051969751715660095,0.05051937326788902,0.11107988655567169,0.11652437597513199,0.9200544357299805,0.1383473426103592,0.14426496624946594,0.10902541875839233,0.3244420886039734,0.12961873412132263,0.08046595752239227,0.1266932487487793,1.0,0.3135443329811096,0.34776753187179565,0.40748441219329834],[0.04934513568878174,-0.041812311857938766,0.017022188752889633,0.045631520450115204,0.36202865839004517,0.002457170747220516,0.08584749698638916,-0.04908807575702667,0.3730938136577606,0.08813463151454926,0.014869170263409615,0.04705295339226723,0.3135443329811096,1.0,0.2971644997596741,0.2218107432126999],[0.04442772641777992,0.015731381252408028,0.09267459064722061,0.1195913702249527,0.3827662765979767,0.0501052588224411,0.0675346702337265,0.09209936857223511,0.17284925282001495,0.18044789135456085,0.13130107522010803,0.08219490200281143,0.34776753187179565,0.2971644997596741,1.0,0.2138022780418396],[0.12676465511322021,0.10881208628416061,0.16001096367835999,0.18244488537311554,0.4413285553455353,0.26561239361763,0.17545638978481293,0.21405822038650513,0.0656433179974556,0.21232283115386963,0.18630021810531616,0.177921861410141,0.40748441219329834,0.2218107432126999,0.2138022780418396,1.0]]}