{"game_number":288,"words":["CENTRAL","CRITICAL","KEY","VITAL","GLASS","METAL","PAPER","PLASTIC","HENRY","JENNIFER","KATE","ROCK","ASSIGNMENT","DEFEAT","TEMPO","TIRED"],"adjacency_matrix":[[0.9999999403953552,0.6369115114212036,0.614475429058075,0.6271066069602966,0.310144305229187,0.420207679271698,0.389161616563797,0.41246527433395386,0.16779391467571259,0.07247629761695862,0.0690779909491539,0.3600102663040161,0.3746008276939392,0.32788559794425964,0.3225507438182831,0.2947565019130707],[0.6369115114212036,1.0,0.6976830363273621,0.7618659138679504,0.27445247769355774,0.4203454852104187,0.42142120003700256,0.4089694023132324,0.13094046711921692,0.06885884702205658,0.11043849587440491,0.34916236996650696,0.41315117478370667,0.37155428528785706,0.3586517870426178,0.4361013174057007],[0.614475429058075,0.6976830363273621,1.0,0.7431659698486328,0.3076527416706085,0.39403387904167175,0.3763124942779541,0.3939228951931,0.15104243159294128,0.10028961300849915,0.141095370054245,0.32450777292251587,0.38641709089279175,0.38785064220428467,0.42147254943847656,0.35683462023735046],[0.6271066069602966,0.7618659138679504,0.7431659698486328,1.0,0.29887744784355164,0.3834015727043152,0.33826014399528503,0.4025411009788513,0.1110009253025055,0.04772302508354187,0.07312964648008347,0.3314438462257385,0.32094886898994446,0.35797038674354553,0.4002750813961029,0.38242557644844055],[0.310144305229187,0.27445247769355774,0.3076527416706085,0.29887744784355164,1.0,0.5980364084243774,0.4349607825279236,0.6535940766334534,0.19647805392742157,0.2266940027475357,0.20796991884708405,0.47388219833374023,0.26616141200065613,0.2056240439414978,0.14524893462657928,0.2752661406993866],[0.420207679271698,0.4203454852104187,0.39403387904167175,0.3834015727043152,0.5980364084243774,0.9999999403953552,0.4401206076145172,0.6896517872810364,0.20837002992630005,0.15311984717845917,0.16763438284397125,0.6293330788612366,0.26795563101768494,0.2350044697523117,0.2967444360256195,0.3133522868156433],[0.389161616563797,0.42142120003700256,0.3763124942779541,0.33826014399528503,0.4349607825279236,0.4401206076145172,1.0,0.5119100213050842,0.1625000238418579,0.18623921275138855,0.1901349127292633,0.32850781083106995,0.5117351412773132,0.2919764816761017,0.19968189299106598,0.26850616931915283],[0.41246527433395386,0.4089694023132324,0.3939228951931,0.4025411009788513,0.6535940766334534,0.6896517872810364,0.5119100213050842,1.0,0.1905440092086792,0.194568932056427,0.21214917302131653,0.49548250436782837,0.2768132984638214,0.26276537775993347,0.2252112478017807,0.35749220848083496],[0.16779391467571259,0.13094046711921692,0.15104243159294128,0.1110009253025055,0.19647805392742157,0.20837002992630005,0.1625000238418579,0.1905440092086792,1.0,0.5297921895980835,0.5072841644287109,0.25492385029792786,0.091009721159935,0.1652083843946457,0.14239251613616943,0.22686885297298431],[0.07247629761695862,0.06885884702205658,0.10028961300849915,0.04772302508354187,0.2266940027475357,0.15311984717845917,0.18623921275138855,0.194568932056427,0.5297921895980835,1.0000001192092896,0.6938207745552063,0.23956981301307678,0.11639025807380676,0.06538862735033035,0.13299885392189026,0.23674969375133514],[0.0690779909491539,0.11043849587440491,0.141095370054245,0.07312964648008347,0.20796991884708405,0.16763438284397125,0.1901349127292633,0.21214917302131653,0.5072841644287109,0.6938207745552063,0.9999999403953552,0.2773814797401428,0.15451686084270477,0.16066457331180573,0.18783366680145264,0.2578292191028595],[0.3600102663040161,0.34916236996650696,0.32450777292251587,0.3314438462257385,0.47388219833374023,0.6293330788612366,0.32850781083106995,0.49548250436782837,0.25492385029792786,0.23956981301307678,0.2773814797401428,1.0,0.27555689215660095,0.25636330246925354,0.3402506411075592,0.329252153635025],[0.3746008276939392,0.41315117478370667,0.38641709089279175,0.32094886898994446,0.26616141200065613,0.26795563101768494,0.5117351412773132,0.2768132984638214,0.091009721159935,0.11639025807380676,0.15451686084270477,0.27555689215660095,1.0000001192092896,0.33124056458473206,0.2879258394241333,0.278186172246933],[0.32788559794425964,0.37155428528785706,0.38785064220428467,0.35797038674354553,0.2056240439414978,0.2350044697523117,0.2919764816761017,0.26276537775993347,0.1652083843946457,0.06538862735033035,0.16066457331180573,0.25636330246925354,0.33124056458473206,1.0,0.2542417347431183,0.310515433549881],[0.3225507438182831,0.3586517870426178,0.42147254943847656,0.4002750813961029,0.14524893462657928,0.2967444360256195,0.19968189299106598,0.2252112478017807,0.14239251613616943,0.13299885392189026,0.18783366680145264,0.3402506411075592,0.2879258394241333,0.2542417347431183,1.0,0.30540236830711365],[0.2947565019130707,0.4361013174057007,0.35683462023735046,0.38242557644844055,0.2752661406993866,0.3133522868156433,0.26850616931915283,0.35749220848083496,0.22686885297298431,0.23674969375133514,0.2578292191028595,0.329252153635025,0.278186172246933,0.310515433549881,0.30540236830711365,1.0]]}