{
  "game_number": 69,
  "words": [
    "APPLAUD",
    "HAIL",
    "HONOR",
    "PRAISE",
    "APT",
    "FIT",
    "PROPER",
    "RIGHT",
    "FROST",
    "GLAZE",
    "POWDER",
    "SPRINKLE",
    "ENTHUSIAST",
    "MUSCULAR",
    "NUDE",
    "POLISH"
  ],
  "adjacency_matrix": [
    [
      1.0,
      0.416797012090683,
      0.4795120656490326,
      0.6556583046913147,
      0.2935201823711395,
      0.28363311290740967,
      0.2548935115337372,
      0.3120671212673187,
      0.1502269208431244,
      0.16884618997573853,
      0.08700086176395416,
      0.2617759108543396,
      0.3464110791683197,
      0.183430016040802,
      0.16310365498065948,
      0.30762356519699097
    ],
    [
      0.416797012090683,
      1.0,
      0.35900285840034485,
      0.4875961244106293,
      0.2305845469236374,
      0.27360373735427856,
      0.20064496994018555,
      0.2589632570743561,
      0.47589221596717834,
      0.2676793336868286,
      0.34625446796417236,
      0.4049701690673828,
      0.24699567258358002,
      0.2171391099691391,
      0.20865949988365173,
      0.2724488079547882
    ],
    [
      0.4795120656490326,
      0.35900285840034485,
      0.9999999403953552,
      0.5752413868904114,
      0.3138270974159241,
      0.3692861795425415,
      0.4540987014770508,
      0.420240581035614,
      0.30036211013793945,
      0.1906335949897766,
      0.20958000421524048,
      0.30288079380989075,
      0.2625744044780731,
      0.22323600947856903,
      0.24112418293952942,
      0.3586708903312683
    ],
    [
      0.6556583046913147,
      0.4875961244106293,
      0.5752413868904114,
      1.0,
      0.3651123642921448,
      0.3334132730960846,
      0.37234699726104736,
      0.34141483902931213,
      0.24388520419597626,
      0.23321324586868286,
      0.22806471586227417,
      0.3779391050338745,
      0.3023025095462799,
      0.30154213309288025,
      0.2166888564825058,
      0.3890690803527832
    ],
    [
      0.2935201823711395,
      0.2305845469236374,
      0.3138270974159241,
      0.3651123642921448,
      1.0,
      0.49359723925590515,
      0.4817593991756439,
      0.37446728348731995,
      0.16563068330287933,
      0.16749563813209534,
      0.20944654941558838,
      0.239651158452034,
      0.2944490313529968,
      0.35165509581565857,
      0.25175741314888,
      0.31084203720092773
    ],
    [
      0.28363311290740967,
      0.27360373735427856,
      0.3692861795425415,
      0.3334132730960846,
      0.49359723925590515,
      1.0,
      0.5281133055686951,
      0.5022677779197693,
      0.21378690004348755,
      0.229633167386055,
      0.30843064188957214,
      0.27475664019584656,
      0.27363458275794983,
      0.37059372663497925,
      0.29848289489746094,
      0.39651167392730713
    ],
    [
      0.2548935115337372,
      0.20064496994018555,
      0.4540987014770508,
      0.37234699726104736,
      0.4817593991756439,
      0.5281133055686951,
      1.0,
      0.6249299645423889,
      0.2612590491771698,
      0.24945786595344543,
      0.3783646523952484,
      0.29204094409942627,
      0.2337038815021515,
      0.40967974066734314,
      0.3079089820384979,
      0.46544432640075684
    ],
    [
      0.3120671212673187,
      0.2589632570743561,
      0.420240581035614,
      0.34141483902931213,
      0.37446728348731995,
      0.5022677779197693,
      0.6249299645423889,
      1.0,
      0.22359104454517365,
      0.2116749882698059,
      0.25751203298568726,
      0.2797987163066864,
      0.2374546378850937,
      0.28087711334228516,
      0.3436310887336731,
      0.3741796314716339
    ],
    [
      0.1502269208431244,
      0.47589221596717834,
      0.30036211013793945,
      0.24388520419597626,
      0.16563068330287933,
      0.21378690004348755,
      0.2612590491771698,
      0.22359104454517365,
      1.0,
      0.43701454997062683,
      0.3663860261440277,
      0.4137192964553833,
      0.2040432244539261,
      0.2488316148519516,
      0.23430366814136505,
      0.32190027832984924
    ],
    [
      0.16884618997573853,
      0.2676793336868286,
      0.1906335949897766,
      0.23321324586868286,
      0.16749563813209534,
      0.229633167386055,
      0.24945786595344543,
      0.2116749882698059,
      0.43701454997062683,
      1.0,
      0.4563029706478119,
      0.4711598753929138,
      0.15188561379909515,
      0.21760906279087067,
      0.19476427137851715,
      0.3616179823875427
    ],
    [
      0.08700086176395416,
      0.34625446796417236,
      0.20958000421524048,
      0.22806471586227417,
      0.20944654941558838,
      0.30843064188957214,
      0.3783646523952484,
      0.25751203298568726,
      0.3663860261440277,
      0.4563029706478119,
      1.0,
      0.5038377046585083,
      0.20305432379245758,
      0.2831048369407654,
      0.2794288098812103,
      0.41972970962524414
    ],
    [
      0.2617759108543396,
      0.4049701690673828,
      0.30288079380989075,
      0.3779391050338745,
      0.239651158452034,
      0.27475664019584656,
      0.29204094409942627,
      0.2797987163066864,
      0.4137192964553833,
      0.4711598753929138,
      0.5038377046585083,
      1.0,
      0.19771316647529602,
      0.213711678981781,
      0.2819182872772217,
      0.4313569664955139
    ],
    [
      0.3464110791683197,
      0.24699567258358002,
      0.2625744044780731,
      0.3023025095462799,
      0.2944490313529968,
      0.27363458275794983,
      0.2337038815021515,
      0.2374546378850937,
      0.2040432244539261,
      0.15188561379909515,
      0.20305432379245758,
      0.19771316647529602,
      1.0,
      0.27119848132133484,
      0.2625316381454468,
      0.2994316518306732
    ],
    [
      0.183430016040802,
      0.2171391099691391,
      0.22323600947856903,
      0.30154213309288025,
      0.35165509581565857,
      0.37059372663497925,
      0.40967974066734314,
      0.28087711334228516,
      0.2488316148519516,
      0.21760906279087067,
      0.2831048369407654,
      0.213711678981781,
      0.27119848132133484,
      1.0,
      0.3950677216053009,
      0.3792135417461395
    ],
    [
      0.16310365498065948,
      0.20865949988365173,
      0.24112418293952942,
      0.2166888564825058,
      0.25175741314888,
      0.29848289489746094,
      0.3079089820384979,
      0.3436310887336731,
      0.23430366814136505,
      0.19476427137851715,
      0.2794288098812103,
      0.2819182872772217,
      0.2625316381454468,
      0.3950677216053009,
      1.0,
      0.2895205616950989
    ],
    [
      0.30762356519699097,
      0.2724488079547882,
      0.3586708903312683,
      0.3890690803527832,
      0.31084203720092773,
      0.39651167392730713,
      0.46544432640075684,
      0.3741796314716339,
      0.32190027832984924,
      0.3616179823875427,
      0.41972970962524414,
      0.4313569664955139,
      0.2994316518306732,
      0.3792135417461395,
      0.2895205616950989,
      1.0
    ]
  ]
}