{
  "game_number": 207,
  "words": [
    "CLOVE",
    "FLORET",
    "SPEAR",
    "STALK",
    "RAM",
    "RESOLUTION",
    "SPEED",
    "STORAGE",
    "BLINDFOLD",
    "ROBE",
    "SCALES",
    "SWORD",
    "CRUNCH",
    "DOVE",
    "MARS",
    "PAYDAY"
  ],
  "adjacency_matrix": [
    [
      0.9999999403953552,
      0.4643121063709259,
      0.42397892475128174,
      0.3503027856349945,
      0.32534894347190857,
      0.184022918343544,
      0.33019161224365234,
      0.229832261800766,
      0.3828705847263336,
      0.3228502571582794,
      0.28484150767326355,
      0.3781551718711853,
      0.30401527881622314,
      0.2792987525463104,
      0.2413315773010254,
      0.2231973111629486
    ],
    [
      0.4643121063709259,
      1.0000001192092896,
      0.3997747600078583,
      0.4077484607696533,
      0.28954920172691345,
      0.2688358426094055,
      0.2420470416545868,
      0.3256218135356903,
      0.28680869936943054,
      0.3974558711051941,
      0.3819628059864044,
      0.31491369009017944,
      0.273139089345932,
      0.3311929404735565,
      0.2931004762649536,
      0.23202310502529144
    ],
    [
      0.42397892475128174,
      0.3997747600078583,
      0.9999999403953552,
      0.36020198464393616,
      0.4476010203361511,
      0.17157791554927826,
      0.2852270305156708,
      0.272661417722702,
      0.3088255822658539,
      0.4054218828678131,
      0.3330293595790863,
      0.6957967281341553,
      0.259805291891098,
      0.41282573342323303,
      0.2615962028503418,
      0.33593979477882385
    ],
    [
      0.3503027856349945,
      0.4077484607696533,
      0.36020198464393616,
      1.0,
      0.32910341024398804,
      0.15364839136600494,
      0.255397230386734,
      0.24406233429908752,
      0.21003073453903198,
      0.2003844529390335,
      0.2411797195672989,
      0.2317950427532196,
      0.25071755051612854,
      0.2324676811695099,
      0.24121633172035217,
      0.2890752851963043
    ],
    [
      0.32534894347190857,
      0.28954920172691345,
      0.4476010203361511,
      0.32910341024398804,
      1.0,
      0.26601478457450867,
      0.4110761880874634,
      0.3137791156768799,
      0.26095908880233765,
      0.24505038559436798,
      0.1737656444311142,
      0.35572606325149536,
      0.27439287304878235,
      0.4249785840511322,
      0.25228893756866455,
      0.23960570991039276
    ],
    [
      0.184022918343544,
      0.2688358426094055,
      0.17157791554927826,
      0.15364839136600494,
      0.26601478457450867,
      1.0,
      0.4086747169494629,
      0.34198155999183655,
      0.23146352171897888,
      0.24036045372486115,
      0.3598838150501251,
      0.28979212045669556,
      0.27678683400154114,
      0.2629268169403076,
      0.30998295545578003,
      0.21818986535072327
    ],
    [
      0.33019161224365234,
      0.2420470416545868,
      0.2852270305156708,
      0.255397230386734,
      0.4110761880874634,
      0.4086747169494629,
      1.0,
      0.42871201038360596,
      0.3513520658016205,
      0.22723260521888733,
      0.3965758681297302,
      0.34221258759498596,
      0.3788769245147705,
      0.2542567253112793,
      0.3196561932563782,
      0.28578007221221924
    ],
    [
      0.229832261800766,
      0.3256218135356903,
      0.272661417722702,
      0.24406233429908752,
      0.3137791156768799,
      0.34198155999183655,
      0.42871201038360596,
      1.0,
      0.21672296524047852,
      0.25233229994773865,
      0.3434891104698181,
      0.281453937292099,
      0.33405911922454834,
      0.23683829605579376,
      0.2734068036079407,
      0.2519141435623169
    ],
    [
      0.3828705847263336,
      0.28680869936943054,
      0.3088255822658539,
      0.21003073453903198,
      0.26095908880233765,
      0.23146352171897888,
      0.3513520658016205,
      0.21672296524047852,
      1.0,
      0.48171284794807434,
      0.37568801641464233,
      0.4001954197883606,
      0.2767033874988556,
      0.29629793763160706,
      0.22375062108039856,
      0.14766399562358856
    ],
    [
      0.3228502571582794,
      0.3974558711051941,
      0.4054218828678131,
      0.2003844529390335,
      0.24505038559436798,
      0.24036045372486115,
      0.22723260521888733,
      0.25233229994773865,
      0.48171284794807434,
      1.0,
      0.2631458044052124,
      0.5351959466934204,
      0.19333849847316742,
      0.36671364307403564,
      0.2489851415157318,
      0.2676641047000885
    ],
    [
      0.28484150767326355,
      0.3819628059864044,
      0.3330293595790863,
      0.2411797195672989,
      0.1737656444311142,
      0.3598838150501251,
      0.3965758681297302,
      0.3434891104698181,
      0.37568801641464233,
      0.2631458044052124,
      1.0,
      0.3651464581489563,
      0.33749157190322876,
      0.21200306713581085,
      0.299140989780426,
      0.22078539431095123
    ],
    [
      0.3781551718711853,
      0.31491369009017944,
      0.6957967281341553,
      0.2317950427532196,
      0.35572606325149536,
      0.28979212045669556,
      0.34221258759498596,
      0.281453937292099,
      0.4001954197883606,
      0.5351959466934204,
      0.3651464581489563,
      1.0000001192092896,
      0.24763989448547363,
      0.3438742458820343,
      0.24336841702461243,
      0.2821671962738037
    ],
    [
      0.30401527881622314,
      0.273139089345932,
      0.259805291891098,
      0.25071755051612854,
      0.27439287304878235,
      0.27678683400154114,
      0.3788769245147705,
      0.33405911922454834,
      0.2767033874988556,
      0.19333849847316742,
      0.33749157190322876,
      0.24763989448547363,
      1.0,
      0.27340248227119446,
      0.31829944252967834,
      0.38452720642089844
    ],
    [
      0.2792987525463104,
      0.3311929404735565,
      0.41282573342323303,
      0.2324676811695099,
      0.4249785840511322,
      0.2629268169403076,
      0.2542567253112793,
      0.23683829605579376,
      0.29629793763160706,
      0.36671364307403564,
      0.21200306713581085,
      0.3438742458820343,
      0.27340248227119446,
      1.0,
      0.24121451377868652,
      0.1702263504266739
    ],
    [
      0.2413315773010254,
      0.2931004762649536,
      0.2615962028503418,
      0.24121633172035217,
      0.25228893756866455,
      0.30998295545578003,
      0.3196561932563782,
      0.2734068036079407,
      0.22375062108039856,
      0.2489851415157318,
      0.299140989780426,
      0.24336841702461243,
      0.31829944252967834,
      0.24121451377868652,
      1.0,
      0.2717209756374359
    ],
    [
      0.2231973111629486,
      0.23202310502529144,
      0.33593979477882385,
      0.2890752851963043,
      0.23960570991039276,
      0.21818986535072327,
      0.28578007221221924,
      0.2519141435623169,
      0.14766399562358856,
      0.2676641047000885,
      0.22078539431095123,
      0.2821671962738037,
      0.38452720642089844,
      0.1702263504266739,
      0.2717209756374359,
      0.9999999403953552
    ]
  ]
}