{
  "game_number": 2,
  "words": [
    "DENT",
    "DING",
    "MAR",
    "SCRATCH",
    "COLOSSUS",
    "MAMMOTH",
    "WHALE",
    "WHOPPER",
    "POINT",
    "SNICKER",
    "STARE",
    "WHISPER",
    "BASE",
    "BOX",
    "MOUND",
    "PLATE"
  ],
  "adjacency_matrix": [
    [
      1.0,
      0.4613765478134155,
      0.47930166125297546,
      0.42984476685523987,
      0.35121193528175354,
      0.3623867332935333,
      0.2387765645980835,
      0.32422855496406555,
      0.3466375172138214,
      0.32288843393325806,
      0.29344114661216736,
      0.25808092951774597,
      0.37791162729263306,
      0.2878137230873108,
      0.27935925126075745,
      0.36955827474594116
    ],
    [
      0.4613765478134155,
      1.0,
      0.41321292519569397,
      0.3764612078666687,
      0.22819490730762482,
      0.293515682220459,
      0.29493239521980286,
      0.3312719166278839,
      0.34120094776153564,
      0.3977198302745819,
      0.3621833324432373,
      0.36691713333129883,
      0.3006911873817444,
      0.33133506774902344,
      0.2520062327384949,
      0.3352573812007904
    ],
    [
      0.47930166125297546,
      0.41321292519569397,
      0.9999999403953552,
      0.3381911516189575,
      0.24519452452659607,
      0.24245764315128326,
      0.3366301655769348,
      0.2313801646232605,
      0.29176774621009827,
      0.26733291149139404,
      0.24581316113471985,
      0.24518127739429474,
      0.2695598900318146,
      0.19314119219779968,
      0.2191816121339798,
      0.27302637696266174
    ],
    [
      0.42984476685523987,
      0.3764612078666687,
      0.3381911516189575,
      1.0000001192092896,
      0.2607082724571228,
      0.33039942383766174,
      0.21402707695960999,
      0.254631906747818,
      0.43615537881851196,
      0.33832159638404846,
      0.42697134613990784,
      0.35970261693000793,
      0.4952038526535034,
      0.3645102381706238,
      0.3547625243663788,
      0.4236162602901459
    ],
    [
      0.35121193528175354,
      0.22819490730762482,
      0.24519452452659607,
      0.2607082724571228,
      1.0,
      0.6026424765586853,
      0.393921822309494,
      0.3573187291622162,
      0.25525882840156555,
      0.22317394614219666,
      0.29651695489883423,
      0.24839827418327332,
      0.3161304295063019,
      0.32176437973976135,
      0.3075852692127228,
      0.280737966299057
    ],
    [
      0.3623867332935333,
      0.293515682220459,
      0.24245764315128326,
      0.33039942383766174,
      0.6026424765586853,
      1.0,
      0.5201861262321472,
      0.48168519139289856,
      0.23038367927074432,
      0.20330214500427246,
      0.24811474978923798,
      0.2126835733652115,
      0.30607718229293823,
      0.3189966380596161,
      0.3877732455730438,
      0.361409991979599
    ],
    [
      0.2387765645980835,
      0.29493239521980286,
      0.3366301655769348,
      0.21402707695960999,
      0.393921822309494,
      0.5201861262321472,
      0.9999999403953552,
      0.36150792241096497,
      0.26998212933540344,
      0.1974485218524933,
      0.22252564132213593,
      0.2672048807144165,
      0.2780691385269165,
      0.25159043073654175,
      0.2480538785457611,
      0.3262786865234375
    ],
    [
      0.32422855496406555,
      0.3312719166278839,
      0.2313801646232605,
      0.254631906747818,
      0.3573187291622162,
      0.48168519139289856,
      0.36150792241096497,
      1.0,
      0.2922757565975189,
      0.43830275535583496,
      0.2765195667743683,
      0.3063868582248688,
      0.3146214485168457,
      0.2826383709907532,
      0.28425949811935425,
      0.31691858172416687
    ],
    [
      0.3466375172138214,
      0.34120094776153564,
      0.29176774621009827,
      0.43615537881851196,
      0.25525882840156555,
      0.23038367927074432,
      0.26998212933540344,
      0.2922757565975189,
      1.0000001192092896,
      0.36659008264541626,
      0.3893515169620514,
      0.35640451312065125,
      0.5695977807044983,
      0.3632139265537262,
      0.29149797558784485,
      0.38211071491241455
    ],
    [
      0.32288843393325806,
      0.3977198302745819,
      0.26733291149139404,
      0.33832159638404846,
      0.22317394614219666,
      0.20330214500427246,
      0.1974485218524933,
      0.43830275535583496,
      0.36659008264541626,
      1.0,
      0.49811363220214844,
      0.5147784352302551,
      0.2488791048526764,
      0.21702194213867188,
      0.13436749577522278,
      0.19186930358409882
    ],
    [
      0.29344114661216736,
      0.3621833324432373,
      0.24581316113471985,
      0.42697134613990784,
      0.29651695489883423,
      0.24811474978923798,
      0.22252564132213593,
      0.2765195667743683,
      0.3893515169620514,
      0.49811363220214844,
      1.0,
      0.4638060927391052,
      0.3177641034126282,
      0.27442386746406555,
      0.23710854351520538,
      0.24907511472702026
    ],
    [
      0.25808092951774597,
      0.36691713333129883,
      0.24518127739429474,
      0.35970261693000793,
      0.24839827418327332,
      0.2126835733652115,
      0.2672048807144165,
      0.3063868582248688,
      0.35640451312065125,
      0.5147784352302551,
      0.4638060927391052,
      1.0,
      0.2733723819255829,
      0.2846320569515228,
      0.202891007065773,
      0.16661757230758667
    ],
    [
      0.37791162729263306,
      0.3006911873817444,
      0.2695598900318146,
      0.4952038526535034,
      0.3161304295063019,
      0.30607718229293823,
      0.2780691385269165,
      0.3146214485168457,
      0.5695977807044983,
      0.2488791048526764,
      0.3177641034126282,
      0.2733723819255829,
      1.0,
      0.4290725290775299,
      0.4461718499660492,
      0.48852407932281494
    ],
    [
      0.2878137230873108,
      0.33133506774902344,
      0.19314119219779968,
      0.3645102381706238,
      0.32176437973976135,
      0.3189966380596161,
      0.25159043073654175,
      0.2826383709907532,
      0.3632139265537262,
      0.21702194213867188,
      0.27442386746406555,
      0.2846320569515228,
      0.4290725290775299,
      1.0,
      0.3627084195613861,
      0.49007412791252136
    ],
    [
      0.27935925126075745,
      0.2520062327384949,
      0.2191816121339798,
      0.3547625243663788,
      0.3075852692127228,
      0.3877732455730438,
      0.2480538785457611,
      0.28425949811935425,
      0.29149797558784485,
      0.13436749577522278,
      0.23710854351520538,
      0.202891007065773,
      0.4461718499660492,
      0.3627084195613861,
      0.9999999403953552,
      0.4892832636833191
    ],
    [
      0.36955827474594116,
      0.3352573812007904,
      0.27302637696266174,
      0.4236162602901459,
      0.280737966299057,
      0.361409991979599,
      0.3262786865234375,
      0.31691858172416687,
      0.38211071491241455,
      0.19186930358409882,
      0.24907511472702026,
      0.16661757230758667,
      0.48852407932281494,
      0.49007412791252136,
      0.4892832636833191,
      0.9999999403953552
    ]
  ]
}