{
  "game_number": 578,
  "words": [
    "BUN",
    "DANISH",
    "MUFFIN",
    "TURNOVER",
    "FUMBLE",
    "PUNT",
    "SACK",
    "SNAP",
    "BUFF",
    "CLIP",
    "FILE",
    "POLISH",
    "GOBLET",
    "SNIFTER",
    "TUMBLER",
    "STEIN"
  ],
  "adjacency_matrix": [
    [
      1.0,
      0.313639372587204,
      0.5485771298408508,
      0.2600974440574646,
      0.13143609464168549,
      0.20486924052238464,
      0.3361780643463135,
      0.29539328813552856,
      0.2677164673805237,
      0.29982373118400574,
      0.24502722918987274,
      0.2906075417995453,
      0.30678045749664307,
      0.3175312280654907,
      0.3433084487915039,
      0.3800589442253113
    ],
    [
      0.313639372587204,
      0.9999999403953552,
      0.38087230920791626,
      0.21597601473331451,
      0.1602705419063568,
      0.18347275257110596,
      0.30778390169143677,
      0.2141629010438919,
      0.2937711775302887,
      0.31423699855804443,
      0.2935466170310974,
      0.42265570163726807,
      0.2773776650428772,
      0.32469919323921204,
      0.2762064039707184,
      0.4429700970649719
    ],
    [
      0.5485771298408508,
      0.38087230920791626,
      1.0,
      0.21984095871448517,
      0.20719261467456818,
      0.2364853024482727,
      0.3688359260559082,
      0.25682270526885986,
      0.2573438584804535,
      0.29299646615982056,
      0.21677851676940918,
      0.27123889327049255,
      0.36119210720062256,
      0.38509806990623474,
      0.42272475361824036,
      0.36446401476860046
    ],
    [
      0.2600974440574646,
      0.21597601473331451,
      0.21984095871448517,
      1.0,
      0.43590977787971497,
      0.4265366792678833,
      0.46993792057037354,
      0.4044238328933716,
      0.1525343507528305,
      0.283208966255188,
      0.2650909125804901,
      0.3038155734539032,
      0.19421274960041046,
      0.228139266371727,
      0.254724383354187,
      0.22997921705245972
    ],
    [
      0.13143609464168549,
      0.1602705419063568,
      0.20719261467456818,
      0.43590977787971497,
      1.0000001192092896,
      0.626032292842865,
      0.5175947546958923,
      0.547996461391449,
      0.2513510584831238,
      0.3317919671535492,
      0.2771456241607666,
      0.29503133893013,
      0.21367135643959045,
      0.36725282669067383,
      0.2905248999595642,
      0.21259890496730804
    ],
    [
      0.20486924052238464,
      0.18347275257110596,
      0.2364853024482727,
      0.4265366792678833,
      0.626032292842865,
      0.9999999403953552,
      0.4995509684085846,
      0.5002139210700989,
      0.2769180238246918,
      0.280241459608078,
      0.2820260226726532,
      0.23306864500045776,
      0.24060292541980743,
      0.37163838744163513,
      0.3095022439956665,
      0.2989204525947571
    ],
    [
      0.3361780643463135,
      0.30778390169143677,
      0.3688359260559082,
      0.46993792057037354,
      0.5175947546958923,
      0.4995509684085846,
      1.0000001192092896,
      0.48494306206703186,
      0.23560383915901184,
      0.3555142283439636,
      0.3443681597709656,
      0.33376598358154297,
      0.3946726322174072,
      0.37667110562324524,
      0.37454015016555786,
      0.31672465801239014
    ],
    [
      0.29539328813552856,
      0.2141629010438919,
      0.25682270526885986,
      0.4044238328933716,
      0.547996461391449,
      0.5002139210700989,
      0.48494306206703186,
      0.9999998807907104,
      0.2287643849849701,
      0.5087891817092896,
      0.3916846513748169,
      0.31635671854019165,
      0.2469022274017334,
      0.46223634481430054,
      0.40810927748680115,
      0.31780773401260376
    ],
    [
      0.2677164673805237,
      0.2937711775302887,
      0.2573438584804535,
      0.1525343507528305,
      0.2513510584831238,
      0.2769180238246918,
      0.23560383915901184,
      0.2287643849849701,
      1.0,
      0.36834239959716797,
      0.333171546459198,
      0.4657672941684723,
      0.23218926787376404,
      0.357483446598053,
      0.37059929966926575,
      0.312468558549881
    ],
    [
      0.29982373118400574,
      0.31423699855804443,
      0.29299646615982056,
      0.283208966255188,
      0.3317919671535492,
      0.280241459608078,
      0.3555142283439636,
      0.5087891817092896,
      0.36834239959716797,
      1.0,
      0.5149703025817871,
      0.36962413787841797,
      0.29075732827186584,
      0.3896030783653259,
      0.3494747281074524,
      0.3985784649848938
    ],
    [
      0.24502722918987274,
      0.2935466170310974,
      0.21677851676940918,
      0.2650909125804901,
      0.2771456241607666,
      0.2820260226726532,
      0.3443681597709656,
      0.3916846513748169,
      0.333171546459198,
      0.5149703025817871,
      1.0,
      0.3432909846305847,
      0.17071659862995148,
      0.3029685914516449,
      0.2721283733844757,
      0.30249279737472534
    ],
    [
      0.2906075417995453,
      0.42265570163726807,
      0.27123889327049255,
      0.3038155734539032,
      0.29503133893013,
      0.23306864500045776,
      0.33376598358154297,
      0.31635671854019165,
      0.4657672941684723,
      0.36962413787841797,
      0.3432909846305847,
      1.0,
      0.2841968834400177,
      0.39261528849601746,
      0.36354121565818787,
      0.4356749951839447
    ],
    [
      0.30678045749664307,
      0.2773776650428772,
      0.36119210720062256,
      0.19421274960041046,
      0.21367135643959045,
      0.24060292541980743,
      0.3946726322174072,
      0.2469022274017334,
      0.23218926787376404,
      0.29075732827186584,
      0.17071659862995148,
      0.2841968834400177,
      1.0,
      0.4453035593032837,
      0.483725905418396,
      0.46592599153518677
    ],
    [
      0.3175312280654907,
      0.32469919323921204,
      0.38509806990623474,
      0.228139266371727,
      0.36725282669067383,
      0.37163838744163513,
      0.37667110562324524,
      0.46223634481430054,
      0.357483446598053,
      0.3896030783653259,
      0.3029685914516449,
      0.39261528849601746,
      0.4453035593032837,
      1.0,
      0.5785638093948364,
      0.49002906680107117
    ],
    [
      0.3433084487915039,
      0.2762064039707184,
      0.42272475361824036,
      0.254724383354187,
      0.2905248999595642,
      0.3095022439956665,
      0.37454015016555786,
      0.40810927748680115,
      0.37059929966926575,
      0.3494747281074524,
      0.2721283733844757,
      0.36354121565818787,
      0.483725905418396,
      0.5785638093948364,
      1.0,
      0.5275816321372986
    ],
    [
      0.3800589442253113,
      0.4429700970649719,
      0.36446401476860046,
      0.22997921705245972,
      0.21259890496730804,
      0.2989204525947571,
      0.31672465801239014,
      0.31780773401260376,
      0.312468558549881,
      0.3985784649848938,
      0.30249279737472534,
      0.4356749951839447,
      0.46592599153518677,
      0.49002906680107117,
      0.5275816321372986,
      1.0
    ]
  ]
}