{
  "game_number": 353,
  "words": [
    "DROP",
    "SPLASH",
    "SPOT",
    "SPRINKLE",
    "BEST",
    "CREAM",
    "PICK",
    "TOP",
    "BIRD",
    "BUBBLE",
    "MUD",
    "SPONGE",
    "BUN",
    "HERO",
    "ROLL",
    "WRAP"
  ],
  "adjacency_matrix": [
    [
      1.0,
      0.5606901049613953,
      0.47934529185295105,
      0.4740595817565918,
      0.35352587699890137,
      0.35171473026275635,
      0.5565117597579956,
      0.48658639192581177,
      0.3402648866176605,
      0.46037352085113525,
      0.3815580904483795,
      0.415976345539093,
      0.23805175721645355,
      0.29470863938331604,
      0.5793189406394958,
      0.45396333932876587
    ],
    [
      0.5606901049613953,
      0.9999999403953552,
      0.4279133379459381,
      0.5045980215072632,
      0.2566039264202118,
      0.4041218161582947,
      0.3903716206550598,
      0.3612680435180664,
      0.3656988739967346,
      0.47343891859054565,
      0.4919426441192627,
      0.4552907347679138,
      0.22657960653305054,
      0.32388830184936523,
      0.4917837977409363,
      0.4361390471458435
    ],
    [
      0.47934529185295105,
      0.4279133379459381,
      1.0,
      0.45246684551239014,
      0.5069935321807861,
      0.3672574460506439,
      0.5765373110771179,
      0.563412070274353,
      0.4150608777999878,
      0.4476930797100067,
      0.32237499952316284,
      0.4052821397781372,
      0.3006541132926941,
      0.3719767928123474,
      0.4430663287639618,
      0.3956945836544037
    ],
    [
      0.4740595817565918,
      0.5045980215072632,
      0.45246684551239014,
      1.0,
      0.28904202580451965,
      0.4714370369911194,
      0.3881738781929016,
      0.3539885878562927,
      0.2951035797595978,
      0.37217941880226135,
      0.41114315390586853,
      0.4108416438102722,
      0.2889023721218109,
      0.2656203508377075,
      0.42069411277770996,
      0.4370204210281372
    ],
    [
      0.35352587699890137,
      0.2566039264202118,
      0.5069935321807861,
      0.28904202580451965,
      1.0,
      0.32451504468917847,
      0.473209947347641,
      0.5524986982345581,
      0.30938196182250977,
      0.3242916464805603,
      0.25758323073387146,
      0.3431122899055481,
      0.17435647547245026,
      0.3778613805770874,
      0.35611554980278015,
      0.3860611617565155
    ],
    [
      0.35171473026275635,
      0.4041218161582947,
      0.3672574460506439,
      0.4714370369911194,
      0.32451504468917847,
      1.0,
      0.342934787273407,
      0.3990769684314728,
      0.23176997900009155,
      0.38046565651893616,
      0.3751504719257355,
      0.4569038152694702,
      0.41133251786231995,
      0.17059031128883362,
      0.34367626905441284,
      0.3126426041126251
    ],
    [
      0.5565117597579956,
      0.3903716206550598,
      0.5765373110771179,
      0.3881738781929016,
      0.473209947347641,
      0.342934787273407,
      0.9999998807907104,
      0.4504226744174957,
      0.2934092879295349,
      0.3228108286857605,
      0.2850738763809204,
      0.33937013149261475,
      0.23963920772075653,
      0.3368954658508301,
      0.5002528429031372,
      0.45889461040496826
    ],
    [
      0.48658639192581177,
      0.3612680435180664,
      0.563412070274353,
      0.3539885878562927,
      0.5524986982345581,
      0.3990769684314728,
      0.4504226744174957,
      1.0,
      0.3115445673465729,
      0.4271770417690277,
      0.2916983962059021,
      0.3416109085083008,
      0.31323036551475525,
      0.36980488896369934,
      0.44748687744140625,
      0.39833688735961914
    ],
    [
      0.3402648866176605,
      0.3656988739967346,
      0.4150608777999878,
      0.2951035797595978,
      0.30938196182250977,
      0.23176997900009155,
      0.2934092879295349,
      0.3115445673465729,
      1.0,
      0.3251684904098511,
      0.3023567497730255,
      0.35295426845550537,
      0.24627630412578583,
      0.4130299389362335,
      0.30032679438591003,
      0.2656567394733429
    ],
    [
      0.46037352085113525,
      0.47343891859054565,
      0.4476930797100067,
      0.37217941880226135,
      0.3242916464805603,
      0.38046565651893616,
      0.3228108286857605,
      0.4271770417690277,
      0.3251684904098511,
      1.0,
      0.41186070442199707,
      0.5019084811210632,
      0.30664941668510437,
      0.2950420379638672,
      0.3874607980251312,
      0.46115642786026
    ],
    [
      0.3815580904483795,
      0.4919426441192627,
      0.32237499952316284,
      0.41114315390586853,
      0.25758323073387146,
      0.3751504719257355,
      0.2850738763809204,
      0.2916983962059021,
      0.3023567497730255,
      0.41186070442199707,
      1.0,
      0.47938013076782227,
      0.30342185497283936,
      0.27866554260253906,
      0.3920961022377014,
      0.33411142230033875
    ],
    [
      0.415976345539093,
      0.4552907347679138,
      0.4052821397781372,
      0.4108416438102722,
      0.3431122899055481,
      0.4569038152694702,
      0.33937013149261475,
      0.3416109085083008,
      0.35295426845550537,
      0.5019084811210632,
      0.47938013076782227,
      0.9999999403953552,
      0.3266049325466156,
      0.2952207028865814,
      0.41686931252479553,
      0.42317312955856323
    ],
    [
      0.23805175721645355,
      0.22657960653305054,
      0.3006541132926941,
      0.2889023721218109,
      0.17435647547245026,
      0.41133251786231995,
      0.23963920772075653,
      0.31323036551475525,
      0.24627630412578583,
      0.30664941668510437,
      0.30342185497283936,
      0.3266049325466156,
      1.0,
      0.27587205171585083,
      0.39772653579711914,
      0.3581832945346832
    ],
    [
      0.29470863938331604,
      0.32388830184936523,
      0.3719767928123474,
      0.2656203508377075,
      0.3778613805770874,
      0.17059031128883362,
      0.3368954658508301,
      0.36980488896369934,
      0.4130299389362335,
      0.2950420379638672,
      0.27866554260253906,
      0.2952207028865814,
      0.27587205171585083,
      0.9999999403953552,
      0.369137167930603,
      0.26399722695350647
    ],
    [
      0.5793189406394958,
      0.4917837977409363,
      0.4430663287639618,
      0.42069411277770996,
      0.35611554980278015,
      0.34367626905441284,
      0.5002528429031372,
      0.44748687744140625,
      0.30032679438591003,
      0.3874607980251312,
      0.3920961022377014,
      0.41686931252479553,
      0.39772653579711914,
      0.369137167930603,
      0.9999999403953552,
      0.5137730240821838
    ],
    [
      0.45396333932876587,
      0.4361390471458435,
      0.3956945836544037,
      0.4370204210281372,
      0.3860611617565155,
      0.3126426041126251,
      0.45889461040496826,
      0.39833688735961914,
      0.2656567394733429,
      0.46115642786026,
      0.33411142230033875,
      0.42317312955856323,
      0.3581832945346832,
      0.26399722695350647,
      0.5137730240821838,
      1.0
    ]
  ]
}