{
  "game_number": 17,
  "words": [
    "NORMAL",
    "PLAIN",
    "STANDARD",
    "VANILLA",
    "DESERT",
    "DUMP",
    "MAROON",
    "STRAND",
    "COUNT",
    "MEASURE",
    "WEIGHT",
    "VOLUME",
    "AGES",
    "CHOCOLATE",
    "HORSE",
    "MATTER"
  ],
  "adjacency_matrix": [
    [
      1.0,
      0.5145062804222107,
      0.6247276067733765,
      0.3629421889781952,
      0.36664342880249023,
      0.3238128125667572,
      0.3342479169368744,
      0.41665515303611755,
      0.36954522132873535,
      0.40409186482429504,
      0.41801080107688904,
      0.3804512917995453,
      0.30235278606414795,
      0.3235907256603241,
      0.3188430964946747,
      0.4253638684749603
    ],
    [
      0.5145062804222107,
      1.0,
      0.5297722816467285,
      0.4946846663951874,
      0.5157044529914856,
      0.4056730568408966,
      0.4432700574398041,
      0.364549845457077,
      0.35193970799446106,
      0.3620801568031311,
      0.28199222683906555,
      0.27662724256515503,
      0.29117369651794434,
      0.38849982619285583,
      0.3496204614639282,
      0.47388631105422974
    ],
    [
      0.6247276067733765,
      0.5297722816467285,
      1.0,
      0.3387819230556488,
      0.37019190192222595,
      0.38212090730667114,
      0.3410016894340515,
      0.41481441259384155,
      0.4199756681919098,
      0.5561486482620239,
      0.4431571066379547,
      0.41095516085624695,
      0.2890271246433258,
      0.3369668126106262,
      0.33317798376083374,
      0.45244932174682617
    ],
    [
      0.3629421889781952,
      0.4946846663951874,
      0.3387819230556488,
      1.0,
      0.32479342818260193,
      0.3122329115867615,
      0.45156678557395935,
      0.22896330058574677,
      0.18734091520309448,
      0.2324730008840561,
      0.1948985904455185,
      0.22993358969688416,
      0.15638893842697144,
      0.6146883368492126,
      0.22820790112018585,
      0.2533334195613861
    ],
    [
      0.36664342880249023,
      0.5157044529914856,
      0.37019190192222595,
      0.32479342818260193,
      1.0,
      0.41345977783203125,
      0.35968372225761414,
      0.3749169111251831,
      0.2702113687992096,
      0.3098010718822479,
      0.2078300416469574,
      0.2575529217720032,
      0.2693531811237335,
      0.3475554287433624,
      0.3898864686489105,
      0.3548923432826996
    ],
    [
      0.3238128125667572,
      0.4056730568408966,
      0.38212090730667114,
      0.3122329115867615,
      0.41345977783203125,
      1.0,
      0.3128393292427063,
      0.2918921411037445,
      0.4013964831829071,
      0.38103047013282776,
      0.36600491404533386,
      0.3849790692329407,
      0.22100535035133362,
      0.31535059213638306,
      0.30222809314727783,
      0.3975699543952942
    ],
    [
      0.3342479169368744,
      0.4432700574398041,
      0.3410016894340515,
      0.45156678557395935,
      0.35968372225761414,
      0.3128393292427063,
      0.9999999403953552,
      0.3231058716773987,
      0.3042226731777191,
      0.262935072183609,
      0.25877249240875244,
      0.26213932037353516,
      0.2244872897863388,
      0.4266819953918457,
      0.30927425622940063,
      0.3094125986099243
    ],
    [
      0.41665515303611755,
      0.364549845457077,
      0.41481441259384155,
      0.22896330058574677,
      0.3749169111251831,
      0.2918921411037445,
      0.3231058716773987,
      1.0,
      0.3349405825138092,
      0.3768341839313507,
      0.2960818409919739,
      0.2477998286485672,
      0.2265080362558365,
      0.26902997493743896,
      0.3834070563316345,
      0.3465864658355713
    ],
    [
      0.36954522132873535,
      0.35193970799446106,
      0.4199756681919098,
      0.18734091520309448,
      0.2702113687992096,
      0.4013964831829071,
      0.3042226731777191,
      0.3349405825138092,
      1.0,
      0.5472726225852966,
      0.45821598172187805,
      0.3946384787559509,
      0.329419881105423,
      0.3052247166633606,
      0.3553016483783722,
      0.4078167676925659
    ],
    [
      0.40409186482429504,
      0.3620801568031311,
      0.5561486482620239,
      0.2324730008840561,
      0.3098010718822479,
      0.38103047013282776,
      0.262935072183609,
      0.3768341839313507,
      0.5472726225852966,
      1.0,
      0.47592753171920776,
      0.4445033073425293,
      0.2664206027984619,
      0.3306289315223694,
      0.2983565628528595,
      0.5022901892662048
    ],
    [
      0.41801080107688904,
      0.28199222683906555,
      0.4431571066379547,
      0.1948985904455185,
      0.2078300416469574,
      0.36600491404533386,
      0.25877249240875244,
      0.2960818409919739,
      0.45821598172187805,
      0.47592753171920776,
      1.0,
      0.4957529604434967,
      0.2990134358406067,
      0.32208728790283203,
      0.3487705588340759,
      0.41674932837486267
    ],
    [
      0.3804512917995453,
      0.27662724256515503,
      0.41095516085624695,
      0.22993358969688416,
      0.2575529217720032,
      0.3849790692329407,
      0.26213932037353516,
      0.2477998286485672,
      0.3946384787559509,
      0.4445033073425293,
      0.4957529604434967,
      1.0,
      0.2603364586830139,
      0.28702685236930847,
      0.2311057150363922,
      0.3933691680431366
    ],
    [
      0.30235278606414795,
      0.29117369651794434,
      0.2890271246433258,
      0.15638893842697144,
      0.2693531811237335,
      0.22100535035133362,
      0.2244872897863388,
      0.2265080362558365,
      0.329419881105423,
      0.2664206027984619,
      0.2990134358406067,
      0.2603364586830139,
      0.9999999403953552,
      0.24138402938842773,
      0.26170819997787476,
      0.3045985698699951
    ],
    [
      0.3235907256603241,
      0.38849982619285583,
      0.3369668126106262,
      0.6146883368492126,
      0.3475554287433624,
      0.31535059213638306,
      0.4266819953918457,
      0.26902997493743896,
      0.3052247166633606,
      0.3306289315223694,
      0.32208728790283203,
      0.28702685236930847,
      0.24138402938842773,
      1.0,
      0.3526065945625305,
      0.3207521140575409
    ],
    [
      0.3188430964946747,
      0.3496204614639282,
      0.33317798376083374,
      0.22820790112018585,
      0.3898864686489105,
      0.30222809314727783,
      0.30927425622940063,
      0.3834070563316345,
      0.3553016483783722,
      0.2983565628528595,
      0.3487705588340759,
      0.2311057150363922,
      0.26170819997787476,
      0.3526065945625305,
      1.0,
      0.3495810329914093
    ],
    [
      0.4253638684749603,
      0.47388631105422974,
      0.45244932174682617,
      0.2533334195613861,
      0.3548923432826996,
      0.3975699543952942,
      0.3094125986099243,
      0.3465864658355713,
      0.4078167676925659,
      0.5022901892662048,
      0.41674932837486267,
      0.3933691680431366,
      0.3045985698699951,
      0.3207521140575409,
      0.3495810329914093,
      1.0
    ]
  ]
}