{"game_number":71,"words":["CHARM","HEX","MAGIC","SPELL","INSTRUMENT","PAWN","PUPPET","TOOL","CAPE","MASK","TIGHTS","UNDERWEAR","BAY","CARPENTER","SCOTT","WOO"],"adjacency_matrix":[[1.0,0.20559370517730713,0.6065026521682739,0.44735637307167053,0.3440312147140503,0.2383495420217514,0.2898275554180145,0.3606206476688385,0.38563984632492065,0.3917592465877533,0.29525670409202576,0.34837889671325684,0.28237441182136536,0.27001312375068665,0.22744354605674744,0.4645176827907562],[0.20559370517730713,1.0,0.371805340051651,0.3997168242931366,0.13278020918369293,0.35236504673957825,0.20094148814678192,0.23323434591293335,0.26991745829582214,0.3075424134731293,0.15087412297725677,0.13101886212825775,0.20273920893669128,0.1851520836353302,0.16544730961322784,0.2315738946199417],[0.6065026521682739,0.371805340051651,1.0,0.5852329134941101,0.37941694259643555,0.3609883785247803,0.3947207033634186,0.4569604694843292,0.4157227575778961,0.4754502475261688,0.41143885254859924,0.3497793674468994,0.23896662890911102,0.30684131383895874,0.23700712621212006,0.4099161922931671],[0.44735637307167053,0.3997168242931366,0.5852329134941101,1.0,0.3075883388519287,0.23638968169689178,0.3030264675617218,0.32981985807418823,0.3582935631275177,0.39774012565612793,0.29772457480430603,0.2657708525657654,0.2522569000720978,0.28908002376556396,0.2790200114250183,0.2825019359588623],[0.3440312147140503,0.13278020918369293,0.37941694259643555,0.3075883388519287,1.0,0.2566834092140198,0.36555805802345276,0.6014440655708313,0.32851821184158325,0.40420305728912354,0.2071990817785263,0.3129420578479767,0.27899664640426636,0.35858288407325745,0.20897628366947174,0.19423285126686096],[0.2383495420217514,0.35236504673957825,0.3609883785247803,0.23638968169689178,0.2566834092140198,1.0,0.38220393657684326,0.34888574481010437,0.3144585192203522,0.32107582688331604,0.29516157507896423,0.23465360701084137,0.15782855451107025,0.2482490837574005,0.18715454638004303,0.30754950642585754],[0.2898275554180145,0.20094148814678192,0.3947207033634186,0.3030264675617218,0.36555805802345276,0.38220393657684326,0.9999999403953552,0.4222254157066345,0.31898921728134155,0.42302194237709045,0.3342890739440918,0.34279173612594604,0.19733022153377533,0.37315598130226135,0.25457271933555603,0.23347723484039307],[0.3606206476688385,0.23323434591293335,0.4569604694843292,0.32981985807418823,0.6014440655708313,0.34888574481010437,0.4222254157066345,1.0,0.3407192826271057,0.44705307483673096,0.2419734001159668,0.31083208322525024,0.24136438965797424,0.38831865787506104,0.28368839621543884,0.2168954610824585],[0.38563984632492065,0.26991745829582214,0.4157227575778961,0.3582935631275177,0.32851821184158325,0.3144585192203522,0.31898921728134155,0.3407192826271057,0.9999999403953552,0.5354383587837219,0.5040271282196045,0.4102323353290558,0.4676397144794464,0.35233214497566223,0.35409367084503174,0.2412583827972412],[0.3917592465877533,0.3075424134731293,0.4754502475261688,0.39774012565612793,0.40420305728912354,0.32107582688331604,0.42302194237709045,0.44705307483673096,0.5354383587837219,0.9999999403953552,0.4513111412525177,0.43718504905700684,0.24488016963005066,0.27430981397628784,0.23198360204696655,0.2716394364833832],[0.29525670409202576,0.15087412297725677,0.41143885254859924,0.29772457480430603,0.2071990817785263,0.29516157507896423,0.3342890739440918,0.2419734001159668,0.5040271282196045,0.4513111412525177,1.0,0.638010561466217,0.17991746962070465,0.2151896357536316,0.2786443829536438,0.2590579092502594],[0.34837889671325684,0.13101886212825775,0.3497793674468994,0.2657708525657654,0.3129420578479767,0.23465360701084137,0.34279173612594604,0.31083208322525024,0.4102323353290558,0.43718504905700684,0.638010561466217,1.0,0.2299811691045761,0.27339687943458557,0.23652388155460358,0.261713445186615],[0.28237441182136536,0.20273920893669128,0.23896662890911102,0.2522569000720978,0.27899664640426636,0.15782855451107025,0.19733022153377533,0.24136438965797424,0.4676397144794464,0.24488016963005066,0.17991746962070465,0.2299811691045761,1.0,0.2690654993057251,0.32119861245155334,0.23266908526420593],[0.27001312375068665,0.1851520836353302,0.30684131383895874,0.28908002376556396,0.35858288407325745,0.2482490837574005,0.37315598130226135,0.38831865787506104,0.35233214497566223,0.27430981397628784,0.2151896357536316,0.27339687943458557,0.2690654993057251,1.0,0.34746986627578735,0.24146580696105957],[0.22744354605674744,0.16544730961322784,0.23700712621212006,0.2790200114250183,0.20897628366947174,0.18715454638004303,0.25457271933555603,0.28368839621543884,0.35409367084503174,0.23198360204696655,0.2786443829536438,0.23652388155460358,0.32119861245155334,0.34746986627578735,1.0,0.2547557055950165],[0.4645176827907562,0.2315738946199417,0.4099161922931671,0.2825019359588623,0.19423285126686096,0.30754950642585754,0.23347723484039307,0.2168954610824585,0.2412583827972412,0.2716394364833832,0.2590579092502594,0.261713445186615,0.23266908526420593,0.24146580696105957,0.2547557055950165,1.0]]}