{
  "game_number": 145,
  "words": [
    "BIT",
    "LITTLE",
    "MITE",
    "TAD",
    "SLICE",
    "TWIST",
    "WEDGE",
    "ZEST",
    "FOUL",
    "LOUSE",
    "MUCK",
    "SCREW",
    "BLUE",
    "DOWN",
    "HANGDOG",
    "SORRY"
  ],
  "adjacency_matrix": [
    [
      1.0,
      0.6734047532081604,
      0.45371299982070923,
      0.6542169451713562,
      0.4905150234699249,
      0.4830694794654846,
      0.4249681532382965,
      0.3541240692138672,
      0.3337903320789337,
      0.4105410873889923,
      0.4623293876647949,
      0.38141900300979614,
      0.38455531001091003,
      0.5094185471534729,
      0.4364553987979889,
      0.4907902777194977
    ],
    [
      0.6734047532081604,
      0.9999999403953552,
      0.4728519320487976,
      0.4133387506008148,
      0.390356183052063,
      0.4174962639808655,
      0.3662591576576233,
      0.41901955008506775,
      0.3727342188358307,
      0.42016878724098206,
      0.4307042062282562,
      0.35920771956443787,
      0.4218355715274811,
      0.41739359498023987,
      0.40660417079925537,
      0.4544048309326172
    ],
    [
      0.45371299982070923,
      0.4728519320487976,
      1.0,
      0.3984729051589966,
      0.2546747028827667,
      0.265133261680603,
      0.24309581518173218,
      0.22219136357307434,
      0.31250014901161194,
      0.5738009214401245,
      0.3605928122997284,
      0.2166905254125595,
      0.2969253361225128,
      0.24387739598751068,
      0.3051069378852844,
      0.3428419232368469
    ],
    [
      0.6542169451713562,
      0.4133387506008148,
      0.3984729051589966,
      1.0,
      0.25676730275154114,
      0.2657091021537781,
      0.22686146199703217,
      0.18228809535503387,
      0.2683989107608795,
      0.2267823964357376,
      0.2766382396221161,
      0.1679474115371704,
      0.2762061655521393,
      0.34616440534591675,
      0.34274253249168396,
      0.40337756276130676
    ],
    [
      0.4905150234699249,
      0.390356183052063,
      0.2546747028827667,
      0.25676730275154114,
      1.0,
      0.5115360021591187,
      0.5830769538879395,
      0.3646257817745209,
      0.2822679281234741,
      0.35743170976638794,
      0.3759269714355469,
      0.4254206418991089,
      0.36411505937576294,
      0.3994006812572479,
      0.3341849446296692,
      0.19687511026859283
    ],
    [
      0.4830694794654846,
      0.4174962639808655,
      0.265133261680603,
      0.2657091021537781,
      0.5115360021591187,
      0.9999999403953552,
      0.45645710825920105,
      0.36077260971069336,
      0.32073092460632324,
      0.2901208698749542,
      0.4174645245075226,
      0.4838797450065613,
      0.33039671182632446,
      0.36711564660072327,
      0.42812028527259827,
      0.3205256164073944
    ],
    [
      0.4249681532382965,
      0.3662591576576233,
      0.24309581518173218,
      0.22686146199703217,
      0.5830769538879395,
      0.45645710825920105,
      1.0,
      0.2426777333021164,
      0.31086838245391846,
      0.27689093351364136,
      0.40873825550079346,
      0.47741812467575073,
      0.4101957678794861,
      0.3678976595401764,
      0.2922530770301819,
      0.218352809548378
    ],
    [
      0.3541240692138672,
      0.41901955008506775,
      0.22219136357307434,
      0.18228809535503387,
      0.3646257817745209,
      0.36077260971069336,
      0.2426777333021164,
      1.0,
      0.22935634851455688,
      0.19349221885204315,
      0.2735406160354614,
      0.14256711304187775,
      0.2764553427696228,
      0.21347276866436005,
      0.3699357807636261,
      0.14799685776233673
    ],
    [
      0.3337903320789337,
      0.3727342188358307,
      0.31250014901161194,
      0.2683989107608795,
      0.2822679281234741,
      0.32073092460632324,
      0.31086838245391846,
      0.22935634851455688,
      1.0,
      0.3792957067489624,
      0.4825748801231384,
      0.33268505334854126,
      0.3488597869873047,
      0.3830901086330414,
      0.32490605115890503,
      0.3195176124572754
    ],
    [
      0.4105410873889923,
      0.42016878724098206,
      0.5738009214401245,
      0.2267823964357376,
      0.35743170976638794,
      0.2901208698749542,
      0.27689093351364136,
      0.19349221885204315,
      0.3792957067489624,
      1.0,
      0.43559592962265015,
      0.3941930830478668,
      0.2958926260471344,
      0.37681129574775696,
      0.3567732572555542,
      0.3520001769065857
    ],
    [
      0.4623293876647949,
      0.4307042062282562,
      0.3605928122997284,
      0.2766382396221161,
      0.3759269714355469,
      0.4174645245075226,
      0.40873825550079346,
      0.2735406160354614,
      0.4825748801231384,
      0.43559592962265015,
      1.0,
      0.4075504243373871,
      0.4013544023036957,
      0.48823851346969604,
      0.36245787143707275,
      0.3490438759326935
    ],
    [
      0.38141900300979614,
      0.35920771956443787,
      0.2166905254125595,
      0.1679474115371704,
      0.4254206418991089,
      0.4838797450065613,
      0.47741812467575073,
      0.14256711304187775,
      0.33268505334854126,
      0.3941930830478668,
      0.4075504243373871,
      1.0000001192092896,
      0.25603240728378296,
      0.45546627044677734,
      0.28750377893447876,
      0.3520811200141907
    ],
    [
      0.38455531001091003,
      0.4218355715274811,
      0.2969253361225128,
      0.2762061655521393,
      0.36411505937576294,
      0.33039671182632446,
      0.4101957678794861,
      0.2764553427696228,
      0.3488597869873047,
      0.2958926260471344,
      0.4013544023036957,
      0.25603240728378296,
      1.0,
      0.37334299087524414,
      0.38183262944221497,
      0.281833291053772
    ],
    [
      0.5094185471534729,
      0.41739359498023987,
      0.24387739598751068,
      0.34616440534591675,
      0.3994006812572479,
      0.36711564660072327,
      0.3678976595401764,
      0.21347276866436005,
      0.3830901086330414,
      0.37681129574775696,
      0.48823851346969604,
      0.45546627044677734,
      0.37334299087524414,
      1.0,
      0.3925948441028595,
      0.3258668780326843
    ],
    [
      0.4364553987979889,
      0.40660417079925537,
      0.3051069378852844,
      0.34274253249168396,
      0.3341849446296692,
      0.42812028527259827,
      0.2922530770301819,
      0.3699357807636261,
      0.32490605115890503,
      0.3567732572555542,
      0.36245787143707275,
      0.28750377893447876,
      0.38183262944221497,
      0.3925948441028595,
      1.0,
      0.31369534134864807
    ],
    [
      0.4907902777194977,
      0.4544048309326172,
      0.3428419232368469,
      0.40337756276130676,
      0.19687511026859283,
      0.3205256164073944,
      0.218352809548378,
      0.14799685776233673,
      0.3195176124572754,
      0.3520001769065857,
      0.3490438759326935,
      0.3520811200141907,
      0.281833291053772,
      0.3258668780326843,
      0.31369534134864807,
      1.0
    ]
  ]
}