{
  "game_number": 99,
  "words": [
    "BLOCK",
    "CHECK",
    "DAM",
    "STOP",
    "CONCERT",
    "GAME",
    "MOVIE",
    "PLAY",
    "DYSENTERY",
    "FORD",
    "HUNT",
    "OXEN",
    "ACTOR",
    "CAR",
    "DIRECTOR",
    "PRESIDENT"
  ],
  "adjacency_matrix": [
    [
      1.0,
      0.43803665041923523,
      0.3416832685470581,
      0.566491961479187,
      0.3940484821796417,
      0.373890221118927,
      0.3414178490638733,
      0.3884653151035309,
      0.13211990892887115,
      0.28329169750213623,
      0.4078037440776825,
      0.0762784481048584,
      0.318027526140213,
      0.37956228852272034,
      0.25832033157348633,
      0.2716088593006134
    ],
    [
      0.43803665041923523,
      1.0,
      0.27103039622306824,
      0.5278991460800171,
      0.38699641823768616,
      0.3535229563713074,
      0.31279516220092773,
      0.43130624294281006,
      0.16614098846912384,
      0.28558969497680664,
      0.4390049874782562,
      0.04345977306365967,
      0.31251731514930725,
      0.35246822237968445,
      0.2756907045841217,
      0.3065726161003113
    ],
    [
      0.3416832685470581,
      0.27103039622306824,
      1.0,
      0.3143124282360077,
      0.27774858474731445,
      0.2372109293937683,
      0.30127307772636414,
      0.22299805283546448,
      0.1541115641593933,
      0.3661907911300659,
      0.2790572941303253,
      0.173905149102211,
      0.23793791234493256,
      0.3371324837207794,
      0.2353755533695221,
      0.23041842877864838
    ],
    [
      0.566491961479187,
      0.5278991460800171,
      0.3143124282360077,
      1.0,
      0.3933010399341583,
      0.369778037071228,
      0.30694645643234253,
      0.4644116163253784,
      0.22698675096035004,
      0.29780280590057373,
      0.4428515136241913,
      0.07263420522212982,
      0.3096720278263092,
      0.4172770380973816,
      0.2698476016521454,
      0.29839274287223816
    ],
    [
      0.3940484821796417,
      0.38699641823768616,
      0.27774858474731445,
      0.3933010399341583,
      1.0,
      0.4447852671146393,
      0.5086865425109863,
      0.5318177342414856,
      0.16864319145679474,
      0.23015163838863373,
      0.36461979150772095,
      0.03470086678862572,
      0.43432456254959106,
      0.4139743447303772,
      0.4119606614112854,
      0.35146239399909973
    ],
    [
      0.373890221118927,
      0.3535229563713074,
      0.2372109293937683,
      0.369778037071228,
      0.4447852671146393,
      1.0,
      0.5485034584999084,
      0.6875748634338379,
      0.15483984351158142,
      0.25112560391426086,
      0.5069195032119751,
      0.09695019572973251,
      0.32204359769821167,
      0.4292123317718506,
      0.3467307984828949,
      0.3036530315876007
    ],
    [
      0.3414178490638733,
      0.31279516220092773,
      0.30127307772636414,
      0.30694645643234253,
      0.5086865425109863,
      0.5485034584999084,
      1.0,
      0.5265254974365234,
      0.1876886487007141,
      0.25994229316711426,
      0.34057626128196716,
      0.023288769647479057,
      0.5300227403640747,
      0.4444423317909241,
      0.5102989673614502,
      0.2993558943271637
    ],
    [
      0.3884653151035309,
      0.43130624294281006,
      0.22299805283546448,
      0.4644116163253784,
      0.5318177342414856,
      0.6875748634338379,
      0.5265254974365234,
      1.0000001192092896,
      0.1543957144021988,
      0.3288482129573822,
      0.4880138337612152,
      0.09929803758859634,
      0.4949871897697449,
      0.3795369267463684,
      0.3871270418167114,
      0.32731443643569946
    ],
    [
      0.13211990892887115,
      0.16614098846912384,
      0.1541115641593933,
      0.22698675096035004,
      0.16864319145679474,
      0.15483984351158142,
      0.1876886487007141,
      0.1543957144021988,
      1.0,
      0.20922598242759705,
      0.20333701372146606,
      0.21954770386219025,
      0.1594059020280838,
      0.17753101885318756,
      0.1665460616350174,
      0.11997029185295105
    ],
    [
      0.28329169750213623,
      0.28558969497680664,
      0.3661907911300659,
      0.29780280590057373,
      0.23015163838863373,
      0.25112560391426086,
      0.25994229316711426,
      0.3288482129573822,
      0.20922598242759705,
      1.0,
      0.3306441903114319,
      0.3007449805736542,
      0.29738596081733704,
      0.43801549077033997,
      0.22730782628059387,
      0.2590036988258362
    ],
    [
      0.4078037440776825,
      0.4390049874782562,
      0.2790572941303253,
      0.4428515136241913,
      0.36461979150772095,
      0.5069195032119751,
      0.34057626128196716,
      0.4880138337612152,
      0.20333701372146606,
      0.3306441903114319,
      1.0,
      0.26197168231010437,
      0.28777483105659485,
      0.37509864568710327,
      0.2687142789363861,
      0.2930099666118622
    ],
    [
      0.0762784481048584,
      0.04345977306365967,
      0.173905149102211,
      0.07263420522212982,
      0.03470086678862572,
      0.09695019572973251,
      0.023288769647479057,
      0.09929803758859634,
      0.21954770386219025,
      0.3007449805736542,
      0.26197168231010437,
      0.9999999403953552,
      0.0756421685218811,
      0.21477505564689636,
      0.10826011002063751,
      0.09986135363578796
    ],
    [
      0.318027526140213,
      0.31251731514930725,
      0.23793791234493256,
      0.3096720278263092,
      0.43432456254959106,
      0.32204359769821167,
      0.5300227403640747,
      0.4949871897697449,
      0.1594059020280838,
      0.29738596081733704,
      0.28777483105659485,
      0.0756421685218811,
      0.9999999403953552,
      0.36688312888145447,
      0.6397055387496948,
      0.41764315962791443
    ],
    [
      0.37956228852272034,
      0.35246822237968445,
      0.3371324837207794,
      0.4172770380973816,
      0.4139743447303772,
      0.4292123317718506,
      0.4444423317909241,
      0.3795369267463684,
      0.17753101885318756,
      0.43801549077033997,
      0.37509864568710327,
      0.21477505564689636,
      0.36688312888145447,
      1.0,
      0.33603838086128235,
      0.31548264622688293
    ],
    [
      0.25832033157348633,
      0.2756907045841217,
      0.2353755533695221,
      0.2698476016521454,
      0.4119606614112854,
      0.3467307984828949,
      0.5102989673614502,
      0.3871270418167114,
      0.1665460616350174,
      0.22730782628059387,
      0.2687142789363861,
      0.10826011002063751,
      0.6397055387496948,
      0.33603838086128235,
      1.0,
      0.6505256295204163
    ],
    [
      0.2716088593006134,
      0.3065726161003113,
      0.23041842877864838,
      0.29839274287223816,
      0.35146239399909973,
      0.3036530315876007,
      0.2993558943271637,
      0.32731443643569946,
      0.11997029185295105,
      0.2590036988258362,
      0.2930099666118622,
      0.09986135363578796,
      0.41764315962791443,
      0.31548264622688293,
      0.6505256295204163,
      1.0
    ]
  ]
}