{
  "game_number": 358,
  "words": [
    "DITCH",
    "DROP",
    "LOSE",
    "SHED",
    "FATHOM",
    "FOOT",
    "LEAGUE",
    "YARD",
    "BAKE",
    "CLEARANCE",
    "GARAGE",
    "SAMPLE",
    "ACE",
    "CRACKERJACK",
    "EXPERT",
    "HOTSHOT"
  ],
  "adjacency_matrix": [
    [
      1.0,
      0.521731436252594,
      0.3956172466278076,
      0.4167327880859375,
      0.28468459844589233,
      0.41079244017601013,
      0.335445761680603,
      0.3937712013721466,
      0.2589315176010132,
      0.33199936151504517,
      0.4314816892147064,
      0.3441838324069977,
      0.30724087357521057,
      0.410401314496994,
      0.2723914682865143,
      0.35562971234321594
    ],
    [
      0.521731436252594,
      1.0,
      0.5730702877044678,
      0.47851821780204773,
      0.24394458532333374,
      0.41987529397010803,
      0.3444649875164032,
      0.2557957172393799,
      0.3905561566352844,
      0.3938695192337036,
      0.31051141023635864,
      0.44903478026390076,
      0.3440592586994171,
      0.44332778453826904,
      0.27148547768592834,
      0.31342536211013794
    ],
    [
      0.3956172466278076,
      0.5730702877044678,
      1.0,
      0.47843876481056213,
      0.24373549222946167,
      0.2792230248451233,
      0.2941608130931854,
      0.20047080516815186,
      0.3528471887111664,
      0.3265063166618347,
      0.2154725193977356,
      0.27210915088653564,
      0.29572901129722595,
      0.36391133069992065,
      0.2859017252922058,
      0.277970552444458
    ],
    [
      0.4167327880859375,
      0.47851821780204773,
      0.47843876481056213,
      1.0,
      0.23036067187786102,
      0.34175825119018555,
      0.17572368681430817,
      0.41104868054389954,
      0.35618048906326294,
      0.28488194942474365,
      0.42642664909362793,
      0.34468382596969604,
      0.20540347695350647,
      0.3241400122642517,
      0.24480217695236206,
      0.2826450765132904
    ],
    [
      0.28468459844589233,
      0.24394458532333374,
      0.24373549222946167,
      0.23036067187786102,
      1.0,
      0.3030633330345154,
      0.21612007915973663,
      0.16551068425178528,
      0.16713830828666687,
      0.21634626388549805,
      0.09280907362699509,
      0.2229018360376358,
      0.13332897424697876,
      0.28223246335983276,
      0.17637722194194794,
      0.15222300589084625
    ],
    [
      0.41079244017601013,
      0.41987529397010803,
      0.2792230248451233,
      0.34175825119018555,
      0.3030633330345154,
      1.0,
      0.3399152457714081,
      0.4776275157928467,
      0.2650262713432312,
      0.43379855155944824,
      0.3948850631713867,
      0.3243453800678253,
      0.2556486427783966,
      0.36541908979415894,
      0.23419640958309174,
      0.26154792308807373
    ],
    [
      0.335445761680603,
      0.3444649875164032,
      0.2941608130931854,
      0.17572368681430817,
      0.21612007915973663,
      0.3399152457714081,
      1.0,
      0.3201107382774353,
      0.24474798142910004,
      0.31747519969940186,
      0.3552268147468567,
      0.2822538912296295,
      0.37857699394226074,
      0.40933957695961,
      0.2894962728023529,
      0.3458898067474365
    ],
    [
      0.3937712013721466,
      0.2557957172393799,
      0.20047080516815186,
      0.41104868054389954,
      0.16551068425178528,
      0.4776275157928467,
      0.3201107382774353,
      1.0,
      0.27766087651252747,
      0.36908605694770813,
      0.5216929316520691,
      0.25656813383102417,
      0.19011634588241577,
      0.2519854009151459,
      0.18930542469024658,
      0.18713174760341644
    ],
    [
      0.2589315176010132,
      0.3905561566352844,
      0.3528471887111664,
      0.35618048906326294,
      0.16713830828666687,
      0.2650262713432312,
      0.24474798142910004,
      0.27766087651252747,
      1.0,
      0.24895761907100677,
      0.373800128698349,
      0.31605637073516846,
      0.19721218943595886,
      0.37310001254081726,
      0.26672062277793884,
      0.25290098786354065
    ],
    [
      0.33199936151504517,
      0.3938695192337036,
      0.3265063166618347,
      0.28488194942474365,
      0.21634626388549805,
      0.43379855155944824,
      0.31747519969940186,
      0.36908605694770813,
      0.24895761907100677,
      0.9999999403953552,
      0.31588542461395264,
      0.33772504329681396,
      0.27727705240249634,
      0.3667081892490387,
      0.35468021035194397,
      0.2833576202392578
    ],
    [
      0.4314816892147064,
      0.31051141023635864,
      0.2154725193977356,
      0.42642664909362793,
      0.09280907362699509,
      0.3948850631713867,
      0.3552268147468567,
      0.5216929316520691,
      0.373800128698349,
      0.31588542461395264,
      0.9999999403953552,
      0.31209293007850647,
      0.29539772868156433,
      0.396119087934494,
      0.3012091815471649,
      0.31414729356765747
    ],
    [
      0.3441838324069977,
      0.44903478026390076,
      0.27210915088653564,
      0.34468382596969604,
      0.2229018360376358,
      0.3243453800678253,
      0.2822538912296295,
      0.25656813383102417,
      0.31605637073516846,
      0.33772504329681396,
      0.31209293007850647,
      1.0,
      0.2219686657190323,
      0.4199620187282562,
      0.3190411925315857,
      0.27433839440345764
    ],
    [
      0.30724087357521057,
      0.3440592586994171,
      0.29572901129722595,
      0.20540347695350647,
      0.13332897424697876,
      0.2556486427783966,
      0.37857699394226074,
      0.19011634588241577,
      0.19721218943595886,
      0.27727705240249634,
      0.29539772868156433,
      0.2219686657190323,
      1.0,
      0.4787234961986542,
      0.4195674657821655,
      0.5154304504394531
    ],
    [
      0.410401314496994,
      0.44332778453826904,
      0.36391133069992065,
      0.3241400122642517,
      0.28223246335983276,
      0.36541908979415894,
      0.40933957695961,
      0.2519854009151459,
      0.37310001254081726,
      0.3667081892490387,
      0.396119087934494,
      0.4199620187282562,
      0.4787234961986542,
      1.0,
      0.5226027369499207,
      0.6064050793647766
    ],
    [
      0.2723914682865143,
      0.27148547768592834,
      0.2859017252922058,
      0.24480217695236206,
      0.17637722194194794,
      0.23419640958309174,
      0.2894962728023529,
      0.18930542469024658,
      0.26672062277793884,
      0.35468021035194397,
      0.3012091815471649,
      0.3190411925315857,
      0.4195674657821655,
      0.5226027369499207,
      1.0,
      0.5160326361656189
    ],
    [
      0.35562971234321594,
      0.31342536211013794,
      0.277970552444458,
      0.2826450765132904,
      0.15222300589084625,
      0.26154792308807373,
      0.3458898067474365,
      0.18713174760341644,
      0.25290098786354065,
      0.2833576202392578,
      0.31414729356765747,
      0.27433839440345764,
      0.5154304504394531,
      0.6064050793647766,
      0.5160326361656189,
      1.0
    ]
  ]
}