{"game_number":212,"words":["DRYER","HAMPER","IRON","WASHER","DIRECT","GUIDE","LEAD","STEER","IODINE","IOTA","MYSELF","ONE","DEATH","HIDDEN","SILICON","UNCANNY"],"adjacency_matrix":[[1.0,0.2861176133155823,0.3766286373138428,0.6602563261985779,0.25265806913375854,0.1930171400308609,0.22944140434265137,0.22921349108219147,0.2276759296655655,0.013405165635049343,0.1781759262084961,0.3072609603404999,0.232619047164917,0.244424507021904,0.31984424591064453,0.25065702199935913],[0.2861176133155823,1.0,0.350424200296402,0.28774309158325195,0.38477203249931335,0.3886185884475708,0.4584082067012787,0.4125056564807892,0.168051615357399,0.20294007658958435,0.23272237181663513,0.28030601143836975,0.3029101490974426,0.35813695192337036,0.22983093559741974,0.242330864071846],[0.3766286373138428,0.350424200296402,1.0000001192092896,0.4161873459815979,0.35426560044288635,0.26484599709510803,0.39202380180358887,0.31966379284858704,0.4752281904220581,0.18503417074680328,0.24995975196361542,0.3456880450248718,0.32449978590011597,0.33781594038009644,0.5069642066955566,0.24225249886512756],[0.6602563261985779,0.28774309158325195,0.4161873459815979,1.0,0.2539638578891754,0.26441147923469543,0.3188907504081726,0.3110610246658325,0.22047294676303864,0.05735846981406212,0.2702849209308624,0.377936452627182,0.21503977477550507,0.2770921587944031,0.2813071310520172,0.20635367929935455],[0.25265806913375854,0.38477203249931335,0.35426560044288635,0.2539638578891754,1.0,0.5568156242370605,0.5771968364715576,0.5317948460578918,0.21375396847724915,0.2585190236568451,0.31444939970970154,0.46789249777793884,0.40980064868927,0.4442967474460602,0.29638659954071045,0.34869900345802307],[0.1930171400308609,0.3886185884475708,0.26484599709510803,0.26441147923469543,0.5568156242370605,0.9999999403953552,0.5504400730133057,0.5665808916091919,0.18192645907402039,0.14387443661689758,0.34271103143692017,0.42124104499816895,0.2921440005302429,0.3501147925853729,0.2600210905075073,0.23742544651031494],[0.22944140434265137,0.4584082067012787,0.39202380180358887,0.3188907504081726,0.5771968364715576,0.5504400730133057,1.0,0.4865237772464752,0.21076245605945587,0.17792031168937683,0.3599139153957367,0.49301981925964355,0.4207896590232849,0.4294695556163788,0.3252909183502197,0.20649148523807526],[0.22921349108219147,0.4125056564807892,0.31966379284858704,0.3110610246658325,0.5317948460578918,0.5665808916091919,0.4865237772464752,0.9999999403953552,0.11760976910591125,0.15314710140228271,0.31788790225982666,0.3827635645866394,0.2700992822647095,0.2831323742866516,0.2291320264339447,0.18065649271011353],[0.2276759296655655,0.168051615357399,0.4752281904220581,0.22047294676303864,0.21375396847724915,0.18192645907402039,0.21076245605945587,0.11760976910591125,1.0,0.17315001785755157,0.15188118815422058,0.15605810284614563,0.1549384742975235,0.18341290950775146,0.4287155866622925,0.1670582890510559],[0.013405165635049343,0.20294007658958435,0.18503417074680328,0.05735846981406212,0.2585190236568451,0.14387443661689758,0.17792031168937683,0.15314710140228271,0.17315001785755157,1.0,0.23861415684223175,0.30013760924339294,0.1442764699459076,0.21395447850227356,0.14346261322498322,0.18923097848892212],[0.1781759262084961,0.23272237181663513,0.24995975196361542,0.2702849209308624,0.31444939970970154,0.34271103143692017,0.3599139153957367,0.31788790225982666,0.15188118815422058,0.23861415684223175,1.0,0.5021268129348755,0.28951314091682434,0.2915869951248169,0.19207584857940674,0.24584071338176727],[0.3072609603404999,0.28030601143836975,0.3456880450248718,0.377936452627182,0.46789249777793884,0.42124104499816895,0.49301981925964355,0.3827635645866394,0.15605810284614563,0.30013760924339294,0.5021268129348755,1.0,0.34508058428764343,0.42829686403274536,0.2578590214252472,0.25935181975364685],[0.232619047164917,0.3029101490974426,0.32449978590011597,0.21503977477550507,0.40980064868927,0.2921440005302429,0.4207896590232849,0.2700992822647095,0.1549384742975235,0.1442764699459076,0.28951314091682434,0.34508058428764343,1.0,0.35155579447746277,0.2567690312862396,0.30088868737220764],[0.244424507021904,0.35813695192337036,0.33781594038009644,0.2770921587944031,0.4442967474460602,0.3501147925853729,0.4294695556163788,0.2831323742866516,0.18341290950775146,0.21395447850227356,0.2915869951248169,0.42829686403274536,0.35155579447746277,0.9999999403953552,0.309980183839798,0.3540264666080475],[0.31984424591064453,0.22983093559741974,0.5069642066955566,0.2813071310520172,0.29638659954071045,0.2600210905075073,0.3252909183502197,0.2291320264339447,0.4287155866622925,0.14346261322498322,0.19207584857940674,0.2578590214252472,0.2567690312862396,0.309980183839798,1.0,0.23642411828041077],[0.25065702199935913,0.242330864071846,0.24225249886512756,0.20635367929935455,0.34869900345802307,0.23742544651031494,0.20649148523807526,0.18065649271011353,0.1670582890510559,0.18923097848892212,0.24584071338176727,0.25935181975364685,0.30088868737220764,0.3540264666080475,0.23642411828041077,1.0]]}