{"game_number":359,"words":["CHEESECAKE","FLAN","MOUSSE","TIRAMISU","DARN","FUDGE","HECK","SHOOT","ELEPHANT","HIPPO","NARWHAL","WARTHOG","HANDLEBAR","HORSESHOE","PENCIL","WALRUS"],"adjacency_matrix":[[1.0,0.5302346348762512,0.5343557596206665,0.5026098489761353,0.2820555865764618,0.49396929144859314,0.3033047914505005,0.3816693425178528,0.27009251713752747,0.3095521330833435,0.27510422468185425,0.3022948205471039,0.25538942217826843,0.34142911434173584,0.3054184317588806,0.35059911012649536],[0.5302346348762512,1.0,0.6080806851387024,0.5471479892730713,0.29237574338912964,0.4457288682460785,0.21922056376934052,0.20175215601921082,0.25476083159446716,0.32894307374954224,0.2885323464870453,0.3276187479496002,0.3457808792591095,0.39128556847572327,0.2812540531158447,0.3199276030063629],[0.5343557596206665,0.6080806851387024,1.0,0.5527287125587463,0.2549307346343994,0.3637235164642334,0.19498847424983978,0.1647453010082245,0.29072389006614685,0.35446059703826904,0.32933828234672546,0.3138149082660675,0.36881640553474426,0.360668808221817,0.3055400252342224,0.33868032693862915],[0.5026098489761353,0.5471479892730713,0.5527287125587463,0.9999999403953552,0.2761673629283905,0.3872745633125305,0.2361411303281784,0.18939708173274994,0.177032470703125,0.3095482885837555,0.20332995057106018,0.2601446509361267,0.2334873080253601,0.22869016230106354,0.19621622562408447,0.19502995908260345],[0.2820555865764618,0.29237574338912964,0.2549307346343994,0.2761673629283905,0.9999999403953552,0.3535142242908478,0.6048851013183594,0.2978968918323517,0.2333211898803711,0.20245197415351868,0.25090986490249634,0.30489346385002136,0.256796270608902,0.24036066234111786,0.22982557117938995,0.28374311327934265],[0.49396929144859314,0.4457288682460785,0.3637235164642334,0.3872745633125305,0.3535142242908478,1.0000001192092896,0.3317720890045166,0.2572658658027649,0.2671816349029541,0.2216796875,0.1979389488697052,0.25694239139556885,0.23743648827075958,0.3398962914943695,0.3260840177536011,0.23464030027389526],[0.3033047914505005,0.21922056376934052,0.19498847424983978,0.2361411303281784,0.6048851013183594,0.3317720890045166,1.0,0.37460756301879883,0.2633844316005707,0.21475054323673248,0.20792588591575623,0.31617361307144165,0.1852160096168518,0.18132807314395905,0.20689502358436584,0.25832170248031616],[0.3816693425178528,0.20175215601921082,0.1647453010082245,0.18939708173274994,0.2978968918323517,0.2572658658027649,0.37460756301879883,0.9999999403953552,0.32759279012680054,0.2265358865261078,0.2562183439731598,0.4162680506706238,0.2891814708709717,0.22183066606521606,0.3143123686313629,0.23151013255119324],[0.27009251713752747,0.25476083159446716,0.29072389006614685,0.177032470703125,0.2333211898803711,0.2671816349029541,0.2633844316005707,0.32759279012680054,1.0,0.6325293183326721,0.5429787635803223,0.5610719919204712,0.2964365482330322,0.43525928258895874,0.3321138322353363,0.5062909722328186],[0.3095521330833435,0.32894307374954224,0.35446059703826904,0.3095482885837555,0.20245197415351868,0.2216796875,0.21475054323673248,0.2265358865261078,0.6325293183326721,1.0,0.4824424982070923,0.5726852416992188,0.28220418095588684,0.3473444879055023,0.2897207736968994,0.4892241358757019],[0.27510422468185425,0.2885323464870453,0.32933828234672546,0.20332995057106018,0.25090986490249634,0.1979389488697052,0.20792588591575623,0.2562183439731598,0.5429787635803223,0.4824424982070923,1.0,0.4550783932209015,0.26585543155670166,0.3761936128139496,0.2717669606208801,0.7221881747245789],[0.3022948205471039,0.3276187479496002,0.3138149082660675,0.2601446509361267,0.30489346385002136,0.25694239139556885,0.31617361307144165,0.4162680506706238,0.5610719919204712,0.5726852416992188,0.4550783932209015,1.0,0.2751925587654114,0.34011682868003845,0.30603906512260437,0.5041413307189941],[0.25538942217826843,0.3457808792591095,0.36881640553474426,0.2334873080253601,0.256796270608902,0.23743648827075958,0.1852160096168518,0.2891814708709717,0.2964365482330322,0.28220418095588684,0.26585543155670166,0.2751925587654114,1.0,0.41680997610092163,0.3503360450267792,0.273351788520813],[0.34142911434173584,0.39128556847572327,0.360668808221817,0.22869016230106354,0.24036066234111786,0.3398962914943695,0.18132807314395905,0.22183066606521606,0.43525928258895874,0.3473444879055023,0.3761936128139496,0.34011682868003845,0.41680997610092163,1.0000001192092896,0.30977943539619446,0.3647640347480774],[0.3054184317588806,0.2812540531158447,0.3055400252342224,0.19621622562408447,0.22982557117938995,0.3260840177536011,0.20689502358436584,0.3143123686313629,0.3321138322353363,0.2897207736968994,0.2717669606208801,0.30603906512260437,0.3503360450267792,0.30977943539619446,1.0,0.31665027141571045],[0.35059911012649536,0.3199276030063629,0.33868032693862915,0.19502995908260345,0.28374311327934265,0.23464030027389526,0.25832170248031616,0.23151013255119324,0.5062909722328186,0.4892241358757019,0.7221881747245789,0.5041413307189941,0.273351788520813,0.3647640347480774,0.31665027141571045,1.0]]}