{
  "game_number": 344,
  "words": [
    "CONTACT",
    "MESSAGE",
    "PING",
    "TEXT",
    "FRUIT",
    "PITCHER",
    "SKULL",
    "TABLECLOTH",
    "BATTER",
    "CAN",
    "GARDEN",
    "PONG",
    "PIC",
    "SHOT",
    "SNAP",
    "STILL"
  ],
  "adjacency_matrix": [
    [
      1.0,
      0.43970543146133423,
      0.398587167263031,
      0.30693045258522034,
      0.275823712348938,
      0.2995363175868988,
      0.29495716094970703,
      0.2195267528295517,
      0.32314053177833557,
      0.42372041940689087,
      0.3115503787994385,
      0.25718411803245544,
      0.32689380645751953,
      0.36536264419555664,
      0.36680957674980164,
      0.3537738025188446
    ],
    [
      0.43970543146133423,
      1.0,
      0.43135473132133484,
      0.560806930065155,
      0.3214886784553528,
      0.18804162740707397,
      0.27830761671066284,
      0.2781606912612915,
      0.25084570050239563,
      0.3452622890472412,
      0.3137865364551544,
      0.26868271827697754,
      0.4100112318992615,
      0.3565514087677002,
      0.3299504220485687,
      0.37495148181915283
    ],
    [
      0.398587167263031,
      0.43135473132133484,
      1.0000001192092896,
      0.2614904046058655,
      0.2230444997549057,
      0.23974154889583588,
      0.16659186780452728,
      0.24449720978736877,
      0.28716298937797546,
      0.36542433500289917,
      0.18821531534194946,
      0.6016727685928345,
      0.26843538880348206,
      0.3037585914134979,
      0.3370274305343628,
      0.30171215534210205
    ],
    [
      0.30693045258522034,
      0.560806930065155,
      0.2614904046058655,
      0.9999999403953552,
      0.30370861291885376,
      0.24021771550178528,
      0.3060401380062103,
      0.37589430809020996,
      0.23625388741493225,
      0.2514706552028656,
      0.2651611864566803,
      0.1752428561449051,
      0.482848197221756,
      0.35700613260269165,
      0.2567785084247589,
      0.3605479896068573
    ],
    [
      0.275823712348938,
      0.3214886784553528,
      0.2230444997549057,
      0.30370861291885376,
      1.0,
      0.37991586327552795,
      0.3713349401950836,
      0.3413323163986206,
      0.3721342086791992,
      0.2449609935283661,
      0.49729469418525696,
      0.30187177658081055,
      0.31762436032295227,
      0.3054269254207611,
      0.3370453119277954,
      0.30590957403182983
    ],
    [
      0.2995363175868988,
      0.18804162740707397,
      0.23974154889583588,
      0.24021771550178528,
      0.37991586327552795,
      1.0,
      0.27756109833717346,
      0.2835349440574646,
      0.6256610751152039,
      0.23692111670970917,
      0.34954968094825745,
      0.3000590205192566,
      0.2867446839809418,
      0.2964112460613251,
      0.2939850091934204,
      0.28677231073379517
    ],
    [
      0.29495716094970703,
      0.27830761671066284,
      0.16659186780452728,
      0.3060401380062103,
      0.3713349401950836,
      0.27756109833717346,
      1.0,
      0.2860301434993744,
      0.26850664615631104,
      0.199338898062706,
      0.23320427536964417,
      0.18646444380283356,
      0.4146771728992462,
      0.3393494486808777,
      0.28176724910736084,
      0.24688658118247986
    ],
    [
      0.2195267528295517,
      0.2781606912612915,
      0.24449720978736877,
      0.37589430809020996,
      0.3413323163986206,
      0.2835349440574646,
      0.2860301434993744,
      0.9999999403953552,
      0.2716342806816101,
      0.18530793488025665,
      0.39801228046417236,
      0.2599031329154968,
      0.29689329862594604,
      0.2324903905391693,
      0.2692781984806061,
      0.2217068076133728
    ],
    [
      0.32314053177833557,
      0.25084570050239563,
      0.28716298937797546,
      0.23625388741493225,
      0.3721342086791992,
      0.6256610751152039,
      0.26850664615631104,
      0.2716342806816101,
      1.0,
      0.339304655790329,
      0.32385140657424927,
      0.2952512204647064,
      0.2256089448928833,
      0.3211728632450104,
      0.3425765633583069,
      0.3475806713104248
    ],
    [
      0.42372041940689087,
      0.3452622890472412,
      0.36542433500289917,
      0.2514706552028656,
      0.2449609935283661,
      0.23692111670970917,
      0.199338898062706,
      0.18530793488025665,
      0.339304655790329,
      1.0,
      0.26321008801460266,
      0.26384449005126953,
      0.3028198480606079,
      0.37081587314605713,
      0.41504111886024475,
      0.6062260866165161
    ],
    [
      0.3115503787994385,
      0.3137865364551544,
      0.18821531534194946,
      0.2651611864566803,
      0.49729469418525696,
      0.34954968094825745,
      0.23320427536964417,
      0.39801228046417236,
      0.32385140657424927,
      0.26321008801460266,
      1.0000001192092896,
      0.32120874524116516,
      0.354244589805603,
      0.31053614616394043,
      0.28006428480148315,
      0.31326019763946533
    ],
    [
      0.25718411803245544,
      0.26868271827697754,
      0.6016727685928345,
      0.1752428561449051,
      0.30187177658081055,
      0.3000590205192566,
      0.18646444380283356,
      0.2599031329154968,
      0.2952512204647064,
      0.26384449005126953,
      0.32120874524116516,
      1.0,
      0.24876827001571655,
      0.21114133298397064,
      0.22432079911231995,
      0.23107129335403442
    ],
    [
      0.32689380645751953,
      0.4100112318992615,
      0.26843538880348206,
      0.482848197221756,
      0.31762436032295227,
      0.2867446839809418,
      0.4146771728992462,
      0.29689329862594604,
      0.2256089448928833,
      0.3028198480606079,
      0.354244589805603,
      0.24876827001571655,
      1.0,
      0.5292310118675232,
      0.4661655128002167,
      0.37453076243400574
    ],
    [
      0.36536264419555664,
      0.3565514087677002,
      0.3037585914134979,
      0.35700613260269165,
      0.3054269254207611,
      0.2964112460613251,
      0.3393494486808777,
      0.2324903905391693,
      0.3211728632450104,
      0.37081587314605713,
      0.31053614616394043,
      0.21114133298397064,
      0.5292310118675232,
      1.0,
      0.5200597643852234,
      0.4251801073551178
    ],
    [
      0.36680957674980164,
      0.3299504220485687,
      0.3370274305343628,
      0.2567785084247589,
      0.3370453119277954,
      0.2939850091934204,
      0.28176724910736084,
      0.2692781984806061,
      0.3425765633583069,
      0.41504111886024475,
      0.28006428480148315,
      0.22432079911231995,
      0.4661655128002167,
      0.5200597643852234,
      0.9999998807907104,
      0.3383704125881195
    ],
    [
      0.3537738025188446,
      0.37495148181915283,
      0.30171215534210205,
      0.3605479896068573,
      0.30590957403182983,
      0.28677231073379517,
      0.24688658118247986,
      0.2217068076133728,
      0.3475806713104248,
      0.6062260866165161,
      0.31326019763946533,
      0.23107129335403442,
      0.37453076243400574,
      0.4251801073551178,
      0.3383704125881195,
      1.0
    ]
  ]
}