{
  "game_number": 504,
  "words": [
    "CHOP",
    "GRIND",
    "PULSE",
    "PUREE",
    "CAPITAL",
    "EQUITY",
    "INTEREST",
    "STOCK",
    "IVY",
    "JUSTICE",
    "LITTLE",
    "PREMIER",
    "HIDDEN",
    "PRIVATE",
    "REMOTE",
    "SECRET"
  ],
  "adjacency_matrix": [
    [
      1.0,
      0.5382264256477356,
      0.40422025322914124,
      0.484868586063385,
      0.27713775634765625,
      0.1995898187160492,
      0.25680243968963623,
      0.3774060904979706,
      0.1606668084859848,
      0.24682042002677917,
      0.3488672077655792,
      0.2570234537124634,
      0.3248644471168518,
      0.2960706055164337,
      0.30495837330818176,
      0.2676994502544403
    ],
    [
      0.5382264256477356,
      1.0,
      0.32868334650993347,
      0.4265719950199127,
      0.2602682411670685,
      0.2124231606721878,
      0.33076566457748413,
      0.3037782907485962,
      0.10882020741701126,
      0.34567248821258545,
      0.34854018688201904,
      0.19682516157627106,
      0.2787841260433197,
      0.27546459436416626,
      0.2792884111404419,
      0.2676543593406677
    ],
    [
      0.40422025322914124,
      0.32868334650993347,
      1.0,
      0.3371756374835968,
      0.3418245017528534,
      0.26188161969184875,
      0.38491886854171753,
      0.4180909991264343,
      0.0593680813908577,
      0.26683399081230164,
      0.3417089581489563,
      0.2575085759162903,
      0.25623661279678345,
      0.2955048680305481,
      0.3523688018321991,
      0.31237906217575073
    ],
    [
      0.484868586063385,
      0.4265719950199127,
      0.3371756374835968,
      1.0,
      0.2659318745136261,
      0.24526499211788177,
      0.2890995144844055,
      0.32677581906318665,
      0.2093951404094696,
      0.2661006450653076,
      0.36324355006217957,
      0.20188656449317932,
      0.27132365107536316,
      0.30983537435531616,
      0.23144878447055817,
      0.2722148001194
    ],
    [
      0.27713775634765625,
      0.2602682411670685,
      0.3418245017528534,
      0.2659318745136261,
      1.0,
      0.5304669737815857,
      0.43686437606811523,
      0.5286753177642822,
      0.08576902002096176,
      0.401180237531662,
      0.39156827330589294,
      0.3979285657405853,
      0.3501928448677063,
      0.4979162812232971,
      0.3889419734477997,
      0.345671683549881
    ],
    [
      0.1995898187160492,
      0.2124231606721878,
      0.26188161969184875,
      0.24526499211788177,
      0.5304669737815857,
      1.0,
      0.4740752875804901,
      0.5386245846748352,
      0.07399190217256546,
      0.5926961898803711,
      0.27029168605804443,
      0.2665083110332489,
      0.30395808815956116,
      0.4725908041000366,
      0.29976552724838257,
      0.2567474842071533
    ],
    [
      0.25680243968963623,
      0.33076566457748413,
      0.38491886854171753,
      0.2890995144844055,
      0.43686437606811523,
      0.4740752875804901,
      1.0,
      0.38376033306121826,
      0.04355623945593834,
      0.4558822214603424,
      0.5420515537261963,
      0.3358747065067291,
      0.4195454716682434,
      0.49618029594421387,
      0.394001841545105,
      0.4378643333911896
    ],
    [
      0.3774060904979706,
      0.3037782907485962,
      0.4180909991264343,
      0.32677581906318665,
      0.5286753177642822,
      0.5386245846748352,
      0.38376033306121826,
      0.9999999403953552,
      0.10073055326938629,
      0.28348663449287415,
      0.33145520091056824,
      0.3334079086780548,
      0.3292395770549774,
      0.4723336398601532,
      0.30661946535110474,
      0.3582302927970886
    ],
    [
      0.1606668084859848,
      0.10882020741701126,
      0.0593680813908577,
      0.2093951404094696,
      0.08576902002096176,
      0.07399190217256546,
      0.04355623945593834,
      0.10073055326938629,
      1.0,
      0.07640467584133148,
      0.16446956992149353,
      0.13899046182632446,
      0.17530180513858795,
      0.15629887580871582,
      0.11187876760959625,
      0.14563541114330292
    ],
    [
      0.24682042002677917,
      0.34567248821258545,
      0.26683399081230164,
      0.2661006450653076,
      0.401180237531662,
      0.5926961898803711,
      0.4558822214603424,
      0.28348663449287415,
      0.07640467584133148,
      1.0,
      0.32727840542793274,
      0.3559383451938629,
      0.29348963499069214,
      0.3851267695426941,
      0.32416239380836487,
      0.34945499897003174
    ],
    [
      0.3488672077655792,
      0.34854018688201904,
      0.3417089581489563,
      0.36324355006217957,
      0.39156827330589294,
      0.27029168605804443,
      0.5420515537261963,
      0.33145520091056824,
      0.16446956992149353,
      0.32727840542793274,
      0.9999999403953552,
      0.3030535876750946,
      0.5101006627082825,
      0.4561033248901367,
      0.4802172780036926,
      0.4742696285247803
    ],
    [
      0.2570234537124634,
      0.19682516157627106,
      0.2575085759162903,
      0.20188656449317932,
      0.3979285657405853,
      0.2665083110332489,
      0.3358747065067291,
      0.3334079086780548,
      0.13899046182632446,
      0.3559383451938629,
      0.3030535876750946,
      0.9999999403953552,
      0.2879326343536377,
      0.472122460603714,
      0.3735220730304718,
      0.374127596616745
    ],
    [
      0.3248644471168518,
      0.2787841260433197,
      0.25623661279678345,
      0.27132365107536316,
      0.3501928448677063,
      0.30395808815956116,
      0.4195454716682434,
      0.3292395770549774,
      0.17530180513858795,
      0.29348963499069214,
      0.5101006627082825,
      0.2879326343536377,
      0.9999999403953552,
      0.4987528920173645,
      0.5020797252655029,
      0.6850288510322571
    ],
    [
      0.2960706055164337,
      0.27546459436416626,
      0.2955048680305481,
      0.30983537435531616,
      0.4979162812232971,
      0.4725908041000366,
      0.49618029594421387,
      0.4723336398601532,
      0.15629887580871582,
      0.3851267695426941,
      0.4561033248901367,
      0.472122460603714,
      0.4987528920173645,
      1.0,
      0.5080521106719971,
      0.5819125175476074
    ],
    [
      0.30495837330818176,
      0.2792884111404419,
      0.3523688018321991,
      0.23144878447055817,
      0.3889419734477997,
      0.29976552724838257,
      0.394001841545105,
      0.30661946535110474,
      0.11187876760959625,
      0.32416239380836487,
      0.4802172780036926,
      0.3735220730304718,
      0.5020797252655029,
      0.5080521106719971,
      1.0,
      0.46748626232147217
    ],
    [
      0.2676994502544403,
      0.2676543593406677,
      0.31237906217575073,
      0.2722148001194,
      0.345671683549881,
      0.2567474842071533,
      0.4378643333911896,
      0.3582302927970886,
      0.14563541114330292,
      0.34945499897003174,
      0.4742696285247803,
      0.374127596616745,
      0.6850288510322571,
      0.5819125175476074,
      0.46748626232147217,
      1.0
    ]
  ]
}