{
  "game_number": 356,
  "words": [
    "EGG",
    "EVERYTHING",
    "PLAIN",
    "POPPY",
    "ACT",
    "DIRECT",
    "PRODUCE",
    "WRITE",
    "FRANK",
    "MUM",
    "VAMP",
    "WERE",
    "FANCY",
    "LOVE",
    "RELISH",
    "SAVOR"
  ],
  "adjacency_matrix": [
    [
      1.0,
      0.2786755859851837,
      0.28048986196517944,
      0.26027560234069824,
      0.263862282037735,
      0.29035958647727966,
      0.30395421385765076,
      0.1556999832391739,
      0.21984827518463135,
      0.34548264741897583,
      0.25237131118774414,
      0.18570572137832642,
      0.2522623538970947,
      0.23239460587501526,
      0.2500492036342621,
      0.20076069235801697
    ],
    [
      0.2786755859851837,
      1.0,
      0.4322305917739868,
      0.27581971883773804,
      0.4276180863380432,
      0.3867925703525543,
      0.4093484580516815,
      0.42801597714424133,
      0.26464101672172546,
      0.35766562819480896,
      0.23495186865329742,
      0.3992399573326111,
      0.4598821997642517,
      0.5163164734840393,
      0.3664589524269104,
      0.3710041642189026
    ],
    [
      0.28048986196517944,
      0.4322305917739868,
      1.0,
      0.3986533284187317,
      0.429370254278183,
      0.45298051834106445,
      0.4141063690185547,
      0.39211341738700867,
      0.4280003309249878,
      0.3110482692718506,
      0.269359827041626,
      0.411896288394928,
      0.5684513449668884,
      0.4235285818576813,
      0.371965616941452,
      0.3174339234828949
    ],
    [
      0.26027560234069824,
      0.27581971883773804,
      0.3986533284187317,
      1.0,
      0.30838268995285034,
      0.2981258034706116,
      0.3507072925567627,
      0.2601132094860077,
      0.280988484621048,
      0.31754249334335327,
      0.24298104643821716,
      0.24347373843193054,
      0.31937503814697266,
      0.33822447061538696,
      0.31533005833625793,
      0.19968438148498535
    ],
    [
      0.263862282037735,
      0.4276180863380432,
      0.429370254278183,
      0.30838268995285034,
      1.0,
      0.5911689400672913,
      0.525332510471344,
      0.4940301477909088,
      0.33098188042640686,
      0.2680395543575287,
      0.3070453405380249,
      0.3924969434738159,
      0.38554078340530396,
      0.4905085563659668,
      0.465873658657074,
      0.3279312252998352
    ],
    [
      0.29035958647727966,
      0.3867925703525543,
      0.45298051834106445,
      0.2981258034706116,
      0.5911689400672913,
      1.0,
      0.5996850728988647,
      0.48568564653396606,
      0.42799654603004456,
      0.2636045515537262,
      0.26359158754348755,
      0.3782046437263489,
      0.4375585615634918,
      0.45311182737350464,
      0.4587225615978241,
      0.3589897155761719
    ],
    [
      0.30395421385765076,
      0.4093484580516815,
      0.4141063690185547,
      0.3507072925567627,
      0.525332510471344,
      0.5996850728988647,
      1.0,
      0.5745705962181091,
      0.28691351413726807,
      0.22761036455631256,
      0.19323532283306122,
      0.4301600456237793,
      0.4466550946235657,
      0.43035489320755005,
      0.48818105459213257,
      0.42222273349761963
    ],
    [
      0.1556999832391739,
      0.42801597714424133,
      0.39211341738700867,
      0.2601132094860077,
      0.4940301477909088,
      0.48568564653396606,
      0.5745705962181091,
      1.0,
      0.3482328951358795,
      0.3114269971847534,
      0.21798337996006012,
      0.3096398413181305,
      0.3914192318916321,
      0.43220409750938416,
      0.3845538794994354,
      0.3752796947956085
    ],
    [
      0.21984827518463135,
      0.26464101672172546,
      0.4280003309249878,
      0.280988484621048,
      0.33098188042640686,
      0.42799654603004456,
      0.28691351413726807,
      0.3482328951358795,
      1.0,
      0.31558313965797424,
      0.2520212233066559,
      0.24330155551433563,
      0.35554254055023193,
      0.37494903802871704,
      0.3601727783679962,
      0.30432721972465515
    ],
    [
      0.34548264741897583,
      0.35766562819480896,
      0.3110482692718506,
      0.31754249334335327,
      0.2680395543575287,
      0.2636045515537262,
      0.22761036455631256,
      0.3114269971847534,
      0.31558313965797424,
      1.0,
      0.21361777186393738,
      0.2906174659729004,
      0.3399693965911865,
      0.42778444290161133,
      0.30805739760398865,
      0.17517100274562836
    ],
    [
      0.25237131118774414,
      0.23495186865329742,
      0.269359827041626,
      0.24298104643821716,
      0.3070453405380249,
      0.26359158754348755,
      0.19323532283306122,
      0.21798337996006012,
      0.2520212233066559,
      0.21361777186393738,
      1.0,
      0.14869603514671326,
      0.3184034526348114,
      0.31439459323883057,
      0.2277533859014511,
      0.20123858749866486
    ],
    [
      0.18570572137832642,
      0.3992399573326111,
      0.411896288394928,
      0.24347373843193054,
      0.3924969434738159,
      0.3782046437263489,
      0.4301600456237793,
      0.3096398413181305,
      0.24330155551433563,
      0.2906174659729004,
      0.14869603514671326,
      1.0,
      0.35349011421203613,
      0.32779550552368164,
      0.3211921453475952,
      0.1897648274898529
    ],
    [
      0.2522623538970947,
      0.4598821997642517,
      0.5684513449668884,
      0.31937503814697266,
      0.38554078340530396,
      0.4375585615634918,
      0.4466550946235657,
      0.3914192318916321,
      0.35554254055023193,
      0.3399693965911865,
      0.3184034526348114,
      0.35349011421203613,
      0.9999999403953552,
      0.5208986401557922,
      0.5362387299537659,
      0.40494978427886963
    ],
    [
      0.23239460587501526,
      0.5163164734840393,
      0.4235285818576813,
      0.33822447061538696,
      0.4905085563659668,
      0.45311182737350464,
      0.43035489320755005,
      0.43220409750938416,
      0.37494903802871704,
      0.42778444290161133,
      0.31439459323883057,
      0.32779550552368164,
      0.5208986401557922,
      1.0,
      0.5497307777404785,
      0.5064428448677063
    ],
    [
      0.2500492036342621,
      0.3664589524269104,
      0.371965616941452,
      0.31533005833625793,
      0.465873658657074,
      0.4587225615978241,
      0.48818105459213257,
      0.3845538794994354,
      0.3601727783679962,
      0.30805739760398865,
      0.2277533859014511,
      0.3211921453475952,
      0.5362387299537659,
      0.5497307777404785,
      1.0,
      0.6629924178123474
    ],
    [
      0.20076069235801697,
      0.3710041642189026,
      0.3174339234828949,
      0.19968438148498535,
      0.3279312252998352,
      0.3589897155761719,
      0.42222273349761963,
      0.3752796947956085,
      0.30432721972465515,
      0.17517100274562836,
      0.20123858749866486,
      0.1897648274898529,
      0.40494978427886963,
      0.5064428448677063,
      0.6629924178123474,
      1.0
    ]
  ]
}