{
  "game_number": 331,
  "words": [
    "FUJI",
    "HOOD",
    "OLYMPUS",
    "WHITNEY",
    "INSERT",
    "JACKET",
    "RECORD",
    "SLEEVE",
    "HANDS",
    "MARACA",
    "POLAROID",
    "SNOWGLOBE",
    "LOOT",
    "RAID",
    "ROB",
    "SACK"
  ],
  "adjacency_matrix": [
    [
      1.0,
      0.16309571266174316,
      0.4482535421848297,
      0.28472012281417847,
      0.09842348098754883,
      0.12256414443254471,
      0.08398833125829697,
      0.11433825641870499,
      0.09131164848804474,
      0.28408342599868774,
      0.3759517967700958,
      0.25931933522224426,
      0.11586574465036392,
      0.04477556422352791,
      0.14984256029129028,
      0.10657580196857452
    ],
    [
      0.16309571266174316,
      0.9999999403953552,
      0.28302764892578125,
      0.4068588614463806,
      0.30473124980926514,
      0.5908263325691223,
      0.32359060645103455,
      0.5508532524108887,
      0.35255011916160583,
      0.37237417697906494,
      0.35449954867362976,
      0.36732596158981323,
      0.29968369007110596,
      0.27950334548950195,
      0.3172202706336975,
      0.33368563652038574
    ],
    [
      0.4482535421848297,
      0.28302764892578125,
      1.0,
      0.3253243565559387,
      0.17345383763313293,
      0.2246183604001999,
      0.25960463285446167,
      0.20237958431243896,
      0.14899539947509766,
      0.334210067987442,
      0.3830755949020386,
      0.4388132393360138,
      0.22834858298301697,
      0.21779946982860565,
      0.2192898690700531,
      0.24531234800815582
    ],
    [
      0.28472012281417847,
      0.4068588614463806,
      0.3253243565559387,
      1.0,
      0.34471753239631653,
      0.3646929860115051,
      0.32704055309295654,
      0.31438878178596497,
      0.26188209652900696,
      0.3999549150466919,
      0.42241668701171875,
      0.41247326135635376,
      0.2748599052429199,
      0.23818336427211761,
      0.3727355897426605,
      0.31596335768699646
    ],
    [
      0.09842348098754883,
      0.30473124980926514,
      0.17345383763313293,
      0.34471753239631653,
      1.0,
      0.335138738155365,
      0.3574156165122986,
      0.4034762680530548,
      0.2988317012786865,
      0.32961374521255493,
      0.33002373576164246,
      0.2741851806640625,
      0.2783067524433136,
      0.3283955752849579,
      0.3425958454608917,
      0.41152557730674744
    ],
    [
      0.12256414443254471,
      0.5908263325691223,
      0.2246183604001999,
      0.3646929860115051,
      0.335138738155365,
      1.0,
      0.37257975339889526,
      0.658406674861908,
      0.3479059338569641,
      0.33829978108406067,
      0.4376707375049591,
      0.4076325297355652,
      0.26843714714050293,
      0.35016024112701416,
      0.24867403507232666,
      0.39012935757637024
    ],
    [
      0.08398833125829697,
      0.32359060645103455,
      0.25960463285446167,
      0.32704055309295654,
      0.3574156165122986,
      0.37257975339889526,
      1.0,
      0.44505226612091064,
      0.3694949746131897,
      0.32392892241477966,
      0.33646160364151,
      0.2814810276031494,
      0.3253270387649536,
      0.35097941756248474,
      0.2862239181995392,
      0.38962915539741516
    ],
    [
      0.11433825641870499,
      0.5508532524108887,
      0.20237958431243896,
      0.31438878178596497,
      0.4034762680530548,
      0.658406674861908,
      0.44505226612091064,
      1.0,
      0.42861121892929077,
      0.3446820080280304,
      0.3905657231807709,
      0.35858702659606934,
      0.2314479649066925,
      0.24117429554462433,
      0.21246927976608276,
      0.37178662419319153
    ],
    [
      0.09131164848804474,
      0.35255011916160583,
      0.14899539947509766,
      0.26188209652900696,
      0.2988317012786865,
      0.3479059338569641,
      0.3694949746131897,
      0.42861121892929077,
      1.0,
      0.39538735151290894,
      0.30800768733024597,
      0.30518242716789246,
      0.4005384147167206,
      0.25088152289390564,
      0.35085368156433105,
      0.4107624292373657
    ],
    [
      0.28408342599868774,
      0.37237417697906494,
      0.334210067987442,
      0.3999549150466919,
      0.32961374521255493,
      0.33829978108406067,
      0.32392892241477966,
      0.3446820080280304,
      0.39538735151290894,
      1.0,
      0.41562420129776,
      0.48335346579551697,
      0.3122800290584564,
      0.2331061065196991,
      0.3181896507740021,
      0.3748380243778229
    ],
    [
      0.3759517967700958,
      0.35449954867362976,
      0.3830755949020386,
      0.42241668701171875,
      0.33002373576164246,
      0.4376707375049591,
      0.33646160364151,
      0.3905657231807709,
      0.30800768733024597,
      0.41562420129776,
      0.9999999403953552,
      0.5011293292045593,
      0.2865014374256134,
      0.2732338607311249,
      0.2712271213531494,
      0.33568692207336426
    ],
    [
      0.25931933522224426,
      0.36732596158981323,
      0.4388132393360138,
      0.41247326135635376,
      0.2741851806640625,
      0.4076325297355652,
      0.2814810276031494,
      0.35858702659606934,
      0.30518242716789246,
      0.48335346579551697,
      0.5011293292045593,
      1.0,
      0.3274551331996918,
      0.2690264582633972,
      0.29595667123794556,
      0.35778433084487915
    ],
    [
      0.11586574465036392,
      0.29968369007110596,
      0.22834858298301697,
      0.2748599052429199,
      0.2783067524433136,
      0.26843714714050293,
      0.3253270387649536,
      0.2314479649066925,
      0.4005384147167206,
      0.3122800290584564,
      0.2865014374256134,
      0.3274551331996918,
      0.9999999403953552,
      0.5427021980285645,
      0.6319453120231628,
      0.5185863971710205
    ],
    [
      0.04477556422352791,
      0.27950334548950195,
      0.21779946982860565,
      0.23818336427211761,
      0.3283955752849579,
      0.35016024112701416,
      0.35097941756248474,
      0.24117429554462433,
      0.25088152289390564,
      0.2331061065196991,
      0.2732338607311249,
      0.2690264582633972,
      0.5427021980285645,
      1.0,
      0.42055100202560425,
      0.4708283841609955
    ],
    [
      0.14984256029129028,
      0.3172202706336975,
      0.2192898690700531,
      0.3727355897426605,
      0.3425958454608917,
      0.24867403507232666,
      0.2862239181995392,
      0.21246927976608276,
      0.35085368156433105,
      0.3181896507740021,
      0.2712271213531494,
      0.29595667123794556,
      0.6319453120231628,
      0.42055100202560425,
      1.0,
      0.4199036657810211
    ],
    [
      0.10657580196857452,
      0.33368563652038574,
      0.24531234800815582,
      0.31596335768699646,
      0.41152557730674744,
      0.39012935757637024,
      0.38962915539741516,
      0.37178662419319153,
      0.4107624292373657,
      0.3748380243778229,
      0.33568692207336426,
      0.35778433084487915,
      0.5185863971710205,
      0.4708283841609955,
      0.4199036657810211,
      1.0000001192092896
    ]
  ]
}