{
  "game_number": 187,
  "words": [
    "SANDWICH",
    "SHOEHORN",
    "SQUEEZE",
    "WEDGE",
    "CATERPILLAR",
    "DOVE",
    "GREYHOUND",
    "PUMA",
    "INDY",
    "METTLE",
    "SEOUL",
    "WRAP",
    "AFFILIATE",
    "ASSOCIATE",
    "EQUATE",
    "RELATE"
  ],
  "adjacency_matrix": [
    [
      1.0,
      0.3564890921115875,
      0.4329783022403717,
      0.47313055396080017,
      0.3551599085330963,
      0.3445017635822296,
      0.40901046991348267,
      0.28336241841316223,
      0.24264641106128693,
      0.25015705823898315,
      0.3131966292858124,
      0.43886497616767883,
      0.2619321644306183,
      0.28854578733444214,
      0.2557440400123596,
      0.2660694420337677
    ],
    [
      0.3564890921115875,
      1.0,
      0.5784010887145996,
      0.4707697927951813,
      0.19647639989852905,
      0.27671974897384644,
      0.23290839791297913,
      0.20070338249206543,
      0.1920517385005951,
      0.2606036067008972,
      0.12769827246665955,
      0.43094560503959656,
      0.2350180298089981,
      0.3438020348548889,
      0.47204938530921936,
      0.44525840878486633
    ],
    [
      0.4329783022403717,
      0.5784010887145996,
      1.0,
      0.582127034664154,
      0.2803570330142975,
      0.3363068103790283,
      0.2694148123264313,
      0.25420016050338745,
      0.22844624519348145,
      0.30692175030708313,
      0.19405853748321533,
      0.5211085677146912,
      0.25013992190361023,
      0.3320026695728302,
      0.40147969126701355,
      0.39811971783638
    ],
    [
      0.47313055396080017,
      0.4707697927951813,
      0.582127034664154,
      1.0,
      0.31343191862106323,
      0.3428260087966919,
      0.2601410150527954,
      0.27388203144073486,
      0.2906850576400757,
      0.259671688079834,
      0.1803051233291626,
      0.4314987361431122,
      0.23534640669822693,
      0.28125301003456116,
      0.405750572681427,
      0.29803505539894104
    ],
    [
      0.3551599085330963,
      0.19647639989852905,
      0.2803570330142975,
      0.31343191862106323,
      1.0,
      0.30047178268432617,
      0.30623382329940796,
      0.3950352072715759,
      0.2500777840614319,
      0.20565328001976013,
      0.1941165030002594,
      0.29964393377304077,
      0.30019891262054443,
      0.3114139139652252,
      0.202248677611351,
      0.28483664989471436
    ],
    [
      0.3445017635822296,
      0.27671974897384644,
      0.3363068103790283,
      0.3428260087966919,
      0.30047178268432617,
      1.0,
      0.3393166959285736,
      0.4214167892932892,
      0.22286032140254974,
      0.2493416666984558,
      0.2098524421453476,
      0.35919344425201416,
      0.2790701687335968,
      0.36937767267227173,
      0.25345999002456665,
      0.2798710763454437
    ],
    [
      0.40901046991348267,
      0.23290839791297913,
      0.2694148123264313,
      0.2601410150527954,
      0.30623382329940796,
      0.3393166959285736,
      0.9999998807907104,
      0.43274402618408203,
      0.24887588620185852,
      0.2876231074333191,
      0.2707021236419678,
      0.23720839619636536,
      0.30043530464172363,
      0.3094979524612427,
      0.24774321913719177,
      0.2789042890071869
    ],
    [
      0.28336241841316223,
      0.20070338249206543,
      0.25420016050338745,
      0.27388203144073486,
      0.3950352072715759,
      0.4214167892932892,
      0.43274402618408203,
      1.0,
      0.26618692278862,
      0.205074742436409,
      0.2509230375289917,
      0.2040700763463974,
      0.24785929918289185,
      0.28869110345840454,
      0.2448713332414627,
      0.24174204468727112
    ],
    [
      0.24264641106128693,
      0.1920517385005951,
      0.22844624519348145,
      0.2906850576400757,
      0.2500777840614319,
      0.22286032140254974,
      0.24887588620185852,
      0.26618692278862,
      1.0,
      0.22136159241199493,
      0.25382691621780396,
      0.210564523935318,
      0.334363728761673,
      0.2632346749305725,
      0.20041829347610474,
      0.2376420497894287
    ],
    [
      0.25015705823898315,
      0.2606036067008972,
      0.30692175030708313,
      0.259671688079834,
      0.20565328001976013,
      0.2493416666984558,
      0.2876231074333191,
      0.205074742436409,
      0.22136159241199493,
      1.0000001192092896,
      0.1850341558456421,
      0.21946021914482117,
      0.17886567115783691,
      0.25069963932037354,
      0.24671140313148499,
      0.31714630126953125
    ],
    [
      0.3131966292858124,
      0.12769827246665955,
      0.19405853748321533,
      0.1803051233291626,
      0.1941165030002594,
      0.2098524421453476,
      0.2707021236419678,
      0.2509230375289917,
      0.25382691621780396,
      0.1850341558456421,
      1.0,
      0.2420172095298767,
      0.2569161653518677,
      0.18201977014541626,
      0.23226656019687653,
      0.18140774965286255
    ],
    [
      0.43886497616767883,
      0.43094560503959656,
      0.5211085677146912,
      0.4314987361431122,
      0.29964393377304077,
      0.35919344425201416,
      0.23720839619636536,
      0.2040700763463974,
      0.210564523935318,
      0.21946021914482117,
      0.2420172095298767,
      1.0,
      0.27040401101112366,
      0.3957436680793762,
      0.3774133026599884,
      0.3772727847099304
    ],
    [
      0.2619321644306183,
      0.2350180298089981,
      0.25013992190361023,
      0.23534640669822693,
      0.30019891262054443,
      0.2790701687335968,
      0.30043530464172363,
      0.24785929918289185,
      0.334363728761673,
      0.17886567115783691,
      0.2569161653518677,
      0.27040401101112366,
      1.0,
      0.6359903216362,
      0.3435339033603668,
      0.3974047005176544
    ],
    [
      0.28854578733444214,
      0.3438020348548889,
      0.3320026695728302,
      0.28125301003456116,
      0.3114139139652252,
      0.36937767267227173,
      0.3094979524612427,
      0.28869110345840454,
      0.2632346749305725,
      0.25069963932037354,
      0.18201977014541626,
      0.3957436680793762,
      0.6359903216362,
      0.9999999403953552,
      0.5595957040786743,
      0.5959300398826599
    ],
    [
      0.2557440400123596,
      0.47204938530921936,
      0.40147969126701355,
      0.405750572681427,
      0.202248677611351,
      0.25345999002456665,
      0.24774321913719177,
      0.2448713332414627,
      0.20041829347610474,
      0.24671140313148499,
      0.23226656019687653,
      0.3774133026599884,
      0.3435339033603668,
      0.5595957040786743,
      1.0,
      0.588437020778656
    ],
    [
      0.2660694420337677,
      0.44525840878486633,
      0.39811971783638,
      0.29803505539894104,
      0.28483664989471436,
      0.2798710763454437,
      0.2789042890071869,
      0.24174204468727112,
      0.2376420497894287,
      0.31714630126953125,
      0.18140774965286255,
      0.3772727847099304,
      0.3974047005176544,
      0.5959300398826599,
      0.588437020778656,
      1.0
    ]
  ]
}