{"game_number":248,"words":["LETTER","PARAGRAPH","SENTENCE","WORD","FEATURE","HALLMARK","STAMP","TRAIT","CARD","CLOWN","CUTUP","JOKER","BOOK","TABLE","TEA","TREE"],"adjacency_matrix":[[1.0,0.4913325309753418,0.5066455602645874,0.5451374053955078,0.3784407079219818,0.36362478137016296,0.4516579508781433,0.32282754778862,0.439815878868103,0.2591994106769562,0.3133631944656372,0.2880189120769501,0.488432914018631,0.3597048223018646,0.22301295399665833,0.25160279870033264],[0.4913325309753418,1.0,0.7649897933006287,0.5074002146720886,0.41124147176742554,0.3252229690551758,0.26040154695510864,0.3240921199321747,0.28631049394607544,0.22728875279426575,0.3059901297092438,0.28543028235435486,0.5474158525466919,0.5204213857650757,0.23001322150230408,0.2540121078491211],[0.5066455602645874,0.7649897933006287,0.9999999403953552,0.6166065335273743,0.415587455034256,0.32882046699523926,0.3151364028453827,0.32643479108810425,0.28396284580230713,0.2638038694858551,0.3246936500072479,0.28147563338279724,0.4863630533218384,0.4501354396343231,0.2881772518157959,0.30720624327659607],[0.5451374053955078,0.5074002146720886,0.6166065335273743,1.0,0.4872710704803467,0.41264843940734863,0.36810070276260376,0.4335324168205261,0.40436115860939026,0.37479379773139954,0.4668829143047333,0.3859808146953583,0.4797786772251129,0.41939714550971985,0.32690292596817017,0.3759664297103882],[0.3784407079219818,0.41124147176742554,0.415587455034256,0.4872710704803467,1.0,0.6157785654067993,0.4239574074745178,0.5487884283065796,0.46056967973709106,0.3524550199508667,0.4737730026245117,0.35777902603149414,0.507282018661499,0.4546576738357544,0.2717079520225525,0.3685897886753082],[0.36362478137016296,0.3252229690551758,0.32882046699523926,0.41264843940734863,0.6157785654067993,1.0,0.42500606179237366,0.5518763661384583,0.3763148784637451,0.37489810585975647,0.4456271529197693,0.32711660861968994,0.36474350094795227,0.3210688829421997,0.24428677558898926,0.2790546417236328],[0.4516579508781433,0.26040154695510864,0.3151364028453827,0.36810070276260376,0.4239574074745178,0.42500606179237366,1.0,0.3626857399940491,0.4948015511035919,0.330911248922348,0.39368736743927,0.2971249520778656,0.4335666298866272,0.317915141582489,0.28801703453063965,0.3367564082145691],[0.32282754778862,0.3240921199321747,0.32643479108810425,0.4335324168205261,0.5487884283065796,0.5518763661384583,0.3626857399940491,1.0,0.36289241909980774,0.3805060088634491,0.42630741000175476,0.406856894493103,0.3708186447620392,0.2979917824268341,0.2158370167016983,0.35136866569519043],[0.439815878868103,0.28631049394607544,0.28396284580230713,0.40436115860939026,0.46056967973709106,0.3763148784637451,0.4948015511035919,0.36289241909980774,0.9999999403953552,0.38430818915367126,0.38363075256347656,0.5223506093025208,0.473335862159729,0.45101457834243774,0.32913726568222046,0.3761971592903137],[0.2591994106769562,0.22728875279426575,0.2638038694858551,0.37479379773139954,0.3524550199508667,0.37489810585975647,0.330911248922348,0.3805060088634491,0.38430818915367126,1.0,0.5469016432762146,0.6469833850860596,0.31440305709838867,0.29630905389785767,0.32361406087875366,0.376995712518692],[0.3133631944656372,0.3059901297092438,0.3246936500072479,0.4668829143047333,0.4737730026245117,0.4456271529197693,0.39368736743927,0.42630741000175476,0.38363075256347656,0.5469016432762146,1.0,0.5074226260185242,0.39291709661483765,0.3694983422756195,0.326234370470047,0.40614286065101624],[0.2880189120769501,0.28543028235435486,0.28147563338279724,0.3859808146953583,0.35777902603149414,0.32711660861968994,0.2971249520778656,0.406856894493103,0.5223506093025208,0.6469833850860596,0.5074226260185242,1.0,0.32908281683921814,0.3519611358642578,0.2625046372413635,0.3119795322418213],[0.488432914018631,0.5474158525466919,0.4863630533218384,0.4797786772251129,0.507282018661499,0.36474350094795227,0.4335666298866272,0.3708186447620392,0.473335862159729,0.31440305709838867,0.39291709661483765,0.32908281683921814,0.9999999403953552,0.47839197516441345,0.3435392379760742,0.3856973648071289],[0.3597048223018646,0.5204213857650757,0.4501354396343231,0.41939714550971985,0.4546576738357544,0.3210688829421997,0.317915141582489,0.2979917824268341,0.45101457834243774,0.29630905389785767,0.3694983422756195,0.3519611358642578,0.47839197516441345,1.0,0.35839980840682983,0.4207595884799957],[0.22301295399665833,0.23001322150230408,0.2881772518157959,0.32690292596817017,0.2717079520225525,0.24428677558898926,0.28801703453063965,0.2158370167016983,0.32913726568222046,0.32361406087875366,0.326234370470047,0.2625046372413635,0.3435392379760742,0.35839980840682983,1.0,0.3866523206233978],[0.25160279870033264,0.2540121078491211,0.30720624327659607,0.3759664297103882,0.3685897886753082,0.2790546417236328,0.3367564082145691,0.35136866569519043,0.3761971592903137,0.376995712518692,0.40614286065101624,0.3119795322418213,0.3856973648071289,0.4207595884799957,0.3866523206233978,1.0]]}