{
  "game_number": 161,
  "words": [
    "BASEBOARD",
    "OUTLET",
    "SCONCE",
    "SWITCH",
    "AGENT",
    "ASSET",
    "MOLE",
    "PLANT",
    "GYM",
    "MALL",
    "PACK",
    "RUG",
    "MECHANISM",
    "MEDIUM",
    "TOOL",
    "VEHICLE"
  ],
  "adjacency_matrix": [
    [
      1.0000001192092896,
      0.40529340505599976,
      0.45590323209762573,
      0.45023173093795776,
      0.3138069808483124,
      0.29394158720970154,
      0.24686089158058167,
      0.35690754652023315,
      0.38375547528266907,
      0.30327048897743225,
      0.37748539447784424,
      0.43338629603385925,
      0.3521318733692169,
      0.2903180420398712,
      0.3732002377510071,
      0.34745290875434875
    ],
    [
      0.40529340505599976,
      0.9999999403953552,
      0.37907886505126953,
      0.41977035999298096,
      0.39065125584602356,
      0.3917117416858673,
      0.2790337800979614,
      0.4280351996421814,
      0.3310631513595581,
      0.4779256284236908,
      0.3703141510486603,
      0.24263250827789307,
      0.40760961174964905,
      0.4614131450653076,
      0.4231288433074951,
      0.45170119404792786
    ],
    [
      0.45590323209762573,
      0.37907886505126953,
      0.9999999403953552,
      0.4655323326587677,
      0.27156320214271545,
      0.28801360726356506,
      0.3525002896785736,
      0.34784719347953796,
      0.24712592363357544,
      0.28659698367118835,
      0.3972458839416504,
      0.3640490174293518,
      0.3171776235103607,
      0.30681851506233215,
      0.3408488929271698,
      0.2535555362701416
    ],
    [
      0.45023173093795776,
      0.41977035999298096,
      0.4655323326587677,
      1.0,
      0.3947204053401947,
      0.3580724596977234,
      0.2956162393093109,
      0.4275577962398529,
      0.3119698166847229,
      0.21787793934345245,
      0.46518829464912415,
      0.2769474983215332,
      0.49501320719718933,
      0.34707123041152954,
      0.4404500424861908,
      0.39645159244537354
    ],
    [
      0.3138069808483124,
      0.39065125584602356,
      0.27156320214271545,
      0.3947204053401947,
      1.0,
      0.45722171664237976,
      0.3618760108947754,
      0.4385594129562378,
      0.24747344851493835,
      0.28286463022232056,
      0.35718613862991333,
      0.2136259824037552,
      0.4695097506046295,
      0.35149285197257996,
      0.4704020917415619,
      0.4554194509983063
    ],
    [
      0.29394158720970154,
      0.3917117416858673,
      0.28801360726356506,
      0.3580724596977234,
      0.45722171664237976,
      1.0,
      0.32140621542930603,
      0.407027006149292,
      0.2657831013202667,
      0.2690211832523346,
      0.3769419491291046,
      0.23692235350608826,
      0.3705916404724121,
      0.3839033246040344,
      0.4968644380569458,
      0.4891555607318878
    ],
    [
      0.24686089158058167,
      0.2790337800979614,
      0.3525002896785736,
      0.2956162393093109,
      0.3618760108947754,
      0.32140621542930603,
      0.9999999403953552,
      0.3836991786956787,
      0.23644796013832092,
      0.19218602776527405,
      0.33586689829826355,
      0.2546043395996094,
      0.27025270462036133,
      0.2696860134601593,
      0.28371936082839966,
      0.26043498516082764
    ],
    [
      0.35690754652023315,
      0.4280351996421814,
      0.34784719347953796,
      0.4275577962398529,
      0.4385594129562378,
      0.407027006149292,
      0.3836991786956787,
      1.0,
      0.3428508937358856,
      0.407596230506897,
      0.3569011092185974,
      0.24982886016368866,
      0.40214577317237854,
      0.36254867911338806,
      0.379120409488678,
      0.45429399609565735
    ],
    [
      0.38375547528266907,
      0.3310631513595581,
      0.24712592363357544,
      0.3119698166847229,
      0.24747344851493835,
      0.2657831013202667,
      0.23644796013832092,
      0.3428508937358856,
      1.0,
      0.4343845248222351,
      0.3810041844844818,
      0.20424935221672058,
      0.21823526918888092,
      0.23395752906799316,
      0.2769393026828766,
      0.29532310366630554
    ],
    [
      0.30327048897743225,
      0.4779256284236908,
      0.28659698367118835,
      0.21787793934345245,
      0.28286463022232056,
      0.2690211832523346,
      0.19218602776527405,
      0.407596230506897,
      0.4343845248222351,
      1.0,
      0.3319840133190155,
      0.29187071323394775,
      0.23173218965530396,
      0.23723383247852325,
      0.2245611995458603,
      0.3744867146015167
    ],
    [
      0.37748539447784424,
      0.3703141510486603,
      0.3972458839416504,
      0.46518829464912415,
      0.35718613862991333,
      0.3769419491291046,
      0.33586689829826355,
      0.3569011092185974,
      0.3810041844844818,
      0.3319840133190155,
      1.0,
      0.2653082013130188,
      0.30562976002693176,
      0.26025107502937317,
      0.34033674001693726,
      0.40497076511383057
    ],
    [
      0.43338629603385925,
      0.24263250827789307,
      0.3640490174293518,
      0.2769474983215332,
      0.2136259824037552,
      0.23692235350608826,
      0.2546043395996094,
      0.24982886016368866,
      0.20424935221672058,
      0.29187071323394775,
      0.2653082013130188,
      1.0,
      0.2550153136253357,
      0.1760045737028122,
      0.243345245718956,
      0.258466511964798
    ],
    [
      0.3521318733692169,
      0.40760961174964905,
      0.3171776235103607,
      0.49501320719718933,
      0.4695097506046295,
      0.3705916404724121,
      0.27025270462036133,
      0.40214577317237854,
      0.21823526918888092,
      0.23173218965530396,
      0.30562976002693176,
      0.2550153136253357,
      1.0,
      0.4326656758785248,
      0.6420842409133911,
      0.4867338240146637
    ],
    [
      0.2903180420398712,
      0.4614131450653076,
      0.30681851506233215,
      0.34707123041152954,
      0.35149285197257996,
      0.3839033246040344,
      0.2696860134601593,
      0.36254867911338806,
      0.23395752906799316,
      0.23723383247852325,
      0.26025107502937317,
      0.1760045737028122,
      0.4326656758785248,
      1.0,
      0.41556015610694885,
      0.46260225772857666
    ],
    [
      0.3732002377510071,
      0.4231288433074951,
      0.3408488929271698,
      0.4404500424861908,
      0.4704020917415619,
      0.4968644380569458,
      0.28371936082839966,
      0.379120409488678,
      0.2769393026828766,
      0.2245611995458603,
      0.34033674001693726,
      0.243345245718956,
      0.6420842409133911,
      0.41556015610694885,
      1.0,
      0.4781394302845001
    ],
    [
      0.34745290875434875,
      0.45170119404792786,
      0.2535555362701416,
      0.39645159244537354,
      0.4554194509983063,
      0.4891555607318878,
      0.26043498516082764,
      0.45429399609565735,
      0.29532310366630554,
      0.3744867146015167,
      0.40497076511383057,
      0.258466511964798,
      0.4867338240146637,
      0.46260225772857666,
      0.4781394302845001,
      1.0
    ]
  ]
}