{"game_number":68,"words":["EXPLOIT","LEVERAGE","MILK","USE","DONE","OVER","THROUGH","UP","CITY","COPY","CULTURE","SPORTS","HEYDAY","HIJINKS","SUPPER","YOGURT"],"adjacency_matrix":[[1.0,0.5528141260147095,0.21443019807338715,0.5371271371841431,0.38592493534088135,0.36034783720970154,0.3995060920715332,0.32062315940856934,0.24846906960010529,0.40392938256263733,0.3361324071884155,0.2655170261859894,0.18233849108219147,0.28410473465919495,0.26096639037132263,0.11631812155246735],[0.5528141260147095,1.0,0.2565673589706421,0.5368044376373291,0.32726341485977173,0.39820432662963867,0.36497601866722107,0.2949354350566864,0.2745787501335144,0.31711405515670776,0.3373989462852478,0.33822131156921387,0.2230602502822876,0.28008604049682617,0.19662988185882568,0.21335357427597046],[0.21443019807338715,0.2565673589706421,1.0,0.32827186584472656,0.1910242885351181,0.2828655540943146,0.2923525869846344,0.26279670000076294,0.2812737226486206,0.2940872013568878,0.31863152980804443,0.3116162121295929,0.1800302267074585,0.23920680582523346,0.38387781381607056,0.6065710783004761],[0.5371271371841431,0.5368044376373291,0.32827186584472656,1.0,0.4711512327194214,0.4688151776790619,0.5096949934959412,0.42724740505218506,0.33199936151504517,0.5237205624580383,0.3625519871711731,0.3577444851398468,0.2600787580013275,0.2845607101917267,0.32206204533576965,0.24211205542087555],[0.38592493534088135,0.32726341485977173,0.1910242885351181,0.4711512327194214,1.0,0.5128248333930969,0.4938584566116333,0.44855284690856934,0.32179197669029236,0.38633519411087036,0.2699194550514221,0.3119507133960724,0.2749116122722626,0.2586609721183777,0.3826577961444855,0.12392459064722061],[0.36034783720970154,0.39820432662963867,0.2828655540943146,0.4688151776790619,0.5128248333930969,1.0,0.6641631126403809,0.6084879636764526,0.4126489460468292,0.34302836656570435,0.34219563007354736,0.32878267765045166,0.31796348094940186,0.26489898562431335,0.3816302716732025,0.21278096735477448],[0.3995060920715332,0.36497601866722107,0.2923525869846344,0.5096949934959412,0.4938584566116333,0.6641631126403809,1.0,0.6178132891654968,0.37707990407943726,0.3643684387207031,0.3631790578365326,0.31536704301834106,0.33609622716903687,0.26904502511024475,0.34484001994132996,0.18631885945796967],[0.32062315940856934,0.2949354350566864,0.26279670000076294,0.42724740505218506,0.44855284690856934,0.6084879636764526,0.6178132891654968,1.0,0.3299446105957031,0.33751434087753296,0.27723023295402527,0.2591688930988312,0.2526952624320984,0.22310450673103333,0.35670310258865356,0.16955482959747314],[0.24846906960010529,0.2745787501335144,0.2812737226486206,0.33199936151504517,0.32179197669029236,0.4126489460468292,0.37707990407943726,0.3299446105957031,1.0,0.28961384296417236,0.5360409021377563,0.46323034167289734,0.3465847969055176,0.20251230895519257,0.3117714524269104,0.307044118642807],[0.40392938256263733,0.31711405515670776,0.2940872013568878,0.5237205624580383,0.38633519411087036,0.34302836656570435,0.3643684387207031,0.33751434087753296,0.28961384296417236,1.0,0.33381330966949463,0.27941012382507324,0.21097983419895172,0.22277890145778656,0.3104345500469208,0.1894707828760147],[0.3361324071884155,0.3373989462852478,0.31863152980804443,0.3625519871711731,0.2699194550514221,0.34219563007354736,0.3631790578365326,0.27723023295402527,0.5360409021377563,0.33381330966949463,0.9999999403953552,0.5573365688323975,0.3878760039806366,0.2762777507305145,0.26114004850387573,0.3718686103820801],[0.2655170261859894,0.33822131156921387,0.3116162121295929,0.3577444851398468,0.3119507133960724,0.32878267765045166,0.31536704301834106,0.2591688930988312,0.46323034167289734,0.27941012382507324,0.5573365688323975,1.0,0.35105717182159424,0.438485324382782,0.2872980535030365,0.3411654233932495],[0.18233849108219147,0.2230602502822876,0.1800302267074585,0.2600787580013275,0.2749116122722626,0.31796348094940186,0.33609622716903687,0.2526952624320984,0.3465847969055176,0.21097983419895172,0.3878760039806366,0.35105717182159424,1.0,0.32552337646484375,0.2664916217327118,0.15885791182518005],[0.28410473465919495,0.28008604049682617,0.23920680582523346,0.2845607101917267,0.2586609721183777,0.26489898562431335,0.26904502511024475,0.22310450673103333,0.20251230895519257,0.22277890145778656,0.2762777507305145,0.438485324382782,0.32552337646484375,1.0,0.30452099442481995,0.23106342554092407],[0.26096639037132263,0.19662988185882568,0.38387781381607056,0.32206204533576965,0.3826577961444855,0.3816302716732025,0.34484001994132996,0.35670310258865356,0.3117714524269104,0.3104345500469208,0.26114004850387573,0.2872980535030365,0.2664916217327118,0.30452099442481995,1.0000001192092896,0.2242850512266159],[0.11631812155246735,0.21335357427597046,0.6065710783004761,0.24211205542087555,0.12392459064722061,0.21278096735477448,0.18631885945796967,0.16955482959747314,0.307044118642807,0.1894707828760147,0.3718686103820801,0.3411654233932495,0.15885791182518005,0.23106342554092407,0.2242850512266159,1.0]]}