{"game_number":108,"words":["BOWL","BUZZ","CREW","PIXIE","COMPASS","RULER","SCALE","WATCH","CHANNEL","LINE","MAIN","PIPE","CLOWN","COLONEL","KING","MERMAID"],"adjacency_matrix":[[1.0,0.27980610728263855,0.26510804891586304,0.2779510021209717,0.3291419744491577,0.35905930399894714,0.38237273693084717,0.40094998478889465,0.3484944999217987,0.33694371581077576,0.2990955412387848,0.4448622465133667,0.3300341069698334,0.16290010511875153,0.32641497254371643,0.27600184082984924],[0.27980610728263855,1.0,0.22887569665908813,0.29048970341682434,0.2402913123369217,0.1451801210641861,0.3191754221916199,0.34838518500328064,0.320148229598999,0.33372968435287476,0.3411904275417328,0.2620842456817627,0.27861082553863525,0.2313503473997116,0.2787223160266876,0.2813669741153717],[0.26510804891586304,0.22887569665908813,1.0,0.17976926267147064,0.3170416057109833,0.28557318449020386,0.22752098739147186,0.40790027379989624,0.3856942653656006,0.33855316042900085,0.389748215675354,0.2695671319961548,0.3613028824329376,0.34362173080444336,0.3147716522216797,0.2769802510738373],[0.2779510021209717,0.29048970341682434,0.17976926267147064,1.0,0.21785521507263184,0.27614960074424744,0.2239866852760315,0.22674377262592316,0.16731421649456024,0.223347008228302,0.19050341844558716,0.26574021577835083,0.4460545480251312,0.17612124979496002,0.2577398419380188,0.44722750782966614],[0.3291419744491577,0.2402913123369217,0.3170416057109833,0.21785521507263184,0.9999999403953552,0.4811239540576935,0.44883930683135986,0.341027170419693,0.2870156764984131,0.45633256435394287,0.41720065474510193,0.3410911560058594,0.2814463973045349,0.19570942223072052,0.3009651005268097,0.27666011452674866],[0.35905930399894714,0.1451801210641861,0.28557318449020386,0.27614960074424744,0.4811239540576935,1.0,0.3705884516239166,0.3109048902988434,0.3239882290363312,0.42614251375198364,0.3695566654205322,0.2927199602127075,0.39742323756217957,0.37618187069892883,0.7154397964477539,0.3106176257133484],[0.38237273693084717,0.3191754221916199,0.22752098739147186,0.2239866852760315,0.44883930683135986,0.3705884516239166,1.0,0.32394513487815857,0.34988003969192505,0.416878879070282,0.4160313308238983,0.3335532248020172,0.3202880620956421,0.22546567022800446,0.24089734256267548,0.22716005146503448],[0.40094998478889465,0.34838518500328064,0.40790027379989624,0.22674377262592316,0.341027170419693,0.3109048902988434,0.32394513487815857,1.0,0.4786122143268585,0.4151695966720581,0.35735657811164856,0.33944013714790344,0.377608984708786,0.25306934118270874,0.35215070843696594,0.26156067848205566],[0.3484944999217987,0.320148229598999,0.3856942653656006,0.16731421649456024,0.2870156764984131,0.3239882290363312,0.34988003969192505,0.4786122143268585,1.0,0.4730738699436188,0.47393250465393066,0.42471304535865784,0.24294185638427734,0.22997601330280304,0.33201271295547485,0.27048394083976746],[0.33694371581077576,0.33372968435287476,0.33855316042900085,0.223347008228302,0.45633256435394287,0.42614251375198364,0.416878879070282,0.4151695966720581,0.4730738699436188,1.0,0.5761577486991882,0.4795571267604828,0.3480152487754822,0.3228645920753479,0.3551121950149536,0.2727449834346771],[0.2990955412387848,0.3411904275417328,0.389748215675354,0.19050341844558716,0.41720065474510193,0.3695566654205322,0.4160313308238983,0.35735657811164856,0.47393250465393066,0.5761577486991882,1.0000001192092896,0.4070116877555847,0.38233351707458496,0.29816216230392456,0.37006139755249023,0.2651369273662567],[0.4448622465133667,0.2620842456817627,0.2695671319961548,0.26574021577835083,0.3410911560058594,0.2927199602127075,0.3335532248020172,0.33944013714790344,0.42471304535865784,0.4795571267604828,0.4070116877555847,1.0,0.34175539016723633,0.27997899055480957,0.23404854536056519,0.26782217621803284],[0.3300341069698334,0.27861082553863525,0.3613028824329376,0.4460545480251312,0.2814463973045349,0.39742323756217957,0.3202880620956421,0.377608984708786,0.24294185638427734,0.3480152487754822,0.38233351707458496,0.34175539016723633,1.0,0.40717384219169617,0.44801560044288635,0.4546104073524475],[0.16290010511875153,0.2313503473997116,0.34362173080444336,0.17612124979496002,0.19570942223072052,0.37618187069892883,0.22546567022800446,0.25306934118270874,0.22997601330280304,0.3228645920753479,0.29816216230392456,0.27997899055480957,0.40717384219169617,1.0,0.39844566583633423,0.2912597060203552],[0.32641497254371643,0.2787223160266876,0.3147716522216797,0.2577398419380188,0.3009651005268097,0.7154397964477539,0.24089734256267548,0.35215070843696594,0.33201271295547485,0.3551121950149536,0.37006139755249023,0.23404854536056519,0.44801560044288635,0.39844566583633423,1.0,0.38674813508987427],[0.27600184082984924,0.2813669741153717,0.2769802510738373,0.44722750782966614,0.27666011452674866,0.3106176257133484,0.22716005146503448,0.26156067848205566,0.27048394083976746,0.2727449834346771,0.2651369273662567,0.26782217621803284,0.4546104073524475,0.2912597060203552,0.38674813508987427,1.0]]}