{
  "game_number": 52,
  "words": [
    "BLUE",
    "GOAT",
    "JACK",
    "SWISS",
    "CUP",
    "LID",
    "NAPKIN",
    "STRAW",
    "CHISEL",
    "PLANE",
    "RASP",
    "SAW",
    "CRAN",
    "FLAMING",
    "HERO",
    "RAVE"
  ],
  "adjacency_matrix": [
    [
      1.0,
      0.3557988107204437,
      0.4642398953437805,
      0.39257556200027466,
      0.3429914116859436,
      0.2824600338935852,
      0.3278482258319855,
      0.3792789876461029,
      0.20304061472415924,
      0.37903136014938354,
      0.3094864785671234,
      0.3127223551273346,
      0.4185382127761841,
      0.4508693516254425,
      0.307483971118927,
      0.27250710129737854
    ],
    [
      0.3557988107204437,
      1.0,
      0.37156862020492554,
      0.357454389333725,
      0.30375832319259644,
      0.24965643882751465,
      0.24921728670597076,
      0.4253930449485779,
      0.28008702397346497,
      0.3103784918785095,
      0.3200490176677704,
      0.1951322704553604,
      0.3558500111103058,
      0.3680901825428009,
      0.39558321237564087,
      0.19074714183807373
    ],
    [
      0.4642398953437805,
      0.37156862020492554,
      1.0,
      0.30786049365997314,
      0.27617859840393066,
      0.416525274515152,
      0.23643876612186432,
      0.3939496874809265,
      0.30985626578330994,
      0.3396926820278168,
      0.35392075777053833,
      0.2279495894908905,
      0.45283448696136475,
      0.3768509030342102,
      0.4096450209617615,
      0.3045172393321991
    ],
    [
      0.39257556200027466,
      0.357454389333725,
      0.30786049365997314,
      0.9999999403953552,
      0.32470428943634033,
      0.19724997878074646,
      0.26925453543663025,
      0.3481222987174988,
      0.2422063648700714,
      0.3431943655014038,
      0.28043025732040405,
      0.2493669092655182,
      0.35397934913635254,
      0.24754565954208374,
      0.2732097804546356,
      0.2712714672088623
    ],
    [
      0.3429914116859436,
      0.30375832319259644,
      0.27617859840393066,
      0.32470428943634033,
      1.0,
      0.48023751378059387,
      0.4349181652069092,
      0.3937305808067322,
      0.3069303333759308,
      0.29423588514328003,
      0.24116209149360657,
      0.23094706237316132,
      0.2742927670478821,
      0.2870028018951416,
      0.30121666193008423,
      0.22083309292793274
    ],
    [
      0.2824600338935852,
      0.24965643882751465,
      0.416525274515152,
      0.19724997878074646,
      0.48023751378059387,
      1.0,
      0.4010314345359802,
      0.2944694459438324,
      0.35479500889778137,
      0.2882043719291687,
      0.36207249760627747,
      0.2247132509946823,
      0.2978948950767517,
      0.2974512577056885,
      0.19051407277584076,
      0.1795862317085266
    ],
    [
      0.3278482258319855,
      0.24921728670597076,
      0.23643876612186432,
      0.26925453543663025,
      0.4349181652069092,
      0.4010314345359802,
      1.0,
      0.31351855397224426,
      0.2831590473651886,
      0.3465568721294403,
      0.26123684644699097,
      0.12949322164058685,
      0.232779860496521,
      0.27771711349487305,
      0.19577988982200623,
      0.15910369157791138
    ],
    [
      0.3792789876461029,
      0.4253930449485779,
      0.3939496874809265,
      0.3481222987174988,
      0.3937305808067322,
      0.2944694459438324,
      0.31351855397224426,
      1.0000001192092896,
      0.28420838713645935,
      0.29331114888191223,
      0.34158292412757874,
      0.3119051158428192,
      0.3323092758655548,
      0.4633409082889557,
      0.33361053466796875,
      0.2696048319339752
    ],
    [
      0.20304061472415924,
      0.28008702397346497,
      0.30985626578330994,
      0.2422063648700714,
      0.3069303333759308,
      0.35479500889778137,
      0.2831590473651886,
      0.28420838713645935,
      1.0,
      0.29059141874313354,
      0.4434308409690857,
      0.22496125102043152,
      0.3198111653327942,
      0.2363324761390686,
      0.264100044965744,
      0.12640947103500366
    ],
    [
      0.37903136014938354,
      0.3103784918785095,
      0.3396926820278168,
      0.3431943655014038,
      0.29423588514328003,
      0.2882043719291687,
      0.3465568721294403,
      0.29331114888191223,
      0.29059141874313354,
      1.0,
      0.22522194683551788,
      0.2928946018218994,
      0.3640308380126953,
      0.3529747426509857,
      0.3481510281562805,
      0.21912379562854767
    ],
    [
      0.3094864785671234,
      0.3200490176677704,
      0.35392075777053833,
      0.28043025732040405,
      0.24116209149360657,
      0.36207249760627747,
      0.26123684644699097,
      0.34158292412757874,
      0.4434308409690857,
      0.22522194683551788,
      1.0,
      0.2981978952884674,
      0.40701523423194885,
      0.32936739921569824,
      0.2613753378391266,
      0.31926199793815613
    ],
    [
      0.3127223551273346,
      0.1951322704553604,
      0.2279495894908905,
      0.2493669092655182,
      0.23094706237316132,
      0.2247132509946823,
      0.12949322164058685,
      0.3119051158428192,
      0.22496125102043152,
      0.2928946018218994,
      0.2981978952884674,
      1.0,
      0.4102669656276703,
      0.25232747197151184,
      0.27641236782073975,
      0.33386915922164917
    ],
    [
      0.4185382127761841,
      0.3558500111103058,
      0.45283448696136475,
      0.35397934913635254,
      0.2742927670478821,
      0.2978948950767517,
      0.232779860496521,
      0.3323092758655548,
      0.3198111653327942,
      0.3640308380126953,
      0.40701523423194885,
      0.4102669656276703,
      1.0,
      0.3996466100215912,
      0.36433833837509155,
      0.36404916644096375
    ],
    [
      0.4508693516254425,
      0.3680901825428009,
      0.3768509030342102,
      0.24754565954208374,
      0.2870028018951416,
      0.2974512577056885,
      0.27771711349487305,
      0.4633409082889557,
      0.2363324761390686,
      0.3529747426509857,
      0.32936739921569824,
      0.25232747197151184,
      0.3996466100215912,
      1.0,
      0.35513442754745483,
      0.4204086363315582
    ],
    [
      0.307483971118927,
      0.39558321237564087,
      0.4096450209617615,
      0.2732097804546356,
      0.30121666193008423,
      0.19051407277584076,
      0.19577988982200623,
      0.33361053466796875,
      0.264100044965744,
      0.3481510281562805,
      0.2613753378391266,
      0.27641236782073975,
      0.36433833837509155,
      0.35513442754745483,
      0.9999999403953552,
      0.28900542855262756
    ],
    [
      0.27250710129737854,
      0.19074714183807373,
      0.3045172393321991,
      0.2712714672088623,
      0.22083309292793274,
      0.1795862317085266,
      0.15910369157791138,
      0.2696048319339752,
      0.12640947103500366,
      0.21912379562854767,
      0.31926199793815613,
      0.33386915922164917,
      0.36404916644096375,
      0.4204086363315582,
      0.28900542855262756,
      1.0
    ]
  ]
}