{"game_number":152,"words":["CARAVAN","FLEET","PARADE","TRAIN","OLIVE","FOREST","LIME","MINT","DEMOCRATIC","EROTIC","NOBLE","SAD","BOOK","CACTUS","HEDGEHOG","SKELETON"],"adjacency_matrix":[[1.0,0.4825300872325897,0.47683075070381165,0.441448837518692,0.27430516481399536,0.4190751910209656,0.2530612647533417,0.31575921177864075,0.27513936161994934,0.2338632196187973,0.28950372338294983,0.22694659233093262,0.33670172095298767,0.38054242730140686,0.40482890605926514,0.3209180235862732],[0.4825300872325897,1.0,0.42571327090263367,0.47484713792800903,0.28532305359840393,0.3869550824165344,0.28484204411506653,0.3172203600406647,0.27593404054641724,0.19283440709114075,0.34934690594673157,0.20668932795524597,0.33087098598480225,0.1665935516357422,0.30286917090415955,0.3282211422920227],[0.47683075070381165,0.42571327090263367,1.0,0.4306793808937073,0.2736491560935974,0.38220635056495667,0.24317264556884766,0.27067792415618896,0.37825196981430054,0.26645737886428833,0.30341702699661255,0.34080934524536133,0.36186322569847107,0.2880198061466217,0.290679007768631,0.37601882219314575],[0.441448837518692,0.47484713792800903,0.4306793808937073,1.0,0.2720641493797302,0.4182107150554657,0.2843666076660156,0.42254653573036194,0.3236612379550934,0.23137140274047852,0.3386014699935913,0.22800834476947784,0.35887181758880615,0.22682036459445953,0.24722038209438324,0.3800242245197296],[0.27430516481399536,0.28532305359840393,0.2736491560935974,0.2720641493797302,0.9999999403953552,0.36233702301979065,0.46910205483436584,0.42441004514694214,0.30739375948905945,0.2548433244228363,0.32299861311912537,0.18169790506362915,0.24545271694660187,0.360952228307724,0.26737135648727417,0.2502245306968689],[0.4190751910209656,0.3869550824165344,0.38220635056495667,0.4182107150554657,0.36233702301979065,1.0,0.33944547176361084,0.33163580298423767,0.374542236328125,0.31808730959892273,0.3695332407951355,0.29073986411094666,0.37709617614746094,0.3761975169181824,0.3522309362888336,0.3828606903553009],[0.2530612647533417,0.28484204411506653,0.24317264556884766,0.2843666076660156,0.46910205483436584,0.33944547176361084,1.0,0.4429638683795929,0.28456050157546997,0.26396727561950684,0.29674896597862244,0.21208854019641876,0.15176774561405182,0.3924664258956909,0.23580162227153778,0.32014551758766174],[0.31575921177864075,0.3172203600406647,0.27067792415618896,0.42254653573036194,0.42441004514694214,0.33163580298423767,0.4429638683795929,1.0,0.30017518997192383,0.2532117962837219,0.37349697947502136,0.2006775438785553,0.31189996004104614,0.3485771119594574,0.3231256306171417,0.22299200296401978],[0.27513936161994934,0.27593404054641724,0.37825196981430054,0.3236612379550934,0.30739375948905945,0.374542236328125,0.28456050157546997,0.30017518997192383,1.0,0.4273356795310974,0.5118992328643799,0.372811883687973,0.32095491886138916,0.19719064235687256,0.27374425530433655,0.3204224109649658],[0.2338632196187973,0.19283440709114075,0.26645737886428833,0.23137140274047852,0.2548433244228363,0.31808730959892273,0.26396727561950684,0.2532117962837219,0.4273356795310974,1.0000001192092896,0.379201203584671,0.3561961352825165,0.3733459711074829,0.26547595858573914,0.2664560079574585,0.2931557893753052],[0.28950372338294983,0.34934690594673157,0.30341702699661255,0.3386014699935913,0.32299861311912537,0.3695332407951355,0.29674896597862244,0.37349697947502136,0.5118992328643799,0.379201203584671,0.9999999403953552,0.4508974254131317,0.3194739818572998,0.22108964622020721,0.2909347414970398,0.3371576964855194],[0.22694659233093262,0.20668932795524597,0.34080934524536133,0.22800834476947784,0.18169790506362915,0.29073986411094666,0.21208854019641876,0.2006775438785553,0.372811883687973,0.3561961352825165,0.4508974254131317,1.0,0.2952401638031006,0.18284188210964203,0.23977521061897278,0.23760564625263214],[0.33670172095298767,0.33087098598480225,0.36186322569847107,0.35887181758880615,0.24545271694660187,0.37709617614746094,0.15176774561405182,0.31189996004104614,0.32095491886138916,0.3733459711074829,0.3194739818572998,0.2952401638031006,0.9999999403953552,0.27782222628593445,0.2609937787055969,0.4001031219959259],[0.38054242730140686,0.1665935516357422,0.2880198061466217,0.22682036459445953,0.360952228307724,0.3761975169181824,0.3924664258956909,0.3485771119594574,0.19719064235687256,0.26547595858573914,0.22108964622020721,0.18284188210964203,0.27782222628593445,1.0,0.4854542911052704,0.40726885199546814],[0.40482890605926514,0.30286917090415955,0.290679007768631,0.24722038209438324,0.26737135648727417,0.3522309362888336,0.23580162227153778,0.3231256306171417,0.27374425530433655,0.2664560079574585,0.2909347414970398,0.23977521061897278,0.2609937787055969,0.4854542911052704,1.0,0.36136484146118164],[0.3209180235862732,0.3282211422920227,0.37601882219314575,0.3800242245197296,0.2502245306968689,0.3828606903553009,0.32014551758766174,0.22299200296401978,0.3204224109649658,0.2931557893753052,0.3371576964855194,0.23760564625263214,0.4001031219959259,0.40726885199546814,0.36136484146118164,1.0]]}