{"game_number":189,"words":["BILL","CHECK","INVOICE","TAB","PINCH","ROB","STEAL","SWIPE","BUCK","BULL","JACK","TOM","JEAN","PANT","SHORT","TIGHT"],"adjacency_matrix":[[1.0,0.36031773686408997,0.5173972249031067,0.39044100046157837,0.25693362951278687,0.30339643359184265,0.2941460609436035,0.364864319562912,0.3417928218841553,0.2656420171260834,0.2973666191101074,0.3573334515094757,0.29860803484916687,0.3132762312889099,0.36449989676475525,0.298298180103302],[0.36031773686408997,1.0,0.4683004319667816,0.4687270522117615,0.4240523874759674,0.40215981006622314,0.4357379674911499,0.5451670289039612,0.3878685235977173,0.34330135583877563,0.32951754331588745,0.2937295436859131,0.26158541440963745,0.31412774324417114,0.3610891103744507,0.3513551950454712],[0.5173972249031067,0.4683004319667816,1.0000001192092896,0.3565325140953064,0.20789633691310883,0.2230321764945984,0.32928717136383057,0.3449695110321045,0.2118390053510666,0.30726659297943115,0.26842114329338074,0.24268083274364471,0.3012707829475403,0.23536495864391327,0.2855030596256256,0.25428739190101624],[0.39044100046157837,0.4687270522117615,0.3565325140953064,0.9999999403953552,0.3403864800930023,0.18935304880142212,0.25460168719291687,0.45994722843170166,0.2646547853946686,0.18109634518623352,0.329925000667572,0.29947081208229065,0.25794070959091187,0.29262515902519226,0.23791734874248505,0.2877041697502136],[0.25693362951278687,0.4240523874759674,0.20789633691310883,0.3403864800930023,0.9999999403953552,0.36812514066696167,0.4512423276901245,0.5091657042503357,0.37947019934654236,0.30806851387023926,0.3822804391384125,0.3235209882259369,0.262522429227829,0.46096810698509216,0.35522836446762085,0.4802732765674591],[0.30339643359184265,0.40215981006622314,0.2230321764945984,0.18935304880142212,0.36812514066696167,1.0,0.7147873044013977,0.42789480090141296,0.32529935240745544,0.33941447734832764,0.3975159823894501,0.38141798973083496,0.2921980023384094,0.3120550513267517,0.2801034152507782,0.24858616292476654],[0.2941460609436035,0.4357379674911499,0.32928717136383057,0.25460168719291687,0.4512423276901245,0.7147873044013977,1.0,0.5658999085426331,0.39475399255752563,0.3613711893558502,0.36503273248672485,0.3139539957046509,0.23889441788196564,0.33052802085876465,0.33939898014068604,0.2842901051044464],[0.364864319562912,0.5451670289039612,0.3449695110321045,0.45994722843170166,0.5091657042503357,0.42789480090141296,0.5658999085426331,1.0,0.38933318853378296,0.37964263558387756,0.3936161398887634,0.31175148487091064,0.18313367664813995,0.3452373147010803,0.31849241256713867,0.3005226254463196],[0.3417928218841553,0.3878685235977173,0.2118390053510666,0.2646547853946686,0.37947019934654236,0.32529935240745544,0.39475399255752563,0.38933318853378296,0.9999999403953552,0.4969918131828308,0.39934441447257996,0.36099591851234436,0.2557153105735779,0.3551265597343445,0.3166259825229645,0.32312414050102234],[0.2656420171260834,0.34330135583877563,0.30726659297943115,0.18109634518623352,0.30806851387023926,0.33941447734832764,0.3613711893558502,0.37964263558387756,0.4969918131828308,1.0,0.40694716572761536,0.4374503195285797,0.2596937119960785,0.39289137721061707,0.36458680033683777,0.2984974980354309],[0.2973666191101074,0.32951754331588745,0.26842114329338074,0.329925000667572,0.3822804391384125,0.3975159823894501,0.36503273248672485,0.3936161398887634,0.39934441447257996,0.40694716572761536,1.0,0.5278478264808655,0.4962995946407318,0.4258529245853424,0.3024676442146301,0.30540767312049866],[0.3573334515094757,0.2937295436859131,0.24268083274364471,0.29947081208229065,0.3235209882259369,0.38141798973083496,0.3139539957046509,0.31175148487091064,0.36099591851234436,0.4374503195285797,0.5278478264808655,1.0,0.4230121672153473,0.4159535765647888,0.3045749366283417,0.24639089405536652],[0.29860803484916687,0.26158541440963745,0.3012707829475403,0.25794070959091187,0.262522429227829,0.2921980023384094,0.23889441788196564,0.18313367664813995,0.2557153105735779,0.2596937119960785,0.4962995946407318,0.4230121672153473,1.0,0.5576542615890503,0.3415825664997101,0.40048620104789734],[0.3132762312889099,0.31412774324417114,0.23536495864391327,0.29262515902519226,0.46096810698509216,0.3120550513267517,0.33052802085876465,0.3452373147010803,0.3551265597343445,0.39289137721061707,0.4258529245853424,0.4159535765647888,0.5576542615890503,1.0,0.4469296634197235,0.48246675729751587],[0.36449989676475525,0.3610891103744507,0.2855030596256256,0.23791734874248505,0.35522836446762085,0.2801034152507782,0.33939898014068604,0.31849241256713867,0.3166259825229645,0.36458680033683777,0.3024676442146301,0.3045749366283417,0.3415825664997101,0.4469296634197235,1.0,0.5981440544128418],[0.298298180103302,0.3513551950454712,0.25428739190101624,0.2877041697502136,0.4802732765674591,0.24858616292476654,0.2842901051044464,0.3005226254463196,0.32312414050102234,0.2984974980354309,0.30540767312049866,0.24639089405536652,0.40048620104789734,0.48246675729751587,0.5981440544128418,0.9999999403953552]]}