{"game_number":378,"words":["BOOT","LOAFER","PUMP","SNEAKER","FOOT","LEAGUE","MILE","YARD","ESSENCE","PEOPLE","TIME","US","ARE","QUEUE","SEA","WHY"],"adjacency_matrix":[[1.0,0.5425523519515991,0.3665200471878052,0.5048226118087769,0.5560749769210815,0.33409276604652405,0.3075944483280182,0.3578866720199585,0.3246230185031891,0.2598513662815094,0.33496126532554626,0.2538723349571228,0.2669590711593628,0.3972296416759491,0.31934335827827454,0.22299037873744965],[0.5425523519515991,0.9999999403953552,0.33964625000953674,0.5822028517723083,0.4818388819694519,0.325845330953598,0.27305570244789124,0.3123333752155304,0.36322277784347534,0.3169495165348053,0.32890063524246216,0.2979239523410797,0.3397112190723419,0.35063040256500244,0.36954236030578613,0.21772703528404236],[0.3665200471878052,0.33964625000953674,1.0,0.34948238730430603,0.37948012351989746,0.24688024818897247,0.24431629478931427,0.3015325665473938,0.3017752468585968,0.2841538190841675,0.3233630657196045,0.27009090781211853,0.24016766250133514,0.33245226740837097,0.3254011571407318,0.19558632373809814],[0.5048226118087769,0.5822028517723083,0.34948238730430603,1.0,0.4570206105709076,0.29875704646110535,0.23873578011989594,0.28644227981567383,0.2962815463542938,0.2576383650302887,0.2598561942577362,0.15507236123085022,0.19261886179447174,0.2150804102420807,0.31297025084495544,0.1511862576007843],[0.5560749769210815,0.4818388819694519,0.37948012351989746,0.4570206105709076,1.0,0.3399152457714081,0.5837200880050659,0.4776275157928467,0.2868407964706421,0.3572733402252197,0.3871995806694031,0.29857781529426575,0.2691938877105713,0.2996353805065155,0.43949517607688904,0.14560869336128235],[0.33409276604652405,0.325845330953598,0.24688024818897247,0.29875704646110535,0.3399152457714081,1.0,0.2767549157142639,0.3201107382774353,0.34899941086769104,0.35434338450431824,0.3487586975097656,0.3038613200187683,0.3144066631793976,0.2595624327659607,0.3807307481765747,0.2507820427417755],[0.3075944483280182,0.27305570244789124,0.24431629478931427,0.23873578011989594,0.5837200880050659,0.2767549157142639,0.9999999403953552,0.5560010671615601,0.19559955596923828,0.23177088797092438,0.4445735514163971,0.23428678512573242,0.16845490038394928,0.20788075029850006,0.3551791310310364,0.1126401275396347],[0.3578866720199585,0.3123333752155304,0.3015325665473938,0.28644227981567383,0.4776275157928467,0.3201107382774353,0.5560010671615601,1.0,0.17854291200637817,0.2613730728626251,0.3817836046218872,0.22926053404808044,0.22105561196804047,0.27620404958724976,0.3885023593902588,0.05558362975716591],[0.3246230185031891,0.36322277784347534,0.3017752468585968,0.2962815463542938,0.2868407964706421,0.34899941086769104,0.19559955596923828,0.17854291200637817,1.0,0.41044625639915466,0.45302242040634155,0.4018602669239044,0.40383902192115784,0.2796948552131653,0.36143434047698975,0.47006967663764954],[0.2598513662815094,0.3169495165348053,0.2841538190841675,0.2576383650302887,0.3572733402252197,0.35434338450431824,0.23177088797092438,0.2613730728626251,0.41044625639915466,1.0,0.4612765610218048,0.6741751432418823,0.48075366020202637,0.28423774242401123,0.35920989513397217,0.4044272005558014],[0.33496126532554626,0.32890063524246216,0.3233630657196045,0.2598561942577362,0.3871995806694031,0.3487586975097656,0.4445735514163971,0.3817836046218872,0.45302242040634155,0.4612765610218048,1.0,0.4941510260105133,0.39027735590934753,0.4072841703891754,0.36748555302619934,0.40993863344192505],[0.2538723349571228,0.2979239523410797,0.27009090781211853,0.15507236123085022,0.29857781529426575,0.3038613200187683,0.23428678512573242,0.22926053404808044,0.4018602669239044,0.6741751432418823,0.4941510260105133,1.0,0.4185812771320343,0.26750460267066956,0.3273278474807739,0.44778263568878174],[0.2669590711593628,0.3397112190723419,0.24016766250133514,0.19261886179447174,0.2691938877105713,0.3144066631793976,0.16845490038394928,0.22105561196804047,0.40383902192115784,0.48075366020202637,0.39027735590934753,0.4185812771320343,1.0,0.31853577494621277,0.3051677644252777,0.39589500427246094],[0.3972296416759491,0.35063040256500244,0.33245226740837097,0.2150804102420807,0.2996353805065155,0.2595624327659607,0.20788075029850006,0.27620404958724976,0.2796948552131653,0.28423774242401123,0.4072841703891754,0.26750460267066956,0.31853577494621277,1.0,0.29227542877197266,0.19832634925842285],[0.31934335827827454,0.36954236030578613,0.3254011571407318,0.31297025084495544,0.43949517607688904,0.3807307481765747,0.3551791310310364,0.3885023593902588,0.36143434047698975,0.35920989513397217,0.36748555302619934,0.3273278474807739,0.3051677644252777,0.29227542877197266,1.0,0.2180849313735962],[0.22299037873744965,0.21772703528404236,0.19558632373809814,0.1511862576007843,0.14560869336128235,0.2507820427417755,0.1126401275396347,0.05558362975716591,0.47006967663764954,0.4044272005558014,0.40993863344192505,0.44778263568878174,0.39589500427246094,0.19832634925842285,0.2180849313735962,1.0]]}