{
  "game_number": 441,
  "words": [
    "BAND",
    "CATERER",
    "FLORIST",
    "OFFICIANT",
    "CHOIR",
    "FIRE",
    "LIAR",
    "FRYER",
    "BARBECUE",
    "ORCHESTRA",
    "SNAKE",
    "TAR",
    "BANG",
    "HAMMER",
    "POUND",
    "SLAM"
  ],
  "adjacency_matrix": [
    [
      0.9999999403953552,
      0.3318482041358948,
      0.3858832120895386,
      0.35274556279182434,
      0.5437719821929932,
      0.3110252916812897,
      0.14987754821777344,
      0.23901066184043884,
      0.3647935092449188,
      0.5240084528923035,
      0.3332248032093048,
      0.18355625867843628,
      0.3490236699581146,
      0.3073861002922058,
      0.256836861371994,
      0.2668425738811493
    ],
    [
      0.3318482041358948,
      1.0,
      0.6003020405769348,
      0.5299647450447083,
      0.31156426668167114,
      0.2782357335090637,
      0.29111355543136597,
      0.38378065824508667,
      0.40827953815460205,
      0.2971959710121155,
      0.3057272434234619,
      0.11656138300895691,
      0.22831931710243225,
      0.27532023191452026,
      0.17643879354000092,
      0.22272059321403503
    ],
    [
      0.3858832120895386,
      0.6003020405769348,
      1.0,
      0.4780539870262146,
      0.3311987817287445,
      0.2914336323738098,
      0.19287608563899994,
      0.2813872992992401,
      0.28001806139945984,
      0.29391998052597046,
      0.33432886004447937,
      0.13287685811519623,
      0.21099546551704407,
      0.266196072101593,
      0.20629538595676422,
      0.1757921278476715
    ],
    [
      0.35274556279182434,
      0.5299647450447083,
      0.4780539870262146,
      1.0,
      0.4129016697406769,
      0.28129032254219055,
      0.19325026869773865,
      0.2138894945383072,
      0.32725733518600464,
      0.2996251583099365,
      0.3048962652683258,
      0.21742217242717743,
      0.25629234313964844,
      0.3012810945510864,
      0.19928383827209473,
      0.266048789024353
    ],
    [
      0.5437719821929932,
      0.31156426668167114,
      0.3311987817287445,
      0.4129016697406769,
      1.0000001192092896,
      0.30931705236434937,
      0.09406322240829468,
      0.20074178278446198,
      0.33692893385887146,
      0.684052586555481,
      0.2242584377527237,
      0.22848102450370789,
      0.3060409724712372,
      0.2789924442768097,
      0.18529371917247772,
      0.25309309363365173
    ],
    [
      0.3110252916812897,
      0.2782357335090637,
      0.2914336323738098,
      0.28129032254219055,
      0.30931705236434937,
      1.0,
      0.24670618772506714,
      0.37427183985710144,
      0.47969284653663635,
      0.3306792676448822,
      0.40358513593673706,
      0.37299633026123047,
      0.4066699743270874,
      0.4086243808269501,
      0.3146620988845825,
      0.3129642605781555
    ],
    [
      0.14987754821777344,
      0.29111355543136597,
      0.19287608563899994,
      0.19325026869773865,
      0.09406322240829468,
      0.24670618772506714,
      1.0,
      0.19363810122013092,
      0.1928974688053131,
      0.13696807622909546,
      0.3544849455356598,
      0.2634323537349701,
      0.2212914675474167,
      0.26590949296951294,
      0.13558928668498993,
      0.1700398474931717
    ],
    [
      0.23901066184043884,
      0.38378065824508667,
      0.2813872992992401,
      0.2138894945383072,
      0.20074178278446198,
      0.37427183985710144,
      0.19363810122013092,
      1.0000001192092896,
      0.4755905568599701,
      0.19344522058963776,
      0.3156532347202301,
      0.2823767066001892,
      0.3096354305744171,
      0.33582067489624023,
      0.3214864730834961,
      0.2811230421066284
    ],
    [
      0.3647935092449188,
      0.40827953815460205,
      0.28001806139945984,
      0.32725733518600464,
      0.33692893385887146,
      0.47969284653663635,
      0.1928974688053131,
      0.4755905568599701,
      1.0,
      0.2698964476585388,
      0.3749316930770874,
      0.30851009488105774,
      0.35154905915260315,
      0.31826716661453247,
      0.2743540406227112,
      0.36408668756484985
    ],
    [
      0.5240084528923035,
      0.2971959710121155,
      0.29391998052597046,
      0.2996251583099365,
      0.684052586555481,
      0.3306792676448822,
      0.13696807622909546,
      0.19344522058963776,
      0.2698964476585388,
      1.0,
      0.2951771318912506,
      0.22275538742542267,
      0.2825959026813507,
      0.25788331031799316,
      0.22379903495311737,
      0.17284679412841797
    ],
    [
      0.3332248032093048,
      0.3057272434234619,
      0.33432886004447937,
      0.3048962652683258,
      0.2242584377527237,
      0.40358513593673706,
      0.3544849455356598,
      0.3156532347202301,
      0.3749316930770874,
      0.2951771318912506,
      0.9999999403953552,
      0.3664008378982544,
      0.2820543944835663,
      0.36280229687690735,
      0.3160970211029053,
      0.2503243088722229
    ],
    [
      0.18355625867843628,
      0.11656138300895691,
      0.13287685811519623,
      0.21742217242717743,
      0.22848102450370789,
      0.37299633026123047,
      0.2634323537349701,
      0.2823767066001892,
      0.30851009488105774,
      0.22275538742542267,
      0.3664008378982544,
      1.0,
      0.2958299517631531,
      0.3838798999786377,
      0.33498862385749817,
      0.32828259468078613
    ],
    [
      0.3490236699581146,
      0.22831931710243225,
      0.21099546551704407,
      0.25629234313964844,
      0.3060409724712372,
      0.4066699743270874,
      0.2212914675474167,
      0.3096354305744171,
      0.35154905915260315,
      0.2825959026813507,
      0.2820543944835663,
      0.2958299517631531,
      0.9999999403953552,
      0.5213962197303772,
      0.36566516757011414,
      0.44751572608947754
    ],
    [
      0.3073861002922058,
      0.27532023191452026,
      0.266196072101593,
      0.3012810945510864,
      0.2789924442768097,
      0.4086243808269501,
      0.26590949296951294,
      0.33582067489624023,
      0.31826716661453247,
      0.25788331031799316,
      0.36280229687690735,
      0.3838798999786377,
      0.5213962197303772,
      1.0,
      0.4725784957408905,
      0.464523583650589
    ],
    [
      0.256836861371994,
      0.17643879354000092,
      0.20629538595676422,
      0.19928383827209473,
      0.18529371917247772,
      0.3146620988845825,
      0.13558928668498993,
      0.3214864730834961,
      0.2743540406227112,
      0.22379903495311737,
      0.3160970211029053,
      0.33498862385749817,
      0.36566516757011414,
      0.4725784957408905,
      1.0,
      0.2655906677246094
    ],
    [
      0.2668425738811493,
      0.22272059321403503,
      0.1757921278476715,
      0.266048789024353,
      0.25309309363365173,
      0.3129642605781555,
      0.1700398474931717,
      0.2811230421066284,
      0.36408668756484985,
      0.17284679412841797,
      0.2503243088722229,
      0.32828259468078613,
      0.44751572608947754,
      0.464523583650589,
      0.2655906677246094,
      1.0
    ]
  ]
}