{
  "game_number": 112,
  "words": [
    "TCHOTCHKE",
    "THINGAMAJIG",
    "TRIFLE",
    "TRINKET",
    "TRIANGLE",
    "TRIDENT",
    "TRILLION",
    "TRILOBITE",
    "TELEVISION",
    "TOUCHDOWN",
    "TRADEMARK",
    "TUBERCULOSIS",
    "CIRCLE",
    "SCENE",
    "SPHERE",
    "WORLD"
  ],
  "adjacency_matrix": [
    [
      1.0,
      0.3485589027404785,
      0.299870103597641,
      0.4788040220737457,
      0.17088264226913452,
      0.17081217467784882,
      0.1199357733130455,
      0.14209800958633423,
      0.1485826075077057,
      0.09893578290939331,
      0.28513234853744507,
      0.10864939540624619,
      0.16865351796150208,
      0.1420380175113678,
      0.11974271386861801,
      0.18435071408748627
    ],
    [
      0.3485589027404785,
      0.9999999403953552,
      0.35676923394203186,
      0.3987533450126648,
      0.38314488530158997,
      0.3600635528564453,
      0.2718600034713745,
      0.36947306990623474,
      0.30520200729370117,
      0.23245343565940857,
      0.30302098393440247,
      0.1881733387708664,
      0.32303446531295776,
      0.40238499641418457,
      0.32374808192253113,
      0.3468325138092041
    ],
    [
      0.299870103597641,
      0.35676923394203186,
      0.9999999403953552,
      0.4969135820865631,
      0.34158048033714294,
      0.26611706614494324,
      0.14276400208473206,
      0.24291807413101196,
      0.22504934668540955,
      0.2501577138900757,
      0.36514028906822205,
      0.21892361342906952,
      0.2961674928665161,
      0.3345862925052643,
      0.36193186044692993,
      0.2881857752799988
    ],
    [
      0.4788040220737457,
      0.3987533450126648,
      0.4969135820865631,
      1.0,
      0.38225609064102173,
      0.37349557876586914,
      0.19842590391635895,
      0.30310001969337463,
      0.2687600255012512,
      0.25773823261260986,
      0.357403039932251,
      0.18473447859287262,
      0.3474352955818176,
      0.32263004779815674,
      0.33600398898124695,
      0.3666249215602875
    ],
    [
      0.17088264226913452,
      0.38314488530158997,
      0.34158048033714294,
      0.38225609064102173,
      1.0,
      0.428209513425827,
      0.15807588398456573,
      0.26226723194122314,
      0.2895307242870331,
      0.26991337537765503,
      0.35798582434654236,
      0.22512921690940857,
      0.6594417095184326,
      0.43678703904151917,
      0.5630297660827637,
      0.3930400609970093
    ],
    [
      0.17081217467784882,
      0.3600635528564453,
      0.26611706614494324,
      0.37349557876586914,
      0.428209513425827,
      1.0,
      0.22192765772342682,
      0.27226459980010986,
      0.18426261842250824,
      0.1912243515253067,
      0.3352634906768799,
      0.170745387673378,
      0.34755781292915344,
      0.24647778272628784,
      0.2850824296474457,
      0.2343398779630661
    ],
    [
      0.1199357733130455,
      0.2718600034713745,
      0.14276400208473206,
      0.19842590391635895,
      0.15807588398456573,
      0.22192765772342682,
      1.0,
      0.1787586510181427,
      0.13624843955039978,
      0.20173798501491547,
      0.13152816891670227,
      0.10351506620645523,
      0.1773892194032669,
      0.10564195364713669,
      0.19869261980056763,
      0.3096979856491089
    ],
    [
      0.14209800958633423,
      0.36947306990623474,
      0.24291807413101196,
      0.30310001969337463,
      0.26226723194122314,
      0.27226459980010986,
      0.1787586510181427,
      1.0,
      0.2958108186721802,
      0.24148815870285034,
      0.24279610812664032,
      0.22272704541683197,
      0.2993960380554199,
      0.28909844160079956,
      0.2452559471130371,
      0.2796264588832855
    ],
    [
      0.1485826075077057,
      0.30520200729370117,
      0.22504934668540955,
      0.2687600255012512,
      0.2895307242870331,
      0.18426261842250824,
      0.13624843955039978,
      0.2958108186721802,
      1.0,
      0.29633036255836487,
      0.3151739537715912,
      0.20429931581020355,
      0.2825184464454651,
      0.5037789940834045,
      0.3951065242290497,
      0.43449997901916504
    ],
    [
      0.09893578290939331,
      0.23245343565940857,
      0.2501577138900757,
      0.25773823261260986,
      0.26991337537765503,
      0.1912243515253067,
      0.20173798501491547,
      0.24148815870285034,
      0.29633036255836487,
      1.0,
      0.2684946358203888,
      0.1663525402545929,
      0.2452096939086914,
      0.3435294032096863,
      0.2580285668373108,
      0.2117488980293274
    ],
    [
      0.28513234853744507,
      0.30302098393440247,
      0.36514028906822205,
      0.357403039932251,
      0.35798582434654236,
      0.3352634906768799,
      0.13152816891670227,
      0.24279610812664032,
      0.3151739537715912,
      0.2684946358203888,
      1.0,
      0.1621984839439392,
      0.33992552757263184,
      0.32318219542503357,
      0.3273995518684387,
      0.33426710963249207
    ],
    [
      0.10864939540624619,
      0.1881733387708664,
      0.21892361342906952,
      0.18473447859287262,
      0.22512921690940857,
      0.170745387673378,
      0.10351506620645523,
      0.22272704541683197,
      0.20429931581020355,
      0.1663525402545929,
      0.1621984839439392,
      0.9999999403953552,
      0.17196913063526154,
      0.24075177311897278,
      0.19819658994674683,
      0.2519553005695343
    ],
    [
      0.16865351796150208,
      0.32303446531295776,
      0.2961674928665161,
      0.3474352955818176,
      0.6594417095184326,
      0.34755781292915344,
      0.1773892194032669,
      0.2993960380554199,
      0.2825184464454651,
      0.2452096939086914,
      0.33992552757263184,
      0.17196913063526154,
      1.0,
      0.4385032057762146,
      0.6145076751708984,
      0.44396737217903137
    ],
    [
      0.1420380175113678,
      0.40238499641418457,
      0.3345862925052643,
      0.32263004779815674,
      0.43678703904151917,
      0.24647778272628784,
      0.10564195364713669,
      0.28909844160079956,
      0.5037789940834045,
      0.3435294032096863,
      0.32318219542503357,
      0.24075177311897278,
      0.4385032057762146,
      1.0,
      0.41606664657592773,
      0.46588972210884094
    ],
    [
      0.11974271386861801,
      0.32374808192253113,
      0.36193186044692993,
      0.33600398898124695,
      0.5630297660827637,
      0.2850824296474457,
      0.19869261980056763,
      0.2452559471130371,
      0.3951065242290497,
      0.2580285668373108,
      0.3273995518684387,
      0.19819658994674683,
      0.6145076751708984,
      0.41606664657592773,
      1.0,
      0.5533256530761719
    ],
    [
      0.18435071408748627,
      0.3468325138092041,
      0.2881857752799988,
      0.3666249215602875,
      0.3930400609970093,
      0.2343398779630661,
      0.3096979856491089,
      0.2796264588832855,
      0.43449997901916504,
      0.2117488980293274,
      0.33426710963249207,
      0.2519553005695343,
      0.44396737217903137,
      0.46588972210884094,
      0.5533256530761719,
      0.9999999403953552
    ]
  ]
}