{"game_number":144,"words":["MASS","SEA","SLEW","TON","BUCKLE","CAVE","COLLAPSE","GIVE","SHOUT","SNAP","WAVE","WHISTLE","BUTTON","DANCE","FLOP","LAUGH"],"adjacency_matrix":[[1.0,0.43709754943847656,0.3654109537601471,0.41279521584510803,0.30094581842422485,0.27888649702072144,0.44519203901290894,0.3509945571422577,0.3307048976421356,0.3395666778087616,0.5441557168960571,0.29631367325782776,0.26787069439888,0.3840772807598114,0.38339659571647644,0.24215340614318848],[0.43709754943847656,1.0,0.2719503939151764,0.32541510462760925,0.28792068362236023,0.49306124448776245,0.3078925907611847,0.2989950180053711,0.3210907280445099,0.26595160365104675,0.528468906879425,0.33475232124328613,0.2716418504714966,0.36181309819221497,0.32358497381210327,0.22901278734207153],[0.3654109537601471,0.2719503939151764,1.0,0.3139391839504242,0.2663598358631134,0.27033868432044983,0.26565244793891907,0.3255036473274231,0.32452714443206787,0.3557684123516083,0.36092111468315125,0.20411260426044464,0.26007458567619324,0.22698277235031128,0.32732629776000977,0.26282188296318054],[0.41279521584510803,0.32541510462760925,0.3139391839504242,1.0,0.2680322825908661,0.2228878140449524,0.17733527719974518,0.3191901445388794,0.27785757184028625,0.28244873881340027,0.25490060448646545,0.25193339586257935,0.23901169002056122,0.18390396237373352,0.293664813041687,0.254508912563324],[0.30094581842422485,0.28792068362236023,0.2663598358631134,0.2680322825908661,1.0,0.31819239258766174,0.45113515853881836,0.3506617248058319,0.3723418414592743,0.5228781700134277,0.3649270534515381,0.37870609760284424,0.40866711735725403,0.3043747842311859,0.3674723207950592,0.41236186027526855],[0.27888649702072144,0.49306124448776245,0.27033868432044983,0.2228878140449524,0.31819239258766174,1.0,0.3709137737751007,0.30298295617103577,0.2459355890750885,0.21479450166225433,0.2908470034599304,0.3071154057979584,0.27540409564971924,0.36843129992485046,0.2797451615333557,0.23353895545005798],[0.44519203901290894,0.3078925907611847,0.26565244793891907,0.17733527719974518,0.45113515853881836,0.3709137737751007,1.0,0.3107229769229889,0.3287651538848877,0.42468538880348206,0.44518646597862244,0.2569299340248108,0.2236703634262085,0.26441672444343567,0.45857930183410645,0.3291706442832947],[0.3509945571422577,0.2989950180053711,0.3255036473274231,0.3191901445388794,0.3506617248058319,0.30298295617103577,0.3107229769229889,1.0,0.5105273127555847,0.416882187128067,0.3276693522930145,0.35899049043655396,0.2739364504814148,0.30347076058387756,0.27755704522132874,0.43428170680999756],[0.3307048976421356,0.3210907280445099,0.32452714443206787,0.27785757184028625,0.3723418414592743,0.2459355890750885,0.3287651538848877,0.5105273127555847,1.0,0.4106590151786804,0.45708051323890686,0.5317304730415344,0.3400832712650299,0.3729754090309143,0.3229717016220093,0.6120228171348572],[0.3395666778087616,0.26595160365104675,0.3557684123516083,0.28244873881340027,0.5228781700134277,0.21479450166225433,0.42468538880348206,0.416882187128067,0.4106590151786804,0.9999998807907104,0.4090740978717804,0.4097028076648712,0.3769427239894867,0.3510088622570038,0.4391189515590668,0.49401962757110596],[0.5441557168960571,0.528468906879425,0.36092111468315125,0.25490060448646545,0.3649270534515381,0.2908470034599304,0.44518646597862244,0.3276693522930145,0.45708051323890686,0.4090740978717804,0.9999998807907104,0.4149744212627411,0.34452715516090393,0.4238691031932831,0.4408748149871826,0.31540191173553467],[0.29631367325782776,0.33475232124328613,0.20411260426044464,0.25193339586257935,0.37870609760284424,0.3071154057979584,0.2569299340248108,0.35899049043655396,0.5317304730415344,0.4097028076648712,0.4149744212627411,1.0,0.33127331733703613,0.35152098536491394,0.27857112884521484,0.39792999625205994],[0.26787069439888,0.2716418504714966,0.26007458567619324,0.23901169002056122,0.40866711735725403,0.27540409564971924,0.2236703634262085,0.2739364504814148,0.3400832712650299,0.3769427239894867,0.34452715516090393,0.33127331733703613,1.0,0.27890294790267944,0.3152177631855011,0.2906109690666199],[0.3840772807598114,0.36181309819221497,0.22698277235031128,0.18390396237373352,0.3043747842311859,0.36843129992485046,0.26441672444343567,0.30347076058387756,0.3729754090309143,0.3510088622570038,0.4238691031932831,0.35152098536491394,0.27890294790267944,1.0000001192092896,0.3975984454154968,0.3808808922767639],[0.38339659571647644,0.32358497381210327,0.32732629776000977,0.293664813041687,0.3674723207950592,0.2797451615333557,0.45857930183410645,0.27755704522132874,0.3229717016220093,0.4391189515590668,0.4408748149871826,0.27857112884521484,0.3152177631855011,0.3975984454154968,1.0,0.3637396991252899],[0.24215340614318848,0.22901278734207153,0.26282188296318054,0.254508912563324,0.41236186027526855,0.23353895545005798,0.3291706442832947,0.43428170680999756,0.6120228171348572,0.49401962757110596,0.31540191173553467,0.39792999625205994,0.2906109690666199,0.3808808922767639,0.3637396991252899,1.0]]}