{"game_number":228,"words":["BAGUETTE","BUN","LOAF","ROLL","CLINCH","GUARANTEE","LOCK","SECURE","CHIP","MARK","NICK","SCRATCH","HAIR","LETTUCE","STATE","STEAM"],"adjacency_matrix":[[1.0,0.5521950125694275,0.6394045948982239,0.42883792519569397,0.3331955075263977,0.2894783020019531,0.35367193818092346,0.27566930651664734,0.4268794059753418,0.35507848858833313,0.3618878722190857,0.33806535601615906,0.3123987019062042,0.4400457441806793,0.22699691355228424,0.29982125759124756],[0.5521950125694275,1.0,0.5741873979568481,0.39772653579711914,0.27898573875427246,0.17172837257385254,0.31557318568229675,0.19348572194576263,0.3881770372390747,0.24543048441410065,0.29971158504486084,0.25719305872917175,0.47102364897727966,0.39652687311172485,0.1918739676475525,0.32182711362838745],[0.6394045948982239,0.5741873979568481,1.0,0.40289178490638733,0.2999440133571625,0.2680310308933258,0.3648947477340698,0.30425190925598145,0.4027658700942993,0.3202533423900604,0.33460646867752075,0.2814284563064575,0.27422240376472473,0.39309167861938477,0.22804716229438782,0.3078435957431793],[0.42883792519569397,0.39772653579711914,0.40289178490638733,0.9999999403953552,0.3740425407886505,0.3745911419391632,0.515582799911499,0.3556372821331024,0.4781041443347931,0.4518410265445709,0.43460461497306824,0.4870366156101227,0.3346976041793823,0.32818785309791565,0.4032880365848541,0.38545840978622437],[0.3331955075263977,0.27898573875427246,0.2999440133571625,0.3740425407886505,1.0,0.3986040949821472,0.4221225678920746,0.5132836103439331,0.3185129165649414,0.44519081711769104,0.3608868420124054,0.3743446469306946,0.2649024426937103,0.19899404048919678,0.3281596302986145,0.30784720182418823],[0.2894783020019531,0.17172837257385254,0.2680310308933258,0.3745911419391632,0.3986040949821472,0.9999999403953552,0.4763689637184143,0.663214385509491,0.3260827660560608,0.4426267147064209,0.3751825988292694,0.3346916735172272,0.24198195338249207,0.1926812082529068,0.4831480085849762,0.2764074206352234],[0.35367193818092346,0.31557318568229675,0.3648947477340698,0.515582799911499,0.4221225678920746,0.4763689637184143,1.0,0.5399683713912964,0.5003020763397217,0.4225683808326721,0.4972425401210785,0.4033910632133484,0.4338027536869049,0.24939396977424622,0.4316836893558502,0.4070301651954651],[0.27566930651664734,0.19348572194576263,0.30425190925598145,0.3556372821331024,0.5132836103439331,0.663214385509491,0.5399683713912964,1.0,0.3514486253261566,0.44059786200523376,0.43229547142982483,0.4070162773132324,0.23887592554092407,0.19438734650611877,0.44229817390441895,0.317848801612854],[0.4268794059753418,0.3881770372390747,0.4027658700942993,0.4781041443347931,0.3185129165649414,0.3260827660560608,0.5003020763397217,0.3514486253261566,0.9999999403953552,0.38941365480422974,0.4343971908092499,0.45025384426116943,0.35356947779655457,0.3749251961708069,0.34565469622612,0.32863712310791016],[0.35507848858833313,0.24543048441410065,0.3202533423900604,0.4518410265445709,0.44519081711769104,0.4426267147064209,0.4225683808326721,0.44059786200523376,0.38941365480422974,1.0,0.4083709716796875,0.47367388010025024,0.3241406977176666,0.1787191480398178,0.4021529257297516,0.2745043635368347],[0.3618878722190857,0.29971158504486084,0.33460646867752075,0.43460461497306824,0.3608868420124054,0.3751825988292694,0.4972425401210785,0.43229547142982483,0.4343971908092499,0.4083709716796875,1.0,0.4686185419559479,0.4024096727371216,0.2764423191547394,0.3681749701499939,0.3432309031486511],[0.33806535601615906,0.25719305872917175,0.2814284563064575,0.4870366156101227,0.3743446469306946,0.3346916735172272,0.4033910632133484,0.4070162773132324,0.45025384426116943,0.47367388010025024,0.4686185419559479,1.0000001192092896,0.3539349138736725,0.24626639485359192,0.387175589799881,0.3589606285095215],[0.3123987019062042,0.47102364897727966,0.27422240376472473,0.3346976041793823,0.2649024426937103,0.24198195338249207,0.4338027536869049,0.23887592554092407,0.35356947779655457,0.3241406977176666,0.4024096727371216,0.3539349138736725,1.0,0.3767787218093872,0.2588258981704712,0.34254714846611023],[0.4400457441806793,0.39652687311172485,0.39309167861938477,0.32818785309791565,0.19899404048919678,0.1926812082529068,0.24939396977424622,0.19438734650611877,0.3749251961708069,0.1787191480398178,0.2764423191547394,0.24626639485359192,0.3767787218093872,1.0,0.30227452516555786,0.33756497502326965],[0.22699691355228424,0.1918739676475525,0.22804716229438782,0.4032880365848541,0.3281596302986145,0.4831480085849762,0.4316836893558502,0.44229817390441895,0.34565469622612,0.4021529257297516,0.3681749701499939,0.387175589799881,0.2588258981704712,0.30227452516555786,1.0,0.33470267057418823],[0.29982125759124756,0.32182711362838745,0.3078435957431793,0.38545840978622437,0.30784720182418823,0.2764074206352234,0.4070301651954651,0.317848801612854,0.32863712310791016,0.2745043635368347,0.3432309031486511,0.3589606285095215,0.34254714846611023,0.33756497502326965,0.33470267057418823,1.0]]}