{"game_number":190,"words":["BADGE","INVITE","PASS","TICKET","CHAIR","DIRECT","LEAD","RUN","CENTER","END","SAFETY","TACKLE","HOLD","PUNT","STALL","TABLE"],"adjacency_matrix":[[1.0,0.24325743317604065,0.3772636651992798,0.4593068063259125,0.3688961863517761,0.3349938988685608,0.3704562485218048,0.27151045203208923,0.38533928990364075,0.31866738200187683,0.4162081182003021,0.27396833896636963,0.4001738429069519,0.20003189146518707,0.35563594102859497,0.35043784976005554],[0.24325743317604065,0.9999999403953552,0.4226161539554596,0.23597097396850586,0.3137112259864807,0.5033000707626343,0.48317548632621765,0.37425747513771057,0.24626366794109344,0.3603755533695221,0.20736633241176605,0.38233765959739685,0.4443170428276062,0.3345111012458801,0.3403792679309845,0.3184911012649536],[0.3772636651992798,0.4226161539554596,1.0,0.45502209663391113,0.3250947594642639,0.47640112042427063,0.5058689117431641,0.582947313785553,0.40564265847206116,0.5239735245704651,0.4237501919269562,0.5060715675354004,0.5446407198905945,0.5395034551620483,0.5413957834243774,0.396477609872818],[0.4593068063259125,0.23597097396850586,0.45502209663391113,0.9999999403953552,0.33931484818458557,0.3770538568496704,0.3396797478199005,0.4370517432689667,0.3759419322013855,0.3202444612979889,0.39092040061950684,0.32656973600387573,0.38234537839889526,0.3588961958885193,0.503787636756897,0.3927152454853058],[0.3688961863517761,0.3137112259864807,0.3250947594642639,0.33931484818458557,1.0,0.35197097063064575,0.42945024371147156,0.322020947933197,0.45644599199295044,0.32122281193733215,0.3119995892047882,0.307442307472229,0.42129746079444885,0.26735708117485046,0.4039653539657593,0.5071249008178711],[0.3349938988685608,0.5033000707626343,0.47640112042427063,0.3770538568496704,0.35197097063064575,1.0,0.5771968364715576,0.5058919787406921,0.46409937739372253,0.5155723690986633,0.3691904544830322,0.4264887571334839,0.4758705794811249,0.31165629625320435,0.39350950717926025,0.3497609496116638],[0.3704562485218048,0.48317548632621765,0.5058689117431641,0.3396797478199005,0.42945024371147156,0.5771968364715576,1.0,0.5662394762039185,0.4853519797325134,0.5343682169914246,0.38255318999290466,0.4831492006778717,0.57222980260849,0.3492540419101715,0.48710519075393677,0.4173913896083832],[0.27151045203208923,0.37425747513771057,0.582947313785553,0.4370517432689667,0.322020947933197,0.5058919787406921,0.5662394762039185,1.0,0.40750062465667725,0.5759428143501282,0.3502322733402252,0.4945472776889801,0.5671235918998718,0.47095948457717896,0.593102753162384,0.390714168548584],[0.38533928990364075,0.24626366794109344,0.40564265847206116,0.3759419322013855,0.45644599199295044,0.46409937739372253,0.4853519797325134,0.40750062465667725,1.0,0.48955896496772766,0.4200393259525299,0.37249088287353516,0.43992143869400024,0.2669033706188202,0.4660850167274475,0.45437848567962646],[0.31866738200187683,0.3603755533695221,0.5239735245704651,0.3202444612979889,0.32122281193733215,0.5155723690986633,0.5343682169914246,0.5759428143501282,0.48955896496772766,1.0,0.3507806062698364,0.515529990196228,0.48813578486442566,0.3719192147254944,0.5501601099967957,0.444366991519928],[0.4162081182003021,0.20736633241176605,0.4237501919269562,0.39092040061950684,0.3119995892047882,0.3691904544830322,0.38255318999290466,0.3502322733402252,0.4200393259525299,0.3507806062698364,1.0,0.38134345412254333,0.36199790239334106,0.3267798125743866,0.3728884756565094,0.3016442060470581],[0.27396833896636963,0.38233765959739685,0.5060715675354004,0.32656973600387573,0.307442307472229,0.4264887571334839,0.4831492006778717,0.4945472776889801,0.37249088287353516,0.515529990196228,0.38134345412254333,1.0,0.4232567250728607,0.5538543462753296,0.4787398874759674,0.3498150408267975],[0.4001738429069519,0.4443170428276062,0.5446407198905945,0.38234537839889526,0.42129746079444885,0.4758705794811249,0.57222980260849,0.5671235918998718,0.43992143869400024,0.48813578486442566,0.36199790239334106,0.4232567250728607,1.0,0.39602771401405334,0.529433012008667,0.4236227869987488],[0.20003189146518707,0.3345111012458801,0.5395034551620483,0.3588961958885193,0.26735708117485046,0.31165629625320435,0.3492540419101715,0.47095948457717896,0.2669033706188202,0.3719192147254944,0.3267798125743866,0.5538543462753296,0.39602771401405334,0.9999999403953552,0.42539048194885254,0.2613854706287384],[0.35563594102859497,0.3403792679309845,0.5413957834243774,0.503787636756897,0.4039653539657593,0.39350950717926025,0.48710519075393677,0.593102753162384,0.4660850167274475,0.5501601099967957,0.3728884756565094,0.4787398874759674,0.529433012008667,0.42539048194885254,1.0,0.4738050401210785],[0.35043784976005554,0.3184911012649536,0.396477609872818,0.3927152454853058,0.5071249008178711,0.3497609496116638,0.4173913896083832,0.390714168548584,0.45437848567962646,0.444366991519928,0.3016442060470581,0.3498150408267975,0.4236227869987488,0.2613854706287384,0.4738050401210785,1.0]]}