{
  "game_number": 251,
  "words": [
    "BUTTON",
    "KNOB",
    "SLIDER",
    "SWITCH",
    "PRO",
    "RETRO",
    "SUB",
    "SUPER",
    "BURGER",
    "CALIFORNIA",
    "LION",
    "PROM",
    "ENERGY",
    "JUICE",
    "LIFE",
    "ZIP"
  ],
  "adjacency_matrix": [
    [
      1.0,
      0.5508826375007629,
      0.5169069766998291,
      0.5018131136894226,
      0.16732776165008545,
      0.2895600199699402,
      0.30883070826530457,
      0.26995307207107544,
      0.31852102279663086,
      0.16065025329589844,
      0.1791975498199463,
      0.26711609959602356,
      0.2263997346162796,
      0.31780949234962463,
      0.21990443766117096,
      0.3820992708206177
    ],
    [
      0.5508826375007629,
      1.0,
      0.5594695806503296,
      0.514154851436615,
      0.2550787329673767,
      0.294519305229187,
      0.20027469098567963,
      0.22317804396152496,
      0.2911554276943207,
      0.20144498348236084,
      0.2458890974521637,
      0.16132669150829315,
      0.22233277559280396,
      0.3004736006259918,
      0.20956772565841675,
      0.2884331941604614
    ],
    [
      0.5169069766998291,
      0.5594695806503296,
      1.0,
      0.5166890025138855,
      0.31575807929039,
      0.37486109137535095,
      0.3291955292224884,
      0.298390656709671,
      0.4191156327724457,
      0.2612682282924652,
      0.23761679232120514,
      0.17299824953079224,
      0.2763580083847046,
      0.3610645830631256,
      0.260896235704422,
      0.3027316629886627
    ],
    [
      0.5018131136894226,
      0.514154851436615,
      0.5166890025138855,
      1.0,
      0.37414389848709106,
      0.4202452003955841,
      0.32927393913269043,
      0.3255389928817749,
      0.37116700410842896,
      0.28197863698005676,
      0.2765965461730957,
      0.3115377724170685,
      0.3375874161720276,
      0.33035027980804443,
      0.3291468620300293,
      0.3226456046104431
    ],
    [
      0.16732776165008545,
      0.2550787329673767,
      0.31575807929039,
      0.37414389848709106,
      1.0,
      0.3782314956188202,
      0.32601216435432434,
      0.4971686601638794,
      0.3097728192806244,
      0.3387983441352844,
      0.2789478003978729,
      0.23644115030765533,
      0.23084862530231476,
      0.23960641026496887,
      0.31190890073776245,
      0.17323192954063416
    ],
    [
      0.2895600199699402,
      0.294519305229187,
      0.37486109137535095,
      0.4202452003955841,
      0.3782314956188202,
      1.0000001192092896,
      0.35784146189689636,
      0.4847683906555176,
      0.3851182460784912,
      0.2563859522342682,
      0.2553008198738098,
      0.2985350787639618,
      0.2817424535751343,
      0.3257042467594147,
      0.3376145660877228,
      0.3565250039100647
    ],
    [
      0.30883070826530457,
      0.20027469098567963,
      0.3291955292224884,
      0.32927393913269043,
      0.32601216435432434,
      0.35784146189689636,
      0.9999999403953552,
      0.5318927764892578,
      0.37487274408340454,
      0.36406418681144714,
      0.2143135815858841,
      0.23717619478702545,
      0.23213666677474976,
      0.24959807097911835,
      0.2729247212409973,
      0.30474939942359924
    ],
    [
      0.26995307207107544,
      0.22317804396152496,
      0.298390656709671,
      0.3255389928817749,
      0.4971686601638794,
      0.4847683906555176,
      0.5318927764892578,
      1.0,
      0.43367865681648254,
      0.2924864888191223,
      0.3180983066558838,
      0.2980554699897766,
      0.3591228127479553,
      0.35146427154541016,
      0.28462356328964233,
      0.27418774366378784
    ],
    [
      0.31852102279663086,
      0.2911554276943207,
      0.4191156327724457,
      0.37116700410842896,
      0.3097728192806244,
      0.3851182460784912,
      0.37487274408340454,
      0.43367865681648254,
      1.0,
      0.33519884943962097,
      0.3910508155822754,
      0.3386203646659851,
      0.2586390972137451,
      0.3931957483291626,
      0.3267781436443329,
      0.269513338804245
    ],
    [
      0.16065025329589844,
      0.20144498348236084,
      0.2612682282924652,
      0.28197863698005676,
      0.3387983441352844,
      0.2563859522342682,
      0.36406418681144714,
      0.2924864888191223,
      0.33519884943962097,
      1.0,
      0.21927835047245026,
      0.2747333347797394,
      0.17736880481243134,
      0.2360686957836151,
      0.2723627984523773,
      0.28308266401290894
    ],
    [
      0.1791975498199463,
      0.2458890974521637,
      0.23761679232120514,
      0.2765965461730957,
      0.2789478003978729,
      0.2553008198738098,
      0.2143135815858841,
      0.3180983066558838,
      0.3910508155822754,
      0.21927835047245026,
      1.0,
      0.17398600280284882,
      0.31281501054763794,
      0.2636007070541382,
      0.31014132499694824,
      0.15801623463630676
    ],
    [
      0.26711609959602356,
      0.16132669150829315,
      0.17299824953079224,
      0.3115377724170685,
      0.23644115030765533,
      0.2985350787639618,
      0.23717619478702545,
      0.2980554699897766,
      0.3386203646659851,
      0.2747333347797394,
      0.17398600280284882,
      0.9999999403953552,
      0.20625734329223633,
      0.20231035351753235,
      0.3228056728839874,
      0.21364714205265045
    ],
    [
      0.2263997346162796,
      0.22233277559280396,
      0.2763580083847046,
      0.3375874161720276,
      0.23084862530231476,
      0.2817424535751343,
      0.23213666677474976,
      0.3591228127479553,
      0.2586390972137451,
      0.17736880481243134,
      0.31281501054763794,
      0.20625734329223633,
      1.0,
      0.441271036863327,
      0.48851683735847473,
      0.28833067417144775
    ],
    [
      0.31780949234962463,
      0.3004736006259918,
      0.3610645830631256,
      0.33035027980804443,
      0.23960641026496887,
      0.3257042467594147,
      0.24959807097911835,
      0.35146427154541016,
      0.3931957483291626,
      0.2360686957836151,
      0.2636007070541382,
      0.20231035351753235,
      0.441271036863327,
      1.0,
      0.3176657557487488,
      0.3219783306121826
    ],
    [
      0.21990443766117096,
      0.20956772565841675,
      0.260896235704422,
      0.3291468620300293,
      0.31190890073776245,
      0.3376145660877228,
      0.2729247212409973,
      0.28462356328964233,
      0.3267781436443329,
      0.2723627984523773,
      0.31014132499694824,
      0.3228056728839874,
      0.48851683735847473,
      0.3176657557487488,
      1.0,
      0.23486842215061188
    ],
    [
      0.3820992708206177,
      0.2884331941604614,
      0.3027316629886627,
      0.3226456046104431,
      0.17323192954063416,
      0.3565250039100647,
      0.30474939942359924,
      0.27418774366378784,
      0.269513338804245,
      0.28308266401290894,
      0.15801623463630676,
      0.21364714205265045,
      0.28833067417144775,
      0.3219783306121826,
      0.23486842215061188,
      1.0
    ]
  ]
}