{
  "game_number": 496,
  "words": [
    "CLINCH",
    "GUARANTEE",
    "LOCK",
    "SECURE",
    "CHIP",
    "MARK",
    "NICK",
    "SCRATCH",
    "HAIR",
    "LETTUCE",
    "STATE",
    "STEAM",
    "CABLE",
    "ELECTRIC",
    "GAS",
    "WATER"
  ],
  "adjacency_matrix": [
    [
      1.0,
      0.3986040949821472,
      0.4221225678920746,
      0.5132836103439331,
      0.3185129165649414,
      0.44519081711769104,
      0.3608868420124054,
      0.3743446469306946,
      0.2649024426937103,
      0.19899404048919678,
      0.3281596302986145,
      0.30784720182418823,
      0.32426759600639343,
      0.26962554454803467,
      0.22810958325862885,
      0.30785712599754333
    ],
    [
      0.3986040949821472,
      0.9999999403953552,
      0.4763689637184143,
      0.663214385509491,
      0.3260827660560608,
      0.4426267147064209,
      0.3751825988292694,
      0.3346916735172272,
      0.24198195338249207,
      0.1926812082529068,
      0.4831480085849762,
      0.2764074206352234,
      0.3277423083782196,
      0.2746914327144623,
      0.26323816180229187,
      0.35222485661506653
    ],
    [
      0.4221225678920746,
      0.4763689637184143,
      1.0,
      0.5399683713912964,
      0.5003020763397217,
      0.4225683808326721,
      0.4972425401210785,
      0.4033910632133484,
      0.4338027536869049,
      0.24939396977424622,
      0.4316836893558502,
      0.4070301651954651,
      0.4075917601585388,
      0.3590126633644104,
      0.3268839418888092,
      0.43130767345428467
    ],
    [
      0.5132836103439331,
      0.663214385509491,
      0.5399683713912964,
      1.0,
      0.3514486253261566,
      0.44059786200523376,
      0.43229547142982483,
      0.4070162773132324,
      0.23887592554092407,
      0.19438734650611877,
      0.44229817390441895,
      0.317848801612854,
      0.3756524920463562,
      0.33813735842704773,
      0.31133919954299927,
      0.36749976873397827
    ],
    [
      0.3185129165649414,
      0.3260827660560608,
      0.5003020763397217,
      0.3514486253261566,
      0.9999999403953552,
      0.38941365480422974,
      0.4343971908092499,
      0.45025384426116943,
      0.35356947779655457,
      0.3749251961708069,
      0.34565469622612,
      0.32863712310791016,
      0.3860854506492615,
      0.3413993716239929,
      0.3258171081542969,
      0.3363999128341675
    ],
    [
      0.44519081711769104,
      0.4426267147064209,
      0.4225683808326721,
      0.44059786200523376,
      0.38941365480422974,
      1.0,
      0.4083709716796875,
      0.47367388010025024,
      0.3241406977176666,
      0.1787191480398178,
      0.4021529257297516,
      0.2745043635368347,
      0.30468422174453735,
      0.2976137101650238,
      0.2475651353597641,
      0.3025110065937042
    ],
    [
      0.3608868420124054,
      0.3751825988292694,
      0.4972425401210785,
      0.43229547142982483,
      0.4343971908092499,
      0.4083709716796875,
      1.0,
      0.4686185419559479,
      0.4024096727371216,
      0.2764423191547394,
      0.3681749701499939,
      0.3432309031486511,
      0.3150326907634735,
      0.31187254190444946,
      0.3270990550518036,
      0.3100978136062622
    ],
    [
      0.3743446469306946,
      0.3346916735172272,
      0.4033910632133484,
      0.4070162773132324,
      0.45025384426116943,
      0.47367388010025024,
      0.4686185419559479,
      1.0000001192092896,
      0.3539349138736725,
      0.24626639485359192,
      0.387175589799881,
      0.3589606285095215,
      0.2613840699195862,
      0.30985379219055176,
      0.2244754582643509,
      0.307117223739624
    ],
    [
      0.2649024426937103,
      0.24198195338249207,
      0.4338027536869049,
      0.23887592554092407,
      0.35356947779655457,
      0.3241406977176666,
      0.4024096727371216,
      0.3539349138736725,
      1.0,
      0.3767787218093872,
      0.2588258981704712,
      0.34254714846611023,
      0.34793275594711304,
      0.37380310893058777,
      0.3497462272644043,
      0.3866463601589203
    ],
    [
      0.19899404048919678,
      0.1926812082529068,
      0.24939396977424622,
      0.19438734650611877,
      0.3749251961708069,
      0.1787191480398178,
      0.2764423191547394,
      0.24626639485359192,
      0.3767787218093872,
      1.0,
      0.30227452516555786,
      0.33756497502326965,
      0.2509725093841553,
      0.2565709352493286,
      0.32710570096969604,
      0.40556883811950684
    ],
    [
      0.3281596302986145,
      0.4831480085849762,
      0.4316836893558502,
      0.44229817390441895,
      0.34565469622612,
      0.4021529257297516,
      0.3681749701499939,
      0.387175589799881,
      0.2588258981704712,
      0.30227452516555786,
      1.0,
      0.33470267057418823,
      0.31866276264190674,
      0.3900366723537445,
      0.3434010446071625,
      0.4290287494659424
    ],
    [
      0.30784720182418823,
      0.2764074206352234,
      0.4070301651954651,
      0.317848801612854,
      0.32863712310791016,
      0.2745043635368347,
      0.3432309031486511,
      0.3589606285095215,
      0.34254714846611023,
      0.33756497502326965,
      0.33470267057418823,
      1.0,
      0.3838338255882263,
      0.5488959550857544,
      0.5410383939743042,
      0.5601678490638733
    ],
    [
      0.32426759600639343,
      0.3277423083782196,
      0.4075917601585388,
      0.3756524920463562,
      0.3860854506492615,
      0.30468422174453735,
      0.3150326907634735,
      0.2613840699195862,
      0.34793275594711304,
      0.2509725093841553,
      0.31866276264190674,
      0.3838338255882263,
      1.0,
      0.5147452354431152,
      0.4015454649925232,
      0.4346921741962433
    ],
    [
      0.26962554454803467,
      0.2746914327144623,
      0.3590126633644104,
      0.33813735842704773,
      0.3413993716239929,
      0.2976137101650238,
      0.31187254190444946,
      0.30985379219055176,
      0.37380310893058777,
      0.2565709352493286,
      0.3900366723537445,
      0.5488959550857544,
      0.5147452354431152,
      1.0,
      0.6084898710250854,
      0.523742139339447
    ],
    [
      0.22810958325862885,
      0.26323816180229187,
      0.3268839418888092,
      0.31133919954299927,
      0.3258171081542969,
      0.2475651353597641,
      0.3270990550518036,
      0.2244754582643509,
      0.3497462272644043,
      0.32710570096969604,
      0.3434010446071625,
      0.5410383939743042,
      0.4015454649925232,
      0.6084898710250854,
      0.9999999403953552,
      0.5864284038543701
    ],
    [
      0.30785712599754333,
      0.35222485661506653,
      0.43130767345428467,
      0.36749976873397827,
      0.3363999128341675,
      0.3025110065937042,
      0.3100978136062622,
      0.307117223739624,
      0.3866463601589203,
      0.40556883811950684,
      0.4290287494659424,
      0.5601678490638733,
      0.4346921741962433,
      0.523742139339447,
      0.5864284038543701,
      0.9999999403953552
    ]
  ]
}