{
  "game_number": 266,
  "words": [
    "CRANK",
    "REEL",
    "TURN",
    "WIND",
    "BULL",
    "CRAB",
    "LION",
    "RAM",
    "CAT",
    "GRINCH",
    "POP",
    "TURTLE",
    "BLUES",
    "COUNTRY",
    "FOLK",
    "ROCK"
  ],
  "adjacency_matrix": [
    [
      1.0,
      0.486439049243927,
      0.4643494784832001,
      0.4121287167072296,
      0.3877759873867035,
      0.4022224247455597,
      0.2577868700027466,
      0.39287617802619934,
      0.2927775979042053,
      0.4150870740413666,
      0.39047539234161377,
      0.3513646423816681,
      0.31538084149360657,
      0.26141077280044556,
      0.38906675577163696,
      0.39496028423309326
    ],
    [
      0.486439049243927,
      0.9999999403953552,
      0.45485255122184753,
      0.37535741925239563,
      0.3713276982307434,
      0.41521385312080383,
      0.2647112011909485,
      0.32850465178489685,
      0.27705416083335876,
      0.32493478059768677,
      0.31382524967193604,
      0.3008529245853424,
      0.2635934054851532,
      0.2904326915740967,
      0.2796863913536072,
      0.34152600169181824
    ],
    [
      0.4643494784832001,
      0.45485255122184753,
      1.0,
      0.4425215423107147,
      0.34559932351112366,
      0.33494946360588074,
      0.28884267807006836,
      0.3111707866191864,
      0.27759116888046265,
      0.3644404709339142,
      0.37096258997917175,
      0.3247046172618866,
      0.2892725169658661,
      0.3947342038154602,
      0.27181586623191833,
      0.33350586891174316
    ],
    [
      0.4121287167072296,
      0.37535741925239563,
      0.4425215423107147,
      1.0000001192092896,
      0.40434280037879944,
      0.3408471941947937,
      0.310118168592453,
      0.4010414481163025,
      0.2737685739994049,
      0.34196895360946655,
      0.3549681007862091,
      0.31951507925987244,
      0.3031982481479645,
      0.3454219102859497,
      0.3736993372440338,
      0.4382639527320862
    ],
    [
      0.3877759873867035,
      0.3713276982307434,
      0.34559932351112366,
      0.40434280037879944,
      1.0,
      0.39759695529937744,
      0.5348597168922424,
      0.5604135394096375,
      0.39808356761932373,
      0.3991940915584564,
      0.3189079761505127,
      0.40491408109664917,
      0.22276858985424042,
      0.30544567108154297,
      0.27296245098114014,
      0.4037792682647705
    ],
    [
      0.4022224247455597,
      0.41521385312080383,
      0.33494946360588074,
      0.3408471941947937,
      0.39759695529937744,
      1.0,
      0.3676266670227051,
      0.3378397226333618,
      0.36977681517601013,
      0.34100082516670227,
      0.33297187089920044,
      0.6416839957237244,
      0.35228145122528076,
      0.25183799862861633,
      0.33286571502685547,
      0.44749683141708374
    ],
    [
      0.2577868700027466,
      0.2647112011909485,
      0.28884267807006836,
      0.310118168592453,
      0.5348597168922424,
      0.3676266670227051,
      1.0,
      0.39249852299690247,
      0.49322351813316345,
      0.33175137639045715,
      0.26093190908432007,
      0.4486294984817505,
      0.2799169719219208,
      0.33718809485435486,
      0.3011959493160248,
      0.37163373827934265
    ],
    [
      0.39287617802619934,
      0.32850465178489685,
      0.3111707866191864,
      0.4010414481163025,
      0.5604135394096375,
      0.3378397226333618,
      0.39249852299690247,
      1.0,
      0.23406539857387543,
      0.30198708176612854,
      0.3033028244972229,
      0.37227311730384827,
      0.1569218784570694,
      0.20909737050533295,
      0.24223585426807404,
      0.39402467012405396
    ],
    [
      0.2927775979042053,
      0.27705416083335876,
      0.27759116888046265,
      0.2737685739994049,
      0.39808356761932373,
      0.36977681517601013,
      0.49322351813316345,
      0.23406539857387543,
      1.0,
      0.3736879527568817,
      0.35394689440727234,
      0.43257611989974976,
      0.257826566696167,
      0.3542856276035309,
      0.3617657423019409,
      0.3592876195907593
    ],
    [
      0.4150870740413666,
      0.32493478059768677,
      0.3644404709339142,
      0.34196895360946655,
      0.3991940915584564,
      0.34100082516670227,
      0.33175137639045715,
      0.30198708176612854,
      0.3736879527568817,
      1.0,
      0.4310087561607361,
      0.33644533157348633,
      0.29257187247276306,
      0.33989107608795166,
      0.40192294120788574,
      0.37057045102119446
    ],
    [
      0.39047539234161377,
      0.31382524967193604,
      0.37096258997917175,
      0.3549681007862091,
      0.3189079761505127,
      0.33297187089920044,
      0.26093190908432007,
      0.3033028244972229,
      0.35394689440727234,
      0.4310087561607361,
      0.9999999403953552,
      0.27037331461906433,
      0.4297057092189789,
      0.3938676416873932,
      0.5756230354309082,
      0.6347148418426514
    ],
    [
      0.3513646423816681,
      0.3008529245853424,
      0.3247046172618866,
      0.31951507925987244,
      0.40491408109664917,
      0.6416839957237244,
      0.4486294984817505,
      0.37227311730384827,
      0.43257611989974976,
      0.33644533157348633,
      0.27037331461906433,
      1.0,
      0.2678432762622833,
      0.3023303151130676,
      0.24753420054912567,
      0.4059094488620758
    ],
    [
      0.31538084149360657,
      0.2635934054851532,
      0.2892725169658661,
      0.3031982481479645,
      0.22276858985424042,
      0.35228145122528076,
      0.2799169719219208,
      0.1569218784570694,
      0.257826566696167,
      0.29257187247276306,
      0.4297057092189789,
      0.2678432762622833,
      1.0,
      0.3529026210308075,
      0.5688784122467041,
      0.48694324493408203
    ],
    [
      0.26141077280044556,
      0.2904326915740967,
      0.3947342038154602,
      0.3454219102859497,
      0.30544567108154297,
      0.25183799862861633,
      0.33718809485435486,
      0.20909737050533295,
      0.3542856276035309,
      0.33989107608795166,
      0.3938676416873932,
      0.3023303151130676,
      0.3529026210308075,
      1.0,
      0.4682468771934509,
      0.41253453493118286
    ],
    [
      0.38906675577163696,
      0.2796863913536072,
      0.27181586623191833,
      0.3736993372440338,
      0.27296245098114014,
      0.33286571502685547,
      0.3011959493160248,
      0.24223585426807404,
      0.3617657423019409,
      0.40192294120788574,
      0.5756230354309082,
      0.24753420054912567,
      0.5688784122467041,
      0.4682468771934509,
      1.0,
      0.5298043489456177
    ],
    [
      0.39496028423309326,
      0.34152600169181824,
      0.33350586891174316,
      0.4382639527320862,
      0.4037792682647705,
      0.44749683141708374,
      0.37163373827934265,
      0.39402467012405396,
      0.3592876195907593,
      0.37057045102119446,
      0.6347148418426514,
      0.4059094488620758,
      0.48694324493408203,
      0.41253453493118286,
      0.5298043489456177,
      1.0
    ]
  ]
}