{"game_number":18,"words":["CROSS","SHORT","SURLY","TESTY","EXPLORATORY","PILOT","PRELIMINARY","TRIAL","FIDDLER","JERSEY","KINKY","MERRILY","PAN","PARKER","PIPER","RABBIT"],"adjacency_matrix":[[1.0,0.444172739982605,0.26415911316871643,0.26412081718444824,0.3378174901008606,0.32311949133872986,0.33887630701065063,0.41732433438301086,0.3035025894641876,0.335480272769928,0.25401759147644043,0.3449719548225403,0.3727651536464691,0.3491957485675812,0.2287597805261612,0.35572269558906555],[0.444172739982605,1.0,0.38564518094062805,0.3546322286128998,0.4545474946498871,0.3697863519191742,0.512603223323822,0.44176095724105835,0.19969485700130463,0.24803601205348969,0.3513936996459961,0.31387609243392944,0.3047320544719696,0.28974491357803345,0.19216355681419373,0.350405752658844],[0.26415911316871643,0.38564518094062805,1.0,0.5199032425880432,0.29135584831237793,0.31809547543525696,0.2698320150375366,0.2650364339351654,0.355779767036438,0.19011817872524261,0.3638056516647339,0.3424745202064514,0.20513789355754852,0.38855335116386414,0.31977659463882446,0.32303884625434875],[0.26412081718444824,0.3546322286128998,0.5199032425880432,1.0000001192092896,0.3723624646663666,0.25118616223335266,0.3222481906414032,0.3210160732269287,0.1453559398651123,0.09981103986501694,0.35034996271133423,0.24502333998680115,0.16102895140647888,0.2588775157928467,0.11498887091875076,0.22556716203689575],[0.3378174901008606,0.4545474946498871,0.29135584831237793,0.3723624646663666,1.0,0.41288161277770996,0.5944405198097229,0.41213375329971313,0.20490281283855438,0.14523868262767792,0.3152516782283783,0.25281432271003723,0.23385438323020935,0.27803561091423035,0.14865431189537048,0.29134342074394226],[0.32311949133872986,0.3697863519191742,0.31809547543525696,0.25118616223335266,0.41288161277770996,1.0,0.4203859567642212,0.4487660229206085,0.29032713174819946,0.20285286009311676,0.19292859733104706,0.19554400444030762,0.30963119864463806,0.3341507911682129,0.3121778964996338,0.2740650773048401],[0.33887630701065063,0.512603223323822,0.2698320150375366,0.3222481906414032,0.5944405198097229,0.4203859567642212,1.0,0.5734894871711731,0.14110693335533142,0.1962115466594696,0.2728279232978821,0.22510120272636414,0.2202558070421219,0.1880117803812027,0.13436029851436615,0.2275271713733673],[0.41732433438301086,0.44176095724105835,0.2650364339351654,0.3210160732269287,0.41213375329971313,0.4487660229206085,0.5734894871711731,1.0,0.19590719044208527,0.24073578417301178,0.20626457035541534,0.21633872389793396,0.2669413983821869,0.25114381313323975,0.19585449993610382,0.26720279455184937],[0.3035025894641876,0.19969485700130463,0.355779767036438,0.1453559398651123,0.20490281283855438,0.29032713174819946,0.14110693335533142,0.19590719044208527,1.0000001192092896,0.2234758883714676,0.2677142024040222,0.3772180378437042,0.3541658818721771,0.3696281313896179,0.6063989400863647,0.3932708203792572],[0.335480272769928,0.24803601205348969,0.19011817872524261,0.09981103986501694,0.14523868262767792,0.20285286009311676,0.1962115466594696,0.24073578417301178,0.2234758883714676,1.0,0.11585211008787155,0.06998226046562195,0.16719695925712585,0.32113850116729736,0.26857906579971313,0.2767512798309326],[0.25401759147644043,0.3513936996459961,0.3638056516647339,0.35034996271133423,0.3152516782283783,0.19292859733104706,0.2728279232978821,0.20626457035541534,0.2677142024040222,0.11585211008787155,1.0,0.2282041311264038,0.20765721797943115,0.34809133410453796,0.15986895561218262,0.3464687466621399],[0.3449719548225403,0.31387609243392944,0.3424745202064514,0.24502333998680115,0.25281432271003723,0.19554400444030762,0.22510120272636414,0.21633872389793396,0.3772180378437042,0.06998226046562195,0.2282041311264038,1.0,0.2940671741962433,0.26995614171028137,0.32024624943733215,0.2747109830379486],[0.3727651536464691,0.3047320544719696,0.20513789355754852,0.16102895140647888,0.23385438323020935,0.30963119864463806,0.2202558070421219,0.2669413983821869,0.3541658818721771,0.16719695925712585,0.20765721797943115,0.2940671741962433,1.0,0.393667608499527,0.3449872136116028,0.4037702679634094],[0.3491957485675812,0.28974491357803345,0.38855335116386414,0.2588775157928467,0.27803561091423035,0.3341507911682129,0.1880117803812027,0.25114381313323975,0.3696281313896179,0.32113850116729736,0.34809133410453796,0.26995614171028137,0.393667608499527,1.0,0.388589471578598,0.449928343296051],[0.2287597805261612,0.19216355681419373,0.31977659463882446,0.11498887091875076,0.14865431189537048,0.3121778964996338,0.13436029851436615,0.19585449993610382,0.6063989400863647,0.26857906579971313,0.15986895561218262,0.32024624943733215,0.3449872136116028,0.388589471578598,1.0,0.3010348975658417],[0.35572269558906555,0.350405752658844,0.32303884625434875,0.22556716203689575,0.29134342074394226,0.2740650773048401,0.2275271713733673,0.26720279455184937,0.3932708203792572,0.2767512798309326,0.3464687466621399,0.2747109830379486,0.4037702679634094,0.449928343296051,0.3010348975658417,1.0]]}