{
  "game_number": 108,
  "words": [
    "BOOKEND",
    "BRACKET",
    "FLANK",
    "SURROUND",
    "BADGE",
    "BERET",
    "SASH",
    "SKIRT",
    "BINGO",
    "CITY",
    "MONTY",
    "STUDY",
    "MOVE",
    "REACH",
    "SWAY",
    "TOUCH"
  ],
  "adjacency_matrix": [
    [
      1.0,
      0.46910449862480164,
      0.35785695910453796,
      0.37128013372421265,
      0.28859835863113403,
      0.22636732459068298,
      0.24418336153030396,
      0.3467422425746918,
      0.23449061810970306,
      0.30594274401664734,
      0.30481576919555664,
      0.3562508225440979,
      0.3916216492652893,
      0.29605117440223694,
      0.3228633999824524,
      0.37570810317993164
    ],
    [
      0.46910449862480164,
      1.0,
      0.39547160267829895,
      0.44218480587005615,
      0.3556700050830841,
      0.30245622992515564,
      0.34371018409729004,
      0.4093523621559143,
      0.2864286005496979,
      0.32476478815078735,
      0.29913684725761414,
      0.35664644837379456,
      0.40848544239997864,
      0.38964933156967163,
      0.3780319392681122,
      0.40077415108680725
    ],
    [
      0.35785695910453796,
      0.39547160267829895,
      1.0,
      0.5203896760940552,
      0.27632007002830505,
      0.3198436200618744,
      0.32728099822998047,
      0.46470969915390015,
      0.19804492592811584,
      0.3066454231739044,
      0.3187047243118286,
      0.21958474814891815,
      0.3874499201774597,
      0.3808099627494812,
      0.33661550283432007,
      0.36192816495895386
    ],
    [
      0.37128013372421265,
      0.44218480587005615,
      0.5203896760940552,
      0.9999999403953552,
      0.28086650371551514,
      0.22965095937252045,
      0.2096666544675827,
      0.394806832075119,
      0.22638370096683502,
      0.4879447817802429,
      0.33841079473495483,
      0.32329869270324707,
      0.46915724873542786,
      0.47446396946907043,
      0.39633724093437195,
      0.49275317788124084
    ],
    [
      0.28859835863113403,
      0.3556700050830841,
      0.27632007002830505,
      0.28086650371551514,
      1.0,
      0.5528695583343506,
      0.4830089509487152,
      0.42449307441711426,
      0.31711649894714355,
      0.31520262360572815,
      0.3001226782798767,
      0.2765815258026123,
      0.2907225787639618,
      0.2475086748600006,
      0.29908743500709534,
      0.36124011874198914
    ],
    [
      0.22636732459068298,
      0.30245622992515564,
      0.3198436200618744,
      0.22965095937252045,
      0.5528695583343506,
      0.9999999403953552,
      0.5121089816093445,
      0.41894960403442383,
      0.2180532068014145,
      0.1626788079738617,
      0.32551243901252747,
      0.11965123564004898,
      0.19685745239257812,
      0.1408422589302063,
      0.1691911220550537,
      0.26701316237449646
    ],
    [
      0.24418336153030396,
      0.34371018409729004,
      0.32728099822998047,
      0.2096666544675827,
      0.4830089509487152,
      0.5121089816093445,
      1.0,
      0.4408963620662689,
      0.17669270932674408,
      0.15086188912391663,
      0.2797575891017914,
      0.09386748820543289,
      0.1934688240289688,
      0.18020141124725342,
      0.27708467841148376,
      0.1911785751581192
    ],
    [
      0.3467422425746918,
      0.4093523621559143,
      0.46470969915390015,
      0.394806832075119,
      0.42449307441711426,
      0.41894960403442383,
      0.4408963620662689,
      0.9999999403953552,
      0.2335149347782135,
      0.3548194169998169,
      0.3293554484844208,
      0.3139619827270508,
      0.351045697927475,
      0.4401980936527252,
      0.44530871510505676,
      0.44816142320632935
    ],
    [
      0.23449061810970306,
      0.2864286005496979,
      0.19804492592811584,
      0.22638370096683502,
      0.31711649894714355,
      0.2180532068014145,
      0.17669270932674408,
      0.2335149347782135,
      1.0,
      0.2856619954109192,
      0.4227456748485565,
      0.24319027364253998,
      0.27166539430618286,
      0.21080109477043152,
      0.219334676861763,
      0.2702607214450836
    ],
    [
      0.30594274401664734,
      0.32476478815078735,
      0.3066454231739044,
      0.4879447817802429,
      0.31520262360572815,
      0.1626788079738617,
      0.15086188912391663,
      0.3548194169998169,
      0.2856619954109192,
      1.0,
      0.2857467532157898,
      0.400460809469223,
      0.4282224178314209,
      0.42353689670562744,
      0.3951547145843506,
      0.3785710334777832
    ],
    [
      0.30481576919555664,
      0.29913684725761414,
      0.3187047243118286,
      0.33841079473495483,
      0.3001226782798767,
      0.32551243901252747,
      0.2797575891017914,
      0.3293554484844208,
      0.4227456748485565,
      0.2857467532157898,
      1.0,
      0.278651624917984,
      0.29229387640953064,
      0.2604462802410126,
      0.26662102341651917,
      0.3288424611091614
    ],
    [
      0.3562508225440979,
      0.35664644837379456,
      0.21958474814891815,
      0.32329869270324707,
      0.2765815258026123,
      0.11965123564004898,
      0.09386748820543289,
      0.3139619827270508,
      0.24319027364253998,
      0.400460809469223,
      0.278651624917984,
      1.0,
      0.45326849818229675,
      0.4139668047428131,
      0.3625432550907135,
      0.3933083415031433
    ],
    [
      0.3916216492652893,
      0.40848544239997864,
      0.3874499201774597,
      0.46915724873542786,
      0.2907225787639618,
      0.19685745239257812,
      0.1934688240289688,
      0.351045697927475,
      0.27166539430618286,
      0.4282224178314209,
      0.29229387640953064,
      0.45326849818229675,
      0.9999999403953552,
      0.5475962162017822,
      0.48206931352615356,
      0.5596646666526794
    ],
    [
      0.29605117440223694,
      0.38964933156967163,
      0.3808099627494812,
      0.47446396946907043,
      0.2475086748600006,
      0.1408422589302063,
      0.18020141124725342,
      0.4401980936527252,
      0.21080109477043152,
      0.42353689670562744,
      0.2604462802410126,
      0.4139668047428131,
      0.5475962162017822,
      1.0,
      0.52275151014328,
      0.6096168160438538
    ],
    [
      0.3228633999824524,
      0.3780319392681122,
      0.33661550283432007,
      0.39633724093437195,
      0.29908743500709534,
      0.1691911220550537,
      0.27708467841148376,
      0.44530871510505676,
      0.219334676861763,
      0.3951547145843506,
      0.26662102341651917,
      0.3625432550907135,
      0.48206931352615356,
      0.52275151014328,
      1.0,
      0.5408020615577698
    ],
    [
      0.37570810317993164,
      0.40077415108680725,
      0.36192816495895386,
      0.49275317788124084,
      0.36124011874198914,
      0.26701316237449646,
      0.1911785751581192,
      0.44816142320632935,
      0.2702607214450836,
      0.3785710334777832,
      0.3288424611091614,
      0.3933083415031433,
      0.5596646666526794,
      0.6096168160438538,
      0.5408020615577698,
      1.0
    ]
  ]
}