{"game_number":226,"words":["HI","LA","MA","OK","BET","E","HALLMARK","USA","ALFA","BRAVO","ROMEO","TANGO","BOO","POM","TOM","YO"],"adjacency_matrix":[[1.0,0.30261459946632385,0.46663549542427063,0.4605235457420349,0.24387991428375244,0.24698978662490845,0.0537186898291111,0.31450942158699036,0.2472984343767166,0.43703606724739075,0.4104645252227783,0.19355283677577972,0.3630690276622772,0.2911878526210785,0.43979960680007935,0.5138232707977295],[0.30261459946632385,1.0,0.505394458770752,0.16529013216495514,0.1694992333650589,0.3428327441215515,0.14400330185890198,0.24991406500339508,0.24424490332603455,0.2734670042991638,0.28923124074935913,0.2467525154352188,0.22956082224845886,0.19363336265087128,0.19425709545612335,0.3077971935272217],[0.46663549542427063,0.505394458770752,1.0,0.24728360772132874,0.10416075587272644,0.6520503759384155,-0.03636122867465019,0.15443909168243408,0.30976468324661255,0.2261752039194107,0.27340397238731384,0.1281937211751938,0.25229841470718384,0.3724195063114166,0.26257458329200745,0.5509772896766663],[0.4605235457420349,0.16529013216495514,0.24728360772132874,0.9999999403953552,0.4135439991950989,0.0741007924079895,0.2300001084804535,0.40364816784858704,0.20503228902816772,0.3951011002063751,0.28751808404922485,0.21740128099918365,0.4024256467819214,0.12885625660419464,0.3202519416809082,0.3781265914440155],[0.24387991428375244,0.1694992333650589,0.10416075587272644,0.4135439991950989,1.0,-0.021562419831752777,0.22901780903339386,0.2697945535182953,0.08808846026659012,0.30175501108169556,0.2499532550573349,0.3074135184288025,0.3215610384941101,0.1605091392993927,0.31563377380371094,0.2857166528701782],[0.24698978662490845,0.3428327441215515,0.6520503759384155,0.0741007924079895,-0.021562419831752777,1.0,-0.11108803749084473,0.02867049165070057,0.3209328353404999,0.06571997702121735,0.1036021038889885,0.0029067411087453365,0.1278550624847412,0.2681064009666443,0.09805761277675629,0.35702580213546753],[0.0537186898291111,0.14400330185890198,-0.03636122867465019,0.2300001084804535,0.22901780903339386,-0.11108803749084473,1.0,0.20217759907245636,0.08906789124011993,0.2738465368747711,0.15551897883415222,0.29452812671661377,0.23800353705883026,0.043173015117645264,0.261272132396698,0.022894740104675293],[0.31450942158699036,0.24991406500339508,0.15443909168243408,0.40364816784858704,0.2697945535182953,0.02867049165070057,0.20217759907245636,1.0,0.3767000734806061,0.3788806200027466,0.4159639775753021,0.24379977583885193,0.31414565443992615,0.25979968905448914,0.401478111743927,0.36268237233161926],[0.2472984343767166,0.24424490332603455,0.30976468324661255,0.20503228902816772,0.08808846026659012,0.3209328353404999,0.08906789124011993,0.3767000734806061,1.0,0.29547110199928284,0.44455450773239136,0.21394293010234833,0.15422987937927246,0.2253941148519516,0.2606053054332733,0.25600340962409973],[0.43703606724739075,0.2734670042991638,0.2261752039194107,0.3951011002063751,0.30175501108169556,0.06571997702121735,0.2738465368747711,0.3788806200027466,0.29547110199928284,1.0,0.4697711765766144,0.33650124073028564,0.3888012170791626,0.27784261107444763,0.36479416489601135,0.3301088511943817],[0.4104645252227783,0.28923124074935913,0.27340397238731384,0.28751808404922485,0.2499532550573349,0.1036021038889885,0.15551897883415222,0.4159639775753021,0.44455450773239136,0.4697711765766144,1.0,0.3897703289985657,0.3794550895690918,0.31930676102638245,0.46644315123558044,0.36528483033180237],[0.19355283677577972,0.2467525154352188,0.1281937211751938,0.21740128099918365,0.3074135184288025,0.0029067411087453365,0.29452812671661377,0.24379977583885193,0.21394293010234833,0.33650124073028564,0.3897703289985657,1.0,0.2166161835193634,0.17472457885742188,0.250387579202652,0.21489061415195465],[0.3630690276622772,0.22956082224845886,0.25229841470718384,0.4024256467819214,0.3215610384941101,0.1278550624847412,0.23800353705883026,0.31414565443992615,0.15422987937927246,0.3888012170791626,0.3794550895690918,0.2166161835193634,1.0,0.35979780554771423,0.39481329917907715,0.3455420136451721],[0.2911878526210785,0.19363336265087128,0.3724195063114166,0.12885625660419464,0.1605091392993927,0.2681064009666443,0.043173015117645264,0.25979968905448914,0.2253941148519516,0.27784261107444763,0.31930676102638245,0.17472457885742188,0.35979780554771423,1.0,0.2667601704597473,0.3135509788990021],[0.43979960680007935,0.19425709545612335,0.26257458329200745,0.3202519416809082,0.31563377380371094,0.09805761277675629,0.261272132396698,0.401478111743927,0.2606053054332733,0.36479416489601135,0.46644315123558044,0.250387579202652,0.39481329917907715,0.2667601704597473,1.0,0.36310887336730957],[0.5138232707977295,0.3077971935272217,0.5509772896766663,0.3781265914440155,0.2857166528701782,0.35702580213546753,0.022894740104675293,0.36268237233161926,0.25600340962409973,0.3301088511943817,0.36528483033180237,0.21489061415195465,0.3455420136451721,0.3135509788990021,0.36310887336730957,1.0]]}