{"game_number":324,"words":["CUP","GALLON","PINT","QUART","AWFUL","QUITE","SUPER","VERY","RAND","REAL","STERLING","WON","CARROT","COFFEE","POUND","SPONGE"],"adjacency_matrix":[[1.0,0.3413102328777313,0.5193037986755371,0.4524162709712982,0.2176986038684845,0.1953217089176178,0.36447763442993164,0.21852585673332214,0.2553121745586395,0.3033503592014313,0.2638223171234131,0.3593403995037079,0.36643555760383606,0.5876021385192871,0.2991313934326172,0.41336435079574585],[0.3413102328777313,1.0,0.5843507051467896,0.6373003125190735,0.12620066106319427,0.15540042519569397,0.24691301584243774,0.11500456184148788,0.21846754848957062,0.17394466698169708,0.24898158013820648,0.17479294538497925,0.2336885780096054,0.2982162535190582,0.506690502166748,0.2258288711309433],[0.5193037986755371,0.5843507051467896,1.0,0.6407403945922852,0.24737092852592468,0.23205862939357758,0.29005545377731323,0.21588732302188873,0.25208306312561035,0.3449207842350006,0.37289732694625854,0.21442927420139313,0.32451677322387695,0.5134709477424622,0.49371904134750366,0.32891735434532166],[0.4524162709712982,0.6373003125190735,0.6407403945922852,1.0,0.22593635320663452,0.2426745444536209,0.25106069445610046,0.22210082411766052,0.3311691880226135,0.24914400279521942,0.3062690198421478,0.20391570031642914,0.28377583622932434,0.36106500029563904,0.4344479441642761,0.30058199167251587],[0.2176986038684845,0.12620066106319427,0.24737092852592468,0.22593635320663452,1.0,0.5800285935401917,0.4099995195865631,0.6220005750656128,0.20337311923503876,0.5838879346847534,0.4157449007034302,0.2773085832595825,0.2567579448223114,0.2624467611312866,0.22493408620357513,0.2912577688694],[0.1953217089176178,0.15540042519569397,0.23205862939357758,0.2426745444536209,0.5800285935401917,1.0,0.3961731791496277,0.8071154356002808,0.2629707157611847,0.49021390080451965,0.3558187186717987,0.3679350018501282,0.22687071561813354,0.21134059131145477,0.21049435436725616,0.2750965356826782],[0.36447763442993164,0.24691301584243774,0.29005545377731323,0.25106069445610046,0.4099995195865631,0.3961731791496277,1.0,0.5135924816131592,0.33242690563201904,0.5165141820907593,0.3765343427658081,0.2948882579803467,0.3010028004646301,0.3250465393066406,0.3624911904335022,0.34009048342704773],[0.21852585673332214,0.11500456184148788,0.21588732302188873,0.22210082411766052,0.6220005750656128,0.8071154356002808,0.5135924816131592,1.0,0.23854400217533112,0.5497919321060181,0.3592762351036072,0.2737257778644562,0.24032415449619293,0.22310799360275269,0.22527730464935303,0.23147039115428925],[0.2553121745586395,0.21846754848957062,0.25208306312561035,0.3311691880226135,0.20337311923503876,0.2629707157611847,0.33242690563201904,0.23854400217533112,1.0,0.28583118319511414,0.4534546136856079,0.3089900314807892,0.2700415253639221,0.25729578733444214,0.437360942363739,0.22727860510349274],[0.3033503592014313,0.17394466698169708,0.3449207842350006,0.24914400279521942,0.5838879346847534,0.49021390080451965,0.5165141820907593,0.5497919321060181,0.28583118319511414,0.9999998807907104,0.4537704288959503,0.26864302158355713,0.3710166811943054,0.3353956639766693,0.3331512212753296,0.34913474321365356],[0.2638223171234131,0.24898158013820648,0.37289732694625854,0.3062690198421478,0.4157449007034302,0.3558187186717987,0.3765343427658081,0.3592762351036072,0.4534546136856079,0.4537704288959503,1.0,0.31896084547042847,0.2873392701148987,0.26752370595932007,0.5900958776473999,0.28092333674430847],[0.3593403995037079,0.17479294538497925,0.21442927420139313,0.20391570031642914,0.2773085832595825,0.3679350018501282,0.2948882579803467,0.2737257778644562,0.3089900314807892,0.26864302158355713,0.31896084547042847,1.0,0.2392156720161438,0.20193427801132202,0.27501150965690613,0.23022498190402985],[0.36643555760383606,0.2336885780096054,0.32451677322387695,0.28377583622932434,0.2567579448223114,0.22687071561813354,0.3010028004646301,0.24032415449619293,0.2700415253639221,0.3710166811943054,0.2873392701148987,0.2392156720161438,1.0,0.3264472782611847,0.3958713412284851,0.42460593581199646],[0.5876021385192871,0.2982162535190582,0.5134709477424622,0.36106500029563904,0.2624467611312866,0.21134059131145477,0.3250465393066406,0.22310799360275269,0.25729578733444214,0.3353956639766693,0.26752370595932007,0.20193427801132202,0.3264472782611847,1.0,0.32218167185783386,0.3647063672542572],[0.2991313934326172,0.506690502166748,0.49371904134750366,0.4344479441642761,0.22493408620357513,0.21049435436725616,0.3624911904335022,0.22527730464935303,0.437360942363739,0.3331512212753296,0.5900958776473999,0.27501150965690613,0.3958713412284851,0.32218167185783386,1.0,0.30448681116104126],[0.41336435079574585,0.2258288711309433,0.32891735434532166,0.30058199167251587,0.2912577688694,0.2750965356826782,0.34009048342704773,0.23147039115428925,0.22727860510349274,0.34913474321365356,0.28092333674430847,0.23022498190402985,0.42460593581199646,0.3647063672542572,0.30448681116104126,0.9999999403953552]]}