{"game_number":42,"words":["NAIL","NUT","SCREW","WASHER","FLY","HOOK","LINE","SINKER","CHAIR","DRYER","MIRROR","SINK","BOLT","BUG","ROD","STRIKE"],"adjacency_matrix":[[1.0,0.49848687648773193,0.5081080794334412,0.4219180643558502,0.4034528434276581,0.4858504831790924,0.43460872769355774,0.4020969569683075,0.3399379551410675,0.29549601674079895,0.4089024066925049,0.3968292772769928,0.4895598292350769,0.40447625517845154,0.43751809000968933,0.4070458710193634],[0.49848687648773193,1.0,0.49443355202674866,0.41781851649284363,0.333636999130249,0.36015990376472473,0.3121442198753357,0.3937111794948578,0.2693001627922058,0.346810519695282,0.2906809151172638,0.2526519000530243,0.5923168659210205,0.37816840410232544,0.4595314860343933,0.31430596113204956],[0.5081080794334412,0.49443355202674866,1.0000001192092896,0.464966356754303,0.4124777615070343,0.4936472773551941,0.3655846118927002,0.43515321612358093,0.29267293214797974,0.28362610936164856,0.4170706868171692,0.45707520842552185,0.5491480827331543,0.3500385880470276,0.46708735823631287,0.37200620770454407],[0.4219180643558502,0.41781851649284363,0.464966356754303,1.0,0.3075583577156067,0.4042559266090393,0.34662744402885437,0.4372263252735138,0.3539355397224426,0.6602563261985779,0.357528418302536,0.46057185530662537,0.48816388845443726,0.3236413300037384,0.45165976881980896,0.2852199375629425],[0.4034528434276581,0.333636999130249,0.4124777615070343,0.3075583577156067,1.0,0.4075241982936859,0.37114202976226807,0.3107093572616577,0.2774786055088043,0.3027552664279938,0.34524449706077576,0.4348986744880676,0.4474829137325287,0.440415620803833,0.4038785994052887,0.5150591135025024],[0.4858504831790924,0.36015990376472473,0.4936472773551941,0.4042559266090393,0.4075241982936859,1.0,0.5042273998260498,0.6585412621498108,0.37732067704200745,0.30315569043159485,0.3601592481136322,0.45626702904701233,0.45042848587036133,0.40867024660110474,0.446830153465271,0.3999723494052887],[0.43460872769355774,0.3121442198753357,0.3655846118927002,0.34662744402885437,0.37114202976226807,0.5042273998260498,1.0,0.4482526183128357,0.3836253881454468,0.3369061052799225,0.4300190806388855,0.3972519040107727,0.38609078526496887,0.3604322373867035,0.41697943210601807,0.45614367723464966],[0.4020969569683075,0.3937111794948578,0.43515321612358093,0.4372263252735138,0.3107093572616577,0.6585412621498108,0.4482526183128357,1.0,0.26823917031288147,0.2687963843345642,0.22042438387870789,0.5444604754447937,0.36796191334724426,0.3149135708808899,0.4041105806827545,0.3281923532485962],[0.3399379551410675,0.2693001627922058,0.29267293214797974,0.3539355397224426,0.2774786055088043,0.37732067704200745,0.3836253881454468,0.26823917031288147,1.0,0.34077051281929016,0.3957207500934601,0.37173667550086975,0.3148678243160248,0.18618962168693542,0.34635379910469055,0.2685633599758148],[0.29549601674079895,0.346810519695282,0.28362610936164856,0.6602563261985779,0.3027552664279938,0.30315569043159485,0.3369061052799225,0.2687963843345642,0.34077051281929016,1.0,0.29304394125938416,0.38300880789756775,0.42780953645706177,0.2662825584411621,0.33447349071502686,0.21934537589550018],[0.4089024066925049,0.2906809151172638,0.4170706868171692,0.357528418302536,0.34524449706077576,0.3601592481136322,0.4300190806388855,0.22042438387870789,0.3957207500934601,0.29304394125938416,1.0,0.41618797183036804,0.3870258629322052,0.32260462641716003,0.35335010290145874,0.32807034254074097],[0.3968292772769928,0.2526519000530243,0.45707520842552185,0.46057185530662537,0.4348986744880676,0.45626702904701233,0.3972519040107727,0.5444604754447937,0.37173667550086975,0.38300880789756775,0.41618797183036804,1.0,0.33975619077682495,0.31443268060684204,0.2715882956981659,0.35772252082824707],[0.4895598292350769,0.5923168659210205,0.5491480827331543,0.48816388845443726,0.4474829137325287,0.45042848587036133,0.38609078526496887,0.36796191334724426,0.3148678243160248,0.42780953645706177,0.3870258629322052,0.33975619077682495,1.0,0.3280053734779358,0.6298825740814209,0.49073705077171326],[0.40447625517845154,0.37816840410232544,0.3500385880470276,0.3236413300037384,0.440415620803833,0.40867024660110474,0.3604322373867035,0.3149135708808899,0.18618962168693542,0.2662825584411621,0.32260462641716003,0.31443268060684204,0.3280053734779358,0.9999999403953552,0.27584242820739746,0.33095476031303406],[0.43751809000968933,0.4595314860343933,0.46708735823631287,0.45165976881980896,0.4038785994052887,0.446830153465271,0.41697943210601807,0.4041105806827545,0.34635379910469055,0.33447349071502686,0.35335010290145874,0.2715882956981659,0.6298825740814209,0.27584242820739746,1.0,0.39930301904678345],[0.4070458710193634,0.31430596113204956,0.37200620770454407,0.2852199375629425,0.5150591135025024,0.3999723494052887,0.45614367723464966,0.3281923532485962,0.2685633599758148,0.21934537589550018,0.32807034254074097,0.35772252082824707,0.49073705077171326,0.33095476031303406,0.39930301904678345,1.0]]}