{
  "game_number": 510,
  "words": [
    "BABOON",
    "BONOBO",
    "GIBBON",
    "GORILLA",
    "MANGO",
    "MINT",
    "TAMARIND",
    "TOMATO",
    "APE",
    "MIME",
    "MIRROR",
    "PARROT",
    "BIRTH",
    "CREATION",
    "DAWN",
    "START"
  ],
  "adjacency_matrix": [
    [
      1.0,
      0.5923947691917419,
      0.6002069711685181,
      0.6121577024459839,
      0.4003225266933441,
      0.2510174512863159,
      0.37920305132865906,
      0.33111804723739624,
      0.6401594877243042,
      0.33692505955696106,
      0.35760754346847534,
      0.4797499477863312,
      0.2749021649360657,
      0.2515195906162262,
      0.23836711049079895,
      0.19076478481292725
    ],
    [
      0.5923947691917419,
      1.0,
      0.5557504892349243,
      0.6218671798706055,
      0.3362272083759308,
      0.15544764697551727,
      0.3651753067970276,
      0.2316197007894516,
      0.6210811734199524,
      0.3468649983406067,
      0.2939961552619934,
      0.39526015520095825,
      0.21964454650878906,
      0.3142273426055908,
      0.1994244009256363,
      0.22303660213947296
    ],
    [
      0.6002069711685181,
      0.5557504892349243,
      1.0,
      0.5655679702758789,
      0.35291749238967896,
      0.2319859117269516,
      0.3879932761192322,
      0.26885801553726196,
      0.5821579694747925,
      0.3576708137989044,
      0.2855704724788666,
      0.5148151516914368,
      0.21176956593990326,
      0.2342633754014969,
      0.20857524871826172,
      0.18578484654426575
    ],
    [
      0.6121577024459839,
      0.6218671798706055,
      0.5655679702758789,
      1.0,
      0.37595024704933167,
      0.2259521186351776,
      0.3171531856060028,
      0.3040417730808258,
      0.6803337931632996,
      0.38074415922164917,
      0.3023765981197357,
      0.4646047055721283,
      0.2531737685203552,
      0.24994409084320068,
      0.16002735495567322,
      0.14918063580989838
    ],
    [
      0.4003225266933441,
      0.3362272083759308,
      0.35291749238967896,
      0.37595024704933167,
      1.0,
      0.379605233669281,
      0.6580754518508911,
      0.6210472583770752,
      0.3482036292552948,
      0.2857297956943512,
      0.20320811867713928,
      0.4238707423210144,
      0.2576238811016083,
      0.24761609733104706,
      0.23411992192268372,
      0.22640326619148254
    ],
    [
      0.2510174512863159,
      0.15544764697551727,
      0.2319859117269516,
      0.2259521186351776,
      0.379605233669281,
      1.0,
      0.3920576274394989,
      0.3625388741493225,
      0.2236059606075287,
      0.15736888349056244,
      0.26712602376937866,
      0.3070145547389984,
      0.2591233253479004,
      0.2700715959072113,
      0.2547447681427002,
      0.30441874265670776
    ],
    [
      0.37920305132865906,
      0.3651753067970276,
      0.3879932761192322,
      0.3171531856060028,
      0.6580754518508911,
      0.3920576274394989,
      1.0,
      0.4991343021392822,
      0.3116372227668762,
      0.21367232501506805,
      0.21152164041996002,
      0.41159653663635254,
      0.1900358945131302,
      0.17816515266895294,
      0.210330069065094,
      0.24637152254581451
    ],
    [
      0.33111804723739624,
      0.2316197007894516,
      0.26885801553726196,
      0.3040417730808258,
      0.6210472583770752,
      0.3625388741493225,
      0.4991343021392822,
      1.0,
      0.3345228433609009,
      0.25389012694358826,
      0.24190294742584229,
      0.36118602752685547,
      0.25738072395324707,
      0.22980724275112152,
      0.2263108342885971,
      0.2679644823074341
    ],
    [
      0.6401594877243042,
      0.6210811734199524,
      0.5821579694747925,
      0.6803337931632996,
      0.3482036292552948,
      0.2236059606075287,
      0.3116372227668762,
      0.3345228433609009,
      1.0,
      0.4101603031158447,
      0.3670511543750763,
      0.5010303258895874,
      0.25107723474502563,
      0.3436312973499298,
      0.24755701422691345,
      0.24324806034564972
    ],
    [
      0.33692505955696106,
      0.3468649983406067,
      0.3576708137989044,
      0.38074415922164917,
      0.2857297956943512,
      0.15736888349056244,
      0.21367232501506805,
      0.25389012694358826,
      0.4101603031158447,
      1.0,
      0.34856730699539185,
      0.41774624586105347,
      0.1778976321220398,
      0.31239303946495056,
      0.17919255793094635,
      0.27846214175224304
    ],
    [
      0.35760754346847534,
      0.2939961552619934,
      0.2855704724788666,
      0.3023765981197357,
      0.20320811867713928,
      0.26712602376937866,
      0.21152164041996002,
      0.24190294742584229,
      0.3670511543750763,
      0.34856730699539185,
      1.0,
      0.354301393032074,
      0.27499884366989136,
      0.37097421288490295,
      0.32894736528396606,
      0.3779630661010742
    ],
    [
      0.4797499477863312,
      0.39526015520095825,
      0.5148151516914368,
      0.4646047055721283,
      0.4238707423210144,
      0.3070145547389984,
      0.41159653663635254,
      0.36118602752685547,
      0.5010303258895874,
      0.41774624586105347,
      0.354301393032074,
      1.0,
      0.237305149435997,
      0.26320788264274597,
      0.2131018042564392,
      0.2284419983625412
    ],
    [
      0.2749021649360657,
      0.21964454650878906,
      0.21176956593990326,
      0.2531737685203552,
      0.2576238811016083,
      0.2591233253479004,
      0.1900358945131302,
      0.25738072395324707,
      0.25107723474502563,
      0.1778976321220398,
      0.27499884366989136,
      0.237305149435997,
      1.0,
      0.517988920211792,
      0.3936682641506195,
      0.42909538745880127
    ],
    [
      0.2515195906162262,
      0.3142273426055908,
      0.2342633754014969,
      0.24994409084320068,
      0.24761609733104706,
      0.2700715959072113,
      0.17816515266895294,
      0.22980724275112152,
      0.3436312973499298,
      0.31239303946495056,
      0.37097421288490295,
      0.26320788264274597,
      0.517988920211792,
      1.0,
      0.3957100808620453,
      0.4657781422138214
    ],
    [
      0.23836711049079895,
      0.1994244009256363,
      0.20857524871826172,
      0.16002735495567322,
      0.23411992192268372,
      0.2547447681427002,
      0.210330069065094,
      0.2263108342885971,
      0.24755701422691345,
      0.17919255793094635,
      0.32894736528396606,
      0.2131018042564392,
      0.3936682641506195,
      0.3957100808620453,
      0.9999999403953552,
      0.5240885615348816
    ],
    [
      0.19076478481292725,
      0.22303660213947296,
      0.18578484654426575,
      0.14918063580989838,
      0.22640326619148254,
      0.30441874265670776,
      0.24637152254581451,
      0.2679644823074341,
      0.24324806034564972,
      0.27846214175224304,
      0.3779630661010742,
      0.2284419983625412,
      0.42909538745880127,
      0.4657781422138214,
      0.5240885615348816,
      1.0
    ]
  ]
}