{"game_number":223,"words":["BANK","BED","DELTA","MOUTH","BREEZE","CINCH","PICNIC","SNAP","COIL","SPIRAL","TWIST","WIND","BOUND","LEAP","SPRING","VAULT"],"adjacency_matrix":[[1.0,0.40016087889671326,0.39851948618888855,0.4048908054828644,0.3411117196083069,0.33262911438941956,0.3476174473762512,0.2861279547214508,0.2690911889076233,0.2850712239742279,0.2824060320854187,0.3559868037700653,0.3219384551048279,0.2702753245830536,0.2856537699699402,0.5147407650947571],[0.40016087889671326,0.9999999403953552,0.3463715612888336,0.40976598858833313,0.32838013768196106,0.36903804540634155,0.430935263633728,0.299651563167572,0.3921853303909302,0.2752682566642761,0.31401491165161133,0.352774977684021,0.39295580983161926,0.3204764723777771,0.39165955781936646,0.36958834528923035],[0.39851948618888855,0.3463715612888336,1.0,0.41926926374435425,0.2755681276321411,0.2088373899459839,0.1844174712896347,0.16342073678970337,0.29207783937454224,0.27704161405563354,0.23056650161743164,0.29440590739250183,0.34722357988357544,0.21043337881565094,0.2368638813495636,0.22079603374004364],[0.4048908054828644,0.40976598858833313,0.41926926374435425,1.0,0.3447858691215515,0.3185093104839325,0.22148054838180542,0.33756229281425476,0.30881085991859436,0.2813734710216522,0.30428922176361084,0.3450883626937866,0.29886603355407715,0.2533939778804779,0.3318442702293396,0.26903054118156433],[0.3411117196083069,0.32838013768196106,0.2755681276321411,0.3447858691215515,1.0,0.42771708965301514,0.3261010944843292,0.5119019746780396,0.38925209641456604,0.36099597811698914,0.4444156587123871,0.7014458775520325,0.3048986792564392,0.3813592791557312,0.46357297897338867,0.26320162415504456],[0.33262911438941956,0.36903804540634155,0.2088373899459839,0.3185093104839325,0.42771708965301514,1.0,0.3742475211620331,0.4614964425563812,0.3795729875564575,0.2467557042837143,0.419980525970459,0.285950243473053,0.3357727825641632,0.3366585075855255,0.3374041020870209,0.3687424063682556],[0.3476174473762512,0.430935263633728,0.1844174712896347,0.22148054838180542,0.3261010944843292,0.3742475211620331,1.0,0.32184451818466187,0.28472909331321716,0.2849515676498413,0.32268330454826355,0.2634630501270294,0.3288115859031677,0.26801711320877075,0.4417296051979065,0.32215917110443115],[0.2861279547214508,0.299651563167572,0.16342073678970337,0.33756229281425476,0.5119019746780396,0.4614964425563812,0.32184451818466187,0.9999998807907104,0.4069892466068268,0.4152536392211914,0.4873831868171692,0.439648300409317,0.3403599262237549,0.4772208034992218,0.4365956485271454,0.245278462767601],[0.2690911889076233,0.3921853303909302,0.29207783937454224,0.30881085991859436,0.38925209641456604,0.3795729875564575,0.28472909331321716,0.4069892466068268,1.0,0.49313485622406006,0.4472966492176056,0.39157944917678833,0.3549215495586395,0.27185699343681335,0.4199506640434265,0.34524351358413696],[0.2850712239742279,0.2752682566642761,0.27704161405563354,0.2813734710216522,0.36099597811698914,0.2467557042837143,0.2849515676498413,0.4152536392211914,0.49313485622406006,1.0,0.4960525929927826,0.404028981924057,0.43248623609542847,0.39305636286735535,0.3503367602825165,0.32086244225502014],[0.2824060320854187,0.31401491165161133,0.23056650161743164,0.30428922176361084,0.4444156587123871,0.419980525970459,0.32268330454826355,0.4873831868171692,0.4472966492176056,0.4960525929927826,0.9999999403953552,0.422924280166626,0.32591480016708374,0.41222721338272095,0.4069726765155792,0.31984061002731323],[0.3559868037700653,0.352774977684021,0.29440590739250183,0.3450883626937866,0.7014458775520325,0.285950243473053,0.2634630501270294,0.439648300409317,0.39157944917678833,0.404028981924057,0.422924280166626,1.0000001192092896,0.3285720646381378,0.32394325733184814,0.4330447316169739,0.2833007574081421],[0.3219384551048279,0.39295580983161926,0.34722357988357544,0.29886603355407715,0.3048986792564392,0.3357727825641632,0.3288115859031677,0.3403599262237549,0.3549215495586395,0.43248623609542847,0.32591480016708374,0.3285720646381378,1.0,0.3583638072013855,0.32101988792419434,0.3272881805896759],[0.2702753245830536,0.3204764723777771,0.21043337881565094,0.2533939778804779,0.3813592791557312,0.3366585075855255,0.26801711320877075,0.4772208034992218,0.27185699343681335,0.39305636286735535,0.41222721338272095,0.32394325733184814,0.3583638072013855,1.0,0.3888939619064331,0.28435149788856506],[0.2856537699699402,0.39165955781936646,0.2368638813495636,0.3318442702293396,0.46357297897338867,0.3374041020870209,0.4417296051979065,0.4365956485271454,0.4199506640434265,0.3503367602825165,0.4069726765155792,0.4330447316169739,0.32101988792419434,0.3888939619064331,1.0,0.3239620625972748],[0.5147407650947571,0.36958834528923035,0.22079603374004364,0.26903054118156433,0.26320162415504456,0.3687424063682556,0.32215917110443115,0.245278462767601,0.34524351358413696,0.32086244225502014,0.31984061002731323,0.2833007574081421,0.3272881805896759,0.28435149788856506,0.3239620625972748,1.0]]}