{"game_number":113,"words":["BED","CHAIR","COUCH","TABLE","BEAR","HARBOR","HOLD","MAINTAIN","BALANCED","DRY","FULL","SWEET","GOLDILOCKS","IRONIC","LEADERSHIP","TINDER"],"adjacency_matrix":[[0.9999999403953552,0.4860599935054779,0.6493529677391052,0.5078449249267578,0.2943604290485382,0.3322215974330902,0.34795358777046204,0.2600572407245636,0.2878166437149048,0.4615025222301483,0.42350515723228455,0.3599008023738861,0.3177151381969452,0.18164613842964172,0.2633094787597656,0.299379825592041],[0.4860599935054779,1.0,0.5454035997390747,0.5071249008178711,0.2692491412162781,0.1727728396654129,0.42129746079444885,0.22809842228889465,0.2911985516548157,0.2410014122724533,0.3326396346092224,0.2468782663345337,0.21531984210014343,0.19605417549610138,0.44534772634506226,0.2434576153755188],[0.6493529677391052,0.5454035997390747,1.0,0.48087069392204285,0.32001885771751404,0.308831125497818,0.38557711243629456,0.21837005019187927,0.2859588861465454,0.36124294996261597,0.3340127468109131,0.3558785319328308,0.3173508942127228,0.2611543536186218,0.24957074224948883,0.3460075855255127],[0.5078449249267578,0.5071249008178711,0.48087069392204285,1.0,0.2966872751712799,0.26776760816574097,0.4236227869987488,0.32621145248413086,0.4004863202571869,0.3333640992641449,0.47135522961616516,0.3168269991874695,0.3063105046749115,0.23829244077205658,0.34549811482429504,0.2887119650840759],[0.2943604290485382,0.2692491412162781,0.32001885771751404,0.2966872751712799,0.9999999403953552,0.3690001368522644,0.5288260579109192,0.4490773677825928,0.3892100751399994,0.3359090983867645,0.44584694504737854,0.40031883120536804,0.3601807951927185,0.3547004163265228,0.3329867124557495,0.26992160081863403],[0.3322215974330902,0.1727728396654129,0.308831125497818,0.26776760816574097,0.3690001368522644,1.0,0.41785717010498047,0.39083680510520935,0.2968331575393677,0.33137157559394836,0.3340133726596832,0.3452426493167877,0.2737572193145752,0.25870075821876526,0.263388991355896,0.3073815703392029],[0.34795358777046204,0.42129746079444885,0.38557711243629456,0.4236227869987488,0.5288260579109192,0.41785717010498047,1.0,0.6216848492622375,0.4205617904663086,0.4027389883995056,0.5233346223831177,0.38534876704216003,0.26354023814201355,0.24095414578914642,0.4537961483001709,0.358135461807251],[0.2600572407245636,0.22809842228889465,0.21837005019187927,0.32621145248413086,0.4490773677825928,0.39083680510520935,0.6216848492622375,1.0,0.5408663153648376,0.3926532566547394,0.4563371241092682,0.29342278838157654,0.27083709836006165,0.24841417372226715,0.3825306296348572,0.22814051806926727],[0.2878166437149048,0.2911985516548157,0.2859588861465454,0.4004863202571869,0.3892100751399994,0.2968331575393677,0.4205617904663086,0.5408663153648376,1.0,0.4212036430835724,0.5783241987228394,0.47514355182647705,0.40786340832710266,0.4066072106361389,0.36555713415145874,0.22313261032104492],[0.4615025222301483,0.2410014122724533,0.36124294996261597,0.3333640992641449,0.3359090983867645,0.33137157559394836,0.4027389883995056,0.3926532566547394,0.4212036430835724,1.0,0.5022069215774536,0.5313823223114014,0.3977418839931488,0.36468756198883057,0.282204270362854,0.48212510347366333],[0.42350515723228455,0.3326396346092224,0.3340127468109131,0.47135522961616516,0.44584694504737854,0.3340133726596832,0.5233346223831177,0.4563371241092682,0.5783241987228394,0.5022069215774536,0.9999999403953552,0.5250904560089111,0.38027143478393555,0.40046074986457825,0.4369031488895416,0.3736017048358917],[0.3599008023738861,0.2468782663345337,0.3558785319328308,0.3168269991874695,0.40031883120536804,0.3452426493167877,0.38534876704216003,0.29342278838157654,0.47514355182647705,0.5313823223114014,0.5250904560089111,1.0,0.46417349576950073,0.5125009417533875,0.27637356519699097,0.356736421585083],[0.3177151381969452,0.21531984210014343,0.3173508942127228,0.3063105046749115,0.3601807951927185,0.2737572193145752,0.26354023814201355,0.27083709836006165,0.40786340832710266,0.3977418839931488,0.38027143478393555,0.46417349576950073,1.0,0.4058855473995209,0.3364579677581787,0.2918454706668854],[0.18164613842964172,0.19605417549610138,0.2611543536186218,0.23829244077205658,0.3547004163265228,0.25870075821876526,0.24095414578914642,0.24841417372226715,0.4066072106361389,0.36468756198883057,0.40046074986457825,0.5125009417533875,0.4058855473995209,1.0,0.2765369713306427,0.31214118003845215],[0.2633094787597656,0.44534772634506226,0.24957074224948883,0.34549811482429504,0.3329867124557495,0.263388991355896,0.4537961483001709,0.3825306296348572,0.36555713415145874,0.282204270362854,0.4369031488895416,0.27637356519699097,0.3364579677581787,0.2765369713306427,1.0,0.2321607619524002],[0.299379825592041,0.2434576153755188,0.3460075855255127,0.2887119650840759,0.26992160081863403,0.3073815703392029,0.358135461807251,0.22814051806926727,0.22313261032104492,0.48212510347366333,0.3736017048358917,0.356736421585083,0.2918454706668854,0.31214118003845215,0.2321607619524002,1.0]]}