{"game_number":351,"words":["FERRY","JUNK","TUG","YACHT","CLUB","CUBAN","MELT","SUB","FLANK","LOIN","ROUND","SHANK","CHUCK","JOSH","ROB","SUE"],"adjacency_matrix":[[1.0,0.3072727918624878,0.4286702275276184,0.5269681811332703,0.33202582597732544,0.22249987721443176,0.2602653503417969,0.32460451126098633,0.2590225338935852,0.18446491658687592,0.2476804256439209,0.24760262668132782,0.29138773679733276,0.16803275048732758,0.29375502467155457,0.2464398592710495],[0.3072727918624878,1.0,0.2863088846206665,0.35387131571769714,0.2904869019985199,0.2833983600139618,0.29867374897003174,0.34992438554763794,0.24143296480178833,0.21851736307144165,0.2660506069660187,0.2654360830783844,0.46956866979599,0.19819243252277374,0.3376716077327728,0.2661057114601135],[0.4286702275276184,0.2863088846206665,1.0,0.4314238131046295,0.23022699356079102,0.14698950946331024,0.2730187475681305,0.30999556183815,0.18268314003944397,0.2007044106721878,0.22135525941848755,0.2023421674966812,0.24045442044734955,0.16904781758785248,0.13569839298725128,0.1829252541065216],[0.5269681811332703,0.35387131571769714,0.4314238131046295,1.0,0.4741528332233429,0.2945953905582428,0.20247581601142883,0.38463592529296875,0.1818702071905136,0.15760140120983124,0.26961812376976013,0.18598432838916779,0.21163861453533173,0.10777335613965988,0.24937225878238678,0.25389739871025085],[0.33202582597732544,0.2904869019985199,0.23022699356079102,0.4741528332233429,1.0,0.26884725689888,0.19498604536056519,0.41110721230506897,0.3110312223434448,0.17530636489391327,0.36274436116218567,0.15092265605926514,0.25923842191696167,0.19159388542175293,0.2932506501674652,0.2912714183330536],[0.22249987721443176,0.2833983600139618,0.14698950946331024,0.2945953905582428,0.26884725689888,1.0,0.2165924310684204,0.3917416036128998,0.279330313205719,0.2096976488828659,0.2543414235115051,0.2478676736354828,0.28919026255607605,0.2852129340171814,0.26489338278770447,0.22072915732860565],[0.2602653503417969,0.29867374897003174,0.2730187475681305,0.20247581601142883,0.19498604536056519,0.2165924310684204,1.0,0.2802421450614929,0.32628604769706726,0.3277656137943268,0.3134579658508301,0.3161817193031311,0.4600265920162201,0.20937833189964294,0.36168450117111206,0.3350050747394562],[0.32460451126098633,0.34992438554763794,0.30999556183815,0.38463592529296875,0.41110721230506897,0.3917416036128998,0.2802421450614929,0.9999999403953552,0.3217581808567047,0.2660302221775055,0.29870814085006714,0.29415184259414673,0.34092795848846436,0.2650570571422577,0.22556228935718536,0.2623364329338074],[0.2590225338935852,0.24143296480178833,0.18268314003944397,0.1818702071905136,0.3110312223434448,0.279330313205719,0.32628604769706726,0.3217581808567047,1.0,0.37327295541763306,0.3664145767688751,0.3855162560939789,0.32783713936805725,0.1957683116197586,0.32816311717033386,0.3098263442516327],[0.18446491658687592,0.21851736307144165,0.2007044106721878,0.15760140120983124,0.17530636489391327,0.2096976488828659,0.3277656137943268,0.2660302221775055,0.37327295541763306,1.0,0.32947927713394165,0.3639433979988098,0.399335116147995,0.3217524290084839,0.22120821475982666,0.1649545431137085],[0.2476804256439209,0.2660506069660187,0.22135525941848755,0.26961812376976013,0.36274436116218567,0.2543414235115051,0.3134579658508301,0.29870814085006714,0.3664145767688751,0.32947927713394165,0.9999999403953552,0.36415064334869385,0.437426894903183,0.2016332596540451,0.2478903979063034,0.23471972346305847],[0.24760262668132782,0.2654360830783844,0.2023421674966812,0.18598432838916779,0.15092265605926514,0.2478676736354828,0.3161817193031311,0.29415184259414673,0.3855162560939789,0.3639433979988098,0.36415064334869385,1.0,0.5097121000289917,0.3146035373210907,0.327870637178421,0.2844787836074829],[0.29138773679733276,0.46956866979599,0.24045442044734955,0.21163861453533173,0.25923842191696167,0.28919026255607605,0.4600265920162201,0.34092795848846436,0.32783713936805725,0.399335116147995,0.437426894903183,0.5097121000289917,1.0,0.44944295287132263,0.4685940444469452,0.44062599539756775],[0.16803275048732758,0.19819243252277374,0.16904781758785248,0.10777335613965988,0.19159388542175293,0.2852129340171814,0.20937833189964294,0.2650570571422577,0.1957683116197586,0.3217524290084839,0.2016332596540451,0.3146035373210907,0.44944295287132263,1.0,0.35916438698768616,0.3085809350013733],[0.29375502467155457,0.3376716077327728,0.13569839298725128,0.24937225878238678,0.2932506501674652,0.26489338278770447,0.36168450117111206,0.22556228935718536,0.32816311717033386,0.22120821475982666,0.2478903979063034,0.327870637178421,0.4685940444469452,0.35916438698768616,1.0,0.4862767457962036],[0.2464398592710495,0.2661057114601135,0.1829252541065216,0.25389739871025085,0.2912714183330536,0.22072915732860565,0.3350050747394562,0.2623364329338074,0.3098263442516327,0.1649545431137085,0.23471972346305847,0.2844787836074829,0.44062599539756775,0.3085809350013733,0.4862767457962036,1.0]]}