{
  "game_number": 357,
  "words": [
    "LIKE",
    "LITERALLY",
    "UM",
    "WELL",
    "CYLINDER",
    "PIN",
    "SPRING",
    "TUMBLER",
    "CARROT",
    "HURTS",
    "JEWEL",
    "OM",
    "BAR",
    "CLUB",
    "DISCO",
    "LOUNGE"
  ],
  "adjacency_matrix": [
    [
      0.9999999403953552,
      0.41491103172302246,
      0.20410098135471344,
      0.5727777481079102,
      0.19634053111076355,
      0.3142807185649872,
      0.3208962380886078,
      0.3217959702014923,
      0.3603484332561493,
      0.41880103945732117,
      0.23201042413711548,
      0.050812192261219025,
      0.2700941860675812,
      0.34636083245277405,
      0.28858333826065063,
      0.3111644685268402
    ],
    [
      0.41491103172302246,
      0.9999999403953552,
      0.24995483458042145,
      0.5029112696647644,
      0.2034386545419693,
      0.29047122597694397,
      0.2664852738380432,
      0.2133306860923767,
      0.2668684124946594,
      0.37408944964408875,
      0.2510764002799988,
      0.03244991973042488,
      0.2713070809841156,
      0.29443255066871643,
      0.2507782280445099,
      0.2683194875717163
    ],
    [
      0.20410098135471344,
      0.24995483458042145,
      1.0,
      0.22164152562618256,
      0.0865684300661087,
      0.08366281539201736,
      0.11933527141809464,
      0.06759965419769287,
      0.08896278589963913,
      0.09728038311004639,
      0.042427919805049896,
      0.2706924080848694,
      0.12991376221179962,
      0.04558579623699188,
      0.17886336147785187,
      0.13793618977069855
    ],
    [
      0.5727777481079102,
      0.5029112696647644,
      0.22164152562618256,
      1.0,
      0.2512524425983429,
      0.3094823956489563,
      0.39117252826690674,
      0.2793831527233124,
      0.2555665671825409,
      0.44254225492477417,
      0.2242969274520874,
      -0.016797693446278572,
      0.27353915572166443,
      0.3383491337299347,
      0.26494187116622925,
      0.26601389050483704
    ],
    [
      0.19634053111076355,
      0.2034386545419693,
      0.0865684300661087,
      0.2512524425983429,
      1.0,
      0.43861687183380127,
      0.3144582509994507,
      0.42583054304122925,
      0.3456973731517792,
      0.18545706570148468,
      0.35390907526016235,
      -0.023627806454896927,
      0.3188783526420593,
      0.25915345549583435,
      0.2362457513809204,
      0.2573091983795166
    ],
    [
      0.3142807185649872,
      0.29047122597694397,
      0.08366281539201736,
      0.3094823956489563,
      0.43861687183380127,
      0.9999999403953552,
      0.35359716415405273,
      0.4640478789806366,
      0.4004371166229248,
      0.35491323471069336,
      0.37851482629776,
      0.12987545132637024,
      0.3489491045475006,
      0.31133541464805603,
      0.2751937210559845,
      0.29718372225761414
    ],
    [
      0.3208962380886078,
      0.2664852738380432,
      0.11933527141809464,
      0.39117252826690674,
      0.3144582509994507,
      0.35359716415405273,
      1.0,
      0.34489545226097107,
      0.2963995337486267,
      0.2608572840690613,
      0.3079558312892914,
      0.07831597328186035,
      0.25844115018844604,
      0.31504562497138977,
      0.20430409908294678,
      0.29416587948799133
    ],
    [
      0.3217959702014923,
      0.2133306860923767,
      0.06759965419769287,
      0.2793831527233124,
      0.42583054304122925,
      0.4640478789806366,
      0.34489545226097107,
      1.0,
      0.344908744096756,
      0.23192785680294037,
      0.3373354375362396,
      0.04897813871502876,
      0.33834779262542725,
      0.342046856880188,
      0.26366719603538513,
      0.38153716921806335
    ],
    [
      0.3603484332561493,
      0.2668684124946594,
      0.08896278589963913,
      0.2555665671825409,
      0.3456973731517792,
      0.4004371166229248,
      0.2963995337486267,
      0.344908744096756,
      1.0,
      0.29721593856811523,
      0.33436155319213867,
      0.11650695651769638,
      0.24244855344295502,
      0.24883264303207397,
      0.2206939160823822,
      0.2462395280599594
    ],
    [
      0.41880103945732117,
      0.37408944964408875,
      0.09728038311004639,
      0.44254225492477417,
      0.18545706570148468,
      0.35491323471069336,
      0.2608572840690613,
      0.23192785680294037,
      0.29721593856811523,
      0.9999999403953552,
      0.23060432076454163,
      0.0688423439860344,
      0.2690391540527344,
      0.2941320538520813,
      0.22137197852134705,
      0.17429229617118835
    ],
    [
      0.23201042413711548,
      0.2510764002799988,
      0.042427919805049896,
      0.2242969274520874,
      0.35390907526016235,
      0.37851482629776,
      0.3079558312892914,
      0.3373354375362396,
      0.33436155319213867,
      0.23060432076454163,
      0.9999999403953552,
      0.046708844602108,
      0.22843970358371735,
      0.24490606784820557,
      0.2689181864261627,
      0.3215770423412323
    ],
    [
      0.050812192261219025,
      0.03244991973042488,
      0.2706924080848694,
      -0.016797693446278572,
      -0.023627806454896927,
      0.12987545132637024,
      0.07831597328186035,
      0.04897813871502876,
      0.11650695651769638,
      0.0688423439860344,
      0.046708844602108,
      1.0,
      0.11026553809642792,
      0.03831794857978821,
      0.07862392067909241,
      0.11887677758932114
    ],
    [
      0.2700941860675812,
      0.2713070809841156,
      0.12991376221179962,
      0.27353915572166443,
      0.3188783526420593,
      0.3489491045475006,
      0.25844115018844604,
      0.33834779262542725,
      0.24244855344295502,
      0.2690391540527344,
      0.22843970358371735,
      0.11026553809642792,
      1.0,
      0.43470126390457153,
      0.3449449837207794,
      0.5167738795280457
    ],
    [
      0.34636083245277405,
      0.29443255066871643,
      0.04558579623699188,
      0.3383491337299347,
      0.25915345549583435,
      0.31133541464805603,
      0.31504562497138977,
      0.342046856880188,
      0.24883264303207397,
      0.2941320538520813,
      0.24490606784820557,
      0.03831794857978821,
      0.43470126390457153,
      1.0,
      0.40054571628570557,
      0.4975723326206207
    ],
    [
      0.28858333826065063,
      0.2507782280445099,
      0.17886336147785187,
      0.26494187116622925,
      0.2362457513809204,
      0.2751937210559845,
      0.20430409908294678,
      0.26366719603538513,
      0.2206939160823822,
      0.22137197852134705,
      0.2689181864261627,
      0.07862392067909241,
      0.3449449837207794,
      0.40054571628570557,
      1.0,
      0.47028177976608276
    ],
    [
      0.3111644685268402,
      0.2683194875717163,
      0.13793618977069855,
      0.26601389050483704,
      0.2573091983795166,
      0.29718372225761414,
      0.29416587948799133,
      0.38153716921806335,
      0.2462395280599594,
      0.17429229617118835,
      0.3215770423412323,
      0.11887677758932114,
      0.5167738795280457,
      0.4975723326206207,
      0.47028177976608276,
      1.0
    ]
  ]
}