{
  "game_number": 151,
  "words": [
    "BAND",
    "BENCH",
    "DUMBBELL",
    "MAT",
    "AIRHEAD",
    "MAR",
    "MOUND",
    "SNICKER",
    "BUMP",
    "CHESS",
    "DEMON",
    "DIAL",
    "BITE",
    "MOUTHFUL",
    "SAMPLE",
    "TASTE"
  ],
  "adjacency_matrix": [
    [
      0.9999999403953552,
      0.3416059613227844,
      0.29642581939697266,
      0.2987220287322998,
      0.28365612030029297,
      0.20116020739078522,
      0.251103937625885,
      0.22507770359516144,
      0.325619637966156,
      0.30334463715553284,
      0.30631136894226074,
      0.2852192223072052,
      0.22932657599449158,
      0.18398869037628174,
      0.38155508041381836,
      0.28506866097450256
    ],
    [
      0.3416059613227844,
      1.0,
      0.41885530948638916,
      0.42858365178108215,
      0.24839049577713013,
      0.24505199491977692,
      0.4243037700653076,
      0.3258701264858246,
      0.3750190734863281,
      0.2619026303291321,
      0.1488448679447174,
      0.2915022671222687,
      0.22557055950164795,
      0.18882687389850616,
      0.3108702003955841,
      0.2856427729129791
    ],
    [
      0.29642581939697266,
      0.41885530948638916,
      1.0,
      0.393865168094635,
      0.39240923523902893,
      0.2003004550933838,
      0.3526265025138855,
      0.33749186992645264,
      0.4217718243598938,
      0.32517197728157043,
      0.3145221471786499,
      0.4436551630496979,
      0.32428839802742004,
      0.3359922170639038,
      0.3312065303325653,
      0.23896540701389313
    ],
    [
      0.2987220287322998,
      0.42858365178108215,
      0.393865168094635,
      1.0,
      0.21079592406749725,
      0.3275693356990814,
      0.37375524640083313,
      0.23394031822681427,
      0.4117688238620758,
      0.35299158096313477,
      0.2726317346096039,
      0.332312673330307,
      0.33669087290763855,
      0.19378139078617096,
      0.37469151616096497,
      0.2305726557970047
    ],
    [
      0.28365612030029297,
      0.24839049577713013,
      0.39240923523902893,
      0.21079592406749725,
      1.0,
      0.23004429042339325,
      0.23031063377857208,
      0.417818158864975,
      0.31193482875823975,
      0.23623126745224,
      0.32562294602394104,
      0.2895129919052124,
      0.23374192416667938,
      0.35029593110084534,
      0.2144787311553955,
      0.30838027596473694
    ],
    [
      0.20116020739078522,
      0.24505199491977692,
      0.2003004550933838,
      0.3275693356990814,
      0.23004429042339325,
      0.9999999403953552,
      0.2191816121339798,
      0.26733291149139404,
      0.35062065720558167,
      0.2655089795589447,
      0.16934166848659515,
      0.21908916532993317,
      0.28682786226272583,
      0.15150488913059235,
      0.24344782531261444,
      0.33920976519584656
    ],
    [
      0.251103937625885,
      0.4243037700653076,
      0.3526265025138855,
      0.37375524640083313,
      0.23031063377857208,
      0.2191816121339798,
      0.9999999403953552,
      0.13436749577522278,
      0.3747093975543976,
      0.1846109926700592,
      0.27891936898231506,
      0.2610432803630829,
      0.2413603514432907,
      0.29574084281921387,
      0.30895739793777466,
      0.2331223338842392
    ],
    [
      0.22507770359516144,
      0.3258701264858246,
      0.33749186992645264,
      0.23394031822681427,
      0.417818158864975,
      0.26733291149139404,
      0.13436749577522278,
      1.0,
      0.4123591482639313,
      0.19062069058418274,
      0.22995856404304504,
      0.26705920696258545,
      0.37125980854034424,
      0.40076953172683716,
      0.21243475377559662,
      0.3730875849723816
    ],
    [
      0.325619637966156,
      0.3750190734863281,
      0.4217718243598938,
      0.4117688238620758,
      0.31193482875823975,
      0.35062065720558167,
      0.3747093975543976,
      0.4123591482639313,
      1.0,
      0.2138424515724182,
      0.3330145478248596,
      0.4107408821582794,
      0.5105082988739014,
      0.3113303780555725,
      0.3672585189342499,
      0.32587480545043945
    ],
    [
      0.30334463715553284,
      0.2619026303291321,
      0.32517197728157043,
      0.35299158096313477,
      0.23623126745224,
      0.2655089795589447,
      0.1846109926700592,
      0.19062069058418274,
      0.2138424515724182,
      1.0,
      0.26595523953437805,
      0.24769948422908783,
      0.18223361670970917,
      0.15041851997375488,
      0.23987865447998047,
      0.2592621147632599
    ],
    [
      0.30631136894226074,
      0.1488448679447174,
      0.3145221471786499,
      0.2726317346096039,
      0.32562294602394104,
      0.16934166848659515,
      0.27891936898231506,
      0.22995856404304504,
      0.3330145478248596,
      0.26595523953437805,
      1.0000001192092896,
      0.26972445845603943,
      0.3800217807292938,
      0.3078190088272095,
      0.26027825474739075,
      0.28142961859703064
    ],
    [
      0.2852192223072052,
      0.2915022671222687,
      0.4436551630496979,
      0.332312673330307,
      0.2895129919052124,
      0.21908916532993317,
      0.2610432803630829,
      0.26705920696258545,
      0.4107408821582794,
      0.24769948422908783,
      0.26972445845603943,
      1.0,
      0.3006628155708313,
      0.1793764978647232,
      0.34879738092422485,
      0.26162853837013245
    ],
    [
      0.22932657599449158,
      0.22557055950164795,
      0.32428839802742004,
      0.33669087290763855,
      0.23374192416667938,
      0.28682786226272583,
      0.2413603514432907,
      0.37125980854034424,
      0.5105082988739014,
      0.18223361670970917,
      0.3800217807292938,
      0.3006628155708313,
      1.0,
      0.48648491501808167,
      0.3654632866382599,
      0.49457600712776184
    ],
    [
      0.18398869037628174,
      0.18882687389850616,
      0.3359922170639038,
      0.19378139078617096,
      0.35029593110084534,
      0.15150488913059235,
      0.29574084281921387,
      0.40076953172683716,
      0.3113303780555725,
      0.15041851997375488,
      0.3078190088272095,
      0.1793764978647232,
      0.48648491501808167,
      0.9999999403953552,
      0.2905253469944,
      0.4384745955467224
    ],
    [
      0.38155508041381836,
      0.3108702003955841,
      0.3312065303325653,
      0.37469151616096497,
      0.2144787311553955,
      0.24344782531261444,
      0.30895739793777466,
      0.21243475377559662,
      0.3672585189342499,
      0.23987865447998047,
      0.26027825474739075,
      0.34879738092422485,
      0.3654632866382599,
      0.2905253469944,
      1.0,
      0.4241301417350769
    ],
    [
      0.28506866097450256,
      0.2856427729129791,
      0.23896540701389313,
      0.2305726557970047,
      0.30838027596473694,
      0.33920976519584656,
      0.2331223338842392,
      0.3730875849723816,
      0.32587480545043945,
      0.2592621147632599,
      0.28142961859703064,
      0.26162853837013245,
      0.49457600712776184,
      0.4384745955467224,
      0.4241301417350769,
      1.0
    ]
  ]
}