{"game_number":89,"words":["AIOLI","BARBECUE","MARINARA","RANCH","EXAMINE","GRILL","PROBE","QUESTION","BILL","INVOICE","RECEIPT","STATEMENT","ANCESTRY","BROTH","CATTLE","MERCHANDISE"],"adjacency_matrix":[[0.9999999403953552,0.33023974299430847,0.689018726348877,0.11222187429666519,0.07705606520175934,0.3477608859539032,0.13502119481563568,0.08258301019668579,0.10706496983766556,0.18313613533973694,0.10787149518728256,0.1323658525943756,0.20427623391151428,0.45555609464645386,0.09144721925258636,0.11619642376899719],[0.33023974299430847,1.0,0.4506601095199585,0.4232480823993683,0.2239455282688141,0.6723666191101074,0.25091665983200073,0.28141266107559204,0.2768736183643341,0.255317360162735,0.2824747860431671,0.24604207277297974,0.2891201376914978,0.28979241847991943,0.3900625705718994,0.33563482761383057],[0.689018726348877,0.4506601095199585,0.9999999403953552,0.23618178069591522,0.25656062364578247,0.43180906772613525,0.23730629682540894,0.2490820735692978,0.18869024515151978,0.26104792952537537,0.20965968072414398,0.21865105628967285,0.2769521474838257,0.3862729072570801,0.24416905641555786,0.28935131430625916],[0.11222187429666519,0.4232480823993683,0.23618178069591522,1.0,0.29397517442703247,0.37727969884872437,0.2775338590145111,0.2606518566608429,0.2831340432167053,0.23744799196720123,0.22227615118026733,0.2805800139904022,0.2390756458044052,0.1915784478187561,0.5555663108825684,0.24881823360919952],[0.07705606520175934,0.2239455282688141,0.25656062364578247,0.29397517442703247,1.0,0.3743132948875427,0.5536949038505554,0.5393375754356384,0.3039417266845703,0.30949220061302185,0.3261834681034088,0.36442503333091736,0.25226759910583496,0.11873038858175278,0.2546776235103607,0.2575439214706421],[0.3477608859539032,0.6723666191101074,0.43180906772613525,0.37727969884872437,0.3743132948875427,1.0,0.41100865602493286,0.3807777762413025,0.38898125290870667,0.3116196393966675,0.3321855962276459,0.29704421758651733,0.2159947156906128,0.24933777749538422,0.3152575194835663,0.27604156732559204],[0.13502119481563568,0.25091665983200073,0.23730629682540894,0.2775338590145111,0.5536949038505554,0.41100865602493286,1.0,0.48202013969421387,0.3323345482349396,0.2692050635814667,0.25829678773880005,0.3465258479118347,0.26018959283828735,0.2521294951438904,0.23627497255802155,0.23165446519851685],[0.08258301019668579,0.28141266107559204,0.2490820735692978,0.2606518566608429,0.5393375754356384,0.3807777762413025,0.48202013969421387,0.9999999403953552,0.39258748292922974,0.35727909207344055,0.3734454810619354,0.5621035695075989,0.335186243057251,0.1619034856557846,0.24843893945217133,0.2916513681411743],[0.10706496983766556,0.2768736183643341,0.18869024515151978,0.2831340432167053,0.3039417266845703,0.38898125290870667,0.3323345482349396,0.39258748292922974,1.0,0.5173972249031067,0.42377397418022156,0.4537336528301239,0.2535785436630249,0.16917894780635834,0.27960261702537537,0.34181147813796997],[0.18313613533973694,0.255317360162735,0.26104792952537537,0.23744799196720123,0.30949220061302185,0.3116196393966675,0.2692050635814667,0.35727909207344055,0.5173972249031067,1.0000001192092896,0.6711670756340027,0.45681509375572205,0.26863375306129456,0.14551715552806854,0.3340057134628296,0.5088179707527161],[0.10787149518728256,0.2824747860431671,0.20965968072414398,0.22227615118026733,0.3261834681034088,0.3321855962276459,0.25829678773880005,0.3734454810619354,0.42377397418022156,0.6711670756340027,1.0,0.43723800778388977,0.26932424306869507,0.1670362651348114,0.28636693954467773,0.4707659184932709],[0.1323658525943756,0.24604207277297974,0.21865105628967285,0.2805800139904022,0.36442503333091736,0.29704421758651733,0.3465258479118347,0.5621035695075989,0.4537336528301239,0.45681509375572205,0.43723800778388977,1.0,0.319419264793396,0.16316063702106476,0.1826331913471222,0.2957363724708557],[0.20427623391151428,0.2891201376914978,0.2769521474838257,0.2390756458044052,0.25226759910583496,0.2159947156906128,0.26018959283828735,0.335186243057251,0.2535785436630249,0.26863375306129456,0.26932424306869507,0.319419264793396,1.0,0.22195106744766235,0.34570205211639404,0.2869044542312622],[0.45555609464645386,0.28979241847991943,0.3862729072570801,0.1915784478187561,0.11873038858175278,0.24933777749538422,0.2521294951438904,0.1619034856557846,0.16917894780635834,0.14551715552806854,0.1670362651348114,0.16316063702106476,0.22195106744766235,1.0,0.24004210531711578,0.18127141892910004],[0.09144721925258636,0.3900625705718994,0.24416905641555786,0.5555663108825684,0.2546776235103607,0.3152575194835663,0.23627497255802155,0.24843893945217133,0.27960261702537537,0.3340057134628296,0.28636693954467773,0.1826331913471222,0.34570205211639404,0.24004210531711578,1.0,0.4249922037124634],[0.11619642376899719,0.33563482761383057,0.28935131430625916,0.24881823360919952,0.2575439214706421,0.27604156732559204,0.23165446519851685,0.2916513681411743,0.34181147813796997,0.5088179707527161,0.4707659184932709,0.2957363724708557,0.2869044542312622,0.18127141892910004,0.4249922037124634,1.0]]}