{"game_number":175,"words":["PITCH","PLUG","PROMOTE","PUSH","COUPLE","ITEM","PAIR","THING","AD","ALL","DEUCE","LOVE","BREAD","DRAGON","JACK","PASSION"],"adjacency_matrix":[[1.0,0.376697838306427,0.4276437759399414,0.46743956208229065,0.3309779167175293,0.3445858061313629,0.4242095947265625,0.4001958668231964,0.32456040382385254,0.37908071279525757,0.2468605637550354,0.40323778986930847,0.3163451850414276,0.2958892583847046,0.3785925805568695,0.3909566104412079],[0.376697838306427,1.0,0.41361483931541443,0.5185632109642029,0.2693895995616913,0.3281162679195404,0.39791595935821533,0.3673674762248993,0.3132387697696686,0.3648870587348938,0.27458655834198,0.32216477394104004,0.2925707697868347,0.2810739576816559,0.5262436866760254,0.24654744565486908],[0.4276437759399414,0.41361483931541443,1.0,0.5808860659599304,0.24813929200172424,0.3084009289741516,0.33487167954444885,0.38889870047569275,0.3297840654850006,0.45593351125717163,0.1783304363489151,0.46948155760765076,0.28276827931404114,0.2549818754196167,0.2599104344844818,0.40266963839530945],[0.46743956208229065,0.5185632109642029,0.5808860659599304,0.9999999403953552,0.32168614864349365,0.3428393006324768,0.37211087346076965,0.4475628733634949,0.3035926818847656,0.39884185791015625,0.28898462653160095,0.4251191020011902,0.31265175342559814,0.33261221647262573,0.368598073720932,0.4064839482307434],[0.3309779167175293,0.2693895995616913,0.24813929200172424,0.32168614864349365,1.0,0.3248775899410248,0.6178178787231445,0.39520055055618286,0.2524915635585785,0.4844081401824951,0.2429068684577942,0.3868958353996277,0.24678266048431396,0.26443955302238464,0.20790813863277435,0.2573002874851227],[0.3445858061313629,0.3281162679195404,0.3084009289741516,0.3428393006324768,0.3248775899410248,1.0,0.3981039822101593,0.5269851684570312,0.38838911056518555,0.3968472480773926,0.24217751622200012,0.28369200229644775,0.3648603856563568,0.31969529390335083,0.28416216373443604,0.30432212352752686],[0.4242095947265625,0.39791595935821533,0.33487167954444885,0.37211087346076965,0.6178178787231445,0.3981039822101593,1.0,0.36163777112960815,0.2607731819152832,0.4481106996536255,0.3514533042907715,0.4483211934566498,0.30674120783805847,0.3399905264377594,0.39683228731155396,0.36434662342071533],[0.4001958668231964,0.3673674762248993,0.38889870047569275,0.4475628733634949,0.39520055055618286,0.5269851684570312,0.36163777112960815,1.0,0.31789636611938477,0.5905845761299133,0.2811061441898346,0.49679386615753174,0.3786196708679199,0.3506218194961548,0.3925727903842926,0.4596348702907562],[0.32456040382385254,0.3132387697696686,0.3297840654850006,0.3035926818847656,0.2524915635585785,0.38838911056518555,0.2607731819152832,0.31789636611938477,1.0000001192092896,0.24602285027503967,0.21038725972175598,0.22520937025547028,0.25617024302482605,0.2106979340314865,0.17324018478393555,0.20085616409778595],[0.37908071279525757,0.3648870587348938,0.45593351125717163,0.39884185791015625,0.4844081401824951,0.3968472480773926,0.4481106996536255,0.5905845761299133,0.24602285027503967,1.0,0.30420926213264465,0.5330608487129211,0.3437514305114746,0.33857104182243347,0.3452208340167999,0.3930504024028778],[0.2468605637550354,0.27458655834198,0.1783304363489151,0.28898462653160095,0.2429068684577942,0.24217751622200012,0.3514533042907715,0.2811061441898346,0.21038725972175598,0.30420926213264465,1.0,0.25077053904533386,0.24995730817317963,0.31651782989501953,0.4037576913833618,0.1860751062631607],[0.40323778986930847,0.32216477394104004,0.46948155760765076,0.4251191020011902,0.3868958353996277,0.28369200229644775,0.4483211934566498,0.49679386615753174,0.22520937025547028,0.5330608487129211,0.25077053904533386,1.0,0.3751958906650543,0.3634255826473236,0.36953651905059814,0.6814133524894714],[0.3163451850414276,0.2925707697868347,0.28276827931404114,0.31265175342559814,0.24678266048431396,0.3648603856563568,0.30674120783805847,0.3786196708679199,0.25617024302482605,0.3437514305114746,0.24995730817317963,0.3751958906650543,1.0,0.28400057554244995,0.3188459277153015,0.31766578555107117],[0.2958892583847046,0.2810739576816559,0.2549818754196167,0.33261221647262573,0.26443955302238464,0.31969529390335083,0.3399905264377594,0.3506218194961548,0.2106979340314865,0.33857104182243347,0.31651782989501953,0.3634255826473236,0.28400057554244995,1.0,0.3876396417617798,0.32336926460266113],[0.3785925805568695,0.5262436866760254,0.2599104344844818,0.368598073720932,0.20790813863277435,0.28416216373443604,0.39683228731155396,0.3925727903842926,0.17324018478393555,0.3452208340167999,0.4037576913833618,0.36953651905059814,0.3188459277153015,0.3876396417617798,1.0,0.2459312081336975],[0.3909566104412079,0.24654744565486908,0.40266963839530945,0.4064839482307434,0.2573002874851227,0.30432212352752686,0.36434662342071533,0.4596348702907562,0.20085616409778595,0.3930504024028778,0.1860751062631607,0.6814133524894714,0.31766578555107117,0.32336926460266113,0.2459312081336975,1.0]]}