{"game_number":244,"words":["DIPS","LUNGES","PLANKS","SQUATS","BEST","CHEERS","REGARDS","THANKS","CARDS","JAYS","NATS","YANKS","BANKS","MOSS","TAYLOR","WARREN"],"adjacency_matrix":[[1.0,0.4751742482185364,0.3295917809009552,0.43120473623275757,0.2557353377342224,0.269790381193161,0.2902694046497345,0.21117985248565674,0.35973691940307617,0.24053329229354858,0.2615216374397278,0.3133392333984375,0.3299700915813446,0.306129515171051,0.20259836316108704,0.2874078154563904],[0.4751742482185364,1.0,0.32079625129699707,0.5940137505531311,0.2670651972293854,0.3318712115287781,0.2956351041793823,0.22404631972312927,0.3012465536594391,0.22090357542037964,0.2670096158981323,0.3269025683403015,0.2853386104106903,0.2722218930721283,0.24886657297611237,0.25711923837661743],[0.3295917809009552,0.32079625129699707,1.0,0.39834797382354736,0.2520037293434143,0.23581652343273163,0.293493390083313,0.21633099019527435,0.3536560833454132,0.16125144064426422,0.3411442041397095,0.24114812910556793,0.3892606496810913,0.36990687251091003,0.1277383267879486,0.3045521378517151],[0.43120473623275757,0.5940137505531311,0.39834797382354736,1.0,0.25060200691223145,0.2451050728559494,0.3007827401161194,0.18381360173225403,0.2867221534252167,0.1740962266921997,0.28877559304237366,0.28376340866088867,0.3424629271030426,0.3321441411972046,0.18865004181861877,0.34408605098724365],[0.2557353377342224,0.2670651972293854,0.2520037293434143,0.25060200691223145,1.0,0.24998877942562103,0.5414800643920898,0.3426547646522522,0.31036636233329773,0.11791068315505981,0.24363796412944794,0.20030538737773895,0.27653196454048157,0.29233527183532715,0.15961861610412598,0.25296247005462646],[0.269790381193161,0.3318712115287781,0.23581652343273163,0.2451050728559494,0.24998877942562103,0.9999999403953552,0.44731494784355164,0.6338623762130737,0.28203871846199036,0.272027850151062,0.335374653339386,0.37189552187919617,0.24302418529987335,0.2631458342075348,0.2856336236000061,0.2778412699699402],[0.2902694046497345,0.2956351041793823,0.293493390083313,0.3007827401161194,0.5414800643920898,0.44731494784355164,0.9999999403953552,0.5718948841094971,0.3397897183895111,0.18533360958099365,0.31561189889907837,0.2850361764431,0.3265809714794159,0.25037094950675964,0.18398120999336243,0.2735419273376465],[0.21117985248565674,0.22404631972312927,0.21633099019527435,0.18381360173225403,0.3426547646522522,0.6338623762130737,0.5718948841094971,0.9999999403953552,0.3003513813018799,0.159774512052536,0.23763231933116913,0.359128475189209,0.29214563965797424,0.21541526913642883,0.22464674711227417,0.29239094257354736],[0.35973691940307617,0.3012465536594391,0.3536560833454132,0.2867221534252167,0.31036636233329773,0.28203871846199036,0.3397897183895111,0.3003513813018799,1.0,0.28478801250457764,0.3128809630870819,0.264915406703949,0.4011777937412262,0.298559308052063,0.15118519961833954,0.23048216104507446],[0.24053329229354858,0.22090357542037964,0.16125144064426422,0.1740962266921997,0.11791068315505981,0.272027850151062,0.18533360958099365,0.159774512052536,0.28478801250457764,1.0,0.34500837326049805,0.28916236758232117,0.23681192100048065,0.3646532893180847,0.3118044435977936,0.22886943817138672],[0.2615216374397278,0.2670096158981323,0.3411442041397095,0.28877559304237366,0.24363796412944794,0.335374653339386,0.31561189889907837,0.23763231933116913,0.3128809630870819,0.34500837326049805,1.0,0.35848715901374817,0.33009135723114014,0.2858213782310486,0.21240949630737305,0.28590089082717896],[0.3133392333984375,0.3269025683403015,0.24114812910556793,0.28376340866088867,0.20030538737773895,0.37189552187919617,0.2850361764431,0.359128475189209,0.264915406703949,0.28916236758232117,0.35848715901374817,1.0,0.2848593592643738,0.23957648873329163,0.3167034387588501,0.268715500831604],[0.3299700915813446,0.2853386104106903,0.3892606496810913,0.3424629271030426,0.27653196454048157,0.24302418529987335,0.3265809714794159,0.29214563965797424,0.4011777937412262,0.23681192100048065,0.33009135723114014,0.2848593592643738,1.0,0.37287530303001404,0.15545828640460968,0.29923760890960693],[0.306129515171051,0.2722218930721283,0.36990687251091003,0.3321441411972046,0.29233527183532715,0.2631458342075348,0.25037094950675964,0.21541526913642883,0.298559308052063,0.3646532893180847,0.2858213782310486,0.23957648873329163,0.37287530303001404,1.0,0.3369397521018982,0.3632161617279053],[0.20259836316108704,0.24886657297611237,0.1277383267879486,0.18865004181861877,0.15961861610412598,0.2856336236000061,0.18398120999336243,0.22464674711227417,0.15118519961833954,0.3118044435977936,0.21240949630737305,0.3167034387588501,0.15545828640460968,0.3369397521018982,1.0,0.39687269926071167],[0.2874078154563904,0.25711923837661743,0.3045521378517151,0.34408605098724365,0.25296247005462646,0.2778412699699402,0.2735419273376465,0.29239094257354736,0.23048216104507446,0.22886943817138672,0.28590089082717896,0.268715500831604,0.29923760890960693,0.3632161617279053,0.39687269926071167,1.0]]}