{
  "game_number": 404,
  "words": [
    "AND",
    "ALSO",
    "PLUS",
    "WITH",
    "BOSTON",
    "GOLDEN",
    "LAB",
    "PIT",
    "DADDY",
    "HARLEM",
    "HOWL",
    "IF",
    "BABY",
    "MOTHER",
    "PAMPER",
    "SPOIL"
  ],
  "adjacency_matrix": [
    [
      1.0,
      0.5773482322692871,
      0.5251342058181763,
      0.6169058084487915,
      0.2704888880252838,
      0.34149235486984253,
      0.4111943244934082,
      0.41529250144958496,
      0.3297405242919922,
      0.366373747587204,
      0.3145879805088043,
      0.46510231494903564,
      0.36550429463386536,
      0.45797914266586304,
      0.32131659984588623,
      0.39167657494544983
    ],
    [
      0.5773482322692871,
      0.9999999403953552,
      0.39022499322891235,
      0.3577267825603485,
      0.15821178257465363,
      0.19184455275535583,
      0.31309497356414795,
      0.29620394110679626,
      0.25463977456092834,
      0.24734318256378174,
      0.24563375115394592,
      0.3527160584926605,
      0.2452220916748047,
      0.3507932424545288,
      0.23288044333457947,
      0.3189992904663086
    ],
    [
      0.5251342058181763,
      0.39022499322891235,
      1.0,
      0.49594786763191223,
      0.2976442873477936,
      0.3261195123195648,
      0.24934078752994537,
      0.2690178453922272,
      0.27325811982154846,
      0.28973588347435,
      0.22381044924259186,
      0.37171176075935364,
      0.2585733234882355,
      0.2608678638935089,
      0.2660462558269501,
      0.2984572947025299
    ],
    [
      0.6169058084487915,
      0.3577267825603485,
      0.49594786763191223,
      1.0,
      0.25256893038749695,
      0.3150249719619751,
      0.30413007736206055,
      0.3351031541824341,
      0.2899872362613678,
      0.3473757803440094,
      0.27641433477401733,
      0.381163090467453,
      0.3070300221443176,
      0.42561063170433044,
      0.2645283639431,
      0.3810877203941345
    ],
    [
      0.2704888880252838,
      0.15821178257465363,
      0.2976442873477936,
      0.25256893038749695,
      0.9999999403953552,
      0.2962401807308197,
      0.29652902483940125,
      0.2920110821723938,
      0.3424086272716522,
      0.5775911808013916,
      0.2550782263278961,
      0.10518763959407806,
      0.29864269495010376,
      0.25773248076438904,
      0.21837550401687622,
      0.18962590396404266
    ],
    [
      0.34149235486984253,
      0.19184455275535583,
      0.3261195123195648,
      0.3150249719619751,
      0.2962401807308197,
      1.0,
      0.22433479130268097,
      0.35446348786354065,
      0.3592950701713562,
      0.38648849725723267,
      0.31256774067878723,
      0.2001192718744278,
      0.46111392974853516,
      0.37642204761505127,
      0.3724042475223541,
      0.38079893589019775
    ],
    [
      0.4111943244934082,
      0.31309497356414795,
      0.24934078752994537,
      0.30413007736206055,
      0.29652902483940125,
      0.22433479130268097,
      1.0,
      0.35889938473701477,
      0.2510377764701843,
      0.32306113839149475,
      0.181044802069664,
      0.1780698448419571,
      0.3131182789802551,
      0.3260645866394043,
      0.22331476211547852,
      0.20868395268917084
    ],
    [
      0.41529250144958496,
      0.29620394110679626,
      0.2690178453922272,
      0.3351031541824341,
      0.2920110821723938,
      0.35446348786354065,
      0.35889938473701477,
      1.0,
      0.24106653034687042,
      0.3254455626010895,
      0.3643028438091278,
      0.2050507515668869,
      0.3030526340007782,
      0.28658831119537354,
      0.27750200033187866,
      0.48921605944633484
    ],
    [
      0.3297405242919922,
      0.25463977456092834,
      0.27325811982154846,
      0.2899872362613678,
      0.3424086272716522,
      0.3592950701713562,
      0.2510377764701843,
      0.24106653034687042,
      1.0,
      0.4141691029071808,
      0.2275441586971283,
      0.26733675599098206,
      0.6018788814544678,
      0.6084557771682739,
      0.42339619994163513,
      0.32832542061805725
    ],
    [
      0.366373747587204,
      0.24734318256378174,
      0.28973588347435,
      0.3473757803440094,
      0.5775911808013916,
      0.38648849725723267,
      0.32306113839149475,
      0.3254455626010895,
      0.4141691029071808,
      1.0,
      0.3179685175418854,
      0.28241974115371704,
      0.34884709119796753,
      0.31604713201522827,
      0.32599398493766785,
      0.31379368901252747
    ],
    [
      0.3145879805088043,
      0.24563375115394592,
      0.22381044924259186,
      0.27641433477401733,
      0.2550782263278961,
      0.31256774067878723,
      0.181044802069664,
      0.3643028438091278,
      0.2275441586971283,
      0.3179685175418854,
      1.0,
      0.22280164062976837,
      0.2934176027774811,
      0.20395629107952118,
      0.2736140191555023,
      0.29876789450645447
    ],
    [
      0.46510231494903564,
      0.3527160584926605,
      0.37171176075935364,
      0.381163090467453,
      0.10518763959407806,
      0.2001192718744278,
      0.1780698448419571,
      0.2050507515668869,
      0.26733675599098206,
      0.28241974115371704,
      0.22280164062976837,
      1.0,
      0.2867201864719391,
      0.29748356342315674,
      0.22280992567539215,
      0.2948629856109619
    ],
    [
      0.36550429463386536,
      0.2452220916748047,
      0.2585733234882355,
      0.3070300221443176,
      0.29864269495010376,
      0.46111392974853516,
      0.3131182789802551,
      0.3030526340007782,
      0.6018788814544678,
      0.34884709119796753,
      0.2934176027774811,
      0.2867201864719391,
      1.0,
      0.7046975493431091,
      0.43399369716644287,
      0.40920671820640564
    ],
    [
      0.45797914266586304,
      0.3507932424545288,
      0.2608678638935089,
      0.42561063170433044,
      0.25773248076438904,
      0.37642204761505127,
      0.3260645866394043,
      0.28658831119537354,
      0.6084557771682739,
      0.31604713201522827,
      0.20395629107952118,
      0.29748356342315674,
      0.7046975493431091,
      0.9999999403953552,
      0.36115580797195435,
      0.3192596137523651
    ],
    [
      0.32131659984588623,
      0.23288044333457947,
      0.2660462558269501,
      0.2645283639431,
      0.21837550401687622,
      0.3724042475223541,
      0.22331476211547852,
      0.27750200033187866,
      0.42339619994163513,
      0.32599398493766785,
      0.2736140191555023,
      0.22280992567539215,
      0.43399369716644287,
      0.36115580797195435,
      1.0,
      0.48071610927581787
    ],
    [
      0.39167657494544983,
      0.3189992904663086,
      0.2984572947025299,
      0.3810877203941345,
      0.18962590396404266,
      0.38079893589019775,
      0.20868395268917084,
      0.48921605944633484,
      0.32832542061805725,
      0.31379368901252747,
      0.29876789450645447,
      0.2948629856109619,
      0.40920671820640564,
      0.3192596137523651,
      0.48071610927581787,
      1.0
    ]
  ]
}