{"game_number":287,"words":["CLUB","DIAMOND","HEART","SPADE","IRON","PUTTER","WEDGE","WOOD","ACHE","LONG","PINE","THIRST","LOW","SHORT","SHY","WANTING"],"adjacency_matrix":[[1.0,0.32673633098602295,0.3559212386608124,0.27803096175193787,0.2767029106616974,0.2900236248970032,0.26949670910835266,0.29079702496528625,0.15263135731220245,0.25707074999809265,0.2752417027950287,0.1871248036623001,0.2630709409713745,0.3252929747104645,0.2093132585287094,0.24690285325050354],[0.32673633098602295,1.0,0.4136415123939514,0.4679318964481354,0.47002094984054565,0.30539214611053467,0.3981158137321472,0.4475894272327423,0.1420726180076599,0.27142655849456787,0.33722057938575745,0.16771195828914642,0.306547611951828,0.32328078150749207,0.25445252656936646,0.22268584370613098],[0.3559212386608124,0.4136415123939514,1.0,0.42578741908073425,0.43539857864379883,0.3397550582885742,0.3569542467594147,0.37022051215171814,0.4772176146507263,0.3769072890281677,0.3863104283809662,0.41678258776664734,0.3989601731300354,0.40272411704063416,0.288066565990448,0.3668215870857239],[0.27803096175193787,0.4679318964481354,0.42578741908073425,1.0,0.39163774251937866,0.37183070182800293,0.46770012378692627,0.3630964159965515,0.22830164432525635,0.2990802228450775,0.32102420926094055,0.23633867502212524,0.29923415184020996,0.34463247656822205,0.22561965882778168,0.2751452922821045],[0.2767029106616974,0.47002094984054565,0.43539857864379883,0.39163774251937866,1.0000001192092896,0.42541250586509705,0.3958861231803894,0.5671254992485046,0.29400140047073364,0.29275715351104736,0.4178710877895355,0.32268476486206055,0.3634057641029358,0.3259113132953644,0.16270552575588226,0.2237611711025238],[0.2900236248970032,0.30539214611053467,0.3397550582885742,0.37183070182800293,0.42541250586509705,1.0,0.4146058261394501,0.3287048935890198,0.2965209186077118,0.33180850744247437,0.3189215362071991,0.23638932406902313,0.30022233724594116,0.35007327795028687,0.21629424393177032,0.32981225848197937],[0.26949670910835266,0.3981158137321472,0.3569542467594147,0.46770012378692627,0.3958861231803894,0.4146058261394501,1.0,0.38073450326919556,0.2553815245628357,0.3202570080757141,0.4060365855693817,0.18334312736988068,0.38137221336364746,0.3683752119541168,0.14099618792533875,0.2662343978881836],[0.29079702496528625,0.4475894272327423,0.37022051215171814,0.3630964159965515,0.5671254992485046,0.3287048935890198,0.38073450326919556,1.0,0.2666848301887512,0.31688398122787476,0.6672723889350891,0.2712811529636383,0.34101274609565735,0.3419383466243744,0.23057757318019867,0.22477398812770844],[0.15263135731220245,0.1420726180076599,0.4772176146507263,0.22830164432525635,0.29400140047073364,0.2965209186077118,0.2553815245628357,0.2666848301887512,1.0,0.3375662565231323,0.30947282910346985,0.4095306694507599,0.25777408480644226,0.2582990825176239,0.21197299659252167,0.2977101802825928],[0.25707074999809265,0.27142655849456787,0.3769072890281677,0.2990802228450775,0.29275715351104736,0.33180850744247437,0.3202570080757141,0.31688398122787476,0.3375662565231323,0.9999999403953552,0.2884491980075836,0.3183155655860901,0.5366414785385132,0.7923824787139893,0.4162547290325165,0.38505712151527405],[0.2752417027950287,0.33722057938575745,0.3863104283809662,0.32102420926094055,0.4178710877895355,0.3189215362071991,0.4060365855693817,0.6672723889350891,0.30947282910346985,0.2884491980075836,1.0,0.23359382152557373,0.30916348099708557,0.28859463334083557,0.19830574095249176,0.2302047163248062],[0.1871248036623001,0.16771195828914642,0.41678258776664734,0.23633867502212524,0.32268476486206055,0.23638932406902313,0.18334312736988068,0.2712811529636383,0.4095306694507599,0.3183155655860901,0.23359382152557373,1.0,0.346363365650177,0.3019642233848572,0.2300785481929779,0.3895677626132965],[0.2630709409713745,0.306547611951828,0.3989601731300354,0.29923415184020996,0.3634057641029358,0.30022233724594116,0.38137221336364746,0.34101274609565735,0.25777408480644226,0.5366414785385132,0.30916348099708557,0.346363365650177,1.0,0.5973386168479919,0.40787121653556824,0.36157146096229553],[0.3252929747104645,0.32328078150749207,0.40272411704063416,0.34463247656822205,0.3259113132953644,0.35007327795028687,0.3683752119541168,0.3419383466243744,0.2582990825176239,0.7923824787139893,0.28859463334083557,0.3019642233848572,0.5973386168479919,1.0,0.4486639201641083,0.36343786120414734],[0.2093132585287094,0.25445252656936646,0.288066565990448,0.22561965882778168,0.16270552575588226,0.21629424393177032,0.14099618792533875,0.23057757318019867,0.21197299659252167,0.4162547290325165,0.19830574095249176,0.2300785481929779,0.40787121653556824,0.4486639201641083,0.9999999403953552,0.3410990536212921],[0.24690285325050354,0.22268584370613098,0.3668215870857239,0.2751452922821045,0.2237611711025238,0.32981225848197937,0.2662343978881836,0.22477398812770844,0.2977101802825928,0.38505712151527405,0.2302047163248062,0.3895677626132965,0.36157146096229553,0.36343786120414734,0.3410990536212921,1.0]]}