{
  "game_number": 109,
  "words": [
    "BINGO",
    "CORRECT",
    "DING",
    "RIGHT",
    "CHANGE",
    "GREEN",
    "PAPER",
    "SCRATCH",
    "CHIP",
    "PHONE",
    "SCOPE",
    "WAVE",
    "FORK",
    "GLASS",
    "NAPKIN",
    "PLATE"
  ],
  "adjacency_matrix": [
    [
      1.0,
      0.3030046820640564,
      0.30238643288612366,
      0.25903692841529846,
      0.25711119174957275,
      0.2772042751312256,
      0.28877076506614685,
      0.25158125162124634,
      0.3835736811161041,
      0.3406417667865753,
      0.223244309425354,
      0.28656384348869324,
      0.22426407039165497,
      0.27033481001853943,
      0.2671228349208832,
      0.2394189089536667
    ],
    [
      0.3030046820640564,
      1.0,
      0.3480457663536072,
      0.6172357201576233,
      0.6325169801712036,
      0.3891060948371887,
      0.38571876287460327,
      0.40660157799720764,
      0.3467523157596588,
      0.3331203758716583,
      0.4097338914871216,
      0.3284345269203186,
      0.31498387455940247,
      0.3286224603652954,
      0.2308473140001297,
      0.3965182304382324
    ],
    [
      0.30238643288612366,
      0.3480457663536072,
      1.0,
      0.32328423857688904,
      0.35528039932250977,
      0.3260890543460846,
      0.3126404583454132,
      0.3764612078666687,
      0.345123827457428,
      0.37604549527168274,
      0.2652042508125305,
      0.32391270995140076,
      0.31000348925590515,
      0.342329740524292,
      0.29754042625427246,
      0.3352573812007904
    ],
    [
      0.25903692841529846,
      0.6172357201576233,
      0.32328423857688904,
      1.0,
      0.5071739554405212,
      0.4355192184448242,
      0.31661880016326904,
      0.3869744837284088,
      0.3712273836135864,
      0.37854960560798645,
      0.4426824748516083,
      0.3680953085422516,
      0.4341568946838379,
      0.3270271420478821,
      0.24992606043815613,
      0.46393975615501404
    ],
    [
      0.25711119174957275,
      0.6325169801712036,
      0.35528039932250977,
      0.5071739554405212,
      1.0,
      0.4227049648761749,
      0.40238866209983826,
      0.43437474966049194,
      0.33746153116226196,
      0.38219529390335083,
      0.46625447273254395,
      0.46816688776016235,
      0.3863658607006073,
      0.3278209865093231,
      0.2243497669696808,
      0.4419134855270386
    ],
    [
      0.2772042751312256,
      0.3891060948371887,
      0.3260890543460846,
      0.4355192184448242,
      0.4227049648761749,
      1.0,
      0.3901928961277008,
      0.32047590613365173,
      0.4207185208797455,
      0.3190270960330963,
      0.2556649148464203,
      0.3972723186016083,
      0.31836846470832825,
      0.4329209327697754,
      0.3173897862434387,
      0.38363632559776306
    ],
    [
      0.28877076506614685,
      0.38571876287460327,
      0.3126404583454132,
      0.31661880016326904,
      0.40238866209983826,
      0.3901928961277008,
      1.0,
      0.3854517936706543,
      0.38265445828437805,
      0.3673290014266968,
      0.31527379155158997,
      0.3550258278846741,
      0.30064985156059265,
      0.4349607825279236,
      0.4739192724227905,
      0.409064382314682
    ],
    [
      0.25158125162124634,
      0.40660157799720764,
      0.3764612078666687,
      0.3869744837284088,
      0.43437474966049194,
      0.32047590613365173,
      0.3854517936706543,
      1.0000001192092896,
      0.45025384426116943,
      0.36065250635147095,
      0.3089768886566162,
      0.35192620754241943,
      0.456388384103775,
      0.3592369258403778,
      0.35605382919311523,
      0.4236162602901459
    ],
    [
      0.3835736811161041,
      0.3467523157596588,
      0.345123827457428,
      0.3712273836135864,
      0.33746153116226196,
      0.4207185208797455,
      0.38265445828437805,
      0.45025384426116943,
      0.9999999403953552,
      0.4066634476184845,
      0.30737921595573425,
      0.3809966742992401,
      0.41587066650390625,
      0.4471980631351471,
      0.3036028742790222,
      0.4828473925590515
    ],
    [
      0.3406417667865753,
      0.3331203758716583,
      0.37604549527168274,
      0.37854960560798645,
      0.38219529390335083,
      0.3190270960330963,
      0.3673290014266968,
      0.36065250635147095,
      0.4066634476184845,
      1.0,
      0.24656398594379425,
      0.33174067735671997,
      0.2800884544849396,
      0.3828752338886261,
      0.34850767254829407,
      0.3720920979976654
    ],
    [
      0.223244309425354,
      0.4097338914871216,
      0.2652042508125305,
      0.4426824748516083,
      0.46625447273254395,
      0.2556649148464203,
      0.31527379155158997,
      0.3089768886566162,
      0.30737921595573425,
      0.24656398594379425,
      1.0,
      0.31739431619644165,
      0.3594769239425659,
      0.29423123598098755,
      0.23680523037910461,
      0.37543782591819763
    ],
    [
      0.28656384348869324,
      0.3284345269203186,
      0.32391270995140076,
      0.3680953085422516,
      0.46816688776016235,
      0.3972723186016083,
      0.3550258278846741,
      0.35192620754241943,
      0.3809966742992401,
      0.33174067735671997,
      0.31739431619644165,
      0.9999998807907104,
      0.35066327452659607,
      0.3775922358036041,
      0.24463973939418793,
      0.39418599009513855
    ],
    [
      0.22426407039165497,
      0.31498387455940247,
      0.31000348925590515,
      0.4341568946838379,
      0.3863658607006073,
      0.31836846470832825,
      0.30064985156059265,
      0.456388384103775,
      0.41587066650390625,
      0.2800884544849396,
      0.3594769239425659,
      0.35066327452659607,
      0.9999999403953552,
      0.3105987012386322,
      0.3492586612701416,
      0.5202568769454956
    ],
    [
      0.27033481001853943,
      0.3286224603652954,
      0.342329740524292,
      0.3270271420478821,
      0.3278209865093231,
      0.4329209327697754,
      0.4349607825279236,
      0.3592369258403778,
      0.4471980631351471,
      0.3828752338886261,
      0.29423123598098755,
      0.3775922358036041,
      0.3105987012386322,
      1.0,
      0.41771388053894043,
      0.4882870316505432
    ],
    [
      0.2671228349208832,
      0.2308473140001297,
      0.29754042625427246,
      0.24992606043815613,
      0.2243497669696808,
      0.3173897862434387,
      0.4739192724227905,
      0.35605382919311523,
      0.3036028742790222,
      0.34850767254829407,
      0.23680523037910461,
      0.24463973939418793,
      0.3492586612701416,
      0.41771388053894043,
      1.0,
      0.44707587361335754
    ],
    [
      0.2394189089536667,
      0.3965182304382324,
      0.3352573812007904,
      0.46393975615501404,
      0.4419134855270386,
      0.38363632559776306,
      0.409064382314682,
      0.4236162602901459,
      0.4828473925590515,
      0.3720920979976654,
      0.37543782591819763,
      0.39418599009513855,
      0.5202568769454956,
      0.4882870316505432,
      0.44707587361335754,
      0.9999999403953552
    ]
  ]
}