{"game_number":155,"words":["KINDLING","LOG","MATCH","TINDER","BLOW","BUMBLE","FLUFF","SPOIL","DRILL","GRINDER","ROUTER","SAW","FRAME","HANDLE","HINGE","LOCK"],"adjacency_matrix":[[1.0,0.2304619699716568,0.24945127964019775,0.6369224786758423,0.33209559321403503,0.20762887597084045,0.3626427948474884,0.3410624563694,0.19965963065624237,0.32747671008110046,0.14072923362255096,0.22254617512226105,0.2938927114009857,0.24220232665538788,0.3057861328125,0.2463192641735077],[0.2304619699716568,1.0,0.359807550907135,0.2858308255672455,0.2111397236585617,0.286101758480072,0.2104356735944748,0.27979785203933716,0.40627172589302063,0.27607062458992004,0.298724502325058,0.3283776342868805,0.39622485637664795,0.35114625096321106,0.26005399227142334,0.45517683029174805],[0.24945127964019775,0.359807550907135,1.0,0.35574695467948914,0.3647250235080719,0.27342692017555237,0.26417291164398193,0.36033299565315247,0.3536093533039093,0.31459739804267883,0.24144580960273743,0.41829487681388855,0.47491779923439026,0.43299204111099243,0.3346587121486664,0.4243181645870209],[0.6369224786758423,0.2858308255672455,0.35574695467948914,1.0,0.36246779561042786,0.2838411033153534,0.34533318877220154,0.3524295687675476,0.2638327479362488,0.3956117630004883,0.16757401823997498,0.30384382605552673,0.33672595024108887,0.342081755399704,0.34027862548828125,0.32264548540115356],[0.33209559321403503,0.2111397236585617,0.3647250235080719,0.36246779561042786,1.0,0.41307610273361206,0.37681835889816284,0.5030476450920105,0.4167395830154419,0.409455806016922,0.2071687877178192,0.3502357304096222,0.36215296387672424,0.5080811977386475,0.4194575548171997,0.4667764902114868],[0.20762887597084045,0.286101758480072,0.27342692017555237,0.2838411033153534,0.41307610273361206,1.0,0.3885137140750885,0.36874082684516907,0.3482625186443329,0.28967806696891785,0.24305425584316254,0.3174462914466858,0.3182356357574463,0.3951815664768219,0.3417986333370209,0.33826133608818054],[0.3626427948474884,0.2104356735944748,0.26417291164398193,0.34533318877220154,0.37681835889816284,0.3885137140750885,1.0,0.42354097962379456,0.2772885859012604,0.3545902371406555,0.19222621619701385,0.24675771594047546,0.3233602046966553,0.32379186153411865,0.27926596999168396,0.2536247968673706],[0.3410624563694,0.27979785203933716,0.36033299565315247,0.3524295687675476,0.5030476450920105,0.36874082684516907,0.42354097962379456,1.0,0.3765943646430969,0.35562750697135925,0.17599377036094666,0.2886381447315216,0.3204164206981659,0.40692460536956787,0.3096202313899994,0.4210454225540161],[0.19965963065624237,0.40627172589302063,0.3536093533039093,0.2638327479362488,0.4167395830154419,0.3482625186443329,0.2772885859012604,0.3765943646430969,1.0,0.44719693064689636,0.2326442450284958,0.2897339165210724,0.3423923850059509,0.419406533241272,0.28163373470306396,0.42996683716773987],[0.32747671008110046,0.27607062458992004,0.31459739804267883,0.3956117630004883,0.409455806016922,0.28967806696891785,0.3545902371406555,0.35562750697135925,0.44719693064689636,1.0,0.33974868059158325,0.25618383288383484,0.3527226746082306,0.3987492322921753,0.3694878816604614,0.3939763307571411],[0.14072923362255096,0.298724502325058,0.24144580960273743,0.16757401823997498,0.2071687877178192,0.24305425584316254,0.19222621619701385,0.17599377036094666,0.2326442450284958,0.33974868059158325,1.0,0.17289069294929504,0.3516751527786255,0.30033785104751587,0.2793923020362854,0.3681313395500183],[0.22254617512226105,0.3283776342868805,0.41829487681388855,0.30384382605552673,0.3502357304096222,0.3174462914466858,0.24675771594047546,0.2886381447315216,0.2897339165210724,0.25618383288383484,0.17289069294929504,1.0,0.3127686083316803,0.3823073208332062,0.3269209563732147,0.33191198110580444],[0.2938927114009857,0.39622485637664795,0.47491779923439026,0.33672595024108887,0.36215296387672424,0.3182356357574463,0.3233602046966553,0.3204164206981659,0.3423923850059509,0.3527226746082306,0.3516751527786255,0.3127686083316803,1.0,0.4922773540019989,0.49003177881240845,0.5115033388137817],[0.24220232665538788,0.35114625096321106,0.43299204111099243,0.342081755399704,0.5080811977386475,0.3951815664768219,0.32379186153411865,0.40692460536956787,0.419406533241272,0.3987492322921753,0.30033785104751587,0.3823073208332062,0.4922773540019989,1.0,0.44363027811050415,0.529491662979126],[0.3057861328125,0.26005399227142334,0.3346587121486664,0.34027862548828125,0.4194575548171997,0.3417986333370209,0.27926596999168396,0.3096202313899994,0.28163373470306396,0.3694878816604614,0.2793923020362854,0.3269209563732147,0.49003177881240845,0.44363027811050415,0.9999999403953552,0.5192658305168152],[0.2463192641735077,0.45517683029174805,0.4243181645870209,0.32264548540115356,0.4667764902114868,0.33826133608818054,0.2536247968673706,0.4210454225540161,0.42996683716773987,0.3939763307571411,0.3681313395500183,0.33191198110580444,0.5115033388137817,0.529491662979126,0.5192658305168152,1.0]]}