{"game_number":158,"words":["CROC","LOAFER","MOCCASIN","SLIPPER","BOA","HEADDRESS","PILLOW","SHUTTLECOCK","BASIC","JAVA","PYTHON","RUBY","COBRA","INSPIRATION","LIGHTNING","UNION"],"adjacency_matrix":[[1.0,0.33512184023857117,0.4440292418003082,0.3586702048778534,0.46932199597358704,0.3481050431728363,0.30225294828414917,0.19357237219810486,0.15769119560718536,0.2745233476161957,0.570439338684082,0.2813388407230377,0.5098779797554016,0.18923352658748627,0.23603539168834686,0.14217615127563477],[0.33512184023857117,0.9999999403953552,0.544177770614624,0.5934679508209229,0.2787333130836487,0.4207398295402527,0.4480780065059662,0.4503495395183563,0.3240692615509033,0.25118348002433777,0.2674310505390167,0.32718929648399353,0.33378392457962036,0.3415997326374054,0.23434340953826904,0.3694508671760559],[0.4440292418003082,0.544177770614624,1.0,0.5091540813446045,0.40867525339126587,0.43669378757476807,0.3683188259601593,0.33403247594833374,0.27210718393325806,0.2227996438741684,0.3495555818080902,0.32575976848602295,0.37371721863746643,0.270426481962204,0.262663334608078,0.1916990727186203],[0.3586702048778534,0.5934679508209229,0.5091540813446045,1.0,0.398852676153183,0.3827338218688965,0.48156917095184326,0.49589547514915466,0.2999023199081421,0.2143256813287735,0.3334227204322815,0.4169110357761383,0.3849432170391083,0.2719253897666931,0.26114925742149353,0.2710365355014801],[0.46932199597358704,0.2787333130836487,0.40867525339126587,0.398852676153183,1.0,0.36679983139038086,0.3133249282836914,0.2895379960536957,0.07768121361732483,0.26829102635383606,0.5322455167770386,0.40055274963378906,0.5578032732009888,0.08406037092208862,0.23350954055786133,0.233292818069458],[0.3481050431728363,0.4207398295402527,0.43669378757476807,0.3827338218688965,0.36679983139038086,1.0,0.36862751841545105,0.29946374893188477,0.2608034312725067,0.17111089825630188,0.3047477602958679,0.3198326528072357,0.3708551228046417,0.3016684651374817,0.2529337704181671,0.2492533028125763],[0.30225294828414917,0.4480780065059662,0.3683188259601593,0.48156917095184326,0.3133249282836914,0.36862751841545105,1.0,0.3509402275085449,0.31154096126556396,0.24241849780082703,0.2733299732208252,0.40322721004486084,0.3279635012149811,0.3678966462612152,0.2575305700302124,0.21829059720039368],[0.19357237219810486,0.4503495395183563,0.33403247594833374,0.49589547514915466,0.2895379960536957,0.29946374893188477,0.3509402275085449,1.0,0.2581254243850708,0.28557589650154114,0.2915458381175995,0.3302342891693115,0.3328912556171417,0.2776153087615967,0.4078728258609772,0.28623512387275696],[0.15769119560718536,0.3240692615509033,0.27210718393325806,0.2999023199081421,0.07768121361732483,0.2608034312725067,0.31154096126556396,0.2581254243850708,1.0,0.30105334520339966,0.23128074407577515,0.2205209583044052,0.19436906278133392,0.42112913727760315,0.33871975541114807,0.3205042779445648],[0.2745233476161957,0.25118348002433777,0.2227996438741684,0.2143256813287735,0.26829102635383606,0.17111089825630188,0.24241849780082703,0.28557589650154114,0.30105334520339966,1.0,0.5429071187973022,0.4101712703704834,0.32845956087112427,0.1829305738210678,0.24371054768562317,0.1403735876083374],[0.570439338684082,0.2674310505390167,0.3495555818080902,0.3334227204322815,0.5322455167770386,0.3047477602958679,0.2733299732208252,0.2915458381175995,0.23128074407577515,0.5429071187973022,1.0,0.4915839433670044,0.5750668048858643,0.18721404671669006,0.254003643989563,0.21416671574115753],[0.2813388407230377,0.32718929648399353,0.32575976848602295,0.4169110357761383,0.40055274963378906,0.3198326528072357,0.40322721004486084,0.3302342891693115,0.2205209583044052,0.4101712703704834,0.4915839433670044,1.0,0.382620632648468,0.23593498766422272,0.3313920497894287,0.21118591725826263],[0.5098779797554016,0.33378392457962036,0.37371721863746643,0.3849432170391083,0.5578032732009888,0.3708551228046417,0.3279635012149811,0.3328912556171417,0.19436906278133392,0.32845956087112427,0.5750668048858643,0.382620632648468,1.0,0.18685641884803772,0.3452589511871338,0.26348164677619934],[0.18923352658748627,0.3415997326374054,0.270426481962204,0.2719253897666931,0.08406037092208862,0.3016684651374817,0.3678966462612152,0.2776153087615967,0.42112913727760315,0.1829305738210678,0.18721404671669006,0.23593498766422272,0.18685641884803772,1.0,0.3533419370651245,0.2953868508338928],[0.23603539168834686,0.23434340953826904,0.262663334608078,0.26114925742149353,0.23350954055786133,0.2529337704181671,0.2575305700302124,0.4078728258609772,0.33871975541114807,0.24371054768562317,0.254003643989563,0.3313920497894287,0.3452589511871338,0.3533419370651245,1.0,0.2673306167125702],[0.14217615127563477,0.3694508671760559,0.1916990727186203,0.2710365355014801,0.233292818069458,0.2492533028125763,0.21829059720039368,0.28623512387275696,0.3205042779445648,0.1403735876083374,0.21416671574115753,0.21118591725826263,0.26348164677619934,0.2953868508338928,0.2673306167125702,1.0]]}