{"game_number":100,"words":["ADHERE","GLUE","PASTE","STICK","COPY","TEXT","WORDS","WRITING","CARAT","CLARITY","COLOR","CUT","LIST","OK","PLUS","ROD"],"adjacency_matrix":[[1.0,0.379672646522522,0.3619937300682068,0.5395026206970215,0.3902986943721771,0.28087687492370605,0.3057256042957306,0.3883158564567566,0.17796951532363892,0.34095218777656555,0.27859780192375183,0.40603911876678467,0.3466205894947052,0.31428080797195435,0.18492497503757477,0.24220114946365356],[0.379672646522522,1.0,0.5137448906898499,0.544758141040802,0.4060315191745758,0.3003717362880707,0.35336047410964966,0.33862873911857605,0.22179937362670898,0.3252275884151459,0.3690796196460724,0.4179338812828064,0.2615634799003601,0.2523089051246643,0.29004934430122375,0.39785629510879517],[0.3619937300682068,0.5137448906898499,1.0,0.4530518651008606,0.6216813921928406,0.4388173222541809,0.33471423387527466,0.29869940876960754,0.3024592697620392,0.2466312050819397,0.3415696918964386,0.5462803840637207,0.2895365059375763,0.2504934072494507,0.2594454884529114,0.3050071895122528],[0.5395026206970215,0.544758141040802,0.4530518651008606,1.0,0.4729670286178589,0.371947318315506,0.40352317690849304,0.4228479862213135,0.277364045381546,0.32801175117492676,0.3181694447994232,0.578201413154602,0.40186408162117004,0.38640570640563965,0.33483007550239563,0.5170199275016785],[0.3902986943721771,0.4060315191745758,0.6216813921928406,0.4729670286178589,1.0,0.5536267757415771,0.43441396951675415,0.503221333026886,0.30276623368263245,0.3750540614128113,0.36426421999931335,0.5063238739967346,0.4438106417655945,0.3095218539237976,0.3380473554134369,0.28263506293296814],[0.28087687492370605,0.3003717362880707,0.4388173222541809,0.371947318315506,0.5536267757415771,0.9999999403953552,0.5826186537742615,0.45856931805610657,0.33208996057510376,0.45279648900032043,0.49030521512031555,0.40196970105171204,0.4767477214336395,0.2943512499332428,0.3698236644268036,0.26317542791366577],[0.3057256042957306,0.35336047410964966,0.33471423387527466,0.40352317690849304,0.43441396951675415,0.5826186537742615,1.0,0.4597036838531494,0.3330792486667633,0.45093294978141785,0.3396657407283783,0.34247899055480957,0.4119391143321991,0.34600746631622314,0.37600773572921753,0.27236390113830566],[0.3883158564567566,0.33862873911857605,0.29869940876960754,0.4228479862213135,0.503221333026886,0.45856931805610657,0.4597036838531494,1.0,0.15269990265369415,0.46681252121925354,0.28667694330215454,0.36654898524284363,0.41246497631073,0.32213351130485535,0.27021172642707825,0.1990629881620407],[0.17796951532363892,0.22179937362670898,0.3024592697620392,0.277364045381546,0.30276623368263245,0.33208996057510376,0.3330792486667633,0.15269990265369415,1.0,0.32591143250465393,0.35116496682167053,0.2653067111968994,0.21558089554309845,0.19986388087272644,0.29981547594070435,0.22451479732990265],[0.34095218777656555,0.3252275884151459,0.2466312050819397,0.32801175117492676,0.3750540614128113,0.45279648900032043,0.45093294978141785,0.46681252121925354,0.32591143250465393,1.0,0.42889028787612915,0.3481665253639221,0.313515305519104,0.29385024309158325,0.2889587879180908,0.21833190321922302],[0.27859780192375183,0.3690796196460724,0.3415696918964386,0.3181694447994232,0.36426421999931335,0.49030521512031555,0.3396657407283783,0.28667694330215454,0.35116496682167053,0.42889028787612915,1.0,0.31615811586380005,0.2947089374065399,0.17494437098503113,0.2639197111129761,0.29526486992836],[0.40603911876678467,0.4179338812828064,0.5462803840637207,0.578201413154602,0.5063238739967346,0.40196970105171204,0.34247899055480957,0.36654898524284363,0.2653067111968994,0.3481665253639221,0.31615811586380005,1.0,0.40245944261550903,0.3242551386356354,0.3744871914386749,0.37537065148353577],[0.3466205894947052,0.2615634799003601,0.2895365059375763,0.40186408162117004,0.4438106417655945,0.4767477214336395,0.4119391143321991,0.41246497631073,0.21558089554309845,0.313515305519104,0.2947089374065399,0.40245944261550903,1.0,0.3302063047885895,0.408705472946167,0.24312567710876465],[0.31428080797195435,0.2523089051246643,0.2504934072494507,0.38640570640563965,0.3095218539237976,0.2943512499332428,0.34600746631622314,0.32213351130485535,0.19986388087272644,0.29385024309158325,0.17494437098503113,0.3242551386356354,0.3302063047885895,0.9999999403953552,0.4011959731578827,0.1978587657213211],[0.18492497503757477,0.29004934430122375,0.2594454884529114,0.33483007550239563,0.3380473554134369,0.3698236644268036,0.37600773572921753,0.27021172642707825,0.29981547594070435,0.2889587879180908,0.2639197111129761,0.3744871914386749,0.408705472946167,0.4011959731578827,1.0,0.23786751925945282],[0.24220114946365356,0.39785629510879517,0.3050071895122528,0.5170199275016785,0.28263506293296814,0.26317542791366577,0.27236390113830566,0.1990629881620407,0.22451479732990265,0.21833190321922302,0.29526486992836,0.37537065148353577,0.24312567710876465,0.1978587657213211,0.23786751925945282,1.0]]}