{"game_number":289,"words":["FLASH","GLEAM","GLITTER","SPARKLE","FISH","FORAGE","HUNT","TRAP","BOUNCE","CRUNK","DRILL","GRIME","BEER","BULB","RAIL","YEAR"],"adjacency_matrix":[[1.0,0.4488724172115326,0.5440291166305542,0.5477358102798462,0.3685058355331421,0.29600784182548523,0.34429559111595154,0.4242081344127655,0.4831599295139313,0.3734048306941986,0.3685193955898285,0.3017829954624176,0.35215499997138977,0.44241029024124146,0.38314419984817505,0.22980211675167084],[0.4488724172115326,1.0,0.6092987656593323,0.7252842783927917,0.31462961435317993,0.2061987668275833,0.2552145719528198,0.2623845636844635,0.3112958073616028,0.2466845065355301,0.1999654918909073,0.4006064832210541,0.22993330657482147,0.2646712362766266,0.28138601779937744,0.19722813367843628],[0.5440291166305542,0.6092987656593323,1.0,0.725136399269104,0.3517991900444031,0.23868753015995026,0.30672121047973633,0.3771190047264099,0.43406936526298523,0.4119260311126709,0.2615049481391907,0.4866712689399719,0.32133734226226807,0.3316054344177246,0.33965951204299927,0.19896453619003296],[0.5477358102798462,0.7252842783927917,0.725136399269104,0.9999999403953552,0.3465608060359955,0.275495707988739,0.3092179596424103,0.29541149735450745,0.43582791090011597,0.35465073585510254,0.27195096015930176,0.38277995586395264,0.31820425391197205,0.3418338894844055,0.29318296909332275,0.26578715443611145],[0.3685058355331421,0.31462961435317993,0.3517991900444031,0.3465608060359955,1.0,0.42512983083724976,0.5398002862930298,0.45916786789894104,0.2864081561565399,0.2538452744483948,0.33982715010643005,0.25506892800331116,0.4350011944770813,0.2912086248397827,0.3904297351837158,0.23166029155254364],[0.29600784182548523,0.2061987668275833,0.23868753015995026,0.275495707988739,0.42512983083724976,1.0,0.4895072877407074,0.373790979385376,0.2728118300437927,0.26077598333358765,0.3625071346759796,0.1682148426771164,0.3195132911205292,0.28573471307754517,0.35038691759109497,0.20782455801963806],[0.34429559111595154,0.2552145719528198,0.30672121047973633,0.3092179596424103,0.5398002862930298,0.4895072877407074,1.0,0.5358250141143799,0.3436064124107361,0.28815382719039917,0.47600746154785156,0.261788010597229,0.3501259982585907,0.16997098922729492,0.30298253893852234,0.3265213370323181],[0.4242081344127655,0.2623845636844635,0.3771190047264099,0.29541149735450745,0.45916786789894104,0.373790979385376,0.5358250141143799,1.0,0.5055683255195618,0.3958072364330292,0.39830517768859863,0.3630360960960388,0.31690534949302673,0.22737330198287964,0.4063229262828827,0.2234094738960266],[0.4831599295139313,0.3112958073616028,0.43406936526298523,0.43582791090011597,0.2864081561565399,0.2728118300437927,0.3436064124107361,0.5055683255195618,1.0000001192092896,0.4186078906059265,0.3410055339336395,0.2898169755935669,0.31955212354660034,0.22199589014053345,0.33895668387413025,0.2555508315563202],[0.3734048306941986,0.2466845065355301,0.4119260311126709,0.35465073585510254,0.2538452744483948,0.26077598333358765,0.28815382719039917,0.3958072364330292,0.4186078906059265,0.9999999403953552,0.29266563057899475,0.5076920986175537,0.3762446939945221,0.1928732991218567,0.3389686942100525,0.17558600008487701],[0.3685193955898285,0.1999654918909073,0.2615049481391907,0.27195096015930176,0.33982715010643005,0.3625071346759796,0.47600746154785156,0.39830517768859863,0.3410055339336395,0.29266563057899475,1.0,0.23544903099536896,0.2520056664943695,0.24492673575878143,0.33655720949172974,0.27179476618766785],[0.3017829954624176,0.4006064832210541,0.4866712689399719,0.38277995586395264,0.25506892800331116,0.1682148426771164,0.261788010597229,0.3630360960960388,0.2898169755935669,0.5076920986175537,0.23544903099536896,1.0000001192092896,0.26880207657814026,0.15995994210243225,0.31784290075302124,0.23655229806900024],[0.35215499997138977,0.22993330657482147,0.32133734226226807,0.31820425391197205,0.4350011944770813,0.3195132911205292,0.3501259982585907,0.31690534949302673,0.31955212354660034,0.3762446939945221,0.2520056664943695,0.26880207657814026,1.0,0.30203181505203247,0.38361024856567383,0.2483578771352768],[0.44241029024124146,0.2646712362766266,0.3316054344177246,0.3418338894844055,0.2912086248397827,0.28573471307754517,0.16997098922729492,0.22737330198287964,0.22199589014053345,0.1928732991218567,0.24492673575878143,0.15995994210243225,0.30203181505203247,1.0,0.32703638076782227,0.20600630342960358],[0.38314419984817505,0.28138601779937744,0.33965951204299927,0.29318296909332275,0.3904297351837158,0.35038691759109497,0.30298253893852234,0.4063229262828827,0.33895668387413025,0.3389686942100525,0.33655720949172974,0.31784290075302124,0.38361024856567383,0.32703638076782227,1.0,0.23212094604969025],[0.22980211675167084,0.19722813367843628,0.19896453619003296,0.26578715443611145,0.23166029155254364,0.20782455801963806,0.3265213370323181,0.2234094738960266,0.2555508315563202,0.17558600008487701,0.27179476618766785,0.23655229806900024,0.2483578771352768,0.20600630342960358,0.23212094604969025,1.0]]}