{"game_number":74,"words":["PIC","SHOT","SNAP","STILL","CINCH","ICE","LOCK","SECURE","BREEZE","COAST","GLIDE","SAIL","PICNIC","SECURITY","THROW","WET"],"adjacency_matrix":[[1.0,0.5292310118675232,0.4661655128002167,0.37453076243400574,0.34391048550605774,0.2645880877971649,0.39919424057006836,0.25310778617858887,0.35358789563179016,0.21682222187519073,0.26491019129753113,0.3199194073677063,0.37721309065818787,0.2672548294067383,0.29989030957221985,0.27224820852279663],[0.5292310118675232,1.0,0.5200597643852234,0.4251801073551178,0.33594152331352234,0.3210981488227844,0.4038518965244293,0.34494325518608093,0.3819617033004761,0.2861495018005371,0.35494762659072876,0.31315967440605164,0.31255707144737244,0.28461262583732605,0.5139076113700867,0.31282714009284973],[0.4661655128002167,0.5200597643852234,0.9999998807907104,0.3383704125881195,0.4614964425563812,0.35143816471099854,0.4946589469909668,0.38704773783683777,0.5119019746780396,0.2198846936225891,0.4224454462528229,0.3082825839519501,0.32184451818466187,0.27310821413993835,0.549609899520874,0.3874605596065521],[0.37453076243400574,0.4251801073551178,0.3383704125881195,1.0,0.3291808068752289,0.2761172652244568,0.38155248761177063,0.41664397716522217,0.3214176297187805,0.3274952173233032,0.3061659336090088,0.35644271969795227,0.28553348779678345,0.30275285243988037,0.4018002450466156,0.3277757465839386],[0.34391048550605774,0.33594152331352234,0.4614964425563812,0.3291808068752289,1.0,0.22062158584594727,0.4470444321632385,0.45899534225463867,0.42771708965301514,0.3155944347381592,0.31315937638282776,0.3649697005748749,0.3742475211620331,0.30820462107658386,0.3228195309638977,0.33127361536026],[0.2645880877971649,0.3210981488227844,0.35143816471099854,0.2761172652244568,0.22062158584594727,1.0,0.4068918526172638,0.29170987010002136,0.3707120418548584,0.3657630383968353,0.3763676881790161,0.4039301872253418,0.306926965713501,0.34204477071762085,0.3418039083480835,0.43644481897354126],[0.39919424057006836,0.4038518965244293,0.4946589469909668,0.38155248761177063,0.4470444321632385,0.4068918526172638,1.0,0.5399683713912964,0.3860299587249756,0.29529690742492676,0.38529857993125916,0.40512922406196594,0.3072039783000946,0.4721437394618988,0.4626410901546478,0.365011602640152],[0.25310778617858887,0.34494325518608093,0.38704773783683777,0.41664397716522217,0.45899534225463867,0.29170987010002136,0.5399683713912964,1.0,0.29857131838798523,0.3340557813644409,0.33340349793434143,0.32930704951286316,0.32306692004203796,0.6125394701957703,0.34455373883247375,0.36904841661453247],[0.35358789563179016,0.3819617033004761,0.5119019746780396,0.3214176297187805,0.42771708965301514,0.3707120418548584,0.3860299587249756,0.29857131838798523,1.0,0.4135902523994446,0.452781081199646,0.4777274429798126,0.3261010944843292,0.30975183844566345,0.4142751097679138,0.412672758102417],[0.21682222187519073,0.2861495018005371,0.2198846936225891,0.3274952173233032,0.3155944347381592,0.3657630383968353,0.29529690742492676,0.3340557813644409,0.4135902523994446,0.9999999403953552,0.3567453920841217,0.4605455696582794,0.2720511257648468,0.32436099648475647,0.23984724283218384,0.34053435921669006],[0.26491019129753113,0.35494762659072876,0.4224454462528229,0.3061659336090088,0.31315937638282776,0.3763676881790161,0.38529857993125916,0.33340349793434143,0.452781081199646,0.3567453920841217,1.0,0.48941293358802795,0.3441556394100189,0.2076234221458435,0.4086354970932007,0.352844774723053],[0.3199194073677063,0.31315967440605164,0.3082825839519501,0.35644271969795227,0.3649697005748749,0.4039301872253418,0.40512922406196594,0.32930704951286316,0.4777274429798126,0.4605455696582794,0.48941293358802795,0.9999999403953552,0.3241746723651886,0.2330431044101715,0.41192901134490967,0.3338344097137451],[0.37721309065818787,0.31255707144737244,0.32184451818466187,0.28553348779678345,0.3742475211620331,0.306926965713501,0.3072039783000946,0.32306692004203796,0.3261010944843292,0.2720511257648468,0.3441556394100189,0.3241746723651886,1.0,0.3482188284397125,0.36514073610305786,0.3734471797943115],[0.2672548294067383,0.28461262583732605,0.27310821413993835,0.30275285243988037,0.30820462107658386,0.34204477071762085,0.4721437394618988,0.6125394701957703,0.30975183844566345,0.32436099648475647,0.2076234221458435,0.2330431044101715,0.3482188284397125,1.0,0.2474094033241272,0.20877234637737274],[0.29989030957221985,0.5139076113700867,0.549609899520874,0.4018002450466156,0.3228195309638977,0.3418039083480835,0.4626410901546478,0.34455373883247375,0.4142751097679138,0.23984724283218384,0.4086354970932007,0.41192901134490967,0.36514073610305786,0.2474094033241272,1.0,0.3099912703037262],[0.27224820852279663,0.31282714009284973,0.3874605596065521,0.3277757465839386,0.33127361536026,0.43644481897354126,0.365011602640152,0.36904841661453247,0.412672758102417,0.34053435921669006,0.352844774723053,0.3338344097137451,0.3734471797943115,0.20877234637737274,0.3099912703037262,1.0]]}