{
  "game_number": 638,
  "words": [
    "CABARET",
    "CAROUSEL",
    "CATS",
    "CHICAGO",
    "DUST",
    "MOP",
    "SWEEP",
    "VACUUM",
    "BAT",
    "IRON",
    "SPIDER",
    "SUPER",
    "CHEEK",
    "EYE",
    "MOUTH",
    "NOSE"
  ],
  "adjacency_matrix": [
    [
      1.0,
      0.445616215467453,
      0.31023818254470825,
      0.3124221861362457,
      0.26043376326560974,
      0.22519049048423767,
      0.31754061579704285,
      0.31696760654449463,
      0.24400416016578674,
      0.25293493270874023,
      0.3056122958660126,
      0.3465341627597809,
      0.23826053738594055,
      0.21021032333374023,
      0.2175176441669464,
      0.260419636964798
    ],
    [
      0.445616215467453,
      1.0,
      0.2814449071884155,
      0.31257322430610657,
      0.3112731873989105,
      0.21878838539123535,
      0.34238725900650024,
      0.4065020680427551,
      0.276061087846756,
      0.3480694591999054,
      0.3688634932041168,
      0.29981115460395813,
      0.19098564982414246,
      0.31196850538253784,
      0.2550336420536041,
      0.328031986951828
    ],
    [
      0.31023818254470825,
      0.2814449071884155,
      0.9999999403953552,
      0.29158586263656616,
      0.30692702531814575,
      0.20488528907299042,
      0.2883099913597107,
      0.2389048933982849,
      0.28918421268463135,
      0.28977811336517334,
      0.34780213236808777,
      0.3961215019226074,
      0.2550060749053955,
      0.3239750266075134,
      0.2556496262550354,
      0.30373501777648926
    ],
    [
      0.3124221861362457,
      0.31257322430610657,
      0.29158586263656616,
      1.0,
      0.24471378326416016,
      0.11833877116441727,
      0.24783995747566223,
      0.26676449179649353,
      0.2365315556526184,
      0.23447607457637787,
      0.27105170488357544,
      0.33520910143852234,
      0.10822469741106033,
      0.1941017061471939,
      0.1582917422056198,
      0.19923007488250732
    ],
    [
      0.26043376326560974,
      0.3112731873989105,
      0.30692702531814575,
      0.24471378326416016,
      1.0,
      0.3921966850757599,
      0.4565131962299347,
      0.4796487092971802,
      0.3382295072078705,
      0.45628711581230164,
      0.37182244658470154,
      0.32204142212867737,
      0.30733054876327515,
      0.3623802363872528,
      0.2962242364883423,
      0.3841743469238281
    ],
    [
      0.22519049048423767,
      0.21878838539123535,
      0.20488528907299042,
      0.11833877116441727,
      0.3921966850757599,
      1.0,
      0.4218499958515167,
      0.3266160190105438,
      0.3017989993095398,
      0.3226414620876312,
      0.23469185829162598,
      0.28779786825180054,
      0.32740116119384766,
      0.24402835965156555,
      0.26145511865615845,
      0.34595784544944763
    ],
    [
      0.31754061579704285,
      0.34238725900650024,
      0.2883099913597107,
      0.24783995747566223,
      0.4565131962299347,
      0.4218499958515167,
      1.0,
      0.4098310172557831,
      0.3625609576702118,
      0.2557585835456848,
      0.33913087844848633,
      0.3472614884376526,
      0.35542821884155273,
      0.3767213225364685,
      0.32746821641921997,
      0.377000629901886
    ],
    [
      0.31696760654449463,
      0.4065020680427551,
      0.2389048933982849,
      0.26676449179649353,
      0.4796487092971802,
      0.3266160190105438,
      0.4098310172557831,
      1.0,
      0.2705552875995636,
      0.3259985148906708,
      0.31436780095100403,
      0.3328770697116852,
      0.21300217509269714,
      0.2426944226026535,
      0.2938815653324127,
      0.3252978026866913
    ],
    [
      0.24400416016578674,
      0.276061087846756,
      0.28918421268463135,
      0.2365315556526184,
      0.3382295072078705,
      0.3017989993095398,
      0.3625609576702118,
      0.2705552875995636,
      0.9999999403953552,
      0.3079243004322052,
      0.44492602348327637,
      0.30816951394081116,
      0.35530468821525574,
      0.4280907213687897,
      0.32550302147865295,
      0.3815660774707794
    ],
    [
      0.25293493270874023,
      0.3480694591999054,
      0.28977811336517334,
      0.23447607457637787,
      0.45628711581230164,
      0.3226414620876312,
      0.2557585835456848,
      0.3259985148906708,
      0.3079243004322052,
      1.0000001192092896,
      0.30399298667907715,
      0.3434971272945404,
      0.3068937659263611,
      0.35051411390304565,
      0.3150549829006195,
      0.3138200342655182
    ],
    [
      0.3056122958660126,
      0.3688634932041168,
      0.34780213236808777,
      0.27105170488357544,
      0.37182244658470154,
      0.23469185829162598,
      0.33913087844848633,
      0.31436780095100403,
      0.44492602348327637,
      0.30399298667907715,
      1.0,
      0.34165525436401367,
      0.2732482850551605,
      0.3491823375225067,
      0.32765474915504456,
      0.3677220344543457
    ],
    [
      0.3465341627597809,
      0.29981115460395813,
      0.3961215019226074,
      0.33520910143852234,
      0.32204142212867737,
      0.28779786825180054,
      0.3472614884376526,
      0.3328770697116852,
      0.30816951394081116,
      0.3434971272945404,
      0.34165525436401367,
      1.0,
      0.2201208770275116,
      0.3061295449733734,
      0.21637924015522003,
      0.3228989541530609
    ],
    [
      0.23826053738594055,
      0.19098564982414246,
      0.2550060749053955,
      0.10822469741106033,
      0.30733054876327515,
      0.32740116119384766,
      0.35542821884155273,
      0.21300217509269714,
      0.35530468821525574,
      0.3068937659263611,
      0.2732482850551605,
      0.2201208770275116,
      0.9999999403953552,
      0.5213502645492554,
      0.590440571308136,
      0.6319159865379333
    ],
    [
      0.21021032333374023,
      0.31196850538253784,
      0.3239750266075134,
      0.1941017061471939,
      0.3623802363872528,
      0.24402835965156555,
      0.3767213225364685,
      0.2426944226026535,
      0.4280907213687897,
      0.35051411390304565,
      0.3491823375225067,
      0.3061295449733734,
      0.5213502645492554,
      1.0,
      0.4689998924732208,
      0.6024186611175537
    ],
    [
      0.2175176441669464,
      0.2550336420536041,
      0.2556496262550354,
      0.1582917422056198,
      0.2962242364883423,
      0.26145511865615845,
      0.32746821641921997,
      0.2938815653324127,
      0.32550302147865295,
      0.3150549829006195,
      0.32765474915504456,
      0.21637924015522003,
      0.590440571308136,
      0.4689998924732208,
      1.0,
      0.6023425459861755
    ],
    [
      0.260419636964798,
      0.328031986951828,
      0.30373501777648926,
      0.19923007488250732,
      0.3841743469238281,
      0.34595784544944763,
      0.377000629901886,
      0.3252978026866913,
      0.3815660774707794,
      0.3138200342655182,
      0.3677220344543457,
      0.3228989541530609,
      0.6319159865379333,
      0.6024186611175537,
      0.6023425459861755,
      1.0
    ]
  ]
}