{"game_number":84,"words":["BENEFIT","FRUIT","RETURN","REWARD","EGG","EVERYTHING","PLAIN","POPPY","ACT","DIRECT","PRODUCE","WRITE","FRANK","MUM","VAMP","WERE"],"adjacency_matrix":[[1.0,0.39869749546051025,0.5407184958457947,0.6080381274223328,0.2895277738571167,0.42190685868263245,0.4052278697490692,0.27894705533981323,0.5524963736534119,0.585892379283905,0.5059111714363098,0.3043230473995209,0.27352699637413025,0.27928757667541504,0.15993137657642365,0.390997976064682],[0.39869749546051025,1.0,0.35512682795524597,0.4143981337547302,0.437960684299469,0.316761314868927,0.35810622572898865,0.410250186920166,0.3164248764514923,0.4045639932155609,0.4987328350543976,0.19958201050758362,0.24654914438724518,0.26494601368904114,0.1769125610589981,0.26379865407943726],[0.5407184958457947,0.35512682795524597,1.0,0.549432635307312,0.28085631132125854,0.38551270961761475,0.40795376896858215,0.30526214838027954,0.4995679557323456,0.5682873725891113,0.5353929400444031,0.4839889109134674,0.31378623843193054,0.3133790194988251,0.19961540400981903,0.34654760360717773],[0.6080381274223328,0.4143981337547302,0.549432635307312,1.0,0.28407230973243713,0.32581421732902527,0.3203616738319397,0.31406480073928833,0.46442514657974243,0.4848631024360657,0.47098925709724426,0.29767218232154846,0.2862629294395447,0.23773281276226044,0.15918491780757904,0.2597982585430145],[0.2895277738571167,0.437960684299469,0.28085631132125854,0.28407230973243713,1.0,0.2786755859851837,0.28048986196517944,0.26027560234069824,0.263862282037735,0.29035958647727966,0.30395421385765076,0.1556999832391739,0.21984827518463135,0.34548264741897583,0.25237131118774414,0.18570572137832642],[0.42190685868263245,0.316761314868927,0.38551270961761475,0.32581421732902527,0.2786755859851837,1.0,0.4322305917739868,0.27581971883773804,0.4276180863380432,0.3867925703525543,0.4093484580516815,0.42801597714424133,0.26464101672172546,0.35766562819480896,0.23495186865329742,0.3992399573326111],[0.4052278697490692,0.35810622572898865,0.40795376896858215,0.3203616738319397,0.28048986196517944,0.4322305917739868,1.0,0.3986533284187317,0.429370254278183,0.45298051834106445,0.4141063690185547,0.39211341738700867,0.4280003309249878,0.3110482692718506,0.269359827041626,0.411896288394928],[0.27894705533981323,0.410250186920166,0.30526214838027954,0.31406480073928833,0.26027560234069824,0.27581971883773804,0.3986533284187317,1.0,0.30838268995285034,0.2981258034706116,0.3507072925567627,0.2601132094860077,0.280988484621048,0.31754249334335327,0.24298104643821716,0.24347373843193054],[0.5524963736534119,0.3164248764514923,0.4995679557323456,0.46442514657974243,0.263862282037735,0.4276180863380432,0.429370254278183,0.30838268995285034,1.0,0.5911689400672913,0.525332510471344,0.4940301477909088,0.33098188042640686,0.2680395543575287,0.3070453405380249,0.3924969434738159],[0.585892379283905,0.4045639932155609,0.5682873725891113,0.4848631024360657,0.29035958647727966,0.3867925703525543,0.45298051834106445,0.2981258034706116,0.5911689400672913,1.0,0.5996850728988647,0.48568564653396606,0.42799654603004456,0.2636045515537262,0.26359158754348755,0.3782046437263489],[0.5059111714363098,0.4987328350543976,0.5353929400444031,0.47098925709724426,0.30395421385765076,0.4093484580516815,0.4141063690185547,0.3507072925567627,0.525332510471344,0.5996850728988647,1.0,0.5745705962181091,0.28691351413726807,0.22761036455631256,0.19323532283306122,0.4301600456237793],[0.3043230473995209,0.19958201050758362,0.4839889109134674,0.29767218232154846,0.1556999832391739,0.42801597714424133,0.39211341738700867,0.2601132094860077,0.4940301477909088,0.48568564653396606,0.5745705962181091,1.0,0.3482328951358795,0.3114269971847534,0.21798337996006012,0.3096398413181305],[0.27352699637413025,0.24654914438724518,0.31378623843193054,0.2862629294395447,0.21984827518463135,0.26464101672172546,0.4280003309249878,0.280988484621048,0.33098188042640686,0.42799654603004456,0.28691351413726807,0.3482328951358795,1.0,0.31558313965797424,0.2520212233066559,0.24330155551433563],[0.27928757667541504,0.26494601368904114,0.3133790194988251,0.23773281276226044,0.34548264741897583,0.35766562819480896,0.3110482692718506,0.31754249334335327,0.2680395543575287,0.2636045515537262,0.22761036455631256,0.3114269971847534,0.31558313965797424,1.0,0.21361777186393738,0.2906174659729004],[0.15993137657642365,0.1769125610589981,0.19961540400981903,0.15918491780757904,0.25237131118774414,0.23495186865329742,0.269359827041626,0.24298104643821716,0.3070453405380249,0.26359158754348755,0.19323532283306122,0.21798337996006012,0.2520212233066559,0.21361777186393738,1.0,0.14869603514671326],[0.390997976064682,0.26379865407943726,0.34654760360717773,0.2597982585430145,0.18570572137832642,0.3992399573326111,0.411896288394928,0.24347373843193054,0.3924969434738159,0.3782046437263489,0.4301600456237793,0.3096398413181305,0.24330155551433563,0.2906174659729004,0.14869603514671326,1.0]]}