{"game_number":139,"words":["DART","HEM","PLEAT","SEAM","CAN","CURE","DRY","FREEZE","BITE","EDGE","PUNCH","SPICE","CONDO","HAW","HERO","LOO"],"adjacency_matrix":[[1.0,0.2925772964954376,0.3956039845943451,0.33677875995635986,0.3653858006000519,0.32292428612709045,0.3355455696582794,0.3363597095012665,0.4545096755027771,0.4082723557949066,0.4991307258605957,0.3946778476238251,0.254084974527359,0.2979438900947571,0.3514277935028076,0.3206844627857208],[0.2925772964954376,1.0,0.4995671212673187,0.49780699610710144,0.283412903547287,0.2929905951023102,0.3363204002380371,0.28563758730888367,0.2724946141242981,0.3701075613498688,0.23769651353359222,0.25929057598114014,0.15478479862213135,0.6040664315223694,0.22755250334739685,0.3434320390224457],[0.3956039845943451,0.4995671212673187,1.0,0.5553407073020935,0.3801628053188324,0.30486825108528137,0.38812822103500366,0.3200732171535492,0.31115689873695374,0.4511208236217499,0.39627113938331604,0.39262866973876953,0.2224486619234085,0.36648911237716675,0.306179940700531,0.3635026514530182],[0.33677875995635986,0.49780699610710144,0.5553407073020935,0.9999999403953552,0.2852506637573242,0.3117184042930603,0.39952659606933594,0.27917903661727905,0.2880299687385559,0.4791809022426605,0.3190751373767853,0.3467979431152344,0.18297016620635986,0.36381977796554565,0.2887645661830902,0.2560989558696747],[0.3653858006000519,0.283412903547287,0.3801628053188324,0.2852506637573242,1.0,0.41147133708000183,0.2933410108089447,0.4105938971042633,0.3738288879394531,0.2675667405128479,0.3129151165485382,0.3041006624698639,0.2238835096359253,0.32096150517463684,0.25074252486228943,0.3186810314655304],[0.32292428612709045,0.2929905951023102,0.30486825108528137,0.3117184042930603,0.41147133708000183,1.0,0.41074126958847046,0.45110923051834106,0.447259783744812,0.3639823794364929,0.3131919801235199,0.3841089904308319,0.24705295264720917,0.29359763860702515,0.32937678694725037,0.32579025626182556],[0.3355455696582794,0.3363204002380371,0.38812822103500366,0.39952659606933594,0.2933410108089447,0.41074126958847046,1.0,0.46681758761405945,0.37137341499328613,0.41464412212371826,0.34564998745918274,0.4424826204776764,0.2696503698825836,0.2936672270298004,0.2366078644990921,0.3984282612800598],[0.3363597095012665,0.28563758730888367,0.3200732171535492,0.27917903661727905,0.4105938971042633,0.45110923051834106,0.46681758761405945,1.0,0.38950303196907043,0.34144943952560425,0.3724689483642578,0.27812832593917847,0.278973251581192,0.23381218314170837,0.24071897566318512,0.3160870671272278],[0.4545096755027771,0.2724946141242981,0.31115689873695374,0.2880299687385559,0.3738288879394531,0.447259783744812,0.37137341499328613,0.38950303196907043,1.0,0.42607077956199646,0.5528948903083801,0.38246074318885803,0.27209022641181946,0.29039478302001953,0.2471470683813095,0.35828694701194763],[0.4082723557949066,0.3701075613498688,0.4511208236217499,0.4791809022426605,0.2675667405128479,0.3639823794364929,0.41464412212371826,0.34144943952560425,0.42607077956199646,0.9999999403953552,0.4430171251296997,0.4177030324935913,0.28254976868629456,0.2205609679222107,0.29216721653938293,0.34440308809280396],[0.4991307258605957,0.23769651353359222,0.39627113938331604,0.3190751373767853,0.3129151165485382,0.3131919801235199,0.34564998745918274,0.3724689483642578,0.5528948903083801,0.4430171251296997,1.0,0.4516685903072357,0.20564426481723785,0.28024864196777344,0.35075902938842773,0.365903377532959],[0.3946778476238251,0.25929057598114014,0.39262866973876953,0.3467979431152344,0.3041006624698639,0.3841089904308319,0.4424826204776764,0.27812832593917847,0.38246074318885803,0.4177030324935913,0.4516685903072357,1.0,0.19692030549049377,0.28343886137008667,0.3463819921016693,0.2817661166191101],[0.254084974527359,0.15478479862213135,0.2224486619234085,0.18297016620635986,0.2238835096359253,0.24705295264720917,0.2696503698825836,0.278973251581192,0.27209022641181946,0.28254976868629456,0.20564426481723785,0.19692030549049377,1.0,0.13816776871681213,0.24601130187511444,0.2939841151237488],[0.2979438900947571,0.6040664315223694,0.36648911237716675,0.36381977796554565,0.32096150517463684,0.29359763860702515,0.2936672270298004,0.23381218314170837,0.29039478302001953,0.2205609679222107,0.28024864196777344,0.28343886137008667,0.13816776871681213,1.0,0.24094365537166595,0.3038104772567749],[0.3514277935028076,0.22755250334739685,0.306179940700531,0.2887645661830902,0.25074252486228943,0.32937678694725037,0.2366078644990921,0.24071897566318512,0.2471470683813095,0.29216721653938293,0.35075902938842773,0.3463819921016693,0.24601130187511444,0.24094365537166595,0.9999999403953552,0.24959513545036316],[0.3206844627857208,0.3434320390224457,0.3635026514530182,0.2560989558696747,0.3186810314655304,0.32579025626182556,0.3984282612800598,0.3160870671272278,0.35828694701194763,0.34440308809280396,0.365903377532959,0.2817661166191101,0.2939841151237488,0.3038104772567749,0.24959513545036316,1.0]]}