{
  "game_number": 426,
  "words": [
    "BOA",
    "HEADDRESS",
    "PILLOW",
    "SHUTTLECOCK",
    "BASIC",
    "JAVA",
    "PYTHON",
    "RUBY",
    "COBRA",
    "INSPIRATION",
    "LIGHTNING",
    "UNION",
    "MONITOR",
    "SURVEY",
    "TRACK",
    "WATCH"
  ],
  "adjacency_matrix": [
    [
      1.0,
      0.36679983139038086,
      0.3133249282836914,
      0.2895379960536957,
      0.07768121361732483,
      0.26829102635383606,
      0.5322455167770386,
      0.40055274963378906,
      0.5578032732009888,
      0.08406037092208862,
      0.23350954055786133,
      0.233292818069458,
      0.17949005961418152,
      0.13322551548480988,
      0.1436358094215393,
      0.12811632454395294
    ],
    [
      0.36679983139038086,
      1.0,
      0.36862751841545105,
      0.29946374893188477,
      0.2608034312725067,
      0.17111089825630188,
      0.3047477602958679,
      0.3198326528072357,
      0.3708551228046417,
      0.3016684651374817,
      0.2529337704181671,
      0.2492533028125763,
      0.25407204031944275,
      0.26206353306770325,
      0.23881284892559052,
      0.2534211277961731
    ],
    [
      0.3133249282836914,
      0.36862751841545105,
      1.0,
      0.3509402275085449,
      0.31154096126556396,
      0.24241849780082703,
      0.2733299732208252,
      0.40322721004486084,
      0.3279635012149811,
      0.3678966462612152,
      0.2575305700302124,
      0.21829059720039368,
      0.3489879369735718,
      0.26240694522857666,
      0.2877848148345947,
      0.3780441880226135
    ],
    [
      0.2895379960536957,
      0.29946374893188477,
      0.3509402275085449,
      1.0,
      0.2581254243850708,
      0.28557589650154114,
      0.2915458381175995,
      0.3302342891693115,
      0.3328912556171417,
      0.2776153087615967,
      0.4078728258609772,
      0.28623512387275696,
      0.27764761447906494,
      0.1810918003320694,
      0.3762457072734833,
      0.30835530161857605
    ],
    [
      0.07768121361732483,
      0.2608034312725067,
      0.31154096126556396,
      0.2581254243850708,
      1.0,
      0.30105334520339966,
      0.23128074407577515,
      0.2205209583044052,
      0.19436906278133392,
      0.42112913727760315,
      0.33871975541114807,
      0.3205042779445648,
      0.30370035767555237,
      0.40129292011260986,
      0.3933619260787964,
      0.2945963442325592
    ],
    [
      0.26829102635383606,
      0.17111089825630188,
      0.24241849780082703,
      0.28557589650154114,
      0.30105334520339966,
      1.0,
      0.5429071187973022,
      0.4101712703704834,
      0.32845956087112427,
      0.1829305738210678,
      0.24371054768562317,
      0.1403735876083374,
      0.1823805719614029,
      0.13106748461723328,
      0.17242823541164398,
      0.18184368312358856
    ],
    [
      0.5322455167770386,
      0.3047477602958679,
      0.2733299732208252,
      0.2915458381175995,
      0.23128074407577515,
      0.5429071187973022,
      1.0,
      0.4915839433670044,
      0.5750668048858643,
      0.18721404671669006,
      0.254003643989563,
      0.21416671574115753,
      0.2572742700576782,
      0.21796996891498566,
      0.20776234567165375,
      0.21018177270889282
    ],
    [
      0.40055274963378906,
      0.3198326528072357,
      0.40322721004486084,
      0.3302342891693115,
      0.2205209583044052,
      0.4101712703704834,
      0.4915839433670044,
      1.0,
      0.382620632648468,
      0.23593498766422272,
      0.3313920497894287,
      0.21118591725826263,
      0.20635633170604706,
      0.13651883602142334,
      0.1913207620382309,
      0.2678520977497101
    ],
    [
      0.5578032732009888,
      0.3708551228046417,
      0.3279635012149811,
      0.3328912556171417,
      0.19436906278133392,
      0.32845956087112427,
      0.5750668048858643,
      0.382620632648468,
      1.0,
      0.18685641884803772,
      0.3452589511871338,
      0.26348164677619934,
      0.2624463140964508,
      0.18816575407981873,
      0.21691153943538666,
      0.24910196661949158
    ],
    [
      0.08406037092208862,
      0.3016684651374817,
      0.3678966462612152,
      0.2776153087615967,
      0.42112913727760315,
      0.1829305738210678,
      0.18721404671669006,
      0.23593498766422272,
      0.18685641884803772,
      1.0,
      0.3533419370651245,
      0.2953868508338928,
      0.29402831196784973,
      0.2537733316421509,
      0.3283900022506714,
      0.33905309438705444
    ],
    [
      0.23350954055786133,
      0.2529337704181671,
      0.2575305700302124,
      0.4078728258609772,
      0.33871975541114807,
      0.24371054768562317,
      0.254003643989563,
      0.3313920497894287,
      0.3452589511871338,
      0.3533419370651245,
      1.0,
      0.2673306167125702,
      0.24166060984134674,
      0.23525398969650269,
      0.2771291732788086,
      0.3222215473651886
    ],
    [
      0.233292818069458,
      0.2492533028125763,
      0.21829059720039368,
      0.28623512387275696,
      0.3205042779445648,
      0.1403735876083374,
      0.21416671574115753,
      0.21118591725826263,
      0.26348164677619934,
      0.2953868508338928,
      0.2673306167125702,
      1.0,
      0.26728877425193787,
      0.3255983591079712,
      0.29060307145118713,
      0.21464523673057556
    ],
    [
      0.17949005961418152,
      0.25407204031944275,
      0.3489879369735718,
      0.27764761447906494,
      0.30370035767555237,
      0.1823805719614029,
      0.2572742700576782,
      0.20635633170604706,
      0.2624463140964508,
      0.29402831196784973,
      0.24166060984134674,
      0.26728877425193787,
      1.0,
      0.4218944311141968,
      0.5749614238739014,
      0.6499360799789429
    ],
    [
      0.13322551548480988,
      0.26206353306770325,
      0.26240694522857666,
      0.1810918003320694,
      0.40129292011260986,
      0.13106748461723328,
      0.21796996891498566,
      0.13651883602142334,
      0.18816575407981873,
      0.2537733316421509,
      0.23525398969650269,
      0.3255983591079712,
      0.4218944311141968,
      0.9999999403953552,
      0.43134433031082153,
      0.355587363243103
    ],
    [
      0.1436358094215393,
      0.23881284892559052,
      0.2877848148345947,
      0.3762457072734833,
      0.3933619260787964,
      0.17242823541164398,
      0.20776234567165375,
      0.1913207620382309,
      0.21691153943538666,
      0.3283900022506714,
      0.2771291732788086,
      0.29060307145118713,
      0.5749614238739014,
      0.43134433031082153,
      1.0,
      0.5013502836227417
    ],
    [
      0.12811632454395294,
      0.2534211277961731,
      0.3780441880226135,
      0.30835530161857605,
      0.2945963442325592,
      0.18184368312358856,
      0.21018177270889282,
      0.2678520977497101,
      0.24910196661949158,
      0.33905309438705444,
      0.3222215473651886,
      0.21464523673057556,
      0.6499360799789429,
      0.355587363243103,
      0.5013502836227417,
      1.0
    ]
  ]
}