{"game_number":112,"words":["DESIRE","DRIVE","RESOLVE","WILL","HAT","SHORTS","SUNGLASSES","TEE","ARRAY","BATTERY","SET","SERIES","FLY","POWER","RADISH","SHOE"],"adjacency_matrix":[[1.0,0.5483764410018921,0.5210667252540588,0.46431106328964233,0.24742674827575684,0.18717104196548462,0.16794593632221222,0.24950116872787476,0.24840113520622253,0.26380154490470886,0.41907545924186707,0.24909983575344086,0.371805876493454,0.5548008680343628,0.31441283226013184,0.2744782865047455],[0.5483764410018921,1.0,0.4853576719760895,0.4879482090473175,0.28875935077667236,0.28918373584747314,0.2909316122531891,0.428955078125,0.36371734738349915,0.45343366265296936,0.5474251508712769,0.3969256281852722,0.4944450855255127,0.5173394083976746,0.2556406855583191,0.3394893705844879],[0.5210667252540588,0.4853576719760895,1.0,0.5048158168792725,0.2577715814113617,0.25093504786491394,0.2521439790725708,0.2539184093475342,0.30695101618766785,0.26430612802505493,0.4730021357536316,0.3166567385196686,0.379300057888031,0.4550425410270691,0.23397862911224365,0.2360265702009201],[0.46431106328964233,0.4879482090473175,0.5048158168792725,0.9999999403953552,0.2909510135650635,0.2946949303150177,0.23106922209262848,0.28998467326164246,0.27999430894851685,0.2353232055902481,0.5038222074508667,0.34320420026779175,0.44888463616371155,0.3929411470890045,0.25467807054519653,0.2807948887348175],[0.24742674827575684,0.28875935077667236,0.2577715814113617,0.2909510135650635,1.0,0.41334620118141174,0.5223115086555481,0.3757028877735138,0.3211576044559479,0.23781006038188934,0.36263737082481384,0.28822359442710876,0.3207278251647949,0.3393193483352661,0.3976300060749054,0.5094311833381653],[0.18717104196548462,0.28918373584747314,0.25093504786491394,0.2946949303150177,0.41334620118141174,1.0,0.47619661688804626,0.3624652624130249,0.2707935571670532,0.22005432844161987,0.3699795603752136,0.4524833559989929,0.284808874130249,0.23389357328414917,0.3370186388492584,0.38150450587272644],[0.16794593632221222,0.2909316122531891,0.2521439790725708,0.23106922209262848,0.5223115086555481,0.47619661688804626,1.0,0.2984066903591156,0.34386980533599854,0.2661174237728119,0.3355184495449066,0.2888646423816681,0.2610175311565399,0.26264098286628723,0.29433152079582214,0.420155793428421],[0.24950116872787476,0.428955078125,0.2539184093475342,0.28998467326164246,0.3757028877735138,0.3624652624130249,0.2984066903591156,1.0,0.27894461154937744,0.28540173172950745,0.40235772728919983,0.29197022318840027,0.34059658646583557,0.30131417512893677,0.270404577255249,0.43832409381866455],[0.24840113520622253,0.36371734738349915,0.30695101618766785,0.27999430894851685,0.3211576044559479,0.2707935571670532,0.34386980533599854,0.27894461154937744,1.0,0.4110410809516907,0.4629170000553131,0.3455637991428375,0.2997734248638153,0.38843658566474915,0.33395153284072876,0.24760420620441437],[0.26380154490470886,0.45343366265296936,0.26430612802505493,0.2353232055902481,0.23781006038188934,0.22005432844161987,0.2661174237728119,0.28540173172950745,0.4110410809516907,1.0,0.37333086133003235,0.3131316900253296,0.3047143816947937,0.4813600182533264,0.24001623690128326,0.3098559081554413],[0.41907545924186707,0.5474251508712769,0.4730021357536316,0.5038222074508667,0.36263737082481384,0.3699795603752136,0.3355184495449066,0.40235772728919983,0.4629170000553131,0.37333086133003235,1.0,0.5454000234603882,0.46009907126426697,0.4671873152256012,0.27487292885780334,0.3875887393951416],[0.24909983575344086,0.3969256281852722,0.3166567385196686,0.34320420026779175,0.28822359442710876,0.4524833559989929,0.2888646423816681,0.29197022318840027,0.3455637991428375,0.3131316900253296,0.5454000234603882,0.9999999403953552,0.2837018072605133,0.3404366075992584,0.24676676094532013,0.27520352602005005],[0.371805876493454,0.4944450855255127,0.379300057888031,0.44888463616371155,0.3207278251647949,0.284808874130249,0.2610175311565399,0.34059658646583557,0.2997734248638153,0.3047143816947937,0.46009907126426697,0.2837018072605133,1.0,0.3769764304161072,0.33545932173728943,0.30027300119400024],[0.5548008680343628,0.5173394083976746,0.4550425410270691,0.3929411470890045,0.3393193483352661,0.23389357328414917,0.26264098286628723,0.30131417512893677,0.38843658566474915,0.4813600182533264,0.4671873152256012,0.3404366075992584,0.3769764304161072,0.9999999403953552,0.35288912057876587,0.35057422518730164],[0.31441283226013184,0.2556406855583191,0.23397862911224365,0.25467807054519653,0.3976300060749054,0.3370186388492584,0.29433152079582214,0.270404577255249,0.33395153284072876,0.24001623690128326,0.27487292885780334,0.24676676094532013,0.33545932173728943,0.35288912057876587,0.9999999403953552,0.36339402198791504],[0.2744782865047455,0.3394893705844879,0.2360265702009201,0.2807948887348175,0.5094311833381653,0.38150450587272644,0.420155793428421,0.43832409381866455,0.24760420620441437,0.3098559081554413,0.3875887393951416,0.27520352602005005,0.30027300119400024,0.35057422518730164,0.36339402198791504,0.9999999403953552]]}