{
  "game_number": 612,
  "words": [
    "BRAKE",
    "CHAIN",
    "SADDLE",
    "SPOKE",
    "HAWK",
    "MOVE",
    "PEDDLE",
    "VEND",
    "CHIN",
    "CUB",
    "MALT",
    "TONG",
    "KANGAROO",
    "KOALA",
    "WALLABY",
    "WOMBAT"
  ],
  "adjacency_matrix": [
    [
      1.0,
      0.4326045513153076,
      0.47070828080177307,
      0.2795025408267975,
      0.3100545406341553,
      0.33960673213005066,
      0.3857899010181427,
      0.36036768555641174,
      0.2678711414337158,
      0.21594353020191193,
      0.2612069845199585,
      0.32411274313926697,
      0.24743033945560455,
      0.23313108086585999,
      0.2705083191394806,
      0.24867789447307587
    ],
    [
      0.4326045513153076,
      1.0,
      0.4387361705303192,
      0.2751537263393402,
      0.2854071259498596,
      0.3677884042263031,
      0.3087398111820221,
      0.37620964646339417,
      0.2833404839038849,
      0.17705273628234863,
      0.26524579524993896,
      0.3243445158004761,
      0.3114132881164551,
      0.2079111635684967,
      0.27613410353660583,
      0.2377217561006546
    ],
    [
      0.47070828080177307,
      0.4387361705303192,
      1.0000001192092896,
      0.30430883169174194,
      0.35373273491859436,
      0.40443456172943115,
      0.38930544257164,
      0.3451372981071472,
      0.4616195857524872,
      0.1916746199131012,
      0.277875155210495,
      0.31188786029815674,
      0.3311666250228882,
      0.24807946383953094,
      0.34573331475257874,
      0.32630449533462524
    ],
    [
      0.2795025408267975,
      0.2751537263393402,
      0.30430883169174194,
      1.0,
      0.2615804672241211,
      0.3985145390033722,
      0.3136374354362488,
      0.23643940687179565,
      0.29205122590065,
      0.1440187394618988,
      0.14078281819820404,
      0.309814989566803,
      0.10171230137348175,
      0.11969772726297379,
      0.23606090247631073,
      0.16130556166172028
    ],
    [
      0.3100545406341553,
      0.2854071259498596,
      0.35373273491859436,
      0.2615804672241211,
      1.0,
      0.2617116868495941,
      0.4253453016281128,
      0.30669400095939636,
      0.2652758061885834,
      0.29497087001800537,
      0.18584507703781128,
      0.3028542697429657,
      0.3139471709728241,
      0.24626688659191132,
      0.3252052366733551,
      0.31199929118156433
    ],
    [
      0.33960673213005066,
      0.3677884042263031,
      0.40443456172943115,
      0.3985145390033722,
      0.2617116868495941,
      0.9999999403953552,
      0.39201346039772034,
      0.37142330408096313,
      0.3205399215221405,
      0.14981387555599213,
      0.19133251905441284,
      0.2755153477191925,
      0.17876742780208588,
      0.13317620754241943,
      0.2755659520626068,
      0.22010736167430878
    ],
    [
      0.3857899010181427,
      0.3087398111820221,
      0.38930544257164,
      0.3136374354362488,
      0.4253453016281128,
      0.39201346039772034,
      1.0,
      0.5019896626472473,
      0.2007298320531845,
      0.062100850045681,
      0.2500809133052826,
      0.35300973057746887,
      0.174308180809021,
      0.08822701126337051,
      0.1343989223241806,
      0.1853407621383667
    ],
    [
      0.36036768555641174,
      0.37620964646339417,
      0.3451372981071472,
      0.23643940687179565,
      0.30669400095939636,
      0.37142330408096313,
      0.5019896626472473,
      1.0,
      0.22955016791820526,
      0.18065525591373444,
      0.32698944211006165,
      0.3642727732658386,
      0.21489188075065613,
      0.16522054374217987,
      0.20698030292987823,
      0.2543887197971344
    ],
    [
      0.2678711414337158,
      0.2833404839038849,
      0.4616195857524872,
      0.29205122590065,
      0.2652758061885834,
      0.3205399215221405,
      0.2007298320531845,
      0.22955016791820526,
      1.0,
      0.23920749127864838,
      0.2681346833705902,
      0.4638081192970276,
      0.31509724259376526,
      0.2661074101924896,
      0.28072184324264526,
      0.2604914903640747
    ],
    [
      0.21594353020191193,
      0.17705273628234863,
      0.1916746199131012,
      0.1440187394618988,
      0.29497087001800537,
      0.14981387555599213,
      0.062100850045681,
      0.18065525591373444,
      0.23920749127864838,
      1.0,
      0.2003474235534668,
      0.1886577308177948,
      0.34523916244506836,
      0.4651414453983307,
      0.4537436068058014,
      0.42859789729118347
    ],
    [
      0.2612069845199585,
      0.26524579524993896,
      0.277875155210495,
      0.14078281819820404,
      0.18584507703781128,
      0.19133251905441284,
      0.2500809133052826,
      0.32698944211006165,
      0.2681346833705902,
      0.2003474235534668,
      1.0,
      0.3114308714866638,
      0.2733246982097626,
      0.13237957656383514,
      0.2468925416469574,
      0.21608100831508636
    ],
    [
      0.32411274313926697,
      0.3243445158004761,
      0.31188786029815674,
      0.309814989566803,
      0.3028542697429657,
      0.2755153477191925,
      0.35300973057746887,
      0.3642727732658386,
      0.4638081192970276,
      0.1886577308177948,
      0.3114308714866638,
      1.0,
      0.2849598228931427,
      0.19524571299552917,
      0.27565279603004456,
      0.21435342729091644
    ],
    [
      0.24743033945560455,
      0.3114132881164551,
      0.3311666250228882,
      0.10171230137348175,
      0.3139471709728241,
      0.17876742780208588,
      0.174308180809021,
      0.21489188075065613,
      0.31509724259376526,
      0.34523916244506836,
      0.2733246982097626,
      0.2849598228931427,
      1.0,
      0.6878008842468262,
      0.6396217942237854,
      0.5894016623497009
    ],
    [
      0.23313108086585999,
      0.2079111635684967,
      0.24807946383953094,
      0.11969772726297379,
      0.24626688659191132,
      0.13317620754241943,
      0.08822701126337051,
      0.16522054374217987,
      0.2661074101924896,
      0.4651414453983307,
      0.13237957656383514,
      0.19524571299552917,
      0.6878008842468262,
      1.0,
      0.5926864147186279,
      0.6399591565132141
    ],
    [
      0.2705083191394806,
      0.27613410353660583,
      0.34573331475257874,
      0.23606090247631073,
      0.3252052366733551,
      0.2755659520626068,
      0.1343989223241806,
      0.20698030292987823,
      0.28072184324264526,
      0.4537436068058014,
      0.2468925416469574,
      0.27565279603004456,
      0.6396217942237854,
      0.5926864147186279,
      1.0,
      0.6512165069580078
    ],
    [
      0.24867789447307587,
      0.2377217561006546,
      0.32630449533462524,
      0.16130556166172028,
      0.31199929118156433,
      0.22010736167430878,
      0.1853407621383667,
      0.2543887197971344,
      0.2604914903640747,
      0.42859789729118347,
      0.21608100831508636,
      0.21435342729091644,
      0.5894016623497009,
      0.6399591565132141,
      0.6512165069580078,
      1.0
    ]
  ]
}