{"game_number":10,"words":["DOWN","LEFT","RIGHT","UP","BACK","CHAMPION","ENDORSE","SUPPORT","CON","DING","MINUS","STRIKE","BASE","LIAR","LOOT","SYMBOL"],"adjacency_matrix":[[1.0,0.54877108335495,0.5284098386764526,0.8275591731071472,0.7816006541252136,0.27460649609565735,0.2878723740577698,0.39122870564460754,0.260595440864563,0.31681597232818604,0.33209842443466187,0.467204213142395,0.4485774338245392,0.2551928162574768,0.3539160490036011,0.22465090453624725],[0.54877108335495,0.9999999403953552,0.6636682152748108,0.5198171138763428,0.6145880818367004,0.34423398971557617,0.29009681940078735,0.43469342589378357,0.26315364241600037,0.28541117906570435,0.3881336748600006,0.41299664974212646,0.41777029633522034,0.20297996699810028,0.358622670173645,0.3089257776737213],[0.5284098386764526,0.6636682152748108,1.0,0.5375844240188599,0.587609589099884,0.3761712908744812,0.3919312059879303,0.4888205826282501,0.30706506967544556,0.32328423857688904,0.38491562008857727,0.4518292248249054,0.48032721877098083,0.22299431264400482,0.3390919864177704,0.38441887497901917],[0.8275591731071472,0.5198171138763428,0.5375844240188599,1.0,0.7461174130439758,0.27595144510269165,0.31451305747032166,0.4751357138156891,0.2311786264181137,0.31445735692977905,0.29727455973625183,0.37014615535736084,0.4238998591899872,0.23826554417610168,0.33496803045272827,0.21589873731136322],[0.7816006541252136,0.6145880818367004,0.587609589099884,0.7461174130439758,1.0,0.36965298652648926,0.31947192549705505,0.5378342270851135,0.27788791060447693,0.35605648159980774,0.3849993050098419,0.477416455745697,0.5216741561889648,0.2390139102935791,0.3720168173313141,0.2813118100166321],[0.27460649609565735,0.34423398971557617,0.3761712908744812,0.27595144510269165,0.36965298652648926,1.0,0.3593796193599701,0.41451796889305115,0.28273171186447144,0.28915926814079285,0.28605416417121887,0.3016277551651001,0.30864793062210083,0.2730167806148529,0.24038872122764587,0.33948490023612976],[0.2878723740577698,0.29009681940078735,0.3919312059879303,0.31451305747032166,0.31947192549705505,0.3593796193599701,1.0,0.6090399622917175,0.250560462474823,0.2804258465766907,0.2318517118692398,0.3482433557510376,0.3304264545440674,0.2400290071964264,0.26939836144447327,0.27179449796676636],[0.39122870564460754,0.43469342589378357,0.4888205826282501,0.4751357138156891,0.5378342270851135,0.41451796889305115,0.6090399622917175,1.0,0.3336977958679199,0.282922625541687,0.3298797905445099,0.46313712000846863,0.5981203317642212,0.23812782764434814,0.334554523229599,0.32155829668045044],[0.260595440864563,0.26315364241600037,0.30706506967544556,0.2311786264181137,0.27788791060447693,0.28273171186447144,0.250560462474823,0.3336977958679199,1.0,0.36975863575935364,0.3538784086704254,0.2935890853404999,0.299302339553833,0.3617710471153259,0.28323566913604736,0.21500740945339203],[0.31681597232818604,0.28541117906570435,0.32328423857688904,0.31445735692977905,0.35605648159980774,0.28915926814079285,0.2804258465766907,0.282922625541687,0.36975863575935364,1.0,0.3011931777000427,0.3296085000038147,0.3006911873817444,0.24424125254154205,0.30598416924476624,0.3026410937309265],[0.33209842443466187,0.3881336748600006,0.38491562008857727,0.29727455973625183,0.3849993050098419,0.28605416417121887,0.2318517118692398,0.3298797905445099,0.3538784086704254,0.3011931777000427,1.0,0.24509328603744507,0.43771713972091675,0.20990340411663055,0.29854387044906616,0.39340826869010925],[0.467204213142395,0.41299664974212646,0.4518292248249054,0.37014615535736084,0.477416455745697,0.3016277551651001,0.3482433557510376,0.46313712000846863,0.2935890853404999,0.3296085000038147,0.24509328603744507,1.0,0.4449901282787323,0.20102691650390625,0.3701722323894501,0.28637370467185974],[0.4485774338245392,0.41777029633522034,0.48032721877098083,0.4238998591899872,0.5216741561889648,0.30864793062210083,0.3304264545440674,0.5981203317642212,0.299302339553833,0.3006911873817444,0.43771713972091675,0.4449901282787323,1.0,0.19575241208076477,0.3341018855571747,0.40810075402259827],[0.2551928162574768,0.20297996699810028,0.22299431264400482,0.23826554417610168,0.2390139102935791,0.2730167806148529,0.2400290071964264,0.23812782764434814,0.3617710471153259,0.24424125254154205,0.20990340411663055,0.20102691650390625,0.19575241208076477,1.0,0.19815503060817719,0.18349429965019226],[0.3539160490036011,0.358622670173645,0.3390919864177704,0.33496803045272827,0.3720168173313141,0.24038872122764587,0.26939836144447327,0.334554523229599,0.28323566913604736,0.30598416924476624,0.29854387044906616,0.3701722323894501,0.3341018855571747,0.19815503060817719,0.9999999403953552,0.21625544130802155],[0.22465090453624725,0.3089257776737213,0.38441887497901917,0.21589873731136322,0.2813118100166321,0.33948490023612976,0.27179449796676636,0.32155829668045044,0.21500740945339203,0.3026410937309265,0.39340826869010925,0.28637370467185974,0.40810075402259827,0.18349429965019226,0.21625544130802155,1.0]]}