{
  "game_number": 335,
  "words": [
    "DOWN",
    "HEEL",
    "SHAKE",
    "SPEAK",
    "FLAT",
    "NATURAL",
    "QUARTER",
    "WHOLE",
    "PUMP",
    "STEAM",
    "TIRE",
    "WAFFLE",
    "GRIDDLE",
    "KETTLE",
    "PAN",
    "POT"
  ],
  "adjacency_matrix": [
    [
      1.0,
      0.39351987838745117,
      0.48770439624786377,
      0.47505077719688416,
      0.4953029155731201,
      0.2751109004020691,
      0.39362987875938416,
      0.44151759147644043,
      0.3747884929180145,
      0.3713970184326172,
      0.4139496386051178,
      0.31691646575927734,
      0.32739248871803284,
      0.3216041624546051,
      0.4050551652908325,
      0.39116451144218445
    ],
    [
      0.39351987838745117,
      1.0,
      0.4317050278186798,
      0.2538363039493561,
      0.3128320574760437,
      0.29784515500068665,
      0.30294251441955566,
      0.3095674514770508,
      0.3749098479747772,
      0.2542373538017273,
      0.4246847629547119,
      0.26497766375541687,
      0.34615176916122437,
      0.22319811582565308,
      0.3145541846752167,
      0.2629016935825348
    ],
    [
      0.48770439624786377,
      0.4317050278186798,
      1.0,
      0.45927223563194275,
      0.4111720025539398,
      0.31476765871047974,
      0.32220256328582764,
      0.4355117678642273,
      0.3928931951522827,
      0.386778324842453,
      0.4514691233634949,
      0.39823147654533386,
      0.38053396344184875,
      0.34497761726379395,
      0.4695340692996979,
      0.4374011158943176
    ],
    [
      0.47505077719688416,
      0.2538363039493561,
      0.45927223563194275,
      0.9999999403953552,
      0.31127527356147766,
      0.31471115350723267,
      0.3432566523551941,
      0.3835325241088867,
      0.32868850231170654,
      0.3057125508785248,
      0.3402121961116791,
      0.37539997696876526,
      0.2853914499282837,
      0.2634824216365814,
      0.3497036397457123,
      0.2396431714296341
    ],
    [
      0.4953029155731201,
      0.3128320574760437,
      0.4111720025539398,
      0.31127527356147766,
      0.9999999403953552,
      0.41050198674201965,
      0.40822312235832214,
      0.43384698033332825,
      0.3083716332912445,
      0.30306416749954224,
      0.47479820251464844,
      0.3477226495742798,
      0.467413991689682,
      0.3599660098552704,
      0.4182024300098419,
      0.40998560190200806
    ],
    [
      0.2751109004020691,
      0.29784515500068665,
      0.31476765871047974,
      0.31471115350723267,
      0.41050198674201965,
      1.0,
      0.25252464413642883,
      0.45268744230270386,
      0.28357911109924316,
      0.35532331466674805,
      0.38386446237564087,
      0.28164753317832947,
      0.3219727575778961,
      0.2674631178379059,
      0.28832200169563293,
      0.30133652687072754
    ],
    [
      0.39362987875938416,
      0.30294251441955566,
      0.32220256328582764,
      0.3432566523551941,
      0.40822312235832214,
      0.25252464413642883,
      1.0,
      0.43034452199935913,
      0.2282717525959015,
      0.34070712327957153,
      0.34053632616996765,
      0.1736992746591568,
      0.28074222803115845,
      0.20733575522899628,
      0.2546955943107605,
      0.3138364255428314
    ],
    [
      0.44151759147644043,
      0.3095674514770508,
      0.4355117678642273,
      0.3835325241088867,
      0.43384698033332825,
      0.45268744230270386,
      0.43034452199935913,
      1.0,
      0.31721869111061096,
      0.3709370195865631,
      0.4019058048725128,
      0.3221009373664856,
      0.3538351058959961,
      0.34940266609191895,
      0.39120200276374817,
      0.38778451085090637
    ],
    [
      0.3747884929180145,
      0.3749098479747772,
      0.3928931951522827,
      0.32868850231170654,
      0.3083716332912445,
      0.28357911109924316,
      0.2282717525959015,
      0.31721869111061096,
      1.0,
      0.4562373459339142,
      0.42458298802375793,
      0.26848748326301575,
      0.3376113474369049,
      0.3377470076084137,
      0.3397357165813446,
      0.3613641858100891
    ],
    [
      0.3713970184326172,
      0.2542373538017273,
      0.386778324842453,
      0.3057125508785248,
      0.30306416749954224,
      0.35532331466674805,
      0.34070712327957153,
      0.3709370195865631,
      0.4562373459339142,
      1.0,
      0.38315850496292114,
      0.3582567274570465,
      0.4384509027004242,
      0.49257519841194153,
      0.43089011311531067,
      0.45530208945274353
    ],
    [
      0.4139496386051178,
      0.4246847629547119,
      0.4514691233634949,
      0.3402121961116791,
      0.47479820251464844,
      0.38386446237564087,
      0.34053632616996765,
      0.4019058048725128,
      0.42458298802375793,
      0.38315850496292114,
      1.0,
      0.39335083961486816,
      0.41791653633117676,
      0.3063354194164276,
      0.3777651786804199,
      0.3403998613357544
    ],
    [
      0.31691646575927734,
      0.26497766375541687,
      0.39823147654533386,
      0.37539997696876526,
      0.3477226495742798,
      0.28164753317832947,
      0.1736992746591568,
      0.3221009373664856,
      0.26848748326301575,
      0.3582567274570465,
      0.39335083961486816,
      1.0,
      0.4577431082725525,
      0.35287240147590637,
      0.3929174542427063,
      0.32836398482322693
    ],
    [
      0.32739248871803284,
      0.34615176916122437,
      0.38053396344184875,
      0.2853914499282837,
      0.467413991689682,
      0.3219727575778961,
      0.28074222803115845,
      0.3538351058959961,
      0.3376113474369049,
      0.4384509027004242,
      0.41791653633117676,
      0.4577431082725525,
      0.9999999403953552,
      0.44101381301879883,
      0.5264087915420532,
      0.4687175750732422
    ],
    [
      0.3216041624546051,
      0.22319811582565308,
      0.34497761726379395,
      0.2634824216365814,
      0.3599660098552704,
      0.2674631178379059,
      0.20733575522899628,
      0.34940266609191895,
      0.3377470076084137,
      0.49257519841194153,
      0.3063354194164276,
      0.35287240147590637,
      0.44101381301879883,
      1.0,
      0.5071269273757935,
      0.6701842546463013
    ],
    [
      0.4050551652908325,
      0.3145541846752167,
      0.4695340692996979,
      0.3497036397457123,
      0.4182024300098419,
      0.28832200169563293,
      0.2546955943107605,
      0.39120200276374817,
      0.3397357165813446,
      0.43089011311531067,
      0.3777651786804199,
      0.3929174542427063,
      0.5264087915420532,
      0.5071269273757935,
      1.0,
      0.6092371344566345
    ],
    [
      0.39116451144218445,
      0.2629016935825348,
      0.4374011158943176,
      0.2396431714296341,
      0.40998560190200806,
      0.30133652687072754,
      0.3138364255428314,
      0.38778451085090637,
      0.3613641858100891,
      0.45530208945274353,
      0.3403998613357544,
      0.32836398482322693,
      0.4687175750732422,
      0.6701842546463013,
      0.6092371344566345,
      1.0
    ]
  ]
}