{"game_number":170,"words":["COCOA","COFFEE","MATE","TEA","BORING","DULL","MUNDANE","VANILLA","ACT","BIT","ROUTINE","SET","DIRTY","DRY","TWIST","UP"],"adjacency_matrix":[[0.9999999403953552,0.69037264585495,0.19675667583942413,0.5570143461227417,0.26526501774787903,0.26972177624702454,0.2370886504650116,0.6196485757827759,0.1553957611322403,0.2556397020816803,0.22298245131969452,0.1770963966846466,0.2902301549911499,0.35142582654953003,0.21405036747455597,0.16988766193389893],[0.69037264585495,1.0,0.2838936150074005,0.7583761215209961,0.29069268703460693,0.3123464584350586,0.28026312589645386,0.5116883516311646,0.26171475648880005,0.2864522337913513,0.3220209777355194,0.31957128643989563,0.37593749165534973,0.41435670852661133,0.24227969348430634,0.28720998764038086],[0.19675667583942413,0.2838936150074005,1.0,0.28519681096076965,0.31300088763237,0.319629967212677,0.21711629629135132,0.24394632875919342,0.4156997799873352,0.3512499928474426,0.31733909249305725,0.36299219727516174,0.3475101888179779,0.31818103790283203,0.29712891578674316,0.3935544192790985],[0.5570143461227417,0.7583761215209961,0.28519681096076965,1.0,0.25001370906829834,0.29854241013526917,0.21023935079574585,0.43032485246658325,0.2852725684642792,0.29887959361076355,0.32100817561149597,0.29888349771499634,0.32839083671569824,0.3911536931991577,0.2208416610956192,0.27941179275512695],[0.26526501774787903,0.29069268703460693,0.31300088763237,0.25001370906829834,0.9999999403953552,0.8222466707229614,0.612777054309845,0.3936561048030853,0.2945367693901062,0.4843645393848419,0.5179895758628845,0.32803234457969666,0.5498802661895752,0.5523606538772583,0.3923235833644867,0.3301420211791992],[0.26972177624702454,0.3123464584350586,0.319629967212677,0.29854241013526917,0.8222466707229614,1.0,0.6159781813621521,0.3943382203578949,0.3155282139778137,0.5018845200538635,0.44475552439689636,0.3339593708515167,0.5729494690895081,0.6286022067070007,0.3767373859882355,0.34579095244407654],[0.2370886504650116,0.28026312589645386,0.21711629629135132,0.21023935079574585,0.612777054309845,0.6159781813621521,1.0,0.3753592073917389,0.2525401711463928,0.3677239418029785,0.5639485120773315,0.2528080642223358,0.4357096552848816,0.42639827728271484,0.3440062403678894,0.23075631260871887],[0.6196485757827759,0.5116883516311646,0.24394632875919342,0.43032485246658325,0.3936561048030853,0.3943382203578949,0.3753592073917389,1.0,0.2527810335159302,0.33608511090278625,0.3477250635623932,0.2437366545200348,0.37431931495666504,0.4353451728820801,0.2994886040687561,0.1692408323287964],[0.1553957611322403,0.26171475648880005,0.4156997799873352,0.2852725684642792,0.2945367693901062,0.3155282139778137,0.2525401711463928,0.2527810335159302,1.0,0.4268966019153595,0.52254319190979,0.5552621483802795,0.36749333143234253,0.3023965358734131,0.4232048988342285,0.4125756025314331],[0.2556397020816803,0.2864522337913513,0.3512499928474426,0.29887959361076355,0.4843645393848419,0.5018845200538635,0.3677239418029785,0.33608511090278625,0.4268966019153595,1.0,0.4294463098049164,0.43544068932533264,0.4912872910499573,0.4161262810230255,0.4830694794654846,0.4736067056655884],[0.22298245131969452,0.3220209777355194,0.31733909249305725,0.32100817561149597,0.5179895758628845,0.44475552439689636,0.5639485120773315,0.3477250635623932,0.52254319190979,0.4294463098049164,1.0,0.4614001512527466,0.48890984058380127,0.40059372782707214,0.3634895086288452,0.30291563272476196],[0.1770963966846466,0.31957128643989563,0.36299219727516174,0.29888349771499634,0.32803234457969666,0.3339593708515167,0.2528080642223358,0.2437366545200348,0.5552621483802795,0.43544068932533264,0.4614001512527466,1.0,0.3364003002643585,0.3774091899394989,0.43399578332901,0.5877182483673096],[0.2902301549911499,0.37593749165534973,0.3475101888179779,0.32839083671569824,0.5498802661895752,0.5729494690895081,0.4357096552848816,0.37431931495666504,0.36749333143234253,0.4912872910499573,0.48890984058380127,0.3364003002643585,0.9999999403953552,0.5667659640312195,0.3559741973876953,0.3561056852340698],[0.35142582654953003,0.41435670852661133,0.31818103790283203,0.3911536931991577,0.5523606538772583,0.6286022067070007,0.42639827728271484,0.4353451728820801,0.3023965358734131,0.4161262810230255,0.40059372782707214,0.3774091899394989,0.5667659640312195,1.0,0.3489556312561035,0.4144783020019531],[0.21405036747455597,0.24227969348430634,0.29712891578674316,0.2208416610956192,0.3923235833644867,0.3767373859882355,0.3440062403678894,0.2994886040687561,0.4232048988342285,0.4830694794654846,0.3634895086288452,0.43399578332901,0.3559741973876953,0.3489556312561035,0.9999999403953552,0.3296920657157898],[0.16988766193389893,0.28720998764038086,0.3935544192790985,0.27941179275512695,0.3301420211791992,0.34579095244407654,0.23075631260871887,0.1692408323287964,0.4125756025314331,0.4736067056655884,0.30291563272476196,0.5877182483673096,0.3561056852340698,0.4144783020019531,0.3296920657157898,1.0]]}