{"game_number":322,"words":["ARIZONA","COLORADO","NEVADA","UTAH","CRUSH","MUG","SPRITE","SQUIRT","GENESIS","KANSAS","RUSH","YES","HAWK","MONTANA","SOPRANO","STARK"],"adjacency_matrix":[[1.0,0.6596733331680298,0.5846730470657349,0.5924361348152161,0.24347487092018127,0.1942228376865387,0.2580929398536682,0.11004921048879623,0.2392859011888504,0.5502870678901672,0.2250324785709381,0.293374627828598,0.22664602100849152,0.5574036240577698,0.2684445083141327,0.17851229012012482],[0.6596733331680298,1.0,0.6471372842788696,0.6300250887870789,0.3220774829387665,0.2927863299846649,0.3296494483947754,0.24589307606220245,0.2693789601325989,0.6385709047317505,0.30693280696868896,0.2641071081161499,0.2719930112361908,0.6547211408615112,0.2787986397743225,0.1643107533454895],[0.5846730470657349,0.6471372842788696,1.0,0.551803708076477,0.27843937277793884,0.24793168902397156,0.27324774861335754,0.1809113472700119,0.26901331543922424,0.6018531918525696,0.2902947664260864,0.30750730633735657,0.2956523895263672,0.5740678906440735,0.2027464509010315,0.23803243041038513],[0.5924361348152161,0.6300250887870789,0.551803708076477,1.0,0.13296541571617126,0.1232815608382225,0.18120594322681427,0.07103782892227173,0.20780760049819946,0.6394096612930298,0.17359128594398499,0.16700591146945953,0.2447889894247055,0.5298455953598022,0.17611661553382874,0.0798095092177391],[0.24347487092018127,0.3220774829387665,0.27843937277793884,0.13296541571617126,1.0,0.3046880066394806,0.33682969212532043,0.4336550533771515,0.3087426722049713,0.2690732479095459,0.5515328645706177,0.24126775562763214,0.2846581041812897,0.3260197937488556,0.23963762819766998,0.27118971943855286],[0.1942228376865387,0.2927863299846649,0.24793168902397156,0.1232815608382225,0.3046880066394806,1.0,0.3410787582397461,0.4474729895591736,0.15310631692409515,0.22560015320777893,0.2977147102355957,0.22132223844528198,0.33640095591545105,0.2020217478275299,0.19218124449253082,0.24550479650497437],[0.2580929398536682,0.3296494483947754,0.27324774861335754,0.18120594322681427,0.33682969212532043,0.3410787582397461,1.0,0.4319656789302826,0.25693610310554504,0.19244791567325592,0.3011203706264496,0.20440568029880524,0.36354824900627136,0.29967668652534485,0.3604728579521179,0.2550791800022125],[0.11004921048879623,0.24589307606220245,0.1809113472700119,0.07103782892227173,0.4336550533771515,0.4474729895591736,0.4319656789302826,1.0,0.2213405966758728,0.18145966529846191,0.3516031503677368,0.18106350302696228,0.330020934343338,0.21543149650096893,0.20009039342403412,0.1776115894317627],[0.2392859011888504,0.2693789601325989,0.26901331543922424,0.20780760049819946,0.3087426722049713,0.15310631692409515,0.25693610310554504,0.2213405966758728,1.0,0.3055068850517273,0.27353930473327637,0.20928874611854553,0.19772253930568695,0.2726767063140869,0.22926582396030426,0.2722293436527252],[0.5502870678901672,0.6385709047317505,0.6018531918525696,0.6394096612930298,0.2690732479095459,0.22560015320777893,0.19244791567325592,0.18145966529846191,0.3055068850517273,1.0,0.25108644366264343,0.24327263236045837,0.2680985629558563,0.5044218897819519,0.1721647083759308,0.14356335997581482],[0.2250324785709381,0.30693280696868896,0.2902947664260864,0.17359128594398499,0.5515328645706177,0.2977147102355957,0.3011203706264496,0.3516031503677368,0.27353930473327637,0.25108644366264343,1.0,0.2351234257221222,0.3370451033115387,0.34154197573661804,0.22515210509300232,0.33995047211647034],[0.293374627828598,0.2641071081161499,0.30750730633735657,0.16700591146945953,0.24126775562763214,0.22132223844528198,0.20440568029880524,0.18106350302696228,0.20928874611854553,0.24327263236045837,0.2351234257221222,1.0,0.12728749215602875,0.2924933433532715,0.1849076896905899,0.2883739471435547],[0.22664602100849152,0.2719930112361908,0.2956523895263672,0.2447889894247055,0.2846581041812897,0.33640095591545105,0.36354824900627136,0.330020934343338,0.19772253930568695,0.2680985629558563,0.3370451033115387,0.12728749215602875,1.0,0.3184237778186798,0.260813444852829,0.20783878862857819],[0.5574036240577698,0.6547211408615112,0.5740678906440735,0.5298455953598022,0.3260197937488556,0.2020217478275299,0.29967668652534485,0.21543149650096893,0.2726767063140869,0.5044218897819519,0.34154197573661804,0.2924933433532715,0.3184237778186798,1.0,0.31087803840637207,0.22140361368656158],[0.2684445083141327,0.2787986397743225,0.2027464509010315,0.17611661553382874,0.23963762819766998,0.19218124449253082,0.3604728579521179,0.20009039342403412,0.22926582396030426,0.1721647083759308,0.22515210509300232,0.1849076896905899,0.260813444852829,0.31087803840637207,1.0,0.23681077361106873],[0.17851229012012482,0.1643107533454895,0.23803243041038513,0.0798095092177391,0.27118971943855286,0.24550479650497437,0.2550791800022125,0.1776115894317627,0.2722293436527252,0.14356335997581482,0.33995047211647034,0.2883739471435547,0.20783878862857819,0.22140361368656158,0.23681077361106873,1.0]]}