{
  "game_number": 528,
  "words": [
    "DRESS",
    "LOOK",
    "MANNER",
    "STYLE",
    "DITTO",
    "LIKEWISE",
    "SAME",
    "SECOND",
    "BLUE",
    "HARVEST",
    "NEW",
    "SAILOR",
    "BRASS",
    "CHEEK",
    "GALL",
    "NERVE"
  ],
  "adjacency_matrix": [
    [
      1.0,
      0.4895462393760681,
      0.49489426612854004,
      0.5687019228935242,
      0.2905151844024658,
      0.3508642315864563,
      0.33761700987815857,
      0.256401389837265,
      0.4110599160194397,
      0.36044585704803467,
      0.3567836582660675,
      0.382315069437027,
      0.3837689161300659,
      0.3615478575229645,
      0.2520328164100647,
      0.28777027130126953
    ],
    [
      0.4895462393760681,
      1.0,
      0.3897517919540405,
      0.369125634431839,
      0.3377144932746887,
      0.5204235911369324,
      0.478149950504303,
      0.36309391260147095,
      0.34797847270965576,
      0.30445995926856995,
      0.4509313702583313,
      0.28374260663986206,
      0.27786701917648315,
      0.37762120366096497,
      0.31284940242767334,
      0.2918476164340973
    ],
    [
      0.49489426612854004,
      0.3897517919540405,
      0.9999998807907104,
      0.5672452449798584,
      0.34696850180625916,
      0.45178309082984924,
      0.451810747385025,
      0.3689274489879608,
      0.2660953998565674,
      0.3370725214481354,
      0.3710314929485321,
      0.27471569180488586,
      0.30247944593429565,
      0.36374419927597046,
      0.2584950625896454,
      0.3346405625343323
    ],
    [
      0.5687019228935242,
      0.369125634431839,
      0.5672452449798584,
      1.0,
      0.35939010977745056,
      0.3380654752254486,
      0.4082452058792114,
      0.34697484970092773,
      0.36175626516342163,
      0.28113704919815063,
      0.44948649406433105,
      0.247928649187088,
      0.37009283900260925,
      0.30041947960853577,
      0.21738673746585846,
      0.2748919129371643
    ],
    [
      0.2905151844024658,
      0.3377144932746887,
      0.34696850180625916,
      0.35939010977745056,
      0.9999999403953552,
      0.5088971853256226,
      0.40089261531829834,
      0.2969658374786377,
      0.3311481773853302,
      0.25889235734939575,
      0.2738150358200073,
      0.2685248553752899,
      0.3059539794921875,
      0.26307734847068787,
      0.19393274188041687,
      0.2766358256340027
    ],
    [
      0.3508642315864563,
      0.5204235911369324,
      0.45178309082984924,
      0.3380654752254486,
      0.5088971853256226,
      1.0,
      0.5189433693885803,
      0.3857468366622925,
      0.28813016414642334,
      0.3024926781654358,
      0.3560309410095215,
      0.26738476753234863,
      0.2810452878475189,
      0.347555011510849,
      0.28100937604904175,
      0.3177863657474518
    ],
    [
      0.33761700987815857,
      0.478149950504303,
      0.451810747385025,
      0.4082452058792114,
      0.40089261531829834,
      0.5189433693885803,
      1.0,
      0.5907654166221619,
      0.37133267521858215,
      0.32376474142074585,
      0.6333315968513489,
      0.2123449742794037,
      0.2937602400779724,
      0.3505334258079529,
      0.26475855708122253,
      0.3569529056549072
    ],
    [
      0.256401389837265,
      0.36309391260147095,
      0.3689274489879608,
      0.34697484970092773,
      0.2969658374786377,
      0.3857468366622925,
      0.5907654166221619,
      0.9999999403953552,
      0.3661603033542633,
      0.34292593598365784,
      0.5834423303604126,
      0.2784232795238495,
      0.28281623125076294,
      0.3372575640678406,
      0.21523849666118622,
      0.33375084400177
    ],
    [
      0.4110599160194397,
      0.34797847270965576,
      0.2660953998565674,
      0.36175626516342163,
      0.3311481773853302,
      0.28813016414642334,
      0.37133267521858215,
      0.3661603033542633,
      1.0,
      0.3012215793132782,
      0.43570828437805176,
      0.3346216380596161,
      0.45087629556655884,
      0.3941406011581421,
      0.24773284792900085,
      0.2574392259120941
    ],
    [
      0.36044585704803467,
      0.30445995926856995,
      0.3370725214481354,
      0.28113704919815063,
      0.25889235734939575,
      0.3024926781654358,
      0.32376474142074585,
      0.34292593598365784,
      0.3012215793132782,
      1.0,
      0.3832094967365265,
      0.27894139289855957,
      0.2616397440433502,
      0.2600192725658417,
      0.3188410997390747,
      0.3136693835258484
    ],
    [
      0.3567836582660675,
      0.4509313702583313,
      0.3710314929485321,
      0.44948649406433105,
      0.2738150358200073,
      0.3560309410095215,
      0.6333315968513489,
      0.5834423303604126,
      0.43570828437805176,
      0.3832094967365265,
      0.9999999403953552,
      0.2783111035823822,
      0.41920775175094604,
      0.2819787561893463,
      0.23414252698421478,
      0.34432685375213623
    ],
    [
      0.382315069437027,
      0.28374260663986206,
      0.27471569180488586,
      0.247928649187088,
      0.2685248553752899,
      0.26738476753234863,
      0.2123449742794037,
      0.2784232795238495,
      0.3346216380596161,
      0.27894139289855957,
      0.2783111035823822,
      0.9999999403953552,
      0.3906691074371338,
      0.24909070134162903,
      0.12343457341194153,
      0.2486535608768463
    ],
    [
      0.3837689161300659,
      0.27786701917648315,
      0.30247944593429565,
      0.37009283900260925,
      0.3059539794921875,
      0.2810452878475189,
      0.2937602400779724,
      0.28281623125076294,
      0.45087629556655884,
      0.2616397440433502,
      0.41920775175094604,
      0.3906691074371338,
      1.0,
      0.361735075712204,
      0.36363527178764343,
      0.3730453848838806
    ],
    [
      0.3615478575229645,
      0.37762120366096497,
      0.36374419927597046,
      0.30041947960853577,
      0.26307734847068787,
      0.347555011510849,
      0.3505334258079529,
      0.3372575640678406,
      0.3941406011581421,
      0.2600192725658417,
      0.2819787561893463,
      0.24909070134162903,
      0.361735075712204,
      0.9999999403953552,
      0.486937552690506,
      0.4688730835914612
    ],
    [
      0.2520328164100647,
      0.31284940242767334,
      0.2584950625896454,
      0.21738673746585846,
      0.19393274188041687,
      0.28100937604904175,
      0.26475855708122253,
      0.21523849666118622,
      0.24773284792900085,
      0.3188410997390747,
      0.23414252698421478,
      0.12343457341194153,
      0.36363527178764343,
      0.486937552690506,
      1.0000001192092896,
      0.4751482605934143
    ],
    [
      0.28777027130126953,
      0.2918476164340973,
      0.3346405625343323,
      0.2748919129371643,
      0.2766358256340027,
      0.3177863657474518,
      0.3569529056549072,
      0.33375084400177,
      0.2574392259120941,
      0.3136693835258484,
      0.34432685375213623,
      0.2486535608768463,
      0.3730453848838806,
      0.4688730835914612,
      0.4751482605934143,
      1.0
    ]
  ]
}