{"game_number":374,"words":["BACKGAMMON","CHECKERS","CHESS","GO","FULL","KING","QUEEN","TWIN","CHERRY","FIRETRUCK","RUBY","STOP-SIGN","CRYPTOGRAPHY","FLORIDA","LOCKSMITH","PIANO"],"adjacency_matrix":[[1.0,0.5524341464042664,0.739230215549469,0.2372628152370453,0.2573877274990082,0.34562426805496216,0.3217613399028778,0.22500145435333252,0.2088242769241333,0.21770703792572021,0.32792386412620544,0.23837073147296906,0.33196043968200684,0.21448330581188202,0.2954425811767578,0.40927091240882874],[0.5524341464042664,1.0,0.5531046986579895,0.3241906464099884,0.27435290813446045,0.33903050422668457,0.37978750467300415,0.2526721954345703,0.24483339488506317,0.26664450764656067,0.2629344165325165,0.3308871388435364,0.27773502469062805,0.26149246096611023,0.3392375707626343,0.2965813875198364],[0.739230215549469,0.5531046986579895,1.0,0.24008208513259888,0.30406561493873596,0.4229302406311035,0.4641564190387726,0.25624674558639526,0.17095211148262024,0.24118630588054657,0.27442455291748047,0.26539766788482666,0.4141994118690491,0.2748851776123047,0.3149300217628479,0.45370906591415405],[0.2372628152370453,0.3241906464099884,0.24008208513259888,1.0,0.4222429394721985,0.3044675290584564,0.27194803953170776,0.21545736491680145,0.20763720571994781,0.3071535527706146,0.21548400819301605,0.46276792883872986,0.15241296589374542,0.3008723258972168,0.26205477118492126,0.21532362699508667],[0.2573877274990082,0.27435290813446045,0.30406561493873596,0.4222429394721985,0.9999999403953552,0.3183850049972534,0.31756794452667236,0.42746105790138245,0.2593454420566559,0.2789072096347809,0.2915365993976593,0.4463150203227997,0.1761685311794281,0.21219950914382935,0.24330441653728485,0.33310362696647644],[0.34562426805496216,0.33903050422668457,0.4229302406311035,0.3044675290584564,0.3183850049972534,1.0,0.7704246044158936,0.3602646291255951,0.2593616545200348,0.2933286130428314,0.32486405968666077,0.3160618543624878,0.20248623192310333,0.3458562195301056,0.3596150279045105,0.26118895411491394],[0.3217613399028778,0.37978750467300415,0.4641564190387726,0.27194803953170776,0.31756794452667236,0.7704246044158936,1.0,0.38415974378585815,0.2673834264278412,0.2445320188999176,0.32026609778404236,0.27550336718559265,0.1905587911605835,0.3751969635486603,0.2504267394542694,0.26184380054473877],[0.22500145435333252,0.2526721954345703,0.25624674558639526,0.21545736491680145,0.42746105790138245,0.3602646291255951,0.38415974378585815,0.9999999403953552,0.29115626215934753,0.3435083031654358,0.3229456841945648,0.40858906507492065,0.18300703167915344,0.21511732041835785,0.2562088966369629,0.29494839906692505],[0.2088242769241333,0.24483339488506317,0.17095211148262024,0.20763720571994781,0.2593454420566559,0.2593616545200348,0.2673834264278412,0.29115626215934753,1.0,0.3104303181171417,0.3635435402393341,0.32298508286476135,0.21009086072444916,0.27409276366233826,0.2322702705860138,0.3447636663913727],[0.21770703792572021,0.26664450764656067,0.24118630588054657,0.3071535527706146,0.2789072096347809,0.2933286130428314,0.2445320188999176,0.3435083031654358,0.3104303181171417,1.0,0.25519633293151855,0.4818441569805145,0.15430492162704468,0.24848347902297974,0.3870292603969574,0.373320072889328],[0.32792386412620544,0.2629344165325165,0.27442455291748047,0.21548400819301605,0.2915365993976593,0.32486405968666077,0.32026609778404236,0.3229456841945648,0.3635435402393341,0.25519633293151855,1.0,0.28615596890449524,0.24018451571464539,0.24056458473205566,0.22631724178791046,0.23390789330005646],[0.23837073147296906,0.3308871388435364,0.26539766788482666,0.46276792883872986,0.4463150203227997,0.3160618543624878,0.27550336718559265,0.40858906507492065,0.32298508286476135,0.4818441569805145,0.28615596890449524,1.0,0.33626413345336914,0.2356417030096054,0.3631114661693573,0.28457096219062805],[0.33196043968200684,0.27773502469062805,0.4141994118690491,0.15241296589374542,0.1761685311794281,0.20248623192310333,0.1905587911605835,0.18300703167915344,0.21009086072444916,0.15430492162704468,0.24018451571464539,0.33626413345336914,1.0,0.21164482831954956,0.34163138270378113,0.3155916631221771],[0.21448330581188202,0.26149246096611023,0.2748851776123047,0.3008723258972168,0.21219950914382935,0.3458562195301056,0.3751969635486603,0.21511732041835785,0.27409276366233826,0.24848347902297974,0.24056458473205566,0.2356417030096054,0.21164482831954956,1.0,0.21113499999046326,0.21949893236160278],[0.2954425811767578,0.3392375707626343,0.3149300217628479,0.26205477118492126,0.24330441653728485,0.3596150279045105,0.2504267394542694,0.2562088966369629,0.2322702705860138,0.3870292603969574,0.22631724178791046,0.3631114661693573,0.34163138270378113,0.21113499999046326,1.0,0.35980579257011414],[0.40927091240882874,0.2965813875198364,0.45370906591415405,0.21532362699508667,0.33310362696647644,0.26118895411491394,0.26184380054473877,0.29494839906692505,0.3447636663913727,0.373320072889328,0.23390789330005646,0.28457096219062805,0.3155916631221771,0.21949893236160278,0.35980579257011414,1.0000001192092896]]}