{
  "game_number": 316,
  "words": [
    "COURT",
    "DATE",
    "SEE",
    "WOO",
    "DROVE",
    "HOST",
    "PACK",
    "SEA",
    "AURA",
    "PALM",
    "TAROT",
    "TEA",
    "CHANNEL",
    "MENU",
    "POWER",
    "VOLUME"
  ],
  "adjacency_matrix": [
    [
      1.0,
      0.40545886754989624,
      0.326468288898468,
      0.2396032214164734,
      0.3356383740901947,
      0.38350293040275574,
      0.359129399061203,
      0.36559292674064636,
      0.1641170084476471,
      0.25564682483673096,
      0.2458690106868744,
      0.29439684748649597,
      0.35156092047691345,
      0.323231041431427,
      0.4174557030200958,
      0.2666982412338257
    ],
    [
      0.40545886754989624,
      1.0,
      0.35311877727508545,
      0.21190187335014343,
      0.27536842226982117,
      0.35564130544662476,
      0.34113940596580505,
      0.3473416566848755,
      0.19282665848731995,
      0.3086347281932831,
      0.19726228713989258,
      0.23058776557445526,
      0.32391631603240967,
      0.351985365152359,
      0.3753667175769806,
      0.42975834012031555
    ],
    [
      0.326468288898468,
      0.35311877727508545,
      1.0,
      0.23481762409210205,
      0.39601418375968933,
      0.3177175223827362,
      0.28683438897132874,
      0.25037527084350586,
      0.12458785623311996,
      0.1744522601366043,
      0.17245720326900482,
      0.17965291440486908,
      0.2851223945617676,
      0.27693861722946167,
      0.2791866660118103,
      0.246624156832695
    ],
    [
      0.2396032214164734,
      0.21190187335014343,
      0.23481762409210205,
      1.0,
      0.25197818875312805,
      0.3123129904270172,
      0.3092484176158905,
      0.3091076612472534,
      0.2988399565219879,
      0.24626770615577698,
      0.29408717155456543,
      0.299793004989624,
      0.25929272174835205,
      0.14490635693073273,
      0.3236858546733856,
      0.14905565977096558
    ],
    [
      0.3356383740901947,
      0.27536842226982117,
      0.39601418375968933,
      0.25197818875312805,
      1.0,
      0.3607078194618225,
      0.41333961486816406,
      0.30019477009773254,
      0.08139262348413467,
      0.22227980196475983,
      0.15440583229064941,
      0.2543901801109314,
      0.31319352984428406,
      0.20392106473445892,
      0.3904813826084137,
      0.24073106050491333
    ],
    [
      0.38350293040275574,
      0.35564130544662476,
      0.3177175223827362,
      0.3123129904270172,
      0.3607078194618225,
      1.0,
      0.3422342538833618,
      0.32911616563796997,
      0.13638387620449066,
      0.28347015380859375,
      0.1836054027080536,
      0.33511388301849365,
      0.49500030279159546,
      0.3804170787334442,
      0.3453160524368286,
      0.2652418315410614
    ],
    [
      0.359129399061203,
      0.34113940596580505,
      0.28683438897132874,
      0.3092484176158905,
      0.41333961486816406,
      0.3422342538833618,
      1.0,
      0.3817574083805084,
      0.2359026074409485,
      0.24642236530780792,
      0.3045273423194885,
      0.3829006850719452,
      0.326936811208725,
      0.30545419454574585,
      0.4022655487060547,
      0.39650407433509827
    ],
    [
      0.36559292674064636,
      0.3473416566848755,
      0.25037527084350586,
      0.3091076612472534,
      0.30019477009773254,
      0.32911616563796997,
      0.3817574083805084,
      1.0,
      0.27703937888145447,
      0.3947980999946594,
      0.2457405924797058,
      0.3421129286289215,
      0.4309471845626831,
      0.3162045478820801,
      0.40533241629600525,
      0.3514918386936188
    ],
    [
      0.1641170084476471,
      0.19282665848731995,
      0.12458785623311996,
      0.2988399565219879,
      0.08139262348413467,
      0.13638387620449066,
      0.2359026074409485,
      0.27703937888145447,
      1.0,
      0.29391753673553467,
      0.357265830039978,
      0.25397226214408875,
      0.21785371005535126,
      0.17725838720798492,
      0.4385667145252228,
      0.2719224691390991
    ],
    [
      0.25564682483673096,
      0.3086347281932831,
      0.1744522601366043,
      0.24626770615577698,
      0.22227980196475983,
      0.28347015380859375,
      0.24642236530780792,
      0.3947980999946594,
      0.29391753673553467,
      0.9999999403953552,
      0.4046737551689148,
      0.3837083578109741,
      0.1841086447238922,
      0.3018922805786133,
      0.3679001033306122,
      0.30747565627098083
    ],
    [
      0.2458690106868744,
      0.19726228713989258,
      0.17245720326900482,
      0.29408717155456543,
      0.15440583229064941,
      0.1836054027080536,
      0.3045273423194885,
      0.2457405924797058,
      0.357265830039978,
      0.4046737551689148,
      1.0,
      0.39049920439720154,
      0.146494522690773,
      0.24069173634052277,
      0.2941865026950836,
      0.26286882162094116
    ],
    [
      0.29439684748649597,
      0.23058776557445526,
      0.17965291440486908,
      0.299793004989624,
      0.2543901801109314,
      0.33511388301849365,
      0.3829006850719452,
      0.3421129286289215,
      0.25397226214408875,
      0.3837083578109741,
      0.39049920439720154,
      1.0,
      0.28346022963523865,
      0.26753470301628113,
      0.35072100162506104,
      0.2990338206291199
    ],
    [
      0.35156092047691345,
      0.32391631603240967,
      0.2851223945617676,
      0.25929272174835205,
      0.31319352984428406,
      0.49500030279159546,
      0.326936811208725,
      0.4309471845626831,
      0.21785371005535126,
      0.1841086447238922,
      0.146494522690773,
      0.28346022963523865,
      1.0,
      0.37589070200920105,
      0.4330252408981323,
      0.3858552575111389
    ],
    [
      0.323231041431427,
      0.351985365152359,
      0.27693861722946167,
      0.14490635693073273,
      0.20392106473445892,
      0.3804170787334442,
      0.30545419454574585,
      0.3162045478820801,
      0.17725838720798492,
      0.3018922805786133,
      0.24069173634052277,
      0.26753470301628113,
      0.37589070200920105,
      1.0,
      0.2944618761539459,
      0.3201819360256195
    ],
    [
      0.4174557030200958,
      0.3753667175769806,
      0.2791866660118103,
      0.3236858546733856,
      0.3904813826084137,
      0.3453160524368286,
      0.4022655487060547,
      0.40533241629600525,
      0.4385667145252228,
      0.3679001033306122,
      0.2941865026950836,
      0.35072100162506104,
      0.4330252408981323,
      0.2944618761539459,
      0.9999999403953552,
      0.41819068789482117
    ],
    [
      0.2666982412338257,
      0.42975834012031555,
      0.246624156832695,
      0.14905565977096558,
      0.24073106050491333,
      0.2652418315410614,
      0.39650407433509827,
      0.3514918386936188,
      0.2719224691390991,
      0.30747565627098083,
      0.26286882162094116,
      0.2990338206291199,
      0.3858552575111389,
      0.3201819360256195,
      0.41819068789482117,
      1.0
    ]
  ]
}