{
  "game_number": 45,
  "words": [
    "AFFAIR",
    "FLING",
    "RELATIONS",
    "THING",
    "BENCH",
    "LOCKER",
    "MIRROR",
    "SCALE",
    "CODE",
    "KEY",
    "PASSWORD",
    "PIN",
    "CANDY",
    "CARPENTER",
    "LEGEND",
    "MAJOR"
  ],
  "adjacency_matrix": [
    [
      1.0,
      0.4693589210510254,
      0.4803813695907593,
      0.48022526502609253,
      0.2506277859210968,
      0.22931398451328278,
      0.3418685495853424,
      0.36466529965400696,
      0.2795735001564026,
      0.2927479147911072,
      0.2083691656589508,
      0.33057740330696106,
      0.23735269904136658,
      0.20364077389240265,
      0.33887991309165955,
      0.33686256408691406
    ],
    [
      0.4693589210510254,
      1.0,
      0.27520254254341125,
      0.39863675832748413,
      0.33070820569992065,
      0.25426894426345825,
      0.37277716398239136,
      0.3283417522907257,
      0.23924216628074646,
      0.267007052898407,
      0.18416735529899597,
      0.4374002516269684,
      0.30814096331596375,
      0.2781349718570709,
      0.23563453555107117,
      0.31516268849372864
    ],
    [
      0.4803813695907593,
      0.27520254254341125,
      1.0000001192092896,
      0.3675662577152252,
      0.22530445456504822,
      0.18506847321987152,
      0.3263162076473236,
      0.3506821095943451,
      0.3200826048851013,
      0.395707905292511,
      0.16953592002391815,
      0.2665754556655884,
      0.21888166666030884,
      0.2571696639060974,
      0.3349378705024719,
      0.40302494168281555
    ],
    [
      0.48022526502609253,
      0.39863675832748413,
      0.3675662577152252,
      1.0,
      0.27431827783584595,
      0.3066766858100891,
      0.4320555627346039,
      0.43411779403686523,
      0.3542260229587555,
      0.49599412083625793,
      0.2995958626270294,
      0.36235231161117554,
      0.3371272385120392,
      0.3035089671611786,
      0.4234265387058258,
      0.49710813164711
    ],
    [
      0.2506277859210968,
      0.33070820569992065,
      0.22530445456504822,
      0.27431827783584595,
      1.0,
      0.4696301221847534,
      0.3883592188358307,
      0.3078354597091675,
      0.24532733857631683,
      0.3120879828929901,
      0.16906294226646423,
      0.2754066586494446,
      0.211970716714859,
      0.3543079197406769,
      0.25510987639427185,
      0.27681687474250793
    ],
    [
      0.22931398451328278,
      0.25426894426345825,
      0.18506847321987152,
      0.3066766858100891,
      0.4696301221847534,
      0.9999999403953552,
      0.3402301073074341,
      0.23166561126708984,
      0.3181564211845398,
      0.38710832595825195,
      0.3951807916164398,
      0.3617360293865204,
      0.2960655689239502,
      0.3170996308326721,
      0.25049132108688354,
      0.21603284776210785
    ],
    [
      0.3418685495853424,
      0.37277716398239136,
      0.3263162076473236,
      0.4320555627346039,
      0.3883592188358307,
      0.3402301073074341,
      1.0,
      0.41551923751831055,
      0.36110785603523254,
      0.3699200749397278,
      0.25190970301628113,
      0.4410421550273895,
      0.27875420451164246,
      0.2735721468925476,
      0.33011576533317566,
      0.3493170142173767
    ],
    [
      0.36466529965400696,
      0.3283417522907257,
      0.3506821095943451,
      0.43411779403686523,
      0.3078354597091675,
      0.23166561126708984,
      0.41551923751831055,
      1.0,
      0.324001282453537,
      0.4168727695941925,
      0.22200870513916016,
      0.37700918316841125,
      0.2600981295108795,
      0.23664318025112152,
      0.3264244496822357,
      0.4476553499698639
    ],
    [
      0.2795735001564026,
      0.23924216628074646,
      0.3200826048851013,
      0.3542260229587555,
      0.24532733857631683,
      0.3181564211845398,
      0.36110785603523254,
      0.324001282453537,
      0.9999999403953552,
      0.3898005485534668,
      0.40076780319213867,
      0.4415265917778015,
      0.22250592708587646,
      0.19530253112316132,
      0.350510835647583,
      0.2692406177520752
    ],
    [
      0.2927479147911072,
      0.267007052898407,
      0.395707905292511,
      0.49599412083625793,
      0.3120879828929901,
      0.38710832595825195,
      0.3699200749397278,
      0.4168727695941925,
      0.3898005485534668,
      1.0,
      0.44870081543922424,
      0.4219883680343628,
      0.2911369800567627,
      0.2704484760761261,
      0.4098348319530487,
      0.6639034152030945
    ],
    [
      0.2083691656589508,
      0.18416735529899597,
      0.16953592002391815,
      0.2995958626270294,
      0.16906294226646423,
      0.3951807916164398,
      0.25190970301628113,
      0.22200870513916016,
      0.40076780319213867,
      0.44870081543922424,
      1.0000001192092896,
      0.33168333768844604,
      0.17245835065841675,
      0.17374606430530548,
      0.253008633852005,
      0.22704842686653137
    ],
    [
      0.33057740330696106,
      0.4374002516269684,
      0.2665754556655884,
      0.36235231161117554,
      0.2754066586494446,
      0.3617360293865204,
      0.4410421550273895,
      0.37700918316841125,
      0.4415265917778015,
      0.4219883680343628,
      0.33168333768844604,
      0.9999999403953552,
      0.3643799424171448,
      0.32832592725753784,
      0.37906286120414734,
      0.2916766405105591
    ],
    [
      0.23735269904136658,
      0.30814096331596375,
      0.21888166666030884,
      0.3371272385120392,
      0.211970716714859,
      0.2960655689239502,
      0.27875420451164246,
      0.2600981295108795,
      0.22250592708587646,
      0.2911369800567627,
      0.17245835065841675,
      0.3643799424171448,
      1.0,
      0.25779449939727783,
      0.2671600878238678,
      0.2544720470905304
    ],
    [
      0.20364077389240265,
      0.2781349718570709,
      0.2571696639060974,
      0.3035089671611786,
      0.3543079197406769,
      0.3170996308326721,
      0.2735721468925476,
      0.23664318025112152,
      0.19530253112316132,
      0.2704484760761261,
      0.17374606430530548,
      0.32832592725753784,
      0.25779449939727783,
      1.0,
      0.33626362681388855,
      0.2556818723678589
    ],
    [
      0.33887991309165955,
      0.23563453555107117,
      0.3349378705024719,
      0.4234265387058258,
      0.25510987639427185,
      0.25049132108688354,
      0.33011576533317566,
      0.3264244496822357,
      0.350510835647583,
      0.4098348319530487,
      0.253008633852005,
      0.37906286120414734,
      0.2671600878238678,
      0.33626362681388855,
      1.0000001192092896,
      0.3478574752807617
    ],
    [
      0.33686256408691406,
      0.31516268849372864,
      0.40302494168281555,
      0.49710813164711,
      0.27681687474250793,
      0.21603284776210785,
      0.3493170142173767,
      0.4476553499698639,
      0.2692406177520752,
      0.6639034152030945,
      0.22704842686653137,
      0.2916766405105591,
      0.2544720470905304,
      0.2556818723678589,
      0.3478574752807617,
      1.0
    ]
  ]
}