{"game_number":24,"words":["CHANCE","FORECAST","OUTLOOK","PROSPECT","ATTITUDE","CHEEK","LIP","SASS","BASS","FLUKE","PERCH","PIKE","BRIDGE","LENS","RIM","TEMPLE"],"adjacency_matrix":[[0.9999999403953552,0.42079293727874756,0.37174561619758606,0.5933775305747986,0.3849833011627197,0.3214535117149353,0.29653477668762207,0.21959851682186127,0.24616122245788574,0.5009686946868896,0.3287472426891327,0.16053755581378937,0.30154258012771606,0.23682957887649536,0.2475614696741104,0.21455883979797363],[0.42079293727874756,1.0,0.6060872673988342,0.43991556763648987,0.34808045625686646,0.21293137967586517,0.22350841760635376,0.22018122673034668,0.24686050415039062,0.3000023066997528,0.2720167338848114,0.16559262573719025,0.3296220302581787,0.21964618563652039,0.22172820568084717,0.23872897028923035],[0.37174561619758606,0.6060872673988342,1.0,0.5104541182518005,0.6674056053161621,0.27165699005126953,0.26393261551856995,0.25297829508781433,0.25133922696113586,0.27832692861557007,0.2640761137008667,0.20362824201583862,0.28778713941574097,0.3404545783996582,0.2556646168231964,0.28020429611206055],[0.5933775305747986,0.43991556763648987,0.5104541182518005,1.0,0.422941118478775,0.25354140996932983,0.25961586833000183,0.2063816636800766,0.2547405958175659,0.3260675370693207,0.3280414044857025,0.2154640257358551,0.3109719157218933,0.28572675585746765,0.23774589598178864,0.3103935718536377],[0.3849833011627197,0.34808045625686646,0.6674056053161621,0.422941118478775,0.9999999403953552,0.3823075294494629,0.3534003496170044,0.41209834814071655,0.2526792883872986,0.3213341236114502,0.2699953317642212,0.23565445840358734,0.2905310392379761,0.2934533953666687,0.23045411705970764,0.3086768090724945],[0.3214535117149353,0.21293137967586517,0.27165699005126953,0.25354140996932983,0.3823075294494629,0.9999999403953552,0.6602069735527039,0.38766077160835266,0.26507970690727234,0.30393490195274353,0.3407593369483948,0.3187350034713745,0.2721911370754242,0.3006226420402527,0.3723986744880676,0.2881271541118622],[0.29653477668762207,0.22350841760635376,0.26393261551856995,0.25961586833000183,0.3534003496170044,0.6602069735527039,1.0,0.36903443932533264,0.35302895307540894,0.27945297956466675,0.2759895324707031,0.28803715109825134,0.3656668961048126,0.34570786356925964,0.5469043850898743,0.2400457262992859],[0.21959851682186127,0.22018122673034668,0.25297829508781433,0.2063816636800766,0.41209834814071655,0.38766077160835266,0.36903443932533264,1.0000001192092896,0.32063180208206177,0.2090805172920227,0.25394880771636963,0.2210419625043869,0.2064657360315323,0.13071036338806152,0.21800270676612854,0.15704011917114258],[0.24616122245788574,0.24686050415039062,0.25133922696113586,0.2547405958175659,0.2526792883872986,0.26507970690727234,0.35302895307540894,0.32063180208206177,1.0,0.30178573727607727,0.4693613350391388,0.4211622476577759,0.33957335352897644,0.24888940155506134,0.32847753167152405,0.1998555213212967],[0.5009686946868896,0.3000023066997528,0.27832692861557007,0.3260675370693207,0.3213341236114502,0.30393490195274353,0.27945297956466675,0.2090805172920227,0.30178573727607727,1.0,0.36207568645477295,0.2910267114639282,0.26980060338974,0.2852575182914734,0.22859786450862885,0.20836758613586426],[0.3287472426891327,0.2720167338848114,0.2640761137008667,0.3280414044857025,0.2699953317642212,0.3407593369483948,0.2759895324707031,0.25394880771636963,0.4693613350391388,0.36207568645477295,1.0,0.44932791590690613,0.36192911863327026,0.2961876094341278,0.36072060465812683,0.31621626019477844],[0.16053755581378937,0.16559262573719025,0.20362824201583862,0.2154640257358551,0.23565445840358734,0.3187350034713745,0.28803715109825134,0.2210419625043869,0.4211622476577759,0.2910267114639282,0.44932791590690613,1.0,0.32188230752944946,0.25806596875190735,0.2943193316459656,0.18701733648777008],[0.30154258012771606,0.3296220302581787,0.28778713941574097,0.3109719157218933,0.2905310392379761,0.2721911370754242,0.3656668961048126,0.2064657360315323,0.33957335352897644,0.26980060338974,0.36192911863327026,0.32188230752944946,1.0,0.36935365200042725,0.34050819277763367,0.43407928943634033],[0.23682957887649536,0.21964618563652039,0.3404545783996582,0.28572675585746765,0.2934533953666687,0.3006226420402527,0.34570786356925964,0.13071036338806152,0.24888940155506134,0.2852575182914734,0.2961876094341278,0.25806596875190735,0.36935365200042725,0.9999999403953552,0.33156540989875793,0.2940683662891388],[0.2475614696741104,0.22172820568084717,0.2556646168231964,0.23774589598178864,0.23045411705970764,0.3723986744880676,0.5469043850898743,0.21800270676612854,0.32847753167152405,0.22859786450862885,0.36072060465812683,0.2943193316459656,0.34050819277763367,0.33156540989875793,0.9999999403953552,0.3352818191051483],[0.21455883979797363,0.23872897028923035,0.28020429611206055,0.3103935718536377,0.3086768090724945,0.2881271541118622,0.2400457262992859,0.15704011917114258,0.1998555213212967,0.20836758613586426,0.31621626019477844,0.18701733648777008,0.43407928943634033,0.2940683662891388,0.3352818191051483,1.0]]}