{"game_number":101,"words":["CURB","GRATE","GUTTER","MANHOLE","AIM","INTEND","MEAN","PLAN","CAL","GAL","IN","OZ","FLEECE","GIRLS","PARACHUTE","RULE"],"adjacency_matrix":[[1.0,0.49643248319625854,0.5413459539413452,0.294636070728302,0.4280117154121399,0.3613288104534149,0.4010283946990967,0.34967130422592163,0.2757284641265869,0.20199233293533325,0.3457390367984772,0.050377946346998215,0.27600228786468506,0.24641641974449158,0.2379361242055893,0.38353392481803894],[0.49643248319625854,1.0,0.4827243387699127,0.4617479145526886,0.3834005296230316,0.3417648375034332,0.38036665320396423,0.3271358609199524,0.35023266077041626,0.2858514189720154,0.4074580669403076,0.10479627549648285,0.2858576476573944,0.19174273312091827,0.3360019028186798,0.34647366404533386],[0.5413459539413452,0.4827243387699127,1.0,0.5187404751777649,0.3058364987373352,0.24194316565990448,0.3129130005836487,0.2785946726799011,0.2853173613548279,0.3300071954727173,0.3785950839519501,0.0853789821267128,0.2763086259365082,0.23331385850906372,0.31542596220970154,0.27626878023147583],[0.294636070728302,0.4617479145526886,0.5187404751777649,1.0,0.17335282266139984,0.17756782472133636,0.2346397340297699,0.3064328134059906,0.1777285635471344,0.2536027133464813,0.2833087146282196,0.05652785301208496,0.22847479581832886,0.23103435337543488,0.3577571511268616,0.24836459755897522],[0.4280117154121399,0.3834005296230316,0.3058364987373352,0.17335282266139984,1.0000001192092896,0.6688289642333984,0.49056392908096313,0.5583804249763489,0.3676774501800537,0.18425603210926056,0.3966684937477112,-0.02343124710023403,0.2749636769294739,0.31120654940605164,0.2911999821662903,0.4453820288181305],[0.3613288104534149,0.3417648375034332,0.24194316565990448,0.17756782472133636,0.6688289642333984,1.0,0.6061210036277771,0.5383042693138123,0.29669851064682007,0.12626837193965912,0.38583484292030334,-0.030045626685023308,0.24484467506408691,0.22974011301994324,0.2358866184949875,0.36978986859321594],[0.4010283946990967,0.38036665320396423,0.3129130005836487,0.2346397340297699,0.49056392908096313,0.6061210036277771,1.0,0.36804938316345215,0.38127365708351135,0.29900065064430237,0.34467121958732605,0.0479426309466362,0.2965007424354553,0.27357837557792664,0.2607956826686859,0.41325658559799194],[0.34967130422592163,0.3271358609199524,0.2785946726799011,0.3064328134059906,0.5583804249763489,0.5383042693138123,0.36804938316345215,1.0,0.28892844915390015,0.21081030368804932,0.36970236897468567,0.00657700328156352,0.28083133697509766,0.22535845637321472,0.39829760789871216,0.5171588063240051],[0.2757284641265869,0.35023266077041626,0.2853173613548279,0.1777285635471344,0.3676774501800537,0.29669851064682007,0.38127365708351135,0.28892844915390015,1.0,0.5149042010307312,0.2603670060634613,0.24884290993213654,0.20985820889472961,0.20336037874221802,0.2722688913345337,0.3153935968875885],[0.20199233293533325,0.2858514189720154,0.3300071954727173,0.2536027133464813,0.18425603210926056,0.12626837193965912,0.29900065064430237,0.21081030368804932,0.5149042010307312,1.0,0.23753023147583008,0.36289268732070923,0.22698374092578888,0.3446386158466339,0.22599764168262482,0.2749866545200348],[0.3457390367984772,0.4074580669403076,0.3785950839519501,0.2833087146282196,0.3966684937477112,0.38583484292030334,0.34467121958732605,0.36970236897468567,0.2603670060634613,0.23753023147583008,1.0,0.10368447750806808,0.2656780183315277,0.30028462409973145,0.27810972929000854,0.3771079182624817],[0.050377946346998215,0.10479627549648285,0.0853789821267128,0.05652785301208496,-0.02343124710023403,-0.030045626685023308,0.0479426309466362,0.00657700328156352,0.24884290993213654,0.36289268732070923,0.10368447750806808,0.9999999403953552,0.1871051788330078,0.07755859941244125,0.13859336078166962,0.08194593340158463],[0.27600228786468506,0.2858576476573944,0.2763086259365082,0.22847479581832886,0.2749636769294739,0.24484467506408691,0.2965007424354553,0.28083133697509766,0.20985820889472961,0.22698374092578888,0.2656780183315277,0.1871051788330078,0.9999999403953552,0.23492293059825897,0.390386164188385,0.29223787784576416],[0.24641641974449158,0.19174273312091827,0.23331385850906372,0.23103435337543488,0.31120654940605164,0.22974011301994324,0.27357837557792664,0.22535845637321472,0.20336037874221802,0.3446386158466339,0.30028462409973145,0.07755859941244125,0.23492293059825897,1.0,0.23728786408901215,0.231413796544075],[0.2379361242055893,0.3360019028186798,0.31542596220970154,0.3577571511268616,0.2911999821662903,0.2358866184949875,0.2607956826686859,0.39829760789871216,0.2722688913345337,0.22599764168262482,0.27810972929000854,0.13859336078166962,0.390386164188385,0.23728786408901215,0.9999999403953552,0.31275102496147156],[0.38353392481803894,0.34647366404533386,0.27626878023147583,0.24836459755897522,0.4453820288181305,0.36978986859321594,0.41325658559799194,0.5171588063240051,0.3153935968875885,0.2749866545200348,0.3771079182624817,0.08194593340158463,0.29223787784576416,0.231413796544075,0.31275102496147156,1.0]]}