{
  "game_number": 191,
  "words": [
    "LIFT",
    "PALM",
    "POCKET",
    "SWIPE",
    "ACE",
    "CRUSH",
    "NAIL",
    "ROCK",
    "CURVE",
    "FAST",
    "KNUCKLE",
    "SCREW",
    "ENDEAVOR",
    "ENTERPRISE",
    "PROJECT",
    "VENTURE"
  ],
  "adjacency_matrix": [
    [
      1.0,
      0.37623193860054016,
      0.37797674536705017,
      0.47139084339141846,
      0.27087733149528503,
      0.5374879240989685,
      0.4044310748577118,
      0.39547693729400635,
      0.3908019959926605,
      0.3593064248561859,
      0.411851167678833,
      0.44500723481178284,
      0.2764166295528412,
      0.3256944417953491,
      0.3542121648788452,
      0.35030701756477356
    ],
    [
      0.37623193860054016,
      0.9999999403953552,
      0.4213024079799652,
      0.42291173338890076,
      0.35986965894699097,
      0.4016757905483246,
      0.4442252218723297,
      0.3499116897583008,
      0.4035581052303314,
      0.2742353081703186,
      0.42386823892593384,
      0.29036441445350647,
      0.20012187957763672,
      0.3303152918815613,
      0.24294088780879974,
      0.27950823307037354
    ],
    [
      0.37797674536705017,
      0.4213024079799652,
      1.0,
      0.4341648817062378,
      0.3458155691623688,
      0.35673612356185913,
      0.36673790216445923,
      0.3520427942276001,
      0.35742390155792236,
      0.31231850385665894,
      0.39096274971961975,
      0.4087567627429962,
      0.2500453591346741,
      0.3633567988872528,
      0.31981849670410156,
      0.32557064294815063
    ],
    [
      0.47139084339141846,
      0.42291173338890076,
      0.4341648817062378,
      1.0,
      0.3404436409473419,
      0.4521324932575226,
      0.42302119731903076,
      0.3261319398880005,
      0.33780577778816223,
      0.37731823325157166,
      0.44337260723114014,
      0.3801462948322296,
      0.28066375851631165,
      0.27487993240356445,
      0.25081562995910645,
      0.2774910628795624
    ],
    [
      0.27087733149528503,
      0.35986965894699097,
      0.3458155691623688,
      0.3404436409473419,
      1.0,
      0.32877519726753235,
      0.3049203157424927,
      0.3105182647705078,
      0.2656490206718445,
      0.31295374035835266,
      0.3087381422519684,
      0.31902074813842773,
      0.21033968031406403,
      0.27068591117858887,
      0.2742205262184143,
      0.2460014969110489
    ],
    [
      0.5374879240989685,
      0.4016757905483246,
      0.35673612356185913,
      0.4521324932575226,
      0.32877519726753235,
      1.0,
      0.4474669396877289,
      0.5043255686759949,
      0.4039977788925171,
      0.36238008737564087,
      0.4186568856239319,
      0.4766406714916229,
      0.3412785530090332,
      0.3980918228626251,
      0.3560809791088104,
      0.4000261425971985
    ],
    [
      0.4044310748577118,
      0.4442252218723297,
      0.36673790216445923,
      0.42302119731903076,
      0.3049203157424927,
      0.4474669396877289,
      1.0,
      0.4154181182384491,
      0.35754328966140747,
      0.3134118318557739,
      0.5332891345024109,
      0.5081080794334412,
      0.26181158423423767,
      0.2548777759075165,
      0.30883610248565674,
      0.2801175117492676
    ],
    [
      0.39547693729400635,
      0.3499116897583008,
      0.3520427942276001,
      0.3261319398880005,
      0.3105182647705078,
      0.5043255686759949,
      0.4154181182384491,
      1.0,
      0.40410736203193665,
      0.3230398893356323,
      0.3970426619052887,
      0.3961721658706665,
      0.3265872895717621,
      0.3709357976913452,
      0.3440895676612854,
      0.3926140069961548
    ],
    [
      0.3908019959926605,
      0.4035581052303314,
      0.35742390155792236,
      0.33780577778816223,
      0.2656490206718445,
      0.4039977788925171,
      0.35754328966140747,
      0.40410736203193665,
      1.0,
      0.4286767840385437,
      0.39498886466026306,
      0.36947235465049744,
      0.30586105585098267,
      0.30615678429603577,
      0.3757690191268921,
      0.2887948751449585
    ],
    [
      0.3593064248561859,
      0.2742353081703186,
      0.31231850385665894,
      0.37731823325157166,
      0.31295374035835266,
      0.36238008737564087,
      0.3134118318557739,
      0.3230398893356323,
      0.4286767840385437,
      1.0,
      0.2837170660495758,
      0.33987656235694885,
      0.3000655174255371,
      0.3264160752296448,
      0.3008072078227997,
      0.27532684803009033
    ],
    [
      0.411851167678833,
      0.42386823892593384,
      0.39096274971961975,
      0.44337260723114014,
      0.3087381422519684,
      0.4186568856239319,
      0.5332891345024109,
      0.3970426619052887,
      0.39498886466026306,
      0.2837170660495758,
      1.0,
      0.4884496033191681,
      0.19322744011878967,
      0.18435771763324738,
      0.1679403930902481,
      0.2266562581062317
    ],
    [
      0.44500723481178284,
      0.29036441445350647,
      0.4087567627429962,
      0.3801462948322296,
      0.31902074813842773,
      0.4766406714916229,
      0.5081080794334412,
      0.3961721658706665,
      0.36947235465049744,
      0.33987656235694885,
      0.4884496033191681,
      1.0000001192092896,
      0.26307687163352966,
      0.32757291197776794,
      0.3192698061466217,
      0.30813008546829224
    ],
    [
      0.2764166295528412,
      0.20012187957763672,
      0.2500453591346741,
      0.28066375851631165,
      0.21033968031406403,
      0.3412785530090332,
      0.26181158423423767,
      0.3265872895717621,
      0.30586105585098267,
      0.3000655174255371,
      0.19322744011878967,
      0.26307687163352966,
      1.0,
      0.6164965033531189,
      0.6148725152015686,
      0.6650918126106262
    ],
    [
      0.3256944417953491,
      0.3303152918815613,
      0.3633567988872528,
      0.27487993240356445,
      0.27068591117858887,
      0.3980918228626251,
      0.2548777759075165,
      0.3709357976913452,
      0.30615678429603577,
      0.3264160752296448,
      0.18435771763324738,
      0.32757291197776794,
      0.6164965033531189,
      0.9999999403953552,
      0.5584649443626404,
      0.6361597776412964
    ],
    [
      0.3542121648788452,
      0.24294088780879974,
      0.31981849670410156,
      0.25081562995910645,
      0.2742205262184143,
      0.3560809791088104,
      0.30883610248565674,
      0.3440895676612854,
      0.3757690191268921,
      0.3008072078227997,
      0.1679403930902481,
      0.3192698061466217,
      0.6148725152015686,
      0.5584649443626404,
      1.0,
      0.5773174166679382
    ],
    [
      0.35030701756477356,
      0.27950823307037354,
      0.32557064294815063,
      0.2774910628795624,
      0.2460014969110489,
      0.4000261425971985,
      0.2801175117492676,
      0.3926140069961548,
      0.2887948751449585,
      0.27532684803009033,
      0.2266562581062317,
      0.30813008546829224,
      0.6650918126106262,
      0.6361597776412964,
      0.5773174166679382,
      1.0
    ]
  ]
}