{"game_number":330,"words":["CO","MA","ME","PA","DO","FA","LA","TI","MU","NU","PI","XI","FE","HE","NA","NI"],"adjacency_matrix":[[0.9999999403953552,0.36695611476898193,0.17780108749866486,0.42339661717414856,0.15825967490673065,0.3821161091327667,0.18999221920967102,0.3795150816440582,0.27987316250801086,0.26858091354370117,0.2142552137374878,0.2740607261657715,0.395920068025589,0.23666398227214813,0.37404242157936096,0.3099012076854706],[0.36695611476898193,1.0,0.2408663034439087,0.6329112648963928,0.06495852023363113,0.6155844330787659,0.505394458770752,0.5679805874824524,0.5186546444892883,0.42307814955711365,0.37113916873931885,0.5245128870010376,0.5723267197608948,0.14032500982284546,0.5140712261199951,0.6804202198982239],[0.17780108749866486,0.2408663034439087,1.0,0.1449255794286728,0.42867058515548706,0.12945258617401123,0.16886138916015625,0.31249475479125977,0.14675775170326233,0.10322228074073792,0.1642742156982422,0.015635941177606583,0.11819469183683395,0.39303258061408997,0.16471001505851746,0.1402626484632492],[0.42339661717414856,0.6329112648963928,0.1449255794286728,0.9999999403953552,0.048269473016262054,0.5405160188674927,0.381336510181427,0.5949987769126892,0.4718340337276459,0.3478148877620697,0.34309765696525574,0.3981364369392395,0.4963527023792267,0.09902065992355347,0.5259451270103455,0.5264450907707214],[0.15825967490673065,0.06495852023363113,0.42867058515548706,0.048269473016262054,1.0,0.06568815559148788,0.11882156133651733,0.26257821917533875,0.08365777134895325,0.008714912459254265,0.05163005739450455,-0.04507753998041153,0.04241104796528816,0.4658784568309784,0.1252526491880417,0.011432391591370106],[0.3821161091327667,0.6155844330787659,0.12945258617401123,0.5405160188674927,0.06568815559148788,1.0,0.38699403405189514,0.5850441455841064,0.46156641840934753,0.4235970973968506,0.3256537616252899,0.41309937834739685,0.5063433647155762,0.11257384717464447,0.3847145438194275,0.5050547122955322],[0.18999221920967102,0.505394458770752,0.16886138916015625,0.381336510181427,0.11882156133651733,0.38699403405189514,1.0,0.4260574281215668,0.21952272951602936,0.34609901905059814,0.24685554206371307,0.22789952158927917,0.42022839188575745,-0.0033350393641740084,0.39881864190101624,0.4580603837966919],[0.3795150816440582,0.5679805874824524,0.31249475479125977,0.5949987769126892,0.26257821917533875,0.5850441455841064,0.4260574281215668,0.9999999403953552,0.43979954719543457,0.44341424107551575,0.32444503903388977,0.3606422245502472,0.5411667823791504,0.1838093400001526,0.5541051626205444,0.5548813343048096],[0.27987316250801086,0.5186546444892883,0.14675775170326233,0.4718340337276459,0.08365777134895325,0.46156641840934753,0.21952272951602936,0.43979954719543457,1.0,0.535028874874115,0.522596001625061,0.4568900763988495,0.4152021110057831,0.08788743615150452,0.48708856105804443,0.42180994153022766],[0.26858091354370117,0.42307814955711365,0.10322228074073792,0.3478148877620697,0.008714912459254265,0.4235970973968506,0.34609901905059814,0.44341424107551575,0.535028874874115,0.9999999403953552,0.3993947207927704,0.379972368478775,0.4157944917678833,0.04816902056336403,0.3671810030937195,0.3911350965499878],[0.2142552137374878,0.37113916873931885,0.1642742156982422,0.34309765696525574,0.05163005739450455,0.3256537616252899,0.24685554206371307,0.32444503903388977,0.522596001625061,0.3993947207927704,0.9999999403953552,0.43669208884239197,0.29415082931518555,0.11518729478120804,0.3156435191631317,0.2894715368747711],[0.2740607261657715,0.5245128870010376,0.015635941177606583,0.3981364369392395,-0.04507753998041153,0.41309937834739685,0.22789952158927917,0.3606422245502472,0.4568900763988495,0.379972368478775,0.43669208884239197,1.0,0.4391126334667206,0.1240745484828949,0.2766948938369751,0.4964771270751953],[0.395920068025589,0.5723267197608948,0.11819469183683395,0.4963527023792267,0.04241104796528816,0.5063433647155762,0.42022839188575745,0.5411667823791504,0.4152021110057831,0.4157944917678833,0.29415082931518555,0.4391126334667206,1.0,0.06988123804330826,0.4062109589576721,0.5830426812171936],[0.23666398227214813,0.14032500982284546,0.39303258061408997,0.09902065992355347,0.4658784568309784,0.11257384717464447,-0.0033350393641740084,0.1838093400001526,0.08788743615150452,0.04816902056336403,0.11518729478120804,0.1240745484828949,0.06988123804330826,0.9999999403953552,0.09275861829519272,0.06892190873622894],[0.37404242157936096,0.5140712261199951,0.16471001505851746,0.5259451270103455,0.1252526491880417,0.3847145438194275,0.39881864190101624,0.5541051626205444,0.48708856105804443,0.3671810030937195,0.3156435191631317,0.2766948938369751,0.4062109589576721,0.09275861829519272,1.0,0.5793851017951965],[0.3099012076854706,0.6804202198982239,0.1402626484632492,0.5264450907707214,0.011432391591370106,0.5050547122955322,0.4580603837966919,0.5548813343048096,0.42180994153022766,0.3911350965499878,0.2894715368747711,0.4964771270751953,0.5830426812171936,0.06892190873622894,0.5793851017951965,1.0]]}