{"game_number":238,"words":["KNOCK","PAN","ROAST","SLAM","ALONE","CATFISH","CHOPPED","SURVIVOR","FIAT","JAGUAR","MINI","RAM","BACHELOR","LILY","MAXI","MOUSE"],"adjacency_matrix":[[1.0,0.3891478180885315,0.40023553371429443,0.560980498790741,0.4005260169506073,0.2380804717540741,0.42185795307159424,0.2511774003505707,0.2630375325679779,0.27385303378105164,0.3143061399459839,0.3956260085105896,0.22541259229183197,0.23915676772594452,0.2756926715373993,0.3164794445037842],[0.3891478180885315,1.0,0.4907894432544708,0.36385005712509155,0.3002088665962219,0.3522116541862488,0.3727071285247803,0.2985403835773468,0.2134421169757843,0.27710357308387756,0.46780693531036377,0.34854501485824585,0.2550085186958313,0.3814503252506256,0.33270856738090515,0.4121479094028473],[0.40023553371429443,0.4907894432544708,1.0000001192092896,0.32802528142929077,0.26332828402519226,0.3454696834087372,0.4326777458190918,0.262283056974411,0.1720753312110901,0.2609153687953949,0.3458484411239624,0.3734382390975952,0.30927157402038574,0.2665412127971649,0.27311956882476807,0.30409950017929077],[0.560980498790741,0.36385005712509155,0.32802528142929077,1.0,0.22244274616241455,0.21974711120128632,0.2198266088962555,0.2232431322336197,0.22391736507415771,0.12767364084720612,0.363005667924881,0.34509479999542236,0.18061208724975586,0.2120344638824463,0.3062123656272888,0.20444950461387634],[0.4005260169506073,0.3002088665962219,0.26332828402519226,0.22244274616241455,1.0,0.27103790640830994,0.32871490716934204,0.34479764103889465,0.254635214805603,0.22656267881393433,0.22293461859226227,0.22744151949882507,0.2133752703666687,0.2744697034358978,0.2173813134431839,0.3000471591949463],[0.2380804717540741,0.3522116541862488,0.3454696834087372,0.21974711120128632,0.27103790640830994,1.0,0.29547327756881714,0.23147575557231903,0.15941071510314941,0.35653120279312134,0.3617730736732483,0.2991756200790405,0.19603198766708374,0.3444516360759735,0.22577711939811707,0.3234952986240387],[0.42185795307159424,0.3727071285247803,0.4326777458190918,0.2198266088962555,0.32871490716934204,0.29547327756881714,1.0,0.18924906849861145,0.21212175488471985,0.23171007633209229,0.2814345359802246,0.3454074263572693,0.21584846079349518,0.24005098640918732,0.2695116400718689,0.26357129216194153],[0.2511774003505707,0.2985403835773468,0.262283056974411,0.2232431322336197,0.34479764103889465,0.23147575557231903,0.18924906849861145,1.0,0.12072992324829102,0.22468119859695435,0.30760157108306885,0.22676579654216766,0.3498387336730957,0.16837355494499207,0.2605699598789215,0.2207016497850418],[0.2630375325679779,0.2134421169757843,0.1720753312110901,0.22391736507415771,0.254635214805603,0.15941071510314941,0.21212175488471985,0.12072992324829102,1.0,0.2340230643749237,0.3458416759967804,0.25967973470687866,0.16408635675907135,0.19152839481830597,0.2809944450855255,0.19200348854064941],[0.27385303378105164,0.27710357308387756,0.2609153687953949,0.12767364084720612,0.22656267881393433,0.35653120279312134,0.23171007633209229,0.22468119859695435,0.2340230643749237,1.0,0.3030450642108917,0.31986865401268005,0.19194670021533966,0.28734079003334045,0.27278783917427063,0.3888833820819855],[0.3143061399459839,0.46780693531036377,0.3458484411239624,0.363005667924881,0.22293461859226227,0.3617730736732483,0.2814345359802246,0.30760157108306885,0.3458416759967804,0.3030450642108917,0.9999999403953552,0.37916767597198486,0.31356120109558105,0.28567588329315186,0.6119139194488525,0.38240373134613037],[0.3956260085105896,0.34854501485824585,0.3734382390975952,0.34509479999542236,0.22744151949882507,0.2991756200790405,0.3454074263572693,0.22676579654216766,0.25967973470687866,0.31986865401268005,0.37916767597198486,1.0,0.2235390841960907,0.25622260570526123,0.3533930778503418,0.2988866865634918],[0.22541259229183197,0.2550085186958313,0.30927157402038574,0.18061208724975586,0.2133752703666687,0.19603198766708374,0.21584846079349518,0.3498387336730957,0.16408635675907135,0.19194670021533966,0.31356120109558105,0.2235390841960907,1.0,0.24144956469535828,0.29872962832450867,0.291964054107666],[0.23915676772594452,0.3814503252506256,0.2665412127971649,0.2120344638824463,0.2744697034358978,0.3444516360759735,0.24005098640918732,0.16837355494499207,0.19152839481830597,0.28734079003334045,0.28567588329315186,0.25622260570526123,0.24144956469535828,0.9999999403953552,0.2717224657535553,0.3239215016365051],[0.2756926715373993,0.33270856738090515,0.27311956882476807,0.3062123656272888,0.2173813134431839,0.22577711939811707,0.2695116400718689,0.2605699598789215,0.2809944450855255,0.27278783917427063,0.6119139194488525,0.3533930778503418,0.29872962832450867,0.2717224657535553,1.0,0.29921016097068787],[0.3164794445037842,0.4121479094028473,0.30409950017929077,0.20444950461387634,0.3000471591949463,0.3234952986240387,0.26357129216194153,0.2207016497850418,0.19200348854064941,0.3888833820819855,0.38240373134613037,0.2988866865634918,0.291964054107666,0.3239215016365051,0.29921016097068787,1.0]]}