{"game_number":368,"words":["BUNK","CANOPY","MURPHY","TRUNDLE","JONAS","MARX","WARNER","WRIGHT","ACCORD","CIVIC","PASSPORT","PILOT","CRASH","LINK","MARIO","SONIC"],"adjacency_matrix":[[1.0,0.3953086733818054,0.38400158286094666,0.43544840812683105,0.1449735462665558,0.2645461857318878,0.2641710042953491,0.2676074504852295,0.27401676774024963,0.1842009425163269,0.26647841930389404,0.26216578483581543,0.3130609095096588,0.2896822988986969,0.1664610207080841,0.20609742403030396],[0.3953086733818054,1.0,0.26377546787261963,0.35871756076812744,0.12514668703079224,0.16938859224319458,0.2251032143831253,0.2198466658592224,0.2600737512111664,0.3154553771018982,0.2598731815814972,0.395420104265213,0.37092846632003784,0.32546332478523254,0.17423439025878906,0.28757041692733765],[0.38400158286094666,0.26377546787261963,1.0,0.33252599835395813,0.4977748990058899,0.5297508835792542,0.4656580686569214,0.6603025197982788,0.2089087814092636,0.239948570728302,0.24752579629421234,0.2883336842060089,0.2842492461204529,0.28758224844932556,0.5030509829521179,0.28161635994911194],[0.43544840812683105,0.35871756076812744,0.33252599835395813,1.0,0.14296945929527283,0.2810514271259308,0.32295942306518555,0.3525378108024597,0.2315417230129242,0.2499118447303772,0.268475741147995,0.28026822209358215,0.3024337589740753,0.2835478186607361,0.2900054454803467,0.22617611289024353],[0.1449735462665558,0.12514668703079224,0.4977748990058899,0.14296945929527283,0.9999999403953552,0.4488261342048645,0.34512731432914734,0.43993526697158813,0.07221316546201706,0.02470899373292923,0.07792527973651886,0.10030287504196167,0.06889543682336807,0.10246014595031738,0.45828986167907715,0.1406330019235611],[0.2645461857318878,0.16938859224319458,0.5297508835792542,0.2810514271259308,0.4488261342048645,1.0,0.36792752146720886,0.5337586998939514,0.18273158371448517,0.18081338703632355,0.16907621920108795,0.17925840616226196,0.16928702592849731,0.25967419147491455,0.4438881278038025,0.2079337239265442],[0.2641710042953491,0.2251032143831253,0.4656580686569214,0.32295942306518555,0.34512731432914734,0.36792752146720886,1.0,0.46605414152145386,0.2775554358959198,0.19359438121318817,0.24620407819747925,0.3626076579093933,0.1985228955745697,0.34680694341659546,0.4030483067035675,0.3122093975543976],[0.2676074504852295,0.2198466658592224,0.6603025197982788,0.3525378108024597,0.43993526697158813,0.5337586998939514,0.46605414152145386,1.0,0.28565436601638794,0.26939764618873596,0.29414132237434387,0.33476904034614563,0.20603837072849274,0.31863558292388916,0.47812744975090027,0.29066964983940125],[0.27401676774024963,0.2600737512111664,0.2089087814092636,0.2315417230129242,0.07221316546201706,0.18273158371448517,0.2775554358959198,0.28565436601638794,1.0000001192092896,0.27729982137680054,0.22434477508068085,0.28965237736701965,0.23199675977230072,0.3771973252296448,0.15593096613883972,0.13071748614311218],[0.1842009425163269,0.3154553771018982,0.239948570728302,0.2499118447303772,0.02470899373292923,0.18081338703632355,0.19359438121318817,0.26939764618873596,0.27729982137680054,1.0,0.32597583532333374,0.31934842467308044,0.2187202274799347,0.2126014083623886,0.2110918015241623,0.35280436277389526],[0.26647841930389404,0.2598731815814972,0.24752579629421234,0.268475741147995,0.07792527973651886,0.16907621920108795,0.24620407819747925,0.29414132237434387,0.22434477508068085,0.32597583532333374,1.0,0.3389368951320648,0.2712095379829407,0.32655012607574463,0.2117261290550232,0.26540908217430115],[0.26216578483581543,0.395420104265213,0.2883336842060089,0.28026822209358215,0.10030287504196167,0.17925840616226196,0.3626076579093933,0.33476904034614563,0.28965237736701965,0.31934842467308044,0.3389368951320648,1.0,0.49103406071662903,0.32401078939437866,0.2306286096572876,0.3364763855934143],[0.3130609095096588,0.37092846632003784,0.2842492461204529,0.3024337589740753,0.06889543682336807,0.16928702592849731,0.1985228955745697,0.20603837072849274,0.23199675977230072,0.2187202274799347,0.2712095379829407,0.49103406071662903,1.0,0.3558364510536194,0.20966391265392303,0.25845688581466675],[0.2896822988986969,0.32546332478523254,0.28758224844932556,0.2835478186607361,0.10246014595031738,0.25967419147491455,0.34680694341659546,0.31863558292388916,0.3771973252296448,0.2126014083623886,0.32655012607574463,0.32401078939437866,0.3558364510536194,1.0,0.2531973719596863,0.23222218453884125],[0.1664610207080841,0.17423439025878906,0.5030509829521179,0.2900054454803467,0.45828986167907715,0.4438881278038025,0.4030483067035675,0.47812744975090027,0.15593096613883972,0.2110918015241623,0.2117261290550232,0.2306286096572876,0.20966391265392303,0.2531973719596863,1.0,0.3496212661266327],[0.20609742403030396,0.28757041692733765,0.28161635994911194,0.22617611289024353,0.1406330019235611,0.2079337239265442,0.3122093975543976,0.29066964983940125,0.13071748614311218,0.35280436277389526,0.26540908217430115,0.3364763855934143,0.25845688581466675,0.23222218453884125,0.3496212661266327,1.0]]}