{
  "game_number": 429,
  "words": [
    "JAWBREAKER",
    "MEATBALL",
    "MOZZARELLA",
    "ORANGE",
    "DAIRY",
    "FROZEN",
    "PRODUCE",
    "SNACK",
    "BANANAS",
    "FIGURE",
    "FISH",
    "STEADY",
    "DROP",
    "ECHO",
    "FREEZE",
    "LAG"
  ],
  "adjacency_matrix": [
    [
      1.0,
      0.4906447231769562,
      0.27051830291748047,
      0.44357389211654663,
      0.30529510974884033,
      0.3671940267086029,
      0.3081379532814026,
      0.5677773356437683,
      0.3659142851829529,
      0.403682678937912,
      0.47734323143959045,
      0.3565656244754791,
      0.42970725893974304,
      0.3266780972480774,
      0.38061952590942383,
      0.3734469711780548
    ],
    [
      0.4906447231769562,
      1.0,
      0.4937204122543335,
      0.40564095973968506,
      0.39871644973754883,
      0.3898298442363739,
      0.30784299969673157,
      0.5346307754516602,
      0.3471940755844116,
      0.3158704340457916,
      0.4485436677932739,
      0.20263156294822693,
      0.31599539518356323,
      0.21523699164390564,
      0.2914498448371887,
      0.23808151483535767
    ],
    [
      0.27051830291748047,
      0.4937204122543335,
      0.9999999403953552,
      0.29177749156951904,
      0.4360213279724121,
      0.34841811656951904,
      0.2896955609321594,
      0.27590852975845337,
      0.3329577147960663,
      0.09999312460422516,
      0.30843856930732727,
      0.15417802333831787,
      0.1710527092218399,
      0.14149673283100128,
      0.19861462712287903,
      0.12323887646198273
    ],
    [
      0.44357389211654663,
      0.40564095973968506,
      0.29177749156951904,
      0.9999999403953552,
      0.30872324109077454,
      0.35319629311561584,
      0.3472404479980469,
      0.4360383450984955,
      0.523337721824646,
      0.3475951552391052,
      0.3832903504371643,
      0.28078925609588623,
      0.4119090139865875,
      0.2622867524623871,
      0.3283262252807617,
      0.265053391456604
    ],
    [
      0.30529510974884033,
      0.39871644973754883,
      0.4360213279724121,
      0.30872324109077454,
      1.0,
      0.3811386525630951,
      0.3610735237598419,
      0.4407236576080322,
      0.3270358741283417,
      0.22566471993923187,
      0.4392812252044678,
      0.2687832713127136,
      0.22695133090019226,
      0.14722461998462677,
      0.2728082537651062,
      0.1966768056154251
    ],
    [
      0.3671940267086029,
      0.3898298442363739,
      0.34841811656951904,
      0.35319629311561584,
      0.3811386525630951,
      1.0,
      0.359772264957428,
      0.37716999650001526,
      0.3187299370765686,
      0.3247079849243164,
      0.421724408864975,
      0.39053478837013245,
      0.4073071777820587,
      0.2256612479686737,
      0.7028138041496277,
      0.29499879479408264
    ],
    [
      0.3081379532814026,
      0.30784299969673157,
      0.2896955609321594,
      0.3472404479980469,
      0.3610735237598419,
      0.359772264957428,
      1.0,
      0.3765275776386261,
      0.3896782398223877,
      0.38503775000572205,
      0.4163806140422821,
      0.4251025915145874,
      0.4920431077480316,
      0.3543340563774109,
      0.4254888594150543,
      0.3356686532497406
    ],
    [
      0.5677773356437683,
      0.5346307754516602,
      0.27590852975845337,
      0.4360383450984955,
      0.4407236576080322,
      0.37716999650001526,
      0.3765275776386261,
      1.0,
      0.42324891686439514,
      0.31838881969451904,
      0.45721182227134705,
      0.33400383591651917,
      0.418263703584671,
      0.2313322275876999,
      0.352446973323822,
      0.31651273369789124
    ],
    [
      0.3659142851829529,
      0.3471940755844116,
      0.3329577147960663,
      0.523337721824646,
      0.3270358741283417,
      0.3187299370765686,
      0.3896782398223877,
      0.42324891686439514,
      1.0,
      0.21434257924556732,
      0.4218471050262451,
      0.22677741944789886,
      0.32663068175315857,
      0.16704235970973969,
      0.24969837069511414,
      0.20525798201560974
    ],
    [
      0.403682678937912,
      0.3158704340457916,
      0.09999312460422516,
      0.3475951552391052,
      0.22566471993923187,
      0.3247079849243164,
      0.38503775000572205,
      0.31838881969451904,
      0.21434257924556732,
      0.9999999403953552,
      0.31797921657562256,
      0.37969547510147095,
      0.47299280762672424,
      0.33196043968200684,
      0.3440837264060974,
      0.31072285771369934
    ],
    [
      0.47734323143959045,
      0.4485436677932739,
      0.30843856930732727,
      0.3832903504371643,
      0.4392812252044678,
      0.421724408864975,
      0.4163806140422821,
      0.45721182227134705,
      0.4218471050262451,
      0.31797921657562256,
      1.0,
      0.2931715250015259,
      0.37448492646217346,
      0.23323611915111542,
      0.3576752841472626,
      0.24418768286705017
    ],
    [
      0.3565656244754791,
      0.20263156294822693,
      0.15417802333831787,
      0.28078925609588623,
      0.2687832713127136,
      0.39053478837013245,
      0.4251025915145874,
      0.33400383591651917,
      0.22677741944789886,
      0.37969547510147095,
      0.2931715250015259,
      1.0,
      0.45608028769493103,
      0.25616347789764404,
      0.44435781240463257,
      0.4552787244319916
    ],
    [
      0.42970725893974304,
      0.31599539518356323,
      0.1710527092218399,
      0.4119090139865875,
      0.22695133090019226,
      0.4073071777820587,
      0.4920431077480316,
      0.418263703584671,
      0.32663068175315857,
      0.47299280762672424,
      0.37448492646217346,
      0.45608028769493103,
      1.0,
      0.41609644889831543,
      0.5529413819313049,
      0.4225614666938782
    ],
    [
      0.3266780972480774,
      0.21523699164390564,
      0.14149673283100128,
      0.2622867524623871,
      0.14722461998462677,
      0.2256612479686737,
      0.3543340563774109,
      0.2313322275876999,
      0.16704235970973969,
      0.33196043968200684,
      0.23323611915111542,
      0.25616347789764404,
      0.41609644889831543,
      1.0,
      0.28776654601097107,
      0.3382717967033386
    ],
    [
      0.38061952590942383,
      0.2914498448371887,
      0.19861462712287903,
      0.3283262252807617,
      0.2728082537651062,
      0.7028138041496277,
      0.4254888594150543,
      0.352446973323822,
      0.24969837069511414,
      0.3440837264060974,
      0.3576752841472626,
      0.44435781240463257,
      0.5529413819313049,
      0.28776654601097107,
      1.0,
      0.4098643660545349
    ],
    [
      0.3734469711780548,
      0.23808151483535767,
      0.12323887646198273,
      0.265053391456604,
      0.1966768056154251,
      0.29499879479408264,
      0.3356686532497406,
      0.31651273369789124,
      0.20525798201560974,
      0.31072285771369934,
      0.24418768286705017,
      0.4552787244319916,
      0.4225614666938782,
      0.3382717967033386,
      0.4098643660545349,
      1.0
    ]
  ]
}