{"game_number":33,"words":["ADAGE","CHESTNUT","MAXIM","SAW","CHARCOAL","ELECTRIC","GAS","WOOD","ASH","CHERRY","EBONY","GUM","FILTER","HEATER","JET","PUMP"],"adjacency_matrix":[[1.0,0.3792690932750702,0.7715498805046082,0.22930410504341125,0.1809050738811493,0.18319948017597198,0.12179838120937347,0.212543323636055,0.13035446405410767,0.22984325885772705,0.10503415763378143,0.20362544059753418,0.19433178007602692,0.19892403483390808,0.1879875212907791,0.26644349098205566],[0.3792690932750702,1.0,0.32133182883262634,0.21682900190353394,0.3944169282913208,0.35487139225006104,0.26907020807266235,0.5338643193244934,0.3966274857521057,0.49577608704566956,0.4816705286502838,0.353831946849823,0.26449039578437805,0.2299543023109436,0.3032432198524475,0.20692794024944305],[0.7715498805046082,0.32133182883262634,0.9999999403953552,0.17937155067920685,0.15060900151729584,0.17426788806915283,0.16100037097930908,0.18807582557201385,0.11700830608606339,0.19072836637496948,0.08592444658279419,0.17014051973819733,0.2183956801891327,0.23631206154823303,0.18960316479206085,0.22700698673725128],[0.22930410504341125,0.21682900190353394,0.17937155067920685,1.0,0.21151787042617798,0.2504262924194336,0.18184632062911987,0.24852615594863892,0.1439664512872696,0.16357018053531647,0.17418836057186127,0.12886200845241547,0.2590605914592743,0.21283046901226044,0.16792450845241547,0.23967760801315308],[0.1809050738811493,0.3944169282913208,0.15060900151729584,0.21151787042617798,1.0000001192092896,0.4352465569972992,0.4917754530906677,0.6513121724128723,0.5568669438362122,0.3361594080924988,0.47629088163375854,0.42649543285369873,0.39220699667930603,0.45464107394218445,0.3644275665283203,0.3292723000049591],[0.18319948017597198,0.35487139225006104,0.17426788806915283,0.2504262924194336,0.4352465569972992,1.0,0.6084898710250854,0.4622354805469513,0.32092520594596863,0.3023558259010315,0.3588385581970215,0.21966423094272614,0.3241790533065796,0.543483555316925,0.44536492228507996,0.42924830317497253],[0.12179838120937347,0.26907020807266235,0.16100037097930908,0.18184632062911987,0.4917754530906677,0.6084898710250854,0.9999999403953552,0.44186896085739136,0.4066525399684906,0.2618027925491333,0.21608825027942657,0.3796246647834778,0.38116908073425293,0.5458560585975647,0.5118355751037598,0.5024224519729614],[0.212543323636055,0.5338643193244934,0.18807582557201385,0.24852615594863892,0.6513121724128723,0.4622354805469513,0.44186896085739136,1.0,0.5336926579475403,0.43500351905822754,0.5907400846481323,0.43537113070487976,0.33380523324012756,0.39846327900886536,0.345762699842453,0.32373860478401184],[0.13035446405410767,0.3966274857521057,0.11700830608606339,0.1439664512872696,0.5568669438362122,0.32092520594596863,0.4066525399684906,0.5336926579475403,1.0,0.43667545914649963,0.4038017690181732,0.41236045956611633,0.3517760634422302,0.3676374554634094,0.407275527715683,0.23497222363948822],[0.22984325885772705,0.49577608704566956,0.19072836637496948,0.16357018053531647,0.3361594080924988,0.3023558259010315,0.2618027925491333,0.43500351905822754,0.43667545914649963,1.0,0.3967256546020508,0.4401194155216217,0.2977698743343353,0.21446968615055084,0.31107795238494873,0.22387373447418213],[0.10503415763378143,0.4816705286502838,0.08592444658279419,0.17418836057186127,0.47629088163375854,0.3588385581970215,0.21608825027942657,0.5907400846481323,0.4038017690181732,0.3967256546020508,1.0,0.38991644978523254,0.26774972677230835,0.19301444292068481,0.33303311467170715,0.15363042056560516],[0.20362544059753418,0.353831946849823,0.17014051973819733,0.12886200845241547,0.42649543285369873,0.21966423094272614,0.3796246647834778,0.43537113070487976,0.41236045956611633,0.4401194155216217,0.38991644978523254,1.0,0.29393160343170166,0.2086503803730011,0.27554309368133545,0.23988255858421326],[0.19433178007602692,0.26449039578437805,0.2183956801891327,0.2590605914592743,0.39220699667930603,0.3241790533065796,0.38116908073425293,0.33380523324012756,0.3517760634422302,0.2977698743343353,0.26774972677230835,0.29393160343170166,0.9999999403953552,0.43531349301338196,0.37301769852638245,0.4694899320602417],[0.19892403483390808,0.2299543023109436,0.23631206154823303,0.21283046901226044,0.45464107394218445,0.543483555316925,0.5458560585975647,0.39846327900886536,0.3676374554634094,0.21446968615055084,0.19301444292068481,0.2086503803730011,0.43531349301338196,1.0,0.461658775806427,0.49725496768951416],[0.1879875212907791,0.3032432198524475,0.18960316479206085,0.16792450845241547,0.3644275665283203,0.44536492228507996,0.5118355751037598,0.345762699842453,0.407275527715683,0.31107795238494873,0.33303311467170715,0.27554309368133545,0.37301769852638245,0.461658775806427,1.0,0.40412890911102295],[0.26644349098205566,0.20692794024944305,0.22700698673725128,0.23967760801315308,0.3292723000049591,0.42924830317497253,0.5024224519729614,0.32373860478401184,0.23497222363948822,0.22387373447418213,0.15363042056560516,0.23988255858421326,0.4694899320602417,0.49725496768951416,0.40412890911102295,1.0]]}