{"game_number":232,"words":["DODGE","DUCK","ESCAPE","SKIRT","BIRDS","NOTORIOUS","REBECCA","ROPE","GOOSE","HOBBES","ROBIN","WATSON","COTTAGE","CREAM","SAY","STRING"],"adjacency_matrix":[[1.0,0.5270517468452454,0.5672906041145325,0.5026189684867859,0.20584291219711304,0.35028764605522156,0.24482882022857666,0.35907208919525146,0.32800108194351196,0.3291110396385193,0.25891682505607605,0.32125550508499146,0.20546436309814453,0.2817189693450928,0.40744155645370483,0.2829129099845886],[0.5270517468452454,0.9999999403953552,0.3806683123111725,0.4550078809261322,0.5005455613136292,0.28789299726486206,0.31007373332977295,0.3470384180545807,0.6462859511375427,0.4087412655353546,0.472836971282959,0.3809794485569,0.36394116282463074,0.30664169788360596,0.2648274004459381,0.3810751438140869],[0.5672906041145325,0.3806683123111725,1.0,0.3989396393299103,0.30712392926216125,0.3851613402366638,0.22681765258312225,0.4193122982978821,0.3163661062717438,0.369850754737854,0.23612473905086517,0.27417007088661194,0.32642892003059387,0.1890113651752472,0.32074904441833496,0.3331890106201172],[0.5026189684867859,0.4550078809261322,0.3989396393299103,0.9999999403953552,0.2120366245508194,0.3008018732070923,0.25765591859817505,0.4561610817909241,0.37873509526252747,0.3814184367656708,0.32304373383522034,0.24775265157222748,0.37309780716896057,0.3458431363105774,0.27141672372817993,0.3738369941711426],[0.20584291219711304,0.5005455613136292,0.30712392926216125,0.2120366245508194,1.0,0.21837885677814484,0.24268370866775513,0.22570616006851196,0.495903879404068,0.4076724648475647,0.3852388858795166,0.24455881118774414,0.3129875361919403,0.21621288359165192,0.23993220925331116,0.2582581639289856],[0.35028764605522156,0.28789299726486206,0.3851613402366638,0.3008018732070923,0.21837885677814484,1.0,0.1655576527118683,0.25644397735595703,0.262758731842041,0.3302854895591736,0.18412655591964722,0.30151987075805664,0.24381032586097717,0.17642159759998322,0.3050665557384491,0.36500588059425354],[0.24482882022857666,0.31007373332977295,0.22681765258312225,0.25765591859817505,0.24268370866775513,0.1655576527118683,0.9999999403953552,0.2776777744293213,0.29027262330055237,0.46071770787239075,0.4289039373397827,0.5509196519851685,0.303183913230896,0.2763393223285675,0.3226863741874695,0.20782370865345],[0.35907208919525146,0.3470384180545807,0.4193122982978821,0.4561610817909241,0.22570616006851196,0.25644397735595703,0.2776777744293213,1.0,0.32021886110305786,0.34458932280540466,0.2553845942020416,0.33408528566360474,0.31766098737716675,0.24566751718521118,0.2202533483505249,0.5089379549026489],[0.32800108194351196,0.6462859511375427,0.3163661062717438,0.37873509526252747,0.495903879404068,0.262758731842041,0.29027262330055237,0.32021886110305786,1.0,0.36357495188713074,0.49474507570266724,0.3043201267719269,0.36921247839927673,0.3658180832862854,0.2637072205543518,0.3389100730419159],[0.3291110396385193,0.4087412655353546,0.369850754737854,0.3814184367656708,0.4076724648475647,0.3302854895591736,0.46071770787239075,0.34458932280540466,0.36357495188713074,1.0,0.39526042342185974,0.5540127754211426,0.3574270009994507,0.2259063422679901,0.3171423077583313,0.3410571217536926],[0.25891682505607605,0.472836971282959,0.23612473905086517,0.32304373383522034,0.3852388858795166,0.18412655591964722,0.4289039373397827,0.2553845942020416,0.49474507570266724,0.39526042342185974,1.0,0.4262249171733856,0.3316306471824646,0.233232319355011,0.2480330467224121,0.2707635462284088],[0.32125550508499146,0.3809794485569,0.27417007088661194,0.24775265157222748,0.24455881118774414,0.30151987075805664,0.5509196519851685,0.33408528566360474,0.3043201267719269,0.5540127754211426,0.4262249171733856,1.0000001192092896,0.2536649703979492,0.3302590847015381,0.34362077713012695,0.27791568636894226],[0.20546436309814453,0.36394116282463074,0.32642892003059387,0.37309780716896057,0.3129875361919403,0.24381032586097717,0.303183913230896,0.31766098737716675,0.36921247839927673,0.3574270009994507,0.3316306471824646,0.2536649703979492,1.0,0.38427940011024475,0.20299088954925537,0.30654293298721313],[0.2817189693450928,0.30664169788360596,0.1890113651752472,0.3458431363105774,0.21621288359165192,0.17642159759998322,0.2763393223285675,0.24566751718521118,0.3658180832862854,0.2259063422679901,0.233232319355011,0.3302590847015381,0.38427940011024475,1.0,0.22582502663135529,0.2360893189907074],[0.40744155645370483,0.2648274004459381,0.32074904441833496,0.27141672372817993,0.23993220925331116,0.3050665557384491,0.3226863741874695,0.2202533483505249,0.2637072205543518,0.3171423077583313,0.2480330467224121,0.34362077713012695,0.20299088954925537,0.22582502663135529,1.0,0.27701935172080994],[0.2829129099845886,0.3810751438140869,0.3331890106201172,0.3738369941711426,0.2582581639289856,0.36500588059425354,0.20782370865345,0.5089379549026489,0.3389100730419159,0.3410571217536926,0.2707635462284088,0.27791568636894226,0.30654293298721313,0.2360893189907074,0.27701935172080994,1.0]]}