{"game_number":201,"words":["BREAD","BACON","LETTUCE","TOMATO","BLOCK","CLOG","JAM","STOP","DOUBLE","HIT","RUN","WALK","FRY","TALK","WONDER","WORLD"],"adjacency_matrix":[[1.0,0.5107533931732178,0.4058610796928406,0.40310898423194885,0.3121137320995331,0.32018840312957764,0.4258688688278198,0.28849929571151733,0.3289421796798706,0.3104322850704193,0.3558303415775299,0.3416261076927185,0.3685910701751709,0.21977585554122925,0.25270044803619385,0.38335222005844116],[0.5107533931732178,1.0,0.4735059142112732,0.42296335101127625,0.25015613436698914,0.29217979311943054,0.39085620641708374,0.21354416012763977,0.3673924207687378,0.28521206974983215,0.27534040808677673,0.2228420078754425,0.47121867537498474,0.1943448781967163,0.21023216843605042,0.253330260515213],[0.4058610796928406,0.4735059142112732,1.0,0.6697249412536621,0.18651916086673737,0.22126390039920807,0.2599686086177826,0.25664979219436646,0.26090142130851746,0.22456340491771698,0.24517077207565308,0.19580790400505066,0.36607813835144043,0.18573327362537384,0.11423295736312866,0.2548331916332245],[0.40310898423194885,0.42296335101127625,0.6697249412536621,1.0,0.24668796360492706,0.21084246039390564,0.3677678108215332,0.2587383985519409,0.31476765871047974,0.291066974401474,0.219255730509758,0.18926534056663513,0.3809964060783386,0.15232649445533752,0.16572430729866028,0.2746090888977051],[0.3121137320995331,0.25015613436698914,0.18651916086673737,0.24668796360492706,1.0,0.4287053942680359,0.34286049008369446,0.566491961479187,0.44000720977783203,0.4236931800842285,0.4789550006389618,0.4347617030143738,0.19175733625888824,0.2515539824962616,0.2839009165763855,0.3018547594547272],[0.32018840312957764,0.29217979311943054,0.22126390039920807,0.21084246039390564,0.4287053942680359,0.9999999403953552,0.4769061505794525,0.4398645758628845,0.35111203789711,0.3521357774734497,0.41673192381858826,0.34944674372673035,0.33107271790504456,0.1983231008052826,0.26170122623443604,0.2818167507648468],[0.4258688688278198,0.39085620641708374,0.2599686086177826,0.3677678108215332,0.34286049008369446,0.4769061505794525,1.0,0.3314477801322937,0.34409505128860474,0.39561060070991516,0.2873946726322174,0.3025517463684082,0.35829997062683105,0.13528384268283844,0.12965896725654602,0.22845929861068726],[0.28849929571151733,0.21354416012763977,0.25664979219436646,0.2587383985519409,0.566491961479187,0.4398645758628845,0.3314477801322937,1.0,0.4359741806983948,0.429613322019577,0.5334755182266235,0.49219682812690735,0.2573457360267639,0.33780333399772644,0.4477359354496002,0.34232643246650696],[0.3289421796798706,0.3673924207687378,0.26090142130851746,0.31476765871047974,0.44000720977783203,0.35111203789711,0.34409505128860474,0.4359741806983948,0.9999999403953552,0.5206117630004883,0.4638619124889374,0.3712426424026489,0.258574903011322,0.166634663939476,0.32769903540611267,0.32278308272361755],[0.3104322850704193,0.28521206974983215,0.22456340491771698,0.291066974401474,0.4236931800842285,0.3521357774734497,0.39561060070991516,0.429613322019577,0.5206117630004883,1.0,0.6086143851280212,0.40350016951560974,0.2932359576225281,0.19792862236499786,0.2990663945674896,0.3270534873008728],[0.3558303415775299,0.27534040808677673,0.24517077207565308,0.219255730509758,0.4789550006389618,0.41673192381858826,0.2873946726322174,0.5334755182266235,0.4638619124889374,0.6086143851280212,1.0,0.5993967056274414,0.3075880706310272,0.282884806394577,0.29425546526908875,0.4005517363548279],[0.3416261076927185,0.2228420078754425,0.19580790400505066,0.18926534056663513,0.4347617030143738,0.34944674372673035,0.3025517463684082,0.49219682812690735,0.3712426424026489,0.40350016951560974,0.5993967056274414,1.0,0.2209445834159851,0.46467655897140503,0.2868475914001465,0.4019898772239685],[0.3685910701751709,0.47121867537498474,0.36607813835144043,0.3809964060783386,0.19175733625888824,0.33107271790504456,0.35829997062683105,0.2573457360267639,0.258574903011322,0.2932359576225281,0.3075880706310272,0.2209445834159851,1.0,0.2047647088766098,0.1721811145544052,0.19934536516666412],[0.21977585554122925,0.1943448781967163,0.18573327362537384,0.15232649445533752,0.2515539824962616,0.1983231008052826,0.13528384268283844,0.33780333399772644,0.166634663939476,0.19792862236499786,0.282884806394577,0.46467655897140503,0.2047647088766098,1.0,0.2673998773097992,0.3116731643676758],[0.25270044803619385,0.21023216843605042,0.11423295736312866,0.16572430729866028,0.2839009165763855,0.26170122623443604,0.12965896725654602,0.4477359354496002,0.32769903540611267,0.2990663945674896,0.29425546526908875,0.2868475914001465,0.1721811145544052,0.2673998773097992,1.0,0.4092831313610077],[0.38335222005844116,0.253330260515213,0.2548331916332245,0.2746090888977051,0.3018547594547272,0.2818167507648468,0.22845929861068726,0.34232643246650696,0.32278308272361755,0.3270534873008728,0.4005517363548279,0.4019898772239685,0.19934536516666412,0.3116731643676758,0.4092831313610077,0.9999999403953552]]}