{"game_number":332,"words":["FEW","HANDFUL","SEVERAL","SOME","GLOBE","JOURNAL","POST","SUN","ASTEROID","COMET","MOON","PLANET","LYME","MELLON","PAIR","PLUMB"],"adjacency_matrix":[[0.9999999403953552,0.8195585608482361,0.7477456331253052,0.7307298183441162,0.3026975989341736,0.21280378103256226,0.364467054605484,0.15604116022586823,0.16366428136825562,0.1965138018131256,0.18585368990898132,0.27150049805641174,0.17948128283023834,0.249825581908226,0.372352659702301,0.2526722550392151],[0.8195585608482361,1.0000001192092896,0.6677680015563965,0.6551196575164795,0.3580600619316101,0.2646413743495941,0.33586227893829346,0.17553368210792542,0.22495175898075104,0.22795477509498596,0.2163555920124054,0.32493534684181213,0.21785303950309753,0.30139219760894775,0.43319645524024963,0.271007239818573],[0.7477456331253052,0.6677680015563965,1.0,0.787407398223877,0.3148287832736969,0.34550976753234863,0.4169740676879883,0.17326049506664276,0.24311383068561554,0.239145427942276,0.2191617339849472,0.25832468271255493,0.20779578387737274,0.3040740489959717,0.432439923286438,0.2675538659095764],[0.7307298183441162,0.6551196575164795,0.787407398223877,0.9999999403953552,0.30083173513412476,0.30521517992019653,0.46809446811676025,0.24580395221710205,0.25052231550216675,0.26695317029953003,0.2462189495563507,0.30400097370147705,0.222295880317688,0.33603742718696594,0.40297603607177734,0.3258243203163147],[0.3026975989341736,0.3580600619316101,0.3148287832736969,0.30083173513412476,0.9999999403953552,0.2280987799167633,0.27558764815330505,0.3986150324344635,0.30516719818115234,0.30371588468551636,0.46760261058807373,0.6184952259063721,0.22588588297367096,0.30923062562942505,0.25455108284950256,0.33648818731307983],[0.21280378103256226,0.2646413743495941,0.34550976753234863,0.30521517992019653,0.2280987799167633,1.0,0.3845095634460449,0.20249558985233307,0.2718057334423065,0.19197435677051544,0.27121084928512573,0.2892747223377228,0.1839890331029892,0.2520339787006378,0.32846352458000183,0.22247062623500824],[0.364467054605484,0.33586227893829346,0.4169740676879883,0.46809446811676025,0.27558764815330505,0.3845095634460449,0.9999999403953552,0.20997197926044464,0.19728074967861176,0.2511710524559021,0.2141033411026001,0.26147958636283875,0.22379644215106964,0.2542840838432312,0.36613839864730835,0.3696695864200592],[0.15604116022586823,0.17553368210792542,0.17326049506664276,0.24580395221710205,0.3986150324344635,0.20249558985233307,0.20997197926044464,1.0,0.33884963393211365,0.3189597427845001,0.6621444821357727,0.4821038246154785,0.23438438773155212,0.39540284872055054,0.30848634243011475,0.3090755045413971],[0.16366428136825562,0.22495175898075104,0.24311383068561554,0.25052231550216675,0.30516719818115234,0.2718057334423065,0.19728074967861176,0.33884963393211365,1.0,0.5327799320220947,0.5020821690559387,0.6070739030838013,0.20141151547431946,0.26406094431877136,0.2501726746559143,0.18385779857635498],[0.1965138018131256,0.22795477509498596,0.239145427942276,0.26695317029953003,0.30371588468551636,0.19197435677051544,0.2511710524559021,0.3189597427845001,0.5327799320220947,1.0,0.47283270955085754,0.4231264591217041,0.09198031574487686,0.1300162672996521,0.22679123282432556,0.13291992247104645],[0.18585368990898132,0.2163555920124054,0.2191617339849472,0.2462189495563507,0.46760261058807373,0.27121084928512573,0.2141033411026001,0.6621444821357727,0.5020821690559387,0.47283270955085754,1.0,0.6212912797927856,0.22871556878089905,0.41682589054107666,0.3248932659626007,0.30318233370780945],[0.27150049805641174,0.32493534684181213,0.25832468271255493,0.30400097370147705,0.6184952259063721,0.2892747223377228,0.26147958636283875,0.4821038246154785,0.6070739030838013,0.4231264591217041,0.6212912797927856,1.0,0.27026063203811646,0.2982386350631714,0.30842193961143494,0.254890114068985],[0.17948128283023834,0.21785303950309753,0.20779578387737274,0.222295880317688,0.22588588297367096,0.1839890331029892,0.22379644215106964,0.23438438773155212,0.20141151547431946,0.09198031574487686,0.22871556878089905,0.27026063203811646,0.9999999403953552,0.4418894648551941,0.22064965963363647,0.2028282880783081],[0.249825581908226,0.30139219760894775,0.3040740489959717,0.33603742718696594,0.30923062562942505,0.2520339787006378,0.2542840838432312,0.39540284872055054,0.26406094431877136,0.1300162672996521,0.41682589054107666,0.2982386350631714,0.4418894648551941,0.9999999403953552,0.38461005687713623,0.34921377897262573],[0.372352659702301,0.43319645524024963,0.432439923286438,0.40297603607177734,0.25455108284950256,0.32846352458000183,0.36613839864730835,0.30848634243011475,0.2501726746559143,0.22679123282432556,0.3248932659626007,0.30842193961143494,0.22064965963363647,0.38461005687713623,1.0,0.3189541697502136],[0.2526722550392151,0.271007239818573,0.2675538659095764,0.3258243203163147,0.33648818731307983,0.22247062623500824,0.3696695864200592,0.3090755045413971,0.18385779857635498,0.13291992247104645,0.30318233370780945,0.254890114068985,0.2028282880783081,0.34921377897262573,0.3189541697502136,1.0]]}